-2857066.518292
0
0.000001 0.000012 0.000001 0.000012 0.000001 0.000001 0.000001 0.000001 0.000001 0.000001 0.000079 0.000023 0.000001 0.000001 0.000001 0.000001 0.000001 0.000045 0.000314 0.000001 0.000840 0.000001 0.000001 0.000258 0.000001 0.000001 0.000001 0.000001 0.000001 0.000001 0.000001 0.000001 0.000001 0.000012 0.016722 0.000012 0.000001 0.000001 0.000001 0.000001 0.000057 0.000001 0.000001 0.000001 0.000110 0.000001 0.000001 0.000001 0.000001 0.000001 0.000001 0.000001 0.000001 0.000001 0.000001 0.000001 0.000001 0.000001 0.946146 0.032735 0.000001 0.000001 0.000001 0.000001 0.000012 0.000001 0.000001 0.000001 0.000001 0.000001 0.000001 0.000068 0.000001 0.000001 0.000001 0.001031 0.000001 0.000001 0.000001 0.000001 0.000001 0.000001 0.000001 0.000001 0.000001 0.000001 0.000034 0.000023 0.000001 0.000001 0.000001 0.000001 0.001406 0.000001 0.000001 0.000001 
0.000001 0.000001 0.000001 0.000001 0.000001 0.000001 0.000001 0.000001 0.000001 0.000001 0.000002 0.000001 0.000001 0.000001 0.000001 0.000001 0.000001 0.000001 0.000001 0.000001 0.000001 0.000001 0.000001 0.000001 0.000001 0.000001 0.000001 0.000001 0.000001 0.000001 0.000001 0.000001 0.000001 0.000001 0.000003 0.000001 0.000001 0.000001 0.000001 0.000001 0.000001 0.000001 0.000001 0.000001 0.000001 0.000001 0.000001 0.000001 0.000001 0.000001 0.000001 0.000001 0.000001 0.000001 0.000001 0.000001 0.000001 0.000001 0.999936 0.000001 0.000001 0.000001 0.000001 0.000001 0.000001 0.000001 0.000001 0.000001 0.000001 0.000001 0.000001 0.000001 0.000001 0.000001 0.000001 0.000001 0.000001 0.000001 0.000001 0.000001 0.000001 0.000001 0.000001 0.000001 0.000001 0.000001 0.000001 0.000001 0.000001 0.000001 0.000001 0.000001 0.000001 0.000001 0.000001 0.000001 
0.000001 0.000001 0.000001 0.000001 0.000001 0.000001 0.000001 0.000001 0.001962 0.000001 0.000048 0.000001 0.000001 0.000001 0.000001 0.000001 0.000001 0.000001 0.000001 0.000001 0.000186 0.000001 0.000001 0.000001 0.000001 0.000001 0.000001 0.000001 0.000001 0.000001 0.000001 0.000001 0.000001 0.000001 0.010999 0.000001 0.000001 0.000001 0.000001 0.000001 0.000001 0.000034 0.000001 0.000001 0.000001 0.000001 0.000001 0.000001 0.000001 0.000023 0.000001 0.000001 0.000001 0.000001 0.000001 0.000001 0.000001 0.088853 0.896798 0.000001 0.000001 0.000001 0.000001 0.000001 0.000001 0.000001 0.000001 0.000001 0.000001 0.000001 0.000001 0.000001 0.000168 0.000001 0.000001 0.000001 0.000001 0.000001 0.000001 0.000001 0.000001 0.000001 0.000001 0.000001 0.000001 0.000001 0.000001 0.000001 0.000001 0.000001 0.000001 0.000001 0.000874 0.000001 0.000001 0.000001 
0.000001 0.000001 0.000001 0.000001 0.000001 0.000001 0.000001 0.000001 0.000001 0.000001 0.936120 0.000001 0.000025 0.000001 0.000001 0.000001 0.000001 0.000001 0.000001 0.000001 0.000001 0.000001 0.000001 0.000001 0.000001 0.000001 0.000001 0.000001 0.000001 0.000001 0.000001 0.000001 0.000001 0.000001 0.000003 0.000001 0.000001 0.000001 0.000001 0.000001 0.000001 0.000001 0.000001 0.000001 0.000001 0.000001 0.000001 0.000001 0.000037 0.000001 0.000001 0.000001 0.000001 0.000001 0.000001 0.000001 0.000001 0.000001 0.062812 0.000001 0.000001 0.000001 0.000001 0.000001 0.000001 0.000001 0.000001 0.000001 0.000001 0.000001 0.000001 0.000001 0.000001 0.000001 0.000001 0.000001 0.000001 0.000001 0.000001 0.000001 0.000001 0.000001 0.000001 0.000001 0.000001 0.000001 0.000001 0.000001 0.000001 0.000001 0.000001 0.000939 0.000002 0.000001 0.000001 0.000001 
0.000001 0.000001 0.000001 0.000001 0.000001 0.000001 0.000001 0.000001 0.000001 0.000001 0.508187 0.000001 0.000001 0.000001 0.000001 0.000001 0.000001 0.000001 0.000001 0.000001 0.000001 0.000001 0.000001 0.000001 0.000001 0.000001 0.000001 0.112753 0.000001 0.000001 0.000001 0.000001 0.000001 0.000001 0.000003 0.000001 0.000001 0.000001 0.000001 0.000001 0.000001 0.000001 0.000001 0.000001 0.000001 0.000001 0.000001 0.000001 0.000001 0.000001 0.000001 0.000001 0.000001 0.000001 0.000001 0.000001 0.000001 0.365657 0.013336 0.000001 0.000001 0.000001 0.000001 0.000001 0.000001 0.000001 0.000001 0.000001 0.000001 0.000001 0.000001 0.000001 0.000001 0.000001 0.000001 0.000001 0.000001 0.000001 0.000001 0.000001 0.000001 0.000001 0.000001 0.000001 0.000001 0.000001 0.000001 0.000001 0.000001 0.000001 0.000001 0.000001 0.000002 0.000001 0.000001 0.000001 
0.000066 0.000001 0.000001 0.000001 0.000001 0.000001 0.000001 0.000001 0.000001 0.000001 0.000059 0.000001 0.000001 0.000001 0.000001 0.000001 0.000001 0.000001 0.000001 0.000533 0.000001 0.000001 0.000001 0.000001 0.000001 0.000001 0.000001 0.000001 0.000001 0.000001 0.000001 0.000001 0.000001 0.000001 0.072353 0.000001 0.000001 0.000001 0.000001 0.000001 0.000001 0.000001 0.000816 0.000001 0.000001 0.000001 0.000001 0.000001 0.000001 0.000001 0.000001 0.000001 0.000001 0.000001 0.000001 0.000001 0.192265 0.000001 0.729387 0.000001 0.000001 0.000001 0.000001 0.000001 0.000001 0.000001 0.000001 0.000001 0.000001 0.000001 0.000001 0.000001 0.000001 0.000001 0.000001 0.000001 0.000001 0.000001 0.000001 0.000001 0.000001 0.000001 0.004261 0.000001 0.000001 0.000001 0.000001 0.000001 0.000001 0.000001 0.000001 0.000001 0.000204 0.000001 0.000001 0.000001 
0.000001 0.000001 0.000001 0.000001 0.000001 0.000001 0.000001 0.000001 0.000001 0.000001 0.000076 0.000001 0.000001 0.000001 0.000001 0.000168 0.000001 0.000001 0.000001 0.000001 0.000353 0.000001 0.000001 0.000001 0.000001 0.000001 0.000001 0.000001 0.000001 0.000001 0.000001 0.000001 0.000001 0.000001 0.016005 0.000001 0.000001 0.000001 0.000001 0.000001 0.000001 0.000001 0.000001 0.000001 0.000001 0.000001 0.000034 0.006557 0.000001 0.000001 0.000001 0.000001 0.000001 0.000001 0.000001 0.000001 0.000001 0.053325 0.921745 0.000001 0.000001 0.000001 0.000001 0.000001 0.000001 0.000001 0.000001 0.000023 0.000001 0.000001 0.000001 0.000001 0.000001 0.000001 0.000001 0.000001 0.000001 0.000001 0.000001 0.000001 0.000001 0.000001 0.000001 0.000001 0.000235 0.000001 0.000001 0.000001 0.000079 0.000012 0.000001 0.000001 0.001335 0.000001 0.000001 0.000001 
0.000001 0.000001 0.000001 0.000001 0.000001 0.000001 0.000001 0.000001 0.000653 0.000023 0.000080 0.000001 0.000001 0.000001 0.000001 0.000001 0.000642 0.000001 0.000001 0.000001 0.000410 0.000012 0.000001 0.000001 0.000001 0.000310 0.000001 0.000001 0.000001 0.000001 0.000001 0.000001 0.000001 0.000001 0.016624 0.000001 0.000001 0.000001 0.000001 0.000001 0.000001 0.000001 0.000001 0.000841 0.000081 0.000001 0.000001 0.000001 0.000001 0.000001 0.000001 0.000001 0.000001 0.000001 0.000001 0.000001 0.000001 0.000001 0.972701 0.000001 0.000001 0.000001 0.000001 0.000001 0.000001 0.000001 0.000001 0.000001 0.000001 0.000001 0.000001 0.000001 0.000001 0.000001 0.000001 0.000001 0.000001 0.000001 0.000001 0.000001 0.000001 0.000001 0.000001 0.000001 0.000001 0.000001 0.000001 0.000001 0.000001 0.000001 0.000001 0.000001 0.001413 0.000001 0.000001 0.006157 
0.000001 0.000001 0.000001 0.000001 0.000001 0.000001 0.000001 0.000001 0.000001 0.000001 0.000002 0.000001 0.000001 0.000001 0.000001 0.000001 0.000001 0.000001 0.000001 0.000001 0.000001 0.000001 0.000001 0.000001 0.000001 0.000001 0.000001 0.000001 0.000001 0.000001 0.000001 0.000001 0.000001 0.000001 0.996510 0.000001 0.000001 0.000001 0.000001 0.000001 0.000001 0.000001 0.000001 0.000001 0.000001 0.000001 0.000001 0.000001 0.000001 0.000001 0.000001 0.000001 0.000001 0.000001 0.000001 0.000001 0.000001 0.000001 0.002652 0.000729 0.000001 0.000001 0.000001 0.000001 0.000001 0.000001 0.000001 0.000001 0.000001 0.000001 0.000001 0.000001 0.000001 0.000001 0.000001 0.000001 0.000001 0.000001 0.000001 0.000001 0.000001 0.000001 0.000001 0.000001 0.000001 0.000001 0.000001 0.000001 0.000001 0.000001 0.000001 0.000001 0.000049 0.000001 0.000001 0.000001 
0.109056 0.111339 0.110642 0.115834 0.112415 0.110970 0.111368 0.108573 0.109804 
0.108592 0.114120 0.108536 0.114106 0.110280 0.110218 0.110419 0.112262 0.111467 
0.108322 0.109849 0.111905 0.113155 0.111031 0.109497 0.111912 0.111856 0.112472 
0.109770 0.113052 0.107833 0.116348 0.117568 0.108542 0.107254 0.111526 0.108106 
breast
0.107325 0.110978 0.109741 0.110259 0.111556 0.116250 0.109471 0.108402 0.116018 
0.112078 0.115549 0.112674 0.104068 0.101930 0.116202 0.113246 0.113959 0.110293 
0.111422 0.114543 0.112514 0.102867 0.107175 0.116537 0.111430 0.112770 0.110742 
0.106541 0.110338 0.109471 0.102163 0.104560 0.115096 0.108011 0.109708 0.134113 
0.114630 0.117286 0.113292 0.097541 0.097264 0.114477 0.113199 0.115362 0.116950 
0.109751 0.115092 0.113046 0.105010 0.107274 0.117566 0.112833 0.113583 0.105847 
0.110513 0.114269 0.113000 0.099628 0.107831 0.116308 0.115183 0.112099 0.111168 
0.112884 0.115458 0.111644 0.101629 0.103137 0.117315 0.111258 0.114158 0.112517 
0.110521 0.116098 0.112723 0.101665 0.105371 0.113246 0.112649 0.115262 0.112465 
0.116032 0.116280 0.112431 0.103287 0.097002 0.117590 0.115073 0.113703 0.108602 
0.112267 0.116006 0.114447 0.103917 0.104488 0.119882 0.113748 0.114221 0.101024 
0.111517 0.115092 0.111903 0.108379 0.106436 0.112317 0.111756 0.112753 0.109846 
0.113182 0.112715 0.109825 0.108567 0.107118 0.113858 0.110151 0.111550 0.113035 
0.108158 0.112075 0.110811 0.098392 0.109337 0.120751 0.111248 0.111012 0.118216 
0.111237 0.115458 0.113019 0.095181 0.105373 0.116104 0.114051 0.113107 0.116470 
0.113404 0.114818 0.112916 0.096935 0.098487 0.117891 0.112350 0.113166 0.120035 
0.112376 0.114818 0.112769 0.103060 0.104616 0.115699 0.113257 0.112638 0.110767 
0.112889 0.114909 0.110865 0.110625 0.106652 0.114446 0.110609 0.112655 0.106350 
0.110914 0.115183 0.112632 0.104193 0.104893 0.108111 0.111894 0.112635 0.119544 
0.116608 0.118383 0.115618 0.096813 0.102442 0.111563 0.114764 0.117009 0.106799 
0.110554 0.115549 0.113294 0.097443 0.102526 0.118067 0.112590 0.114411 0.115566 
0.112878 0.115458 0.112544 0.105175 0.103815 0.110343 0.112086 0.114288 0.113413 
0.109430 0.113904 0.111161 0.112358 0.106373 0.114332 0.111147 0.114106 0.107189 
0.113018 0.116280 0.114755 0.103610 0.104019 0.115366 0.113423 0.114074 0.105455 
0.110250 0.114543 0.112480 0.105124 0.108212 0.117285 0.111498 0.112564 0.108044 
0.111965 0.117012 0.112943 0.106085 0.101898 0.117370 0.113123 0.114634 0.104970 
0.107814 0.111161 0.108908 0.111381 0.109309 0.112270 0.108432 0.109406 0.121318 
0.110483 0.115549 0.111397 0.110661 0.104661 0.110749 0.112136 0.113215 0.111149 
0.113296 0.114361 0.111275 0.105936 0.103832 0.113377 0.111617 0.115071 0.111236 
0.109181 0.113721 0.111790 0.093794 0.099611 0.113575 0.111396 0.112832 0.134099 
0.113981 0.115183 0.112993 0.100646 0.103091 0.115570 0.113465 0.113399 0.111671 
0.108540 0.112807 0.112658 0.098901 0.116251 0.112623 0.110738 0.111042 0.116442 
0.115627 0.118383 0.115507 0.093444 0.101575 0.115151 0.115218 0.116527 0.108568 
0.110827 0.112989 0.111900 0.099233 0.105286 0.116467 0.111626 0.112518 0.119153 
0.110122 0.114086 0.111721 0.102374 0.102321 0.117239 0.110545 0.112933 0.118658 
0.112099 0.112989 0.111156 0.109550 0.110290 0.108170 0.110284 0.110698 0.114764 
0.111447 0.115275 0.111401 0.103553 0.100609 0.114547 0.111173 0.114193 0.117801 
0.109249 0.114178 0.109603 0.107038 0.098377 0.120709 0.109679 0.113846 0.117322 
0.110492 0.115641 0.110355 0.102607 0.092799 0.118115 0.112714 0.115098 0.122180 
0.110049 0.113629 0.113850 0.097013 0.111460 0.113804 0.111860 0.111861 0.116474 
0.109797 0.115183 0.112644 0.106449 0.107577 0.110533 0.112103 0.114130 0.111584 
0.112101 0.114452 0.111559 0.104796 0.105830 0.114656 0.110922 0.111838 0.113846 
0.111907 0.115915 0.113170 0.100688 0.104451 0.115438 0.112901 0.115677 0.109853 
0.110813 0.115275 0.112264 0.100974 0.103155 0.107942 0.112889 0.114042 0.122646 
0.109282 0.114269 0.113069 0.101417 0.104518 0.118188 0.111480 0.112212 0.115565 
0.112122 0.115641 0.112182 0.105186 0.103704 0.115142 0.111969 0.115518 0.108538 
0.113473 0.115823 0.112268 0.104229 0.100879 0.116019 0.112419 0.113254 0.111635 
0.108223 0.113081 0.110654 0.102785 0.104602 0.118477 0.112554 0.111855 0.117770 
0.112841 0.116829 0.112277 0.102673 0.093427 0.119460 0.113029 0.114762 0.114702 
0.110501 0.114543 0.111233 0.109637 0.108615 0.113319 0.110687 0.112956 0.108508 
0.112110 0.113629 0.109535 0.111520 0.103408 0.112657 0.110561 0.111832 0.114748 
0.109869 0.114543 0.112094 0.104801 0.105093 0.113864 0.111788 0.111943 0.116005 
0.112295 0.115092 0.114394 0.100174 0.110306 0.114547 0.114357 0.112938 0.105898 
0.111708 0.117377 0.114866 0.096579 0.101426 0.114715 0.115419 0.114999 0.112910 
0.112925 0.115366 0.112252 0.103558 0.107778 0.116671 0.112672 0.114199 0.104578 
0.110552 0.114452 0.110435 0.105763 0.101431 0.115400 0.111920 0.113139 0.116909 
0.114047 0.115732 0.112461 0.104224 0.102230 0.116221 0.112098 0.113979 0.109009 
0.111537 0.114178 0.113553 0.099623 0.112680 0.116108 0.111896 0.111882 0.108544 
0.113044 0.114635 0.113559 0.101583 0.108399 0.108427 0.112856 0.112305 0.115192 
0.107821 0.111618 0.108942 0.108828 0.107725 0.115200 0.107769 0.109465 0.122633 
0.110847 0.113812 0.111468 0.096378 0.099622 0.116564 0.112731 0.112406 0.126172 
0.110418 0.113172 0.111760 0.100856 0.109446 0.118152 0.111030 0.112219 0.112948 
0.107721 0.111801 0.111322 0.104002 0.115929 0.108183 0.110194 0.110865 0.119982 
0.111513 0.116829 0.114021 0.099772 0.101579 0.119486 0.114388 0.114790 0.107622 
0.111867 0.114543 0.112400 0.099643 0.105459 0.114467 0.112066 0.112611 0.116942 
0.112245 0.111070 0.109731 0.106540 0.109318 0.111159 0.109959 0.109438 0.120540 
0.112479 0.114086 0.112064 0.096716 0.098098 0.116849 0.110910 0.111703 0.127094 
0.108159 0.113629 0.109728 0.103960 0.098328 0.120680 0.111303 0.112051 0.122161 
0.111277 0.115549 0.112879 0.100345 0.105769 0.113568 0.112133 0.112902 0.115577 
0.111466 0.113812 0.112477 0.099924 0.107593 0.119031 0.112428 0.112064 0.111204 
0.107878 0.113264 0.110435 0.102795 0.105194 0.114574 0.109976 0.111504 0.124380 
0.113250 0.115641 0.112959 0.091645 0.093167 0.121288 0.113802 0.114668 0.123579 
0.111630 0.113355 0.110661 0.101833 0.102165 0.115052 0.110783 0.111833 0.122690 
0.109584 0.113904 0.110683 0.107522 0.105655 0.111620 0.110163 0.111763 0.119106 
0.106930 0.111618 0.108668 0.109795 0.107019 0.113753 0.108277 0.110883 0.123057 
0.111043 0.114818 0.112672 0.103205 0.103857 0.118717 0.111551 0.113399 0.110738 
0.110695 0.114635 0.113719 0.102550 0.104319 0.113874 0.112990 0.112530 0.114690 
0.111627 0.113721 0.111608 0.098307 0.100980 0.114018 0.111566 0.111963 0.126210 
0.111681 0.114635 0.111758 0.104984 0.106007 0.109464 0.112558 0.112422 0.116492 
0.109510 0.114818 0.112541 0.105139 0.106568 0.109989 0.113931 0.112830 0.114674 
0.113486 0.117743 0.114518 0.098211 0.099352 0.114323 0.115827 0.115814 0.110725 
0.107558 0.112349 0.110387 0.114849 0.108829 0.112007 0.110333 0.111665 0.112022 
0.109907 0.112807 0.109946 0.104381 0.103724 0.113272 0.110515 0.110573 0.124876 
0.112742 0.117012 0.112499 0.101394 0.091459 0.115064 0.113140 0.115799 0.120890 
0.109428 0.115458 0.110434 0.106465 0.097719 0.116277 0.112016 0.113133 0.119070 
0.114015 0.114726 0.110532 0.107246 0.099558 0.118631 0.110724 0.113792 0.110777 
0.111478 0.115366 0.112828 0.100979 0.105565 0.114326 0.112302 0.113342 0.113815 
0.112105 0.115275 0.111042 0.107922 0.100328 0.113259 0.112488 0.113744 0.113837 
0.112296 0.116738 0.114425 0.097832 0.098629 0.115023 0.114024 0.114577 0.116457 
0.108995 0.112441 0.110126 0.106295 0.104488 0.116118 0.111212 0.110760 0.119564 
0.112344 0.114635 0.111971 0.101583 0.101446 0.112175 0.113337 0.113351 0.119157 
0.110824 0.115366 0.111896 0.104380 0.104900 0.114710 0.112379 0.113060 0.112485 
0.111122 0.113812 0.111250 0.109596 0.102688 0.115110 0.111061 0.112836 0.112524 
0.113838 0.117103 0.113845 0.096241 0.100518 0.120691 0.113939 0.115289 0.108537 
0.110996 0.115092 0.110808 0.108379 0.101858 0.116316 0.113233 0.113484 0.109835 
0.111513 0.116098 0.112917 0.101987 0.101755 0.116309 0.112274 0.113777 0.113370 
0.106904 0.109973 0.107886 0.117762 0.112488 0.112086 0.108481 0.107954 0.116466 
0.107675 0.110795 0.111482 0.102656 0.110732 0.113221 0.110021 0.109878 0.123539 
0.110196 0.114361 0.109839 0.109949 0.100213 0.116704 0.109856 0.113764 0.115119 
0.107276 0.111252 0.108998 0.106873 0.110735 0.109287 0.108234 0.109853 0.127490 
prostate
0.114625 0.115483 0.112345 0.101304 0.102758 0.112808 0.113112 0.115015 0.112550 
0.109580 0.112831 0.111056 0.099220 0.101094 0.116371 0.110689 0.112555 0.126604 
0.113352 0.116397 0.112779 0.104902 0.101573 0.112427 0.112360 0.114127 0.112084 
0.111776 0.114111 0.111267 0.107030 0.101639 0.113444 0.112394 0.113600 0.114739 
0.112231 0.115483 0.111926 0.098402 0.097811 0.119626 0.114125 0.113462 0.116933 
0.116148 0.117860 0.115065 0.096279 0.101268 0.113369 0.114539 0.115128 0.110343 
0.111072 0.118408 0.112555 0.106949 0.096118 0.118962 0.113352 0.116330 0.106253 
0.109872 0.115483 0.113077 0.100659 0.107129 0.111981 0.113791 0.112915 0.115095 
0.111234 0.114020 0.111648 0.103156 0.105122 0.120937 0.111027 0.113898 0.108959 
0.110378 0.112191 0.108793 0.105310 0.098116 0.113172 0.110051 0.111372 0.130617 
0.109533 0.112648 0.111582 0.105336 0.110628 0.118069 0.110295 0.111631 0.110278 
0.113999 0.116671 0.113635 0.096712 0.099549 0.117273 0.113136 0.115169 0.113856 
0.111703 0.115574 0.112206 0.108724 0.101986 0.112740 0.111966 0.113929 0.111171 
0.107261 0.112374 0.111131 0.104353 0.113478 0.114702 0.111164 0.110439 0.115098 
0.112008 0.116580 0.113658 0.097174 0.100228 0.114925 0.113203 0.114879 0.117346 
0.112076 0.114477 0.113905 0.099957 0.110226 0.113858 0.112688 0.112952 0.109859 
0.111417 0.114477 0.111910 0.101247 0.102212 0.123803 0.111792 0.113729 0.109413 
0.112515 0.115025 0.111724 0.101923 0.103164 0.114722 0.111676 0.112747 0.116503 
0.107616 0.110636 0.109077 0.101676 0.107279 0.117930 0.108280 0.109131 0.128374 
0.110422 0.112465 0.112314 0.108227 0.115186 0.114948 0.111865 0.110442 0.104130 
0.106603 0.109356 0.109805 0.106762 0.116530 0.107796 0.108114 0.108847 0.126187 
0.111462 0.114020 0.111343 0.114118 0.107390 0.111417 0.110489 0.111655 0.108107 
0.109530 0.114842 0.111547 0.098044 0.100682 0.117100 0.112066 0.112687 0.123502 
0.110780 0.113745 0.109651 0.113635 0.104980 0.112029 0.110554 0.111692 0.112933 
0.109966 0.115757 0.112507 0.103254 0.100656 0.110068 0.112860 0.114526 0.120406 
0.110286 0.113745 0.111310 0.108621 0.104486 0.114907 0.111615 0.114308 0.110723 
0.111133 0.112922 0.111054 0.096646 0.104823 0.114002 0.110730 0.111158 0.127532 
0.111011 0.113471 0.111461 0.109896 0.101784 0.110829 0.110658 0.111307 0.119584 
0.113837 0.117860 0.112504 0.101115 0.093863 0.119387 0.113504 0.117637 0.110292 
0.109551 0.112465 0.111542 0.109194 0.112106 0.115276 0.111749 0.110036 0.108081 
0.112960 0.114751 0.113460 0.102085 0.105062 0.111861 0.112213 0.113314 0.114294 
0.109973 0.114294 0.112155 0.101237 0.106174 0.109573 0.111708 0.113131 0.121756 
0.111723 0.116397 0.112988 0.104257 0.102513 0.109556 0.113777 0.114995 0.113794 
0.111316 0.112831 0.111748 0.101155 0.108825 0.108969 0.111978 0.111834 0.121344 
0.110399 0.114660 0.111888 0.100613 0.103950 0.113666 0.112513 0.113199 0.119112 
0.109475 0.111368 0.108991 0.107198 0.109541 0.114427 0.108280 0.108937 0.121782 
0.112111 0.113471 0.110886 0.096209 0.101980 0.118282 0.110401 0.111302 0.125357 
0.109513 0.114385 0.113255 0.098663 0.100201 0.120386 0.112413 0.113415 0.117769 
0.113536 0.115665 0.114377 0.099235 0.109089 0.108436 0.113250 0.113429 0.112983 
0.113019 0.116214 0.112692 0.106826 0.102339 0.112581 0.112639 0.114273 0.109418 
0.110182 0.116945 0.115498 0.101064 0.110606 0.111764 0.115051 0.114396 0.104494 
0.109454 0.113105 0.112185 0.099735 0.109060 0.116026 0.110608 0.110706 0.119119 
0.112872 0.115665 0.111716 0.104538 0.099308 0.112788 0.112042 0.113251 0.117819 
0.110542 0.114385 0.113049 0.105433 0.106242 0.112953 0.113542 0.111820 0.112034 
0.108010 0.112648 0.110961 0.105336 0.106403 0.112059 0.110099 0.110094 0.124391 
0.113367 0.114294 0.111399 0.104638 0.105044 0.115884 0.110518 0.112732 0.112123 
0.113393 0.116305 0.113333 0.095579 0.098602 0.115371 0.113498 0.114779 0.119139 
0.110511 0.113562 0.111830 0.102985 0.106079 0.120322 0.110872 0.112659 0.111180 
0.112572 0.116031 0.113504 0.102624 0.103792 0.116292 0.113461 0.114948 0.106777 
0.111341 0.113471 0.110275 0.100546 0.102822 0.117565 0.110155 0.112014 0.121811 
0.109129 0.111276 0.109910 0.119767 0.113512 0.112133 0.109929 0.111095 0.103249 
0.110903 0.113379 0.109514 0.103120 0.101479 0.113633 0.110958 0.112566 0.124447 
0.110200 0.114568 0.112009 0.102220 0.104392 0.120084 0.111987 0.112496 0.112045 
0.112926 0.116854 0.113468 0.105895 0.100111 0.116198 0.115737 0.115575 0.103237 
0.110095 0.113745 0.110745 0.103785 0.104212 0.110222 0.111737 0.113246 0.122212 
0.112900 0.116214 0.112749 0.104569 0.102336 0.114164 0.112600 0.114163 0.110306 
0.115407 0.117220 0.114416 0.094808 0.099696 0.118347 0.114828 0.115371 0.109907 
0.115487 0.116854 0.114135 0.100269 0.108465 0.112260 0.113207 0.113822 0.105500 
0.116214 0.118500 0.114831 0.098572 0.096144 0.115274 0.114691 0.116334 0.109439 
0.116391 0.118774 0.115335 0.097797 0.097460 0.118089 0.116212 0.115779 0.104163 
0.114403 0.115848 0.113025 0.100035 0.102167 0.116857 0.114070 0.114568 0.109027 
0.111704 0.114660 0.110956 0.103837 0.102054 0.116518 0.110862 0.112036 0.117374 
0.109690 0.113562 0.111905 0.107644 0.112471 0.114528 0.111231 0.111332 0.107637 
0.110874 0.113105 0.111790 0.097301 0.102589 0.117391 0.110843 0.111658 0.124448 
0.110332 0.116488 0.113115 0.110243 0.106641 0.114723 0.112999 0.114041 0.101417 
0.110660 0.112374 0.110668 0.104353 0.104720 0.114228 0.109879 0.110427 0.122691 
0.107659 0.111916 0.109832 0.109163 0.108169 0.110850 0.110067 0.110599 0.121744 
0.110624 0.114568 0.111164 0.099318 0.099923 0.115887 0.111649 0.113792 0.123075 
0.114278 0.116945 0.113867 0.095583 0.099902 0.114097 0.114678 0.114584 0.116067 
0.113605 0.114934 0.112219 0.106431 0.105906 0.109843 0.112547 0.112849 0.111665 
0.110002 0.114934 0.112582 0.101450 0.104244 0.115219 0.111940 0.112299 0.117330 
0.113022 0.116214 0.113494 0.097154 0.100871 0.115112 0.112528 0.115138 0.116466 
0.109967 0.114934 0.112374 0.105142 0.107344 0.110060 0.112295 0.112763 0.115122 
0.109141 0.112739 0.110477 0.100827 0.105160 0.113285 0.110439 0.111343 0.126588 
0.113746 0.117951 0.114743 0.096284 0.101769 0.117742 0.115080 0.115047 0.107638 
0.110249 0.114842 0.112494 0.103847 0.107281 0.117445 0.112539 0.113677 0.107625 
0.111226 0.113014 0.110462 0.103744 0.104464 0.116036 0.110201 0.110380 0.120473 
0.108197 0.110545 0.110297 0.106184 0.112577 0.114639 0.108363 0.110500 0.118698 
0.109113 0.112739 0.110497 0.107920 0.107266 0.110236 0.111895 0.112100 0.118233 
0.108194 0.112465 0.111490 0.112596 0.116053 0.110694 0.111066 0.110271 0.107170 
0.112597 0.115117 0.113846 0.097737 0.106551 0.114579 0.113753 0.113308 0.112514 
0.111815 0.115665 0.112684 0.099734 0.100138 0.113903 0.112644 0.114291 0.119126 
0.111126 0.113837 0.112549 0.103146 0.111548 0.119510 0.111841 0.112306 0.104137 
0.111621 0.116031 0.112870 0.102302 0.103910 0.116509 0.112252 0.114227 0.110278 
0.110190 0.112739 0.110624 0.108242 0.107852 0.109210 0.111246 0.111204 0.118694 
0.110019 0.112282 0.111112 0.109829 0.110902 0.110880 0.110446 0.112898 0.111631 
0.112905 0.114020 0.113290 0.098642 0.108569 0.115191 0.112623 0.113105 0.111656 
0.105752 0.112191 0.111984 0.103053 0.109790 0.112679 0.110685 0.110401 0.123466 
0.107569 0.113014 0.111414 0.111804 0.114122 0.113479 0.111637 0.111142 0.105820 
0.110425 0.114111 0.110969 0.100582 0.099093 0.119955 0.111505 0.111590 0.121772 
0.113821 0.116854 0.112141 0.105105 0.096414 0.117735 0.112070 0.114660 0.111200 
0.109662 0.111642 0.110406 0.110115 0.110549 0.111284 0.108820 0.111018 0.116504 
0.117646 0.118500 0.114384 0.094380 0.098542 0.118080 0.115563 0.116059 0.106846 
0.109439 0.113471 0.112210 0.098934 0.109387 0.114283 0.112057 0.111559 0.118661 
0.111058 0.115574 0.115329 0.100197 0.115901 0.114444 0.113544 0.114267 0.099687 
0.111031 0.112099 0.110875 0.103048 0.110414 0.116488 0.109981 0.111302 0.114761 
0.113772 0.118591 0.116467 0.096965 0.100302 0.118423 0.115594 0.116222 0.103665 
0.113353 0.114934 0.112465 0.104175 0.107368 0.109407 0.111770 0.113979 0.112549 
0.111656 0.116580 0.112910 0.103300 0.096020 0.114413 0.113602 0.114633 0.116886 
0.111877 0.113014 0.110775 0.117285 0.109298 0.109097 0.109387 0.112040 0.107228 
skin
0.110753 0.112530 0.109763 0.107566 0.109351 0.111960 0.109795 0.111776 0.116506 
0.110192 0.114632 0.111631 0.103172 0.101952 0.120202 0.112452 0.112853 0.112913 
0.115865 0.115912 0.112200 0.102276 0.099265 0.117039 0.112551 0.114067 0.110823 
0.111948 0.116004 0.113773 0.096157 0.104678 0.115272 0.113535 0.114810 0.113823 
0.111496 0.113078 0.111009 0.105341 0.111876 0.109734 0.111440 0.111284 0.114741 
0.112271 0.115547 0.112325 0.098710 0.098776 0.122031 0.112299 0.112884 0.115158 
0.112628 0.117009 0.113877 0.099759 0.101382 0.112542 0.113272 0.115274 0.114256 
0.113726 0.116735 0.112454 0.101033 0.099191 0.115700 0.112355 0.116744 0.112063 
0.111613 0.114815 0.112807 0.102537 0.105359 0.113973 0.111667 0.112946 0.114282 
0.112452 0.115729 0.111291 0.106779 0.100224 0.112669 0.112024 0.113685 0.115147 
0.111369 0.111981 0.110359 0.102233 0.103732 0.114159 0.110807 0.110009 0.125351 
0.114785 0.117009 0.113820 0.099437 0.099739 0.109731 0.113692 0.115717 0.116070 
0.108631 0.111890 0.110732 0.107530 0.109979 0.111671 0.110166 0.110717 0.118684 
0.112124 0.116004 0.112403 0.105505 0.099597 0.110986 0.113039 0.113864 0.116477 
0.113433 0.114907 0.111389 0.100786 0.100041 0.116200 0.111663 0.115059 0.116524 
0.109977 0.113170 0.113047 0.099543 0.108026 0.118310 0.111900 0.110870 0.115156 
0.112566 0.114267 0.113059 0.098171 0.107123 0.117902 0.112167 0.112208 0.112538 
0.111553 0.115455 0.113078 0.098060 0.104588 0.117293 0.113201 0.114271 0.112501 
0.112381 0.116735 0.113731 0.101678 0.097535 0.118218 0.113422 0.114254 0.112045 
0.116666 0.116004 0.114071 0.089710 0.102926 0.113157 0.114105 0.114138 0.119223 
0.108559 0.112621 0.109553 0.103703 0.106519 0.119697 0.109084 0.111157 0.119107 
0.110233 0.112347 0.110031 0.106911 0.108608 0.114369 0.109752 0.110365 0.117385 
0.110554 0.114267 0.112647 0.103973 0.104704 0.119781 0.111553 0.112228 0.110294 
0.113655 0.113993 0.112397 0.103136 0.103262 0.113447 0.111682 0.112774 0.115656 
0.110563 0.110701 0.110951 0.107318 0.114984 0.107710 0.110317 0.109163 0.118292 
0.107651 0.110427 0.108806 0.113573 0.116069 0.112110 0.108319 0.110556 0.112488 
0.111844 0.113444 0.111084 0.103427 0.103058 0.111566 0.110836 0.112509 0.122233 
0.109773 0.113170 0.111818 0.104701 0.112250 0.116414 0.111203 0.111275 0.109397 
0.116649 0.117832 0.114486 0.095615 0.097734 0.117310 0.114910 0.116004 0.109460 
0.114106 0.116004 0.111305 0.106650 0.099168 0.115580 0.111098 0.114883 0.111206 
0.113565 0.116187 0.114281 0.101970 0.109134 0.117783 0.113334 0.115348 0.098399 
0.112411 0.113353 0.110643 0.108902 0.110922 0.113428 0.110700 0.112398 0.107243 
0.109332 0.113444 0.112130 0.098447 0.107881 0.115865 0.111447 0.111462 0.119993 
0.112060 0.116918 0.114816 0.097820 0.108427 0.114828 0.113649 0.116940 0.104542 
0.113125 0.115181 0.112879 0.099189 0.101679 0.120079 0.112395 0.113376 0.112097 
0.107839 0.112073 0.111424 0.107863 0.112420 0.112860 0.112646 0.109527 0.113348 
0.109169 0.114724 0.111587 0.097229 0.096088 0.117847 0.111446 0.114440 0.127471 
0.110079 0.114724 0.110788 0.109624 0.109623 0.111003 0.111089 0.114127 0.108943 
0.112147 0.115181 0.112373 0.115629 0.110520 0.110485 0.113304 0.112869 0.097491 
0.109826 0.113901 0.112118 0.100229 0.103369 0.112522 0.111152 0.112473 0.124410 
0.111422 0.113901 0.111441 0.108288 0.107927 0.114386 0.111519 0.112589 0.108527 
0.111175 0.113535 0.109445 0.108590 0.100409 0.110691 0.111245 0.111350 0.123560 
0.114701 0.116369 0.114666 0.088618 0.097897 0.121385 0.113750 0.114756 0.117857 
0.114934 0.117466 0.114146 0.100107 0.099451 0.115966 0.113909 0.115891 0.108128 
0.110664 0.113078 0.108603 0.113077 0.101887 0.114406 0.110237 0.110684 0.117364 
0.110527 0.114724 0.112526 0.098019 0.105079 0.111868 0.113672 0.112706 0.120879 
0.115870 0.117101 0.114907 0.093962 0.098656 0.117979 0.114615 0.114343 0.112568 
0.111125 0.113810 0.110604 0.096033 0.097779 0.121656 0.110161 0.111302 0.127531 
0.113584 0.115912 0.113112 0.091639 0.100286 0.114270 0.114974 0.114854 0.121369 
0.109305 0.112896 0.111542 0.105008 0.106926 0.113368 0.110876 0.111413 0.118666 
0.111103 0.113535 0.110562 0.110202 0.107487 0.113304 0.110887 0.111278 0.111642 
0.115390 0.118563 0.112865 0.095979 0.087412 0.118507 0.115437 0.117602 0.118244 
0.109621 0.112896 0.110351 0.107909 0.106590 0.114663 0.110777 0.111613 0.115579 
0.109241 0.112804 0.110129 0.106615 0.101415 0.117435 0.110502 0.111858 0.120000 
0.112774 0.116735 0.113415 0.092652 0.101066 0.119454 0.113547 0.114782 0.115574 
0.110645 0.114267 0.111358 0.109598 0.101621 0.113636 0.111301 0.112434 0.115141 
0.109171 0.114998 0.111938 0.106915 0.109966 0.110429 0.111618 0.112951 0.112013 
0.106828 0.110884 0.110002 0.102316 0.111833 0.119411 0.109841 0.110231 0.118654 
0.110952 0.114175 0.113485 0.106369 0.111263 0.115214 0.112727 0.112138 0.103676 
0.109771 0.112438 0.111237 0.103693 0.108505 0.114963 0.110802 0.111678 0.116912 
0.115181 0.118106 0.115285 0.094519 0.099350 0.114704 0.114994 0.115784 0.112078 
0.109608 0.113901 0.111989 0.106354 0.103921 0.112118 0.110500 0.112504 0.119106 
0.111796 0.114541 0.111336 0.103489 0.099811 0.114605 0.112150 0.113127 0.119146 
0.110396 0.114358 0.113253 0.099933 0.106457 0.116502 0.113732 0.112447 0.112924 
0.110956 0.113810 0.111625 0.105559 0.103767 0.113397 0.111893 0.112506 0.116487 
0.108000 0.113810 0.111307 0.108283 0.106688 0.114293 0.110474 0.111607 0.115539 
0.109486 0.114175 0.112560 0.100889 0.106782 0.114209 0.111955 0.112621 0.117322 
0.111626 0.113444 0.109340 0.113098 0.107503 0.113097 0.110176 0.112289 0.109426 
0.112801 0.115729 0.112771 0.103233 0.106816 0.115001 0.113132 0.115053 0.105462 
0.114214 0.117101 0.114614 0.093962 0.104654 0.116646 0.115263 0.115887 0.107658 
0.110034 0.112530 0.110272 0.101119 0.104918 0.114048 0.110534 0.111663 0.124882 
0.111141 0.115821 0.112257 0.109041 0.098729 0.114031 0.111961 0.114983 0.112038 
0.111219 0.112256 0.110031 0.106261 0.105991 0.117193 0.110187 0.111240 0.115622 
0.110313 0.111798 0.110437 0.104302 0.108352 0.112852 0.109338 0.109925 0.122683 
0.106059 0.110610 0.110761 0.104412 0.114181 0.107112 0.109945 0.112552 0.124368 
0.111405 0.115181 0.111619 0.096755 0.095946 0.116631 0.111780 0.113612 0.127070 
0.110724 0.114084 0.112015 0.104430 0.110822 0.114001 0.112513 0.112888 0.108522 
0.111779 0.115364 0.113470 0.098700 0.104090 0.121399 0.112859 0.115126 0.107215 
0.112831 0.114815 0.112108 0.106083 0.105402 0.116883 0.111539 0.114433 0.105906 
0.110361 0.113993 0.110456 0.100734 0.093623 0.110963 0.110948 0.113019 0.135903 
0.107892 0.112896 0.110570 0.102429 0.103132 0.117155 0.110329 0.112978 0.122619 
0.113611 0.114358 0.111661 0.113794 0.111652 0.110581 0.112101 0.112490 0.099751 
0.114003 0.115181 0.112068 0.101913 0.101045 0.116157 0.112068 0.114138 0.113428 
0.110443 0.114358 0.111687 0.107347 0.105492 0.114067 0.110942 0.111856 0.113807 
0.112250 0.114815 0.111595 0.103037 0.101690 0.115613 0.111176 0.113337 0.116485 
0.110598 0.112256 0.109104 0.104005 0.103432 0.118198 0.108413 0.110862 0.123132 
0.110698 0.115455 0.111312 0.096448 0.104156 0.115839 0.112711 0.113394 0.119987 
0.112710 0.115821 0.113420 0.090667 0.101252 0.119944 0.114934 0.113450 0.117802 
0.113918 0.115090 0.113015 0.105454 0.103551 0.117064 0.112660 0.113313 0.105936 
0.111460 0.116461 0.113594 0.097794 0.097312 0.118402 0.113077 0.114567 0.117333 
0.108709 0.112896 0.111115 0.107909 0.109112 0.108510 0.110064 0.110815 0.120870 
0.113109 0.113718 0.113665 0.097640 0.108525 0.109555 0.112453 0.111710 0.119623 
0.114706 0.115364 0.113740 0.101134 0.105154 0.113426 0.113719 0.114612 0.108145 
0.110595 0.113078 0.109672 0.108564 0.106629 0.115648 0.110346 0.111625 0.113842 
0.108238 0.112896 0.109552 0.110810 0.111220 0.112515 0.110638 0.110335 0.113797 
0.114682 0.118563 0.116624 0.091466 0.101163 0.117134 0.116066 0.117528 0.106774 
0.114983 0.117101 0.112865 0.097508 0.097358 0.114783 0.113450 0.116307 0.115644 
0.109943 0.112804 0.109403 0.101312 0.098518 0.119420 0.109631 0.111451 0.127517 
0.109199 0.111341 0.109576 0.108144 0.107101 0.118626 0.108598 0.110914 0.116501 
0.111850 0.116918 0.113802 0.097498 0.096379 0.119101 0.113341 0.115100 0.116011 
stomach
0.109127 0.111809 0.109355 0.107177 0.103092 0.112690 0.108910 0.110753 0.127087 
0.109487 0.112541 0.110623 0.104963 0.109880 0.112993 0.110198 0.111514 0.117801 
0.111297 0.115832 0.112660 0.096126 0.096430 0.119178 0.113697 0.113467 0.121314 
0.109016 0.111718 0.109109 0.109105 0.102632 0.112052 0.108114 0.111629 0.126625 
0.113666 0.116655 0.113437 0.093272 0.098694 0.116025 0.115939 0.114485 0.117827 
0.109716 0.113272 0.111674 0.100670 0.107318 0.113721 0.112177 0.111012 0.120441 
0.110369 0.114826 0.110357 0.108636 0.095907 0.118602 0.110821 0.113580 0.116901 
0.114500 0.116472 0.112646 0.097128 0.094447 0.119454 0.112181 0.114450 0.118721 
0.113357 0.113821 0.112802 0.098268 0.108488 0.112398 0.111190 0.112246 0.117430 
0.114727 0.115558 0.112915 0.095466 0.101832 0.115177 0.113783 0.113552 0.116991 
0.115807 0.118209 0.113800 0.100448 0.095448 0.118035 0.113588 0.115207 0.109458 
0.110149 0.112632 0.111995 0.105935 0.111233 0.111887 0.110807 0.110194 0.115167 
0.113270 0.116564 0.111896 0.099711 0.097105 0.118701 0.113516 0.114955 0.114283 
0.111489 0.115466 0.113931 0.103838 0.107854 0.118115 0.112708 0.113366 0.103232 
0.112510 0.111718 0.109669 0.106850 0.109878 0.116652 0.108860 0.109515 0.114348 
0.111366 0.114186 0.110613 0.098289 0.098537 0.119677 0.110803 0.112088 0.124441 
0.112382 0.115192 0.112552 0.101567 0.105199 0.114121 0.112392 0.113635 0.112959 
0.111114 0.114552 0.112612 0.104931 0.106698 0.115376 0.111354 0.113953 0.109408 
0.111945 0.117021 0.112579 0.114559 0.100685 0.111757 0.113006 0.115234 0.103214 
0.114349 0.116289 0.112124 0.104529 0.101615 0.112330 0.112810 0.114294 0.111659 
0.111920 0.114826 0.112983 0.104447 0.110463 0.107369 0.111940 0.112657 0.113395 
0.110912 0.115924 0.113911 0.106942 0.109632 0.113356 0.113156 0.114283 0.101886 
0.113121 0.114735 0.113933 0.105408 0.110699 0.114536 0.112646 0.112525 0.102396 
0.110114 0.114004 0.110781 0.101178 0.103279 0.122779 0.111661 0.112840 0.113364 
0.109772 0.114004 0.111672 0.107011 0.107317 0.112180 0.112103 0.113458 0.112482 
0.109987 0.113546 0.109883 0.111142 0.106423 0.113429 0.110167 0.112044 0.113380 
0.111452 0.116198 0.112948 0.100335 0.101740 0.116370 0.112502 0.115089 0.113365 
0.107167 0.112815 0.111993 0.104011 0.109761 0.116084 0.111166 0.111019 0.115983 
0.110222 0.113455 0.112321 0.101470 0.111790 0.116680 0.111474 0.111410 0.111178 
0.109340 0.114918 0.111372 0.113474 0.104625 0.114061 0.111438 0.112283 0.108488 
0.114373 0.118026 0.115622 0.099794 0.101408 0.113653 0.114555 0.117111 0.105458 
0.110623 0.115192 0.113577 0.101890 0.105139 0.115453 0.113888 0.113088 0.111149 
0.109891 0.113089 0.111136 0.102916 0.104969 0.117912 0.110720 0.111560 0.117807 
0.111983 0.116564 0.115498 0.094233 0.103863 0.111940 0.114116 0.114014 0.117789 
0.109574 0.113821 0.109464 0.108257 0.102863 0.116385 0.110484 0.112249 0.116903 
0.111918 0.117203 0.114273 0.093303 0.095940 0.116068 0.113567 0.117752 0.119976 
0.111680 0.117021 0.114534 0.104248 0.106608 0.114216 0.114025 0.114464 0.103205 
0.110557 0.113455 0.110978 0.105836 0.103752 0.118436 0.110933 0.111352 0.114700 
0.110901 0.114918 0.111512 0.106741 0.104037 0.120418 0.112527 0.112629 0.106318 
0.110368 0.113912 0.109775 0.106329 0.094597 0.117413 0.110532 0.113552 0.123523 
0.113146 0.116655 0.111289 0.106805 0.094545 0.115334 0.112127 0.114943 0.115155 
0.109355 0.111535 0.108601 0.110706 0.106835 0.114384 0.109056 0.109962 0.119565 
0.113413 0.115375 0.111179 0.102722 0.099010 0.116863 0.112851 0.113831 0.114755 
0.109780 0.112815 0.111481 0.103367 0.109939 0.110823 0.110307 0.111932 0.119557 
0.113011 0.117935 0.114691 0.102044 0.107909 0.110887 0.113963 0.116341 0.103218 
0.113855 0.117386 0.113798 0.090735 0.099225 0.116529 0.114427 0.116680 0.117365 
0.110335 0.114369 0.112839 0.100877 0.107915 0.116318 0.112581 0.114039 0.110728 
0.110832 0.113181 0.111784 0.104354 0.107591 0.110962 0.111842 0.111639 0.117814 
0.113263 0.117478 0.113522 0.101374 0.098618 0.120165 0.114021 0.117013 0.104547 
0.113090 0.115466 0.112717 0.099327 0.098405 0.114791 0.112794 0.114250 0.119159 
0.108763 0.113638 0.111235 0.103091 0.105273 0.119634 0.110889 0.111917 0.115562 
0.113577 0.116106 0.112724 0.098252 0.102466 0.117302 0.112265 0.113886 0.113421 
0.109357 0.109707 0.109344 0.109959 0.112415 0.114891 0.109443 0.107932 0.116953 
0.110967 0.115741 0.114834 0.100309 0.109691 0.109845 0.114072 0.113839 0.110703 
0.112018 0.114278 0.110917 0.097649 0.102387 0.117975 0.112059 0.112245 0.120471 
0.111119 0.115466 0.111666 0.102872 0.097686 0.116219 0.112939 0.113359 0.118674 
0.110222 0.113364 0.111614 0.106942 0.109341 0.118819 0.111209 0.112157 0.106334 
0.107330 0.112449 0.110296 0.101913 0.105961 0.115938 0.109740 0.111552 0.124822 
0.113453 0.114552 0.111381 0.101531 0.100316 0.115049 0.111767 0.113221 0.118728 
0.107059 0.111444 0.110884 0.103612 0.111886 0.117259 0.110032 0.109622 0.118204 
0.114165 0.117021 0.114131 0.096515 0.099383 0.117472 0.113521 0.114380 0.113412 
0.109636 0.112541 0.109978 0.098840 0.101339 0.121510 0.109957 0.111776 0.124424 
0.109384 0.115284 0.112452 0.100284 0.103139 0.120634 0.111786 0.114581 0.112457 
0.113019 0.113638 0.113112 0.098902 0.107898 0.109997 0.111484 0.111884 0.120066 
0.110109 0.115466 0.111946 0.103194 0.102714 0.114567 0.112304 0.113700 0.116000 
0.105430 0.111718 0.107774 0.106850 0.099128 0.117902 0.109314 0.110468 0.131416 
0.109111 0.112998 0.111941 0.101444 0.106992 0.123439 0.110095 0.111502 0.112480 
0.112806 0.115192 0.113897 0.095123 0.108025 0.117831 0.113937 0.114195 0.108995 
0.108012 0.113638 0.112572 0.100191 0.113106 0.114603 0.111754 0.111025 0.115098 
0.109253 0.111992 0.109490 0.101387 0.102489 0.114156 0.109303 0.109999 0.131930 
0.113615 0.116198 0.113319 0.099046 0.105791 0.114614 0.113624 0.113916 0.109877 
0.114726 0.117203 0.113127 0.094270 0.097914 0.119246 0.112930 0.114957 0.115627 
0.109075 0.114644 0.113049 0.111203 0.111688 0.115738 0.112561 0.112383 0.099659 
0.107532 0.111535 0.110363 0.107162 0.107816 0.113500 0.109977 0.111244 0.120872 
0.113456 0.114826 0.112018 0.100258 0.105280 0.116160 0.112409 0.115240 0.110353 
0.111335 0.113272 0.109547 0.099848 0.098004 0.122333 0.111439 0.112417 0.121805 
0.112591 0.115924 0.113221 0.101786 0.100475 0.111907 0.113294 0.113875 0.116926 
0.110896 0.115832 0.112504 0.107404 0.101969 0.111668 0.112090 0.113389 0.114247 
0.109512 0.114369 0.112117 0.109255 0.105040 0.113435 0.111288 0.112948 0.112035 
0.110352 0.114918 0.112399 0.103485 0.107318 0.117220 0.111523 0.112067 0.110718 
0.112085 0.117021 0.112958 0.099093 0.096313 0.114454 0.113086 0.114999 0.119992 
0.110260 0.113364 0.110629 0.107265 0.100997 0.116659 0.110569 0.111571 0.118686 
0.114658 0.117478 0.113940 0.091885 0.095673 0.116628 0.113894 0.118016 0.117830 
