-3452706.342350
0
0.000001 0.000014 0.000001 0.000014 0.000001 0.000001 0.000001 0.000001 0.000001 0.000001 0.000001 0.000001 0.000028 0.000001 0.000001 0.000001 0.000001 0.000055 0.000378 0.000001 0.001379 0.000001 0.000001 0.000311 0.000001 0.000001 0.000001 0.005640 0.000001 0.000001 0.000001 0.000001 0.000001 0.000014 0.067156 0.000014 0.000001 0.000001 0.000001 0.000001 0.000068 0.000030 0.000001 0.000001 0.000139 0.000001 0.000001 0.000001 0.000041 0.000001 0.000001 0.000001 0.000001 0.000001 0.000001 0.000001 0.000001 0.000002 0.922636 0.000166 0.000001 0.000001 0.000001 0.000001 0.000014 0.000001 0.000001 0.000028 0.000001 0.000001 0.000001 0.000082 0.000001 0.000001 0.000001 0.001240 0.000001 0.000001 0.000001 0.000001 0.000001 0.000001 0.000001 0.000001 0.000001 0.000001 0.000041 0.000028 0.000001 0.000001 0.000001 0.000428 0.000001 0.000001 0.000001 0.000001 
0.000001 0.000001 0.000001 0.000001 0.000001 0.000001 0.000001 0.000001 0.000001 0.000001 0.000001 0.000001 0.000001 0.000001 0.000001 0.000001 0.000001 0.000001 0.000001 0.000001 0.000001 0.000001 0.000001 0.000001 0.000001 0.000001 0.000001 0.000002 0.000001 0.000001 0.000001 0.000001 0.000001 0.000001 0.000003 0.000001 0.000001 0.000001 0.000001 0.000001 0.000001 0.000001 0.000001 0.000001 0.000001 0.000001 0.000001 0.000001 0.000001 0.000001 0.000001 0.000001 0.000001 0.000001 0.000001 0.000001 0.000001 0.000001 0.999925 0.000001 0.000001 0.000001 0.000001 0.000001 0.000001 0.000001 0.000001 0.000001 0.000001 0.000001 0.000001 0.000001 0.000001 0.000001 0.000001 0.000001 0.000001 0.000001 0.000001 0.000001 0.000001 0.000001 0.000001 0.000001 0.000001 0.000001 0.000001 0.000001 0.000001 0.000001 0.000001 0.000001 0.000001 0.000001 0.000001 0.000001 
0.000001 0.000001 0.000001 0.000001 0.000001 0.000001 0.000001 0.000001 0.002024 0.000001 0.000001 0.000001 0.000001 0.000001 0.000001 0.000001 0.000001 0.000001 0.000001 0.000001 0.000079 0.000001 0.000001 0.000001 0.000001 0.000001 0.000001 0.002215 0.000001 0.000001 0.000001 0.000001 0.000001 0.000001 0.043458 0.000001 0.000001 0.000001 0.000001 0.000001 0.000001 0.000011 0.000001 0.000001 0.000001 0.000001 0.000001 0.000001 0.000001 0.000026 0.000001 0.000001 0.000001 0.000001 0.000001 0.000001 0.000001 0.346859 0.605039 0.000001 0.000001 0.000001 0.000001 0.000001 0.000001 0.000001 0.000001 0.000001 0.000001 0.000001 0.000001 0.000001 0.000191 0.000001 0.000001 0.000001 0.000001 0.000001 0.000001 0.000001 0.000001 0.000001 0.000001 0.000001 0.000001 0.000001 0.000001 0.000001 0.000001 0.000001 0.000001 0.000035 0.000001 0.000001 0.000001 0.000001 
0.000001 0.000001 0.000001 0.000001 0.000001 0.000001 0.000001 0.000001 0.000001 0.000001 0.998701 0.000001 0.000001 0.000001 0.000001 0.000001 0.000001 0.000001 0.000001 0.000001 0.000001 0.000001 0.000001 0.000001 0.000001 0.000001 0.000001 0.000002 0.000001 0.000001 0.000001 0.000001 0.000001 0.000001 0.000004 0.000001 0.000001 0.000001 0.000001 0.000001 0.000001 0.000001 0.000001 0.000001 0.000001 0.000001 0.000001 0.000001 0.000001 0.000001 0.000001 0.000001 0.000001 0.000001 0.000001 0.000001 0.000001 0.000002 0.001216 0.000001 0.000001 0.000001 0.000001 0.000001 0.000001 0.000001 0.000001 0.000001 0.000001 0.000001 0.000001 0.000001 0.000001 0.000001 0.000001 0.000001 0.000001 0.000001 0.000001 0.000001 0.000001 0.000001 0.000001 0.000001 0.000001 0.000001 0.000001 0.000001 0.000001 0.000001 0.000001 0.000001 0.000001 0.000001 0.000001 0.000001 
0.000001 0.000001 0.000001 0.000001 0.000001 0.000001 0.000001 0.000001 0.000001 0.000001 0.815978 0.000001 0.000001 0.000001 0.000001 0.000001 0.000001 0.000001 0.000001 0.000001 0.000002 0.000001 0.000001 0.000001 0.000001 0.000001 0.000001 0.135084 0.000001 0.000001 0.000001 0.000001 0.000001 0.000001 0.000004 0.000001 0.000001 0.000001 0.000001 0.000001 0.000001 0.000001 0.000001 0.000001 0.000001 0.000001 0.000001 0.000001 0.000001 0.000001 0.000001 0.000001 0.000001 0.000001 0.000001 0.000001 0.000001 0.048450 0.000395 0.000001 0.000001 0.000001 0.000001 0.000001 0.000001 0.000001 0.000001 0.000001 0.000001 0.000001 0.000001 0.000001 0.000001 0.000001 0.000001 0.000001 0.000001 0.000001 0.000001 0.000001 0.000001 0.000001 0.000001 0.000001 0.000001 0.000001 0.000001 0.000001 0.000001 0.000001 0.000001 0.000001 0.000001 0.000001 0.000001 0.000001 
0.000085 0.000001 0.000001 0.000001 0.000001 0.000001 0.000001 0.000001 0.000001 0.000001 0.000001 0.000001 0.000001 0.000001 0.000001 0.000001 0.000001 0.000001 0.000001 0.000686 0.000001 0.000001 0.000001 0.000001 0.000001 0.000001 0.000001 0.001458 0.000001 0.000001 0.000001 0.000001 0.000001 0.000001 0.050005 0.000001 0.000001 0.000001 0.000001 0.000001 0.000001 0.000001 0.001050 0.000001 0.000001 0.000001 0.000001 0.000001 0.000001 0.000001 0.000001 0.000001 0.000001 0.000001 0.000001 0.000001 0.247481 0.000002 0.693677 0.000001 0.000001 0.000001 0.000001 0.000001 0.000001 0.000001 0.000001 0.000001 0.000001 0.000001 0.000001 0.000001 0.000001 0.000001 0.000001 0.000001 0.000001 0.000001 0.000001 0.000001 0.000001 0.000001 0.005485 0.000001 0.000001 0.000001 0.000001 0.000001 0.000001 0.000001 0.000001 0.000001 0.000001 0.000001 0.000001 0.000001 
0.000001 0.000001 0.000001 0.000001 0.000001 0.000001 0.000001 0.000001 0.000001 0.000001 0.000001 0.000001 0.000001 0.000001 0.000001 0.000218 0.000001 0.000001 0.000001 0.000001 0.000238 0.000001 0.000001 0.000001 0.000001 0.000001 0.000001 0.002807 0.000001 0.000001 0.000001 0.000001 0.000001 0.000001 0.054829 0.000001 0.000001 0.000001 0.000001 0.000001 0.000001 0.000001 0.000001 0.000001 0.000001 0.000001 0.000044 0.008530 0.000001 0.000001 0.000001 0.000001 0.000001 0.000001 0.000001 0.000001 0.000001 0.179405 0.753249 0.000001 0.000001 0.000001 0.000001 0.000001 0.000001 0.000001 0.000001 0.000001 0.000001 0.000001 0.000001 0.000001 0.000001 0.000001 0.000001 0.000001 0.000001 0.000001 0.000001 0.000001 0.000001 0.000001 0.000001 0.000001 0.000305 0.000001 0.000001 0.000001 0.000102 0.000015 0.000001 0.000187 0.000001 0.000001 0.000001 0.000001 
0.000001 0.000001 0.000001 0.000001 0.000001 0.000001 0.000001 0.000001 0.000690 0.000028 0.000001 0.000001 0.000001 0.000001 0.000001 0.000001 0.000780 0.000001 0.000001 0.000001 0.000467 0.000014 0.000001 0.000001 0.000001 0.000377 0.000001 0.003448 0.000001 0.000001 0.000001 0.000001 0.000001 0.000001 0.066828 0.000001 0.000001 0.000001 0.000001 0.000001 0.000001 0.000001 0.000001 0.001022 0.000092 0.000001 0.000001 0.000001 0.000001 0.000001 0.000001 0.000001 0.000001 0.000001 0.000001 0.000001 0.000001 0.000002 0.918308 0.000001 0.000001 0.000001 0.000001 0.000001 0.000001 0.000001 0.000001 0.000001 0.000001 0.000001 0.000001 0.000001 0.000001 0.000001 0.000001 0.000001 0.000001 0.000001 0.000001 0.000001 0.000001 0.000001 0.000001 0.000001 0.000001 0.000001 0.000001 0.000001 0.000001 0.000001 0.000001 0.000400 0.000001 0.000001 0.000001 0.007483 
0.000001 0.000001 0.000001 0.000001 0.000001 0.000001 0.000001 0.000001 0.000331 0.000001 0.000001 0.000028 0.000001 0.000001 0.000001 0.000001 0.000001 0.000001 0.000001 0.000001 0.000008 0.000001 0.000001 0.000001 0.000001 0.000001 0.000001 0.001434 0.000001 0.000001 0.000001 0.000001 0.000001 0.000001 0.126418 0.000001 0.000001 0.000001 0.000001 0.000001 0.000001 0.000001 0.000001 0.000001 0.000001 0.000001 0.000001 0.000001 0.000001 0.000001 0.000001 0.000001 0.000001 0.000001 0.000001 0.000001 0.000001 0.008105 0.817153 0.040073 0.000001 0.000001 0.000001 0.000001 0.000001 0.000001 0.000001 0.000001 0.000001 0.000001 0.000001 0.000001 0.000001 0.000001 0.000001 0.000001 0.000001 0.000001 0.000001 0.000001 0.000001 0.000001 0.000001 0.000001 0.000001 0.000001 0.000001 0.000001 0.000001 0.000001 0.000001 0.000003 0.006382 0.000001 0.000001 0.000001 
0.000001 0.000001 0.000001 0.000001 0.000001 0.000001 0.000001 0.000001 0.000001 0.000001 0.000001 0.000001 0.000001 0.000001 0.000001 0.000001 0.000001 0.000001 0.000001 0.000001 0.000001 0.000001 0.000001 0.000001 0.000001 0.000001 0.000001 0.000002 0.000001 0.000001 0.000001 0.000001 0.000001 0.000001 0.999844 0.000001 0.000001 0.000001 0.000001 0.000001 0.000001 0.000001 0.000001 0.000001 0.000001 0.000001 0.000001 0.000001 0.000001 0.000001 0.000001 0.000001 0.000001 0.000001 0.000001 0.000001 0.000001 0.000002 0.000079 0.000001 0.000001 0.000001 0.000001 0.000001 0.000001 0.000001 0.000001 0.000001 0.000001 0.000001 0.000001 0.000001 0.000001 0.000001 0.000001 0.000001 0.000001 0.000001 0.000001 0.000001 0.000001 0.000001 0.000001 0.000001 0.000001 0.000001 0.000001 0.000001 0.000001 0.000001 0.000001 0.000001 0.000001 0.000001 0.000001 0.000001 
0.000001 0.000001 0.000001 0.000001 0.000001 0.000001 0.000001 0.000001 0.000001 0.000001 0.000001 0.000001 0.000001 0.000001 0.000001 0.000001 0.000001 0.000001 0.000001 0.000001 0.000001 0.000001 0.000001 0.000001 0.000001 0.000001 0.000001 0.000002 0.000001 0.000001 0.000001 0.000001 0.000001 0.000001 0.000003 0.000001 0.000001 0.000001 0.000001 0.000001 0.000001 0.000001 0.000001 0.000001 0.000001 0.000001 0.000001 0.000001 0.000001 0.000001 0.000001 0.000001 0.000001 0.000001 0.000001 0.000001 0.000001 0.000002 0.999922 0.000001 0.000001 0.000001 0.000001 0.000001 0.000001 0.000001 0.000001 0.000001 0.000001 0.000001 0.000001 0.000001 0.000001 0.000001 0.000001 0.000001 0.000001 0.000001 0.000001 0.000001 0.000001 0.000001 0.000001 0.000001 0.000001 0.000001 0.000001 0.000001 0.000001 0.000001 0.000001 0.000001 0.000001 0.000001 0.000001 0.000001 
0.095653 0.091932 0.090929 0.098208 0.088239 0.090192 0.090642 0.087273 0.088926 0.090987 0.087020 
0.087755 0.096969 0.089828 0.089800 0.087831 0.094365 0.090210 0.091891 0.087696 0.089227 0.094427 
0.089778 0.088038 0.096488 0.093179 0.088012 0.088722 0.090344 0.091271 0.086982 0.092868 0.094318 
0.080315 0.090491 0.082204 0.094958 0.088828 0.095715 0.089402 0.096761 0.096135 0.101364 0.083828 
breast
0.090496 0.096140 0.101051 0.094763 0.078116 0.090874 0.085754 0.089344 0.089817 0.092853 0.090793 
0.094080 0.100063 0.098499 0.088905 0.073059 0.090122 0.086307 0.093511 0.092678 0.088265 0.094513 
0.093302 0.099200 0.099929 0.088318 0.075868 0.090631 0.085108 0.092196 0.093136 0.088618 0.093695 
0.090935 0.095591 0.100758 0.087434 0.071609 0.089225 0.084683 0.091407 0.090761 0.107324 0.090273 
0.095427 0.101553 0.096819 0.083337 0.070198 0.087848 0.084926 0.094506 0.095898 0.093559 0.095927 
0.093083 0.099670 0.100652 0.089784 0.075665 0.091717 0.086550 0.092988 0.091015 0.084735 0.094141 
0.092830 0.098964 0.103845 0.085386 0.072138 0.090473 0.090447 0.091948 0.091526 0.088970 0.093472 
0.094537 0.099984 0.094879 0.087146 0.077033 0.091226 0.083245 0.093655 0.093827 0.090029 0.094439 
0.094102 0.100533 0.098593 0.087147 0.075712 0.087070 0.085721 0.094854 0.091279 0.090029 0.094960 
0.094327 0.100690 0.096847 0.088612 0.070100 0.091410 0.087334 0.092886 0.095832 0.086853 0.095109 
0.093447 0.100455 0.102144 0.089198 0.072339 0.093972 0.087139 0.092925 0.092642 0.080853 0.094885 
0.093575 0.099670 0.098233 0.093301 0.077453 0.086392 0.085126 0.092392 0.091805 0.087912 0.094141 
0.091617 0.097631 0.095306 0.093592 0.080008 0.088250 0.083474 0.091485 0.096048 0.090382 0.092207 
0.092266 0.097082 0.099683 0.083919 0.076714 0.095116 0.086331 0.091691 0.090896 0.094618 0.091686 
0.093955 0.099984 0.099738 0.081284 0.073878 0.089893 0.087495 0.092780 0.093350 0.093206 0.094439 
0.094793 0.099435 0.100666 0.082456 0.067070 0.091576 0.086304 0.093048 0.094703 0.096030 0.093918 
0.093020 0.099435 0.101556 0.088025 0.071986 0.089734 0.087600 0.092360 0.093748 0.088618 0.093918 
0.093363 0.099513 0.094906 0.095352 0.080704 0.088672 0.083007 0.092134 0.093268 0.085088 0.093993 
0.094124 0.099749 0.100197 0.089491 0.074100 0.081832 0.085770 0.092459 0.092387 0.095677 0.094216 
0.096985 0.102495 0.100863 0.082166 0.071474 0.085081 0.086818 0.095622 0.096234 0.085441 0.096820 
0.093728 0.100063 0.100909 0.083336 0.070702 0.091837 0.086474 0.094144 0.091795 0.092500 0.094513 
0.093527 0.099984 0.098567 0.090370 0.074943 0.084233 0.085325 0.093943 0.093933 0.090735 0.094439 
0.092156 0.098651 0.097499 0.096524 0.077978 0.088613 0.084388 0.093496 0.091729 0.085794 0.093174 
0.093552 0.100690 0.103062 0.088905 0.071340 0.089305 0.087242 0.093142 0.093271 0.084382 0.095109 
0.093990 0.099200 0.099567 0.090369 0.077664 0.091529 0.085273 0.092282 0.089931 0.086500 0.093695 
0.094748 0.101318 0.096871 0.090665 0.074947 0.091213 0.085136 0.093837 0.091533 0.084029 0.095704 
0.091147 0.096297 0.096693 0.096228 0.080756 0.086727 0.083318 0.090355 0.090448 0.097088 0.090942 
0.093510 0.100063 0.095381 0.095353 0.078980 0.084705 0.084522 0.092816 0.091187 0.088971 0.094513 
0.093067 0.099043 0.097885 0.090662 0.074750 0.087531 0.085245 0.094880 0.094420 0.088970 0.093546 
0.093776 0.098494 0.101222 0.080110 0.066828 0.087072 0.086590 0.093627 0.091932 0.107324 0.093025 
0.093725 0.099749 0.099933 0.086267 0.072248 0.089490 0.086805 0.092650 0.095595 0.089323 0.094216 
0.092623 0.097709 0.103824 0.084799 0.079852 0.087010 0.086713 0.091625 0.090358 0.093206 0.092281 
0.095952 0.102495 0.102154 0.078649 0.068757 0.088628 0.088121 0.095680 0.095891 0.086853 0.096820 
0.091903 0.097866 0.103107 0.085092 0.070175 0.090568 0.087330 0.092759 0.093446 0.095324 0.092430 
0.093846 0.098807 0.097817 0.087438 0.073693 0.091175 0.084140 0.093149 0.091641 0.094971 0.093323 
0.092098 0.097866 0.100175 0.094471 0.078572 0.082462 0.084973 0.090706 0.094451 0.091794 0.092430 
0.093647 0.099827 0.095791 0.088905 0.074083 0.088292 0.083776 0.093951 0.093172 0.094265 0.094290 
0.093052 0.098886 0.092355 0.092128 0.075168 0.094639 0.081837 0.093782 0.090843 0.093912 0.093397 
0.094385 0.100141 0.091406 0.088026 0.071242 0.091624 0.084028 0.095011 0.091755 0.097794 0.094588 
0.092817 0.098415 0.105404 0.083041 0.074051 0.087890 0.087330 0.091587 0.093309 0.093206 0.092951 
0.093303 0.099749 0.099341 0.091542 0.077586 0.084536 0.085566 0.093699 0.091139 0.089323 0.094216 
0.093361 0.099121 0.098382 0.090076 0.076099 0.088701 0.084593 0.091662 0.093296 0.091088 0.093621 
0.093715 0.100376 0.100242 0.086267 0.073144 0.089329 0.086312 0.095006 0.092886 0.087912 0.094811 
0.093974 0.099827 0.098203 0.086560 0.073976 0.081531 0.085999 0.093756 0.093737 0.098147 0.094290 
0.092929 0.098964 0.101526 0.086559 0.072189 0.092132 0.085743 0.091975 0.092010 0.092500 0.093472 
0.093485 0.100141 0.096630 0.090370 0.076466 0.089141 0.084415 0.094866 0.093045 0.086853 0.094588 
0.094651 0.100298 0.097076 0.089491 0.073334 0.089824 0.084868 0.092491 0.093907 0.089323 0.094737 
0.092021 0.097944 0.098125 0.088316 0.074474 0.092589 0.086603 0.091842 0.091316 0.094265 0.092505 
0.094981 0.101161 0.093922 0.088027 0.070151 0.092951 0.084168 0.093954 0.093336 0.091794 0.095555 
0.093313 0.099200 0.095520 0.094473 0.082246 0.087593 0.083440 0.092764 0.090904 0.086853 0.093695 
0.092773 0.098415 0.092944 0.096231 0.079425 0.086794 0.082872 0.091584 0.094218 0.091794 0.092951 
0.093749 0.099200 0.100058 0.090076 0.074112 0.087813 0.085447 0.091888 0.091110 0.092853 0.093695 
0.093367 0.099670 0.106294 0.085387 0.072373 0.088720 0.089783 0.092463 0.093065 0.084735 0.094141 
0.094861 0.101632 0.102642 0.082458 0.068499 0.088219 0.088921 0.094198 0.092188 0.090382 0.096001 
0.093674 0.099906 0.098252 0.088905 0.077834 0.090857 0.085643 0.093413 0.093477 0.083676 0.094365 
0.093345 0.099121 0.094110 0.090955 0.076243 0.089318 0.084270 0.092931 0.092527 0.093559 0.093621 
0.093992 0.100220 0.097601 0.089491 0.074229 0.090180 0.084871 0.093411 0.094138 0.087206 0.094662 
0.092999 0.098886 0.104415 0.085386 0.076051 0.090371 0.086988 0.091362 0.093291 0.086853 0.093397 
0.093483 0.099278 0.104154 0.087145 0.072934 0.082360 0.087771 0.091814 0.095144 0.092147 0.093769 
0.091674 0.096689 0.094681 0.093884 0.081405 0.089546 0.081862 0.090439 0.090359 0.098147 0.091314 
0.094232 0.098572 0.099733 0.082455 0.068330 0.090296 0.087289 0.092875 0.092146 0.100971 0.093100 
0.092532 0.098023 0.100169 0.086558 0.077261 0.092500 0.085624 0.092375 0.091998 0.090382 0.092579 
0.091709 0.096846 0.103009 0.089488 0.080140 0.082586 0.086362 0.091454 0.090914 0.096029 0.091463 
0.094184 0.101161 0.100282 0.085389 0.070773 0.093197 0.087052 0.093519 0.092742 0.086147 0.095555 
0.093100 0.099200 0.100748 0.085387 0.073062 0.088372 0.086266 0.092394 0.094217 0.093559 0.093695 
0.091026 0.096219 0.099435 0.091832 0.077560 0.085643 0.085497 0.090226 0.095312 0.096382 0.090868 
0.094128 0.098807 0.099739 0.082748 0.067605 0.090467 0.085134 0.091997 0.094375 0.101677 0.093323 
0.093467 0.098415 0.093575 0.088903 0.073484 0.094538 0.083983 0.092367 0.090521 0.097794 0.092951 
0.094138 0.100063 0.100313 0.085974 0.074233 0.087381 0.085926 0.092704 0.092256 0.092500 0.094513 
0.092537 0.098572 0.102368 0.085679 0.073070 0.093224 0.087152 0.091636 0.093692 0.088970 0.093100 
0.092606 0.098101 0.097245 0.088316 0.076064 0.088489 0.083961 0.091891 0.091114 0.099559 0.092653 
0.094104 0.100141 0.098364 0.078060 0.064132 0.094650 0.086504 0.094061 0.096542 0.098853 0.094588 
0.092977 0.098180 0.097180 0.087437 0.073295 0.088939 0.084387 0.091796 0.094934 0.098147 0.092728 
0.092941 0.098651 0.097054 0.092127 0.077396 0.085625 0.084014 0.092230 0.091463 0.095324 0.093174 
0.091579 0.096689 0.095399 0.094763 0.079600 0.088037 0.082581 0.091676 0.089861 0.098500 0.091314 
0.092853 0.099435 0.100007 0.088611 0.073056 0.092731 0.085191 0.092802 0.092779 0.088618 0.093918 
0.093656 0.099278 0.102897 0.088025 0.071191 0.087789 0.087395 0.092046 0.092160 0.091794 0.093769 
0.093398 0.098494 0.099393 0.084213 0.070352 0.087770 0.085927 0.092338 0.094118 0.100971 0.093025 
0.093350 0.099278 0.098908 0.089783 0.075928 0.083429 0.086523 0.092629 0.093197 0.093206 0.093769 
0.093153 0.099435 0.099877 0.090370 0.075973 0.083951 0.087741 0.092572 0.091216 0.091794 0.093918 
0.095493 0.101945 0.100537 0.083924 0.068855 0.087827 0.088527 0.094834 0.093140 0.088618 0.096299 
0.091574 0.097317 0.098175 0.098867 0.079714 0.086471 0.084686 0.091827 0.089783 0.089676 0.091909 
0.092209 0.097709 0.096672 0.089782 0.075329 0.087242 0.084533 0.091024 0.093306 0.099912 0.092281 
0.094979 0.101318 0.093020 0.086854 0.069596 0.088320 0.083824 0.095042 0.094608 0.096736 0.095704 
0.094232 0.099984 0.090969 0.091543 0.076646 0.089951 0.083087 0.092922 0.090903 0.095324 0.094439 
0.094380 0.099357 0.093100 0.091835 0.075860 0.092698 0.082668 0.093571 0.094071 0.088618 0.093844 
0.094106 0.099906 0.099536 0.086560 0.074972 0.088215 0.085780 0.092985 0.092488 0.091088 0.094365 
0.093913 0.099827 0.094402 0.092422 0.075541 0.087132 0.084649 0.093511 0.093225 0.091088 0.094290 
0.094918 0.101082 0.102377 0.083630 0.066299 0.088470 0.087638 0.093819 0.093080 0.093206 0.095481 
0.091600 0.097395 0.097234 0.091540 0.075761 0.090312 0.085369 0.091046 0.092083 0.095677 0.091984 
0.093269 0.099278 0.097452 0.087145 0.073422 0.086014 0.086537 0.093281 0.094509 0.095324 0.093769 
0.093720 0.099906 0.097584 0.089198 0.076214 0.088655 0.085583 0.092984 0.091763 0.090029 0.094365 
0.092022 0.098572 0.098511 0.094472 0.073629 0.089228 0.084827 0.092433 0.093177 0.090029 0.093100 
0.095077 0.101396 0.098962 0.082165 0.070909 0.094407 0.086450 0.094457 0.093547 0.086853 0.095778 
0.093713 0.099670 0.094180 0.093301 0.077016 0.090373 0.085366 0.093104 0.091223 0.087912 0.094141 
0.093953 0.100533 0.099172 0.087440 0.072104 0.090040 0.085453 0.093287 0.092323 0.090735 0.094960 
0.089993 0.095277 0.095581 0.102089 0.084813 0.086894 0.083300 0.088715 0.090157 0.093206 0.089975 
0.090496 0.095983 0.105619 0.088314 0.072760 0.087567 0.087199 0.090485 0.092079 0.098853 0.090645 
0.093993 0.099043 0.091207 0.094766 0.078565 0.090693 0.081280 0.093481 0.091279 0.092147 0.093546 
0.091342 0.096375 0.097919 0.092125 0.080183 0.083561 0.083696 0.091106 0.090646 0.102030 0.091017 
prostate
0.093946 0.100533 0.097118 0.086454 0.074845 0.086698 0.085697 0.094651 0.095159 0.090017 0.094881 
0.092305 0.098247 0.100258 0.084700 0.069338 0.090238 0.085722 0.093298 0.091868 0.101311 0.092714 
0.093447 0.101322 0.097487 0.089667 0.074122 0.086140 0.084772 0.093609 0.094142 0.089664 0.095628 
0.091827 0.099351 0.097029 0.091709 0.074301 0.087484 0.085695 0.093617 0.093447 0.091782 0.093760 
0.093051 0.100533 0.096575 0.083826 0.070374 0.093306 0.086670 0.093207 0.094030 0.093547 0.094881 
0.095029 0.102583 0.100753 0.081784 0.070531 0.086881 0.087060 0.094264 0.096038 0.088253 0.096823 
0.094636 0.103056 0.092031 0.091421 0.075116 0.092478 0.083327 0.095302 0.090285 0.085076 0.097272 
0.093914 0.100533 0.100682 0.085870 0.075268 0.085812 0.087577 0.092817 0.090510 0.092135 0.094881 
0.092910 0.099272 0.098739 0.088205 0.075054 0.095211 0.084892 0.093939 0.090899 0.087194 0.093685 
0.092053 0.097695 0.094413 0.090247 0.072640 0.087063 0.083954 0.092541 0.092715 0.104487 0.092191 
0.091598 0.098089 0.102423 0.090248 0.076134 0.092523 0.085743 0.091754 0.090671 0.088252 0.092565 
0.094314 0.101558 0.099322 0.081783 0.069601 0.090846 0.085866 0.094733 0.095049 0.091076 0.095852 
0.093057 0.100612 0.096738 0.093170 0.075660 0.086646 0.084515 0.093637 0.092051 0.088958 0.094955 
0.091398 0.097853 0.101013 0.089371 0.080059 0.089142 0.086539 0.091077 0.089074 0.092135 0.092340 
0.093930 0.101480 0.099402 0.082659 0.070616 0.088451 0.086192 0.094678 0.092915 0.093900 0.095777 
0.093235 0.099666 0.103197 0.085285 0.075954 0.088061 0.087313 0.092833 0.092497 0.087899 0.094059 
0.092393 0.099666 0.098630 0.086453 0.072493 0.097946 0.085442 0.093656 0.091715 0.087547 0.094059 
0.092780 0.100139 0.097618 0.087038 0.074495 0.088586 0.085015 0.092898 0.093731 0.093194 0.094507 
0.091193 0.096355 0.098643 0.087034 0.075658 0.092172 0.083837 0.090315 0.091149 0.102723 0.090921 
0.090798 0.097932 0.104684 0.092875 0.078651 0.089702 0.087988 0.090627 0.091016 0.083311 0.092415 
0.089200 0.095251 0.103005 0.091705 0.080712 0.082457 0.085549 0.090498 0.090791 0.100958 0.089875 
0.091782 0.099272 0.097096 0.098133 0.080152 0.085700 0.083605 0.091349 0.092738 0.086488 0.093685 
0.093015 0.099982 0.097472 0.083534 0.071994 0.090753 0.085557 0.093145 0.091351 0.098841 0.094358 
0.092947 0.099035 0.093411 0.097256 0.080890 0.086261 0.083252 0.092152 0.090964 0.090370 0.093461 
0.093569 0.100770 0.095399 0.088206 0.075776 0.083672 0.084896 0.094507 0.091730 0.096370 0.095105 
0.092125 0.099035 0.098566 0.093168 0.075133 0.089117 0.085369 0.094111 0.091309 0.088605 0.093461 
0.092673 0.098326 0.100125 0.082364 0.072403 0.087895 0.085780 0.092071 0.093558 0.102017 0.092789 
0.091820 0.098799 0.098132 0.094336 0.074097 0.084812 0.084468 0.091563 0.093072 0.095664 0.093237 
0.095041 0.102583 0.091487 0.086164 0.073038 0.092857 0.083292 0.096657 0.093804 0.088253 0.096823 
0.091120 0.097932 0.102561 0.093751 0.077773 0.089840 0.087215 0.090087 0.090818 0.086488 0.092415 
0.093366 0.099903 0.102148 0.086745 0.072570 0.085837 0.086704 0.093522 0.093493 0.091429 0.094283 
0.092493 0.099509 0.100888 0.086453 0.074022 0.083417 0.086378 0.093624 0.091878 0.097429 0.093909 
0.094418 0.101322 0.097298 0.089083 0.075369 0.083245 0.086093 0.094563 0.091905 0.091076 0.095628 
0.092679 0.098247 0.102956 0.086452 0.073893 0.083104 0.087854 0.092609 0.092416 0.097076 0.092714 
0.092710 0.099824 0.097892 0.085869 0.074966 0.087514 0.085944 0.093417 0.092345 0.095311 0.094208 
0.091251 0.096986 0.097240 0.091998 0.079848 0.088836 0.083336 0.090136 0.091422 0.097429 0.091519 
0.092377 0.098799 0.097818 0.081488 0.071948 0.092091 0.084403 0.091958 0.095629 0.100252 0.093237 
0.092504 0.099587 0.100809 0.084117 0.069258 0.094220 0.086315 0.093318 0.091634 0.094252 0.093984 
0.093315 0.100691 0.104166 0.084118 0.073940 0.082336 0.088041 0.093510 0.094482 0.090370 0.095030 
0.093618 0.101164 0.097905 0.091419 0.074561 0.086425 0.085322 0.093800 0.092761 0.087547 0.095478 
0.093522 0.101795 0.105706 0.086164 0.074254 0.085667 0.089515 0.093664 0.089974 0.083664 0.096076 
0.091739 0.098484 0.102759 0.084700 0.074317 0.090155 0.086213 0.091447 0.091937 0.095311 0.092938 
0.093643 0.100691 0.093973 0.089374 0.075636 0.086494 0.083840 0.093272 0.093793 0.094252 0.095030 
0.092850 0.099587 0.102410 0.090249 0.073413 0.087025 0.088154 0.091673 0.090991 0.089664 0.093984 
0.091367 0.098089 0.099672 0.090248 0.075731 0.086106 0.085111 0.091026 0.090539 0.099546 0.092565 
0.092545 0.099509 0.097117 0.089081 0.076762 0.090022 0.083801 0.092750 0.094839 0.089664 0.093909 
0.094756 0.101243 0.098741 0.080323 0.069335 0.088875 0.086498 0.094968 0.094397 0.095311 0.095553 
0.092012 0.098878 0.100734 0.087620 0.073618 0.094537 0.085369 0.092659 0.092302 0.088958 0.093312 
0.092930 0.101007 0.099658 0.087623 0.073781 0.090226 0.086362 0.094182 0.093475 0.085429 0.095329 
0.092021 0.098799 0.095171 0.085868 0.075626 0.091467 0.083055 0.092100 0.095228 0.097429 0.093237 
0.089818 0.096907 0.097728 0.103386 0.084518 0.087026 0.083913 0.090665 0.091989 0.082605 0.091444 
0.092052 0.098720 0.093631 0.088204 0.076240 0.087529 0.083872 0.093143 0.093899 0.099546 0.093162 
0.092192 0.099745 0.098498 0.087329 0.074801 0.094140 0.085501 0.092429 0.091567 0.089664 0.094134 
0.093531 0.101716 0.097377 0.090543 0.073015 0.090001 0.087164 0.094021 0.094025 0.082606 0.096001 
0.092133 0.099035 0.097170 0.088789 0.075728 0.084140 0.085525 0.093752 0.092485 0.097782 0.093461 
0.093620 0.101164 0.096776 0.089375 0.075541 0.087985 0.084758 0.093648 0.093402 0.088253 0.095478 
0.094509 0.102032 0.100397 0.080032 0.068866 0.091987 0.087666 0.094747 0.095565 0.087900 0.096300 
0.093884 0.101716 0.101370 0.084995 0.075979 0.086189 0.086663 0.093434 0.095398 0.084370 0.096001 
0.095978 0.103135 0.097743 0.083829 0.069445 0.088656 0.085867 0.095228 0.095225 0.087547 0.097346 
0.094903 0.103372 0.100287 0.082661 0.067665 0.091567 0.088175 0.094582 0.095906 0.083312 0.097570 
0.093260 0.100849 0.098708 0.085287 0.072500 0.090717 0.086623 0.093681 0.096003 0.087194 0.095180 
0.092598 0.099824 0.094987 0.088789 0.076288 0.090425 0.083583 0.092313 0.093085 0.093899 0.094208 
0.091229 0.098878 0.101575 0.092292 0.079164 0.088954 0.086118 0.091348 0.090995 0.086135 0.093312 
0.091650 0.098484 0.101607 0.082948 0.069499 0.091312 0.086193 0.092428 0.093394 0.099546 0.092938 
0.093177 0.101401 0.098434 0.094047 0.078203 0.088773 0.085559 0.093322 0.090188 0.081194 0.095703 
0.091013 0.097853 0.099591 0.089371 0.073854 0.088361 0.084996 0.091292 0.093193 0.098135 0.092340 
0.090998 0.097459 0.098402 0.093751 0.078165 0.085112 0.084996 0.091443 0.090279 0.097429 0.091967 
0.093649 0.099745 0.095487 0.084701 0.073443 0.089604 0.084458 0.094157 0.092135 0.098488 0.094134 
0.094116 0.101795 0.100138 0.081200 0.069258 0.087596 0.087756 0.094258 0.094966 0.092841 0.096076 
0.092881 0.100060 0.098935 0.091126 0.076248 0.083853 0.085943 0.092527 0.094683 0.089311 0.094432 
0.092932 0.100060 0.099836 0.086162 0.073648 0.089064 0.085927 0.092668 0.091371 0.093899 0.094432 
0.094968 0.101164 0.099063 0.082659 0.071444 0.088729 0.085380 0.094883 0.093036 0.093194 0.095478 
0.092674 0.100060 0.099135 0.089958 0.077547 0.084018 0.085997 0.092894 0.091148 0.092135 0.094432 
0.093179 0.098168 0.098123 0.086160 0.075272 0.087270 0.085100 0.092399 0.090379 0.101311 0.092639 
0.094965 0.102662 0.100374 0.081784 0.070963 0.091311 0.087511 0.094094 0.093304 0.086135 0.096898 
0.092245 0.099982 0.098850 0.088790 0.077554 0.091650 0.086012 0.093551 0.090874 0.086135 0.094358 
0.091931 0.098405 0.098271 0.088788 0.074602 0.090129 0.084726 0.091083 0.092831 0.096370 0.092863 
0.089612 0.096276 0.101425 0.091122 0.078806 0.089257 0.084527 0.091431 0.091741 0.094958 0.090846 
0.091442 0.098168 0.098076 0.092584 0.077706 0.084428 0.086035 0.092374 0.091943 0.094605 0.092639 
0.091044 0.097932 0.102878 0.096379 0.081382 0.085349 0.086896 0.090675 0.089268 0.085782 0.092415 
0.093577 0.100218 0.103475 0.083242 0.071598 0.088470 0.088088 0.092724 0.094009 0.090017 0.094582 
0.093825 0.100691 0.097193 0.084118 0.072702 0.087547 0.085445 0.094629 0.093509 0.095311 0.095030 
0.091268 0.099114 0.102538 0.088205 0.076818 0.093945 0.086565 0.091872 0.092828 0.083311 0.093536 
0.093480 0.101007 0.098861 0.087331 0.074370 0.090375 0.085298 0.093902 0.091796 0.088253 0.095329 
0.091428 0.098168 0.099332 0.092876 0.077184 0.083439 0.086105 0.091873 0.091998 0.094958 0.092639 
0.090979 0.097774 0.101664 0.094335 0.077652 0.085395 0.085875 0.093222 0.091527 0.089311 0.092266 
0.092786 0.099272 0.103401 0.084117 0.073508 0.089354 0.087464 0.092898 0.094204 0.089311 0.093685 
0.090927 0.097695 0.104256 0.088203 0.073967 0.086810 0.087078 0.091218 0.088815 0.098840 0.092191 
0.091171 0.098405 0.101522 0.096088 0.081008 0.088081 0.086853 0.091316 0.087970 0.084723 0.092863 
0.092248 0.099351 0.096973 0.085869 0.071051 0.093741 0.085011 0.091927 0.092640 0.097429 0.093760 
0.094285 0.101716 0.092716 0.089375 0.074208 0.091338 0.082673 0.093929 0.094799 0.088958 0.096001 
0.090265 0.097222 0.099061 0.094627 0.080108 0.085770 0.083751 0.091601 0.092660 0.093193 0.091743 
0.094888 0.103135 0.097812 0.080033 0.070289 0.091583 0.087019 0.094978 0.097488 0.085429 0.097346 
0.092298 0.098799 0.102586 0.084408 0.074542 0.088350 0.087324 0.091905 0.091592 0.094958 0.093237 
0.092563 0.100612 0.108026 0.084994 0.075923 0.088749 0.089106 0.093639 0.091651 0.079782 0.094955 
0.090602 0.097616 0.100504 0.088203 0.077478 0.090945 0.085187 0.091790 0.093777 0.091782 0.092116 
0.094506 0.103214 0.103632 0.082369 0.067365 0.091943 0.088391 0.094823 0.093378 0.082959 0.097421 
0.092839 0.100060 0.099653 0.089082 0.076600 0.083412 0.085361 0.093732 0.094812 0.090017 0.094432 
0.094267 0.101480 0.095578 0.088207 0.071498 0.087903 0.085254 0.094184 0.092305 0.093547 0.095777 
0.091872 0.098405 0.096372 0.101052 0.082605 0.083637 0.082869 0.092061 0.092481 0.085782 0.092863 
skin
0.091605 0.096915 0.097192 0.092461 0.080616 0.086259 0.083709 0.092287 0.093147 0.093233 0.092576 
0.092882 0.098710 0.098972 0.088369 0.072672 0.094154 0.085997 0.092888 0.090650 0.090409 0.094296 
0.093600 0.099803 0.096755 0.087493 0.072618 0.090788 0.084429 0.093357 0.097171 0.088644 0.095343 
0.093659 0.099881 0.102036 0.081937 0.072239 0.089005 0.087252 0.094682 0.092777 0.091115 0.095417 
0.092186 0.097384 0.099346 0.090415 0.081072 0.084020 0.085640 0.091658 0.093435 0.091821 0.093024 
0.093510 0.099490 0.098920 0.084276 0.069733 0.095727 0.085375 0.092799 0.092951 0.092174 0.095043 
0.094593 0.100739 0.100615 0.085154 0.071311 0.086042 0.086113 0.094860 0.092865 0.091468 0.096240 
0.095147 0.100505 0.094504 0.086324 0.075310 0.089342 0.083429 0.096260 0.093460 0.089703 0.096016 
0.092688 0.098866 0.101071 0.087784 0.074153 0.087858 0.085411 0.092760 0.093495 0.091468 0.094445 
0.094275 0.099647 0.094046 0.091587 0.076880 0.086405 0.083628 0.093622 0.092544 0.092174 0.095193 
0.091752 0.096447 0.101207 0.087197 0.071323 0.088220 0.086488 0.091255 0.093691 0.100294 0.092127 
0.094918 0.100739 0.098811 0.084862 0.071734 0.083136 0.085660 0.094983 0.096037 0.092880 0.096240 
0.090701 0.096369 0.101877 0.092461 0.076840 0.085945 0.085553 0.091189 0.092014 0.094998 0.092052 
0.093536 0.099881 0.097899 0.090417 0.072615 0.084564 0.085537 0.093559 0.093343 0.093233 0.095417 
0.093427 0.098944 0.096807 0.085737 0.072714 0.089988 0.084352 0.095143 0.095134 0.093233 0.094520 
0.091465 0.097462 0.105298 0.085151 0.071945 0.092469 0.087620 0.091169 0.092148 0.092174 0.093099 
0.092672 0.098398 0.104806 0.083397 0.071112 0.091967 0.087584 0.092526 0.093486 0.090056 0.093996 
0.093111 0.099412 0.101650 0.083691 0.072210 0.091130 0.086999 0.094055 0.092717 0.090056 0.094969 
0.094290 0.100505 0.099381 0.086909 0.069391 0.091741 0.085675 0.093447 0.092942 0.089703 0.096016 
0.094394 0.099881 0.102007 0.076088 0.070225 0.086751 0.087786 0.094257 0.097844 0.095351 0.095417 
0.091490 0.096994 0.096689 0.088952 0.078087 0.093875 0.083037 0.091892 0.090982 0.095351 0.092650 
0.091087 0.096759 0.098957 0.091876 0.078251 0.088656 0.084391 0.091027 0.092630 0.093939 0.092426 
0.092089 0.098398 0.102765 0.088661 0.071587 0.093833 0.086073 0.092114 0.092193 0.088291 0.093996 
0.092638 0.098164 0.101611 0.088369 0.071646 0.087427 0.085954 0.092839 0.095053 0.092527 0.093772 
0.090573 0.095355 0.105254 0.091875 0.078090 0.082320 0.087533 0.090516 0.092760 0.094645 0.091080 
0.090292 0.095121 0.099408 0.098016 0.084450 0.086958 0.083909 0.091492 0.089444 0.090056 0.090856 
0.093411 0.097696 0.098148 0.088660 0.074501 0.085437 0.084378 0.092777 0.093846 0.097822 0.093323 
0.092121 0.097462 0.102597 0.089830 0.078045 0.090792 0.086159 0.091344 0.090967 0.087584 0.093099 
0.095585 0.101441 0.100509 0.081353 0.067749 0.090764 0.087160 0.095073 0.095867 0.087585 0.096913 
0.094475 0.099881 0.093426 0.091002 0.076403 0.089384 0.082423 0.094798 0.093793 0.088997 0.095417 
0.093259 0.100037 0.103140 0.087201 0.075668 0.091982 0.086972 0.094575 0.092841 0.078759 0.095567 
0.092534 0.097618 0.097599 0.093632 0.081901 0.087841 0.083944 0.092110 0.093752 0.085819 0.093249 
0.092537 0.097696 0.103415 0.083689 0.072908 0.089847 0.086819 0.091985 0.091723 0.096057 0.093323 
0.093944 0.100661 0.102528 0.083400 0.075454 0.088668 0.086585 0.095923 0.092971 0.083701 0.096165 
0.093346 0.099178 0.100259 0.084275 0.071160 0.093934 0.085723 0.093199 0.094478 0.089703 0.094744 
0.091066 0.096525 0.103699 0.092753 0.077643 0.087337 0.088646 0.090165 0.089202 0.090762 0.092202 
0.093466 0.098788 0.097407 0.082520 0.068733 0.091291 0.084610 0.095052 0.091703 0.102059 0.094370 
0.092911 0.098788 0.095568 0.094218 0.083304 0.085181 0.083546 0.094062 0.090819 0.087231 0.094370 
0.093071 0.099178 0.099092 0.099190 0.081987 0.084915 0.086344 0.092425 0.091000 0.078053 0.094744 
0.092442 0.098086 0.102167 0.085736 0.070729 0.086239 0.085970 0.092952 0.092394 0.099588 0.093697 
0.093073 0.098086 0.098532 0.093048 0.078938 0.088652 0.084886 0.092418 0.091791 0.086878 0.093697 
0.092580 0.097774 0.092890 0.093340 0.077646 0.084548 0.083578 0.091935 0.093430 0.098881 0.093398 
0.094271 0.100193 0.102379 0.074626 0.065353 0.094808 0.087024 0.094419 0.096920 0.094292 0.095717 
0.094288 0.101129 0.099048 0.085447 0.071316 0.089531 0.085713 0.094865 0.095522 0.086526 0.096614 
0.092355 0.097384 0.092063 0.097433 0.079656 0.088530 0.082548 0.091126 0.091941 0.093939 0.093024 
0.093041 0.098788 0.101592 0.083690 0.072641 0.085594 0.087937 0.092983 0.092600 0.096763 0.094370 
0.094172 0.100817 0.103088 0.079891 0.066128 0.091474 0.087987 0.093783 0.096289 0.090056 0.096315 
0.092637 0.098008 0.097539 0.081935 0.069285 0.095289 0.083960 0.092110 0.093557 0.102059 0.093623 
0.093981 0.099803 0.100660 0.077842 0.068802 0.087749 0.088424 0.094898 0.095381 0.097116 0.095343 
0.091857 0.097228 0.102680 0.090122 0.073508 0.087460 0.086222 0.091882 0.091169 0.094998 0.092875 
0.091595 0.097774 0.098072 0.094802 0.078876 0.087563 0.084725 0.091559 0.092286 0.089350 0.093398 
0.096872 0.102065 0.092703 0.081647 0.066190 0.091489 0.085133 0.096672 0.095072 0.094645 0.097511 
0.092141 0.097228 0.098222 0.092754 0.077473 0.088866 0.084720 0.091904 0.091291 0.092527 0.092875 
0.091726 0.097150 0.096432 0.091584 0.074694 0.091454 0.083816 0.092128 0.092159 0.096057 0.092800 
0.095496 0.100505 0.099372 0.078720 0.070975 0.092967 0.086096 0.094474 0.092851 0.092527 0.096016 
0.092732 0.098398 0.096229 0.094218 0.076407 0.087575 0.083824 0.092346 0.092100 0.092174 0.093996 
0.093166 0.099022 0.098057 0.091294 0.081454 0.084453 0.084710 0.093132 0.090415 0.089703 0.094595 
0.090443 0.095511 0.102077 0.087781 0.077073 0.093907 0.085900 0.091157 0.089923 0.094998 0.091229 
0.091888 0.098320 0.105064 0.091293 0.075823 0.089573 0.087757 0.091780 0.091586 0.082995 0.093922 
0.092172 0.096837 0.101819 0.088952 0.075207 0.089169 0.085720 0.091834 0.092203 0.093586 0.092501 
0.096203 0.101675 0.101212 0.079891 0.068879 0.088056 0.087211 0.095116 0.094916 0.089703 0.097137 
0.092155 0.098086 0.100120 0.091293 0.074359 0.086034 0.084619 0.092882 0.091405 0.095351 0.093697 
0.092682 0.098632 0.096979 0.088661 0.073041 0.088379 0.085075 0.093276 0.093701 0.095351 0.094221 
0.092863 0.098476 0.103957 0.085444 0.071984 0.090535 0.088588 0.092538 0.091134 0.090409 0.094071 
0.092448 0.098008 0.100271 0.090123 0.073208 0.087369 0.086002 0.092741 0.092975 0.093233 0.093623 
0.091933 0.098008 0.099914 0.093047 0.076519 0.088346 0.084726 0.091937 0.089420 0.092527 0.093623 
0.092846 0.098320 0.103029 0.086322 0.072963 0.088125 0.086799 0.092828 0.090907 0.093939 0.093922 
0.092533 0.097696 0.093896 0.097434 0.082874 0.087462 0.082802 0.092449 0.091948 0.087584 0.093323 
0.093003 0.099647 0.099663 0.088370 0.076585 0.089030 0.086044 0.094415 0.093643 0.084407 0.095193 
0.094981 0.100817 0.102698 0.079891 0.071301 0.090357 0.088459 0.095176 0.093832 0.086173 0.096315 
0.091606 0.096915 0.099325 0.086613 0.074127 0.088045 0.085289 0.092550 0.093014 0.099941 0.092576 
0.093474 0.099725 0.095809 0.093634 0.074604 0.087777 0.083671 0.094504 0.091831 0.089703 0.095268 
0.092035 0.096681 0.097633 0.091291 0.077242 0.091518 0.084147 0.091672 0.092903 0.092527 0.092351 
0.091374 0.096291 0.101672 0.089536 0.075186 0.087051 0.085036 0.090852 0.092848 0.098175 0.091977 
0.091204 0.095277 0.104695 0.089243 0.077470 0.081532 0.087035 0.094024 0.088928 0.099587 0.091005 
0.093564 0.099178 0.097579 0.082521 0.068335 0.090022 0.084899 0.094059 0.093392 0.101706 0.094744 
0.092460 0.098242 0.101454 0.089538 0.078104 0.088269 0.086884 0.092876 0.091446 0.086878 0.093847 
0.092734 0.099334 0.101417 0.084276 0.072156 0.095348 0.086080 0.094292 0.093649 0.085819 0.094894 
0.093029 0.098866 0.099166 0.091001 0.075845 0.091010 0.084540 0.093786 0.093551 0.084760 0.094445 
0.093249 0.098164 0.095683 0.085737 0.068269 0.084224 0.083914 0.093778 0.094445 0.108766 0.093772 
0.091637 0.097228 0.099386 0.087783 0.072793 0.091114 0.084856 0.093630 0.090524 0.098175 0.092875 
0.092587 0.098476 0.098771 0.098019 0.082493 0.085072 0.085166 0.091890 0.093636 0.079818 0.094071 
0.093668 0.099178 0.098673 0.087200 0.072216 0.089994 0.085107 0.093939 0.094520 0.090762 0.094744 
0.092861 0.098476 0.098017 0.092171 0.077758 0.088103 0.084236 0.092035 0.091157 0.091115 0.094071 
0.093806 0.098866 0.098003 0.087784 0.073421 0.089431 0.084349 0.093555 0.093106 0.093233 0.094445 
0.091377 0.096681 0.095379 0.089244 0.076832 0.092323 0.082255 0.091902 0.093126 0.098528 0.092351 
0.093848 0.099412 0.095760 0.082229 0.076982 0.089514 0.085124 0.093669 0.092437 0.096057 0.094969 
0.094598 0.099725 0.100865 0.076965 0.069480 0.093551 0.088309 0.093403 0.093544 0.094292 0.095268 
0.092675 0.099100 0.099957 0.090417 0.074142 0.091141 0.085660 0.092672 0.094807 0.084760 0.094670 
0.094214 0.100271 0.100389 0.083399 0.067494 0.091805 0.085869 0.094040 0.092789 0.093939 0.095791 
0.091568 0.097228 0.101538 0.092754 0.076945 0.082592 0.085289 0.091558 0.090891 0.096763 0.092875 
0.092780 0.097930 0.106405 0.083397 0.071246 0.083486 0.088150 0.091936 0.095417 0.095704 0.093548 
0.093813 0.099334 0.101825 0.086030 0.073387 0.087421 0.087245 0.094250 0.095276 0.086525 0.094894 
0.091801 0.097384 0.095773 0.093339 0.079771 0.089919 0.083668 0.092012 0.092194 0.091115 0.093024 
0.091472 0.097228 0.096030 0.095386 0.083827 0.086868 0.084215 0.090855 0.090130 0.091115 0.092875 
0.095052 0.102065 0.105104 0.077552 0.066777 0.090574 0.089195 0.096509 0.094194 0.085467 0.097511 
0.094534 0.100817 0.096007 0.083107 0.071529 0.088161 0.084590 0.095457 0.096955 0.092527 0.096315 
