-3707816.696478
0
0.000001 0.000001 0.000001 0.000018 0.000001 0.000001 0.000001 0.000001 0.000001 0.000001 0.000286 0.000001 0.000034 0.000001 0.000001 0.000001 0.000001 0.000068 0.000469 0.000001 0.001438 0.000001 0.000001 0.000385 0.000001 0.000001 0.000001 0.000493 0.000001 0.000001 0.000001 0.000001 0.000001 0.000001 0.000519 0.000018 0.000001 0.000001 0.000001 0.000001 0.000085 0.000001 0.000001 0.000001 0.000193 0.000001 0.000001 0.000001 0.000001 0.000034 0.000001 0.000001 0.000001 0.000001 0.000001 0.000001 0.000001 0.000763 0.993396 0.000001 0.000001 0.000001 0.000001 0.000001 0.000018 0.000001 0.000001 0.000001 0.000001 0.000001 0.000001 0.000001 0.000001 0.000001 0.000001 0.001538 0.000001 0.000001 0.000001 0.000001 0.000001 0.000001 0.000001 0.000001 0.000001 0.000001 0.000001 0.000034 0.000118 0.000018 0.000001 0.000001 0.000001 0.000001 0.000001 0.000001 
0.000001 0.000001 0.000001 0.000001 0.000001 0.000001 0.000001 0.000001 0.000001 0.000001 0.000002 0.000001 0.000001 0.000001 0.000001 0.000001 0.000001 0.000001 0.000001 0.000001 0.000001 0.000001 0.000001 0.000001 0.000001 0.000001 0.000001 0.000001 0.000001 0.000001 0.000001 0.000001 0.000001 0.000001 0.000002 0.000001 0.000001 0.000001 0.000001 0.000001 0.000001 0.000001 0.000001 0.000001 0.000001 0.000001 0.000001 0.000001 0.000001 0.000001 0.000001 0.000001 0.000001 0.000001 0.000001 0.000001 0.000001 0.000002 0.999932 0.000001 0.000001 0.000001 0.000001 0.000001 0.000001 0.000001 0.000001 0.000001 0.000001 0.000001 0.000001 0.000001 0.000001 0.000001 0.000001 0.000001 0.000001 0.000001 0.000001 0.000001 0.000001 0.000001 0.000001 0.000001 0.000001 0.000001 0.000001 0.000001 0.000001 0.000001 0.000001 0.000001 0.000001 0.000001 0.000001 0.000001 
0.000002 0.000002 0.000002 0.000002 0.000002 0.000002 0.000002 0.000002 0.003420 0.000002 0.000173 0.000002 0.000002 0.000002 0.000002 0.000002 0.000002 0.000002 0.000002 0.000002 0.000142 0.000002 0.000002 0.000002 0.000002 0.000002 0.000002 0.000188 0.000002 0.000002 0.000002 0.000002 0.000002 0.000030 0.000318 0.000002 0.000002 0.000002 0.000002 0.000002 0.000002 0.000087 0.000002 0.000002 0.000002 0.000002 0.000002 0.000002 0.000002 0.000002 0.000002 0.000002 0.000002 0.000002 0.000002 0.000002 0.000002 0.321763 0.673304 0.000002 0.000002 0.000002 0.000002 0.000002 0.000002 0.000002 0.000002 0.000002 0.000002 0.000002 0.000002 0.000002 0.000429 0.000002 0.000002 0.000002 0.000002 0.000002 0.000002 0.000002 0.000002 0.000002 0.000002 0.000002 0.000002 0.000002 0.000002 0.000002 0.000002 0.000002 0.000002 0.000002 0.000002 0.000002 0.000002 0.000002 
0.000001 0.000001 0.000001 0.000001 0.000001 0.000001 0.000001 0.000001 0.000001 0.000001 0.973158 0.000001 0.000001 0.000001 0.000001 0.000001 0.000001 0.000001 0.000001 0.000001 0.000002 0.000001 0.000001 0.000001 0.000001 0.000001 0.000001 0.000002 0.000001 0.000001 0.000001 0.000001 0.000001 0.000001 0.000003 0.000001 0.000001 0.000001 0.000001 0.000001 0.000001 0.000001 0.000001 0.000001 0.000001 0.000001 0.000001 0.000001 0.000001 0.000001 0.000001 0.000001 0.000001 0.000001 0.000001 0.000001 0.000001 0.000003 0.025948 0.000001 0.000001 0.000001 0.000001 0.000001 0.000001 0.000001 0.000001 0.000001 0.000001 0.000001 0.000001 0.000001 0.000001 0.000001 0.000001 0.000001 0.000001 0.000001 0.000001 0.000001 0.000001 0.000001 0.000001 0.000001 0.000001 0.000001 0.000052 0.000001 0.000001 0.000001 0.000001 0.000742 0.000001 0.000001 0.000001 0.000001 
0.000001 0.000001 0.000001 0.000001 0.000001 0.000001 0.000001 0.000001 0.000001 0.000001 0.481161 0.000001 0.000001 0.000001 0.000001 0.000001 0.000001 0.000001 0.000001 0.000001 0.000002 0.000001 0.000001 0.000001 0.000001 0.000001 0.000001 0.085827 0.000001 0.000001 0.000001 0.000001 0.000001 0.000001 0.000003 0.000001 0.000001 0.000001 0.000001 0.000001 0.000001 0.000001 0.000001 0.000001 0.000001 0.000001 0.000001 0.000001 0.000001 0.000001 0.000001 0.000001 0.000001 0.000001 0.000001 0.000001 0.000001 0.427363 0.005545 0.000001 0.000001 0.000001 0.000001 0.000001 0.000001 0.000001 0.000001 0.000001 0.000001 0.000001 0.000001 0.000001 0.000001 0.000001 0.000001 0.000001 0.000001 0.000001 0.000001 0.000001 0.000001 0.000001 0.000001 0.000001 0.000001 0.000001 0.000001 0.000001 0.000001 0.000001 0.000001 0.000001 0.000001 0.000001 0.000001 0.000001 
0.000113 0.000001 0.000001 0.000001 0.000001 0.000001 0.000001 0.000001 0.000001 0.000001 0.000261 0.000001 0.000001 0.000001 0.000001 0.000001 0.000138 0.000001 0.000001 0.000915 0.000076 0.000001 0.000001 0.000001 0.000001 0.000001 0.000001 0.000279 0.000001 0.000001 0.000001 0.000001 0.000001 0.000001 0.000447 0.000001 0.000001 0.000001 0.000001 0.000001 0.000001 0.000001 0.001400 0.000001 0.000001 0.000001 0.000001 0.000001 0.000001 0.000001 0.000001 0.000001 0.000001 0.000001 0.000001 0.000001 0.074367 0.000712 0.919983 0.000001 0.000001 0.000001 0.000001 0.000001 0.000001 0.000001 0.000001 0.000001 0.000001 0.000001 0.000001 0.000113 0.000001 0.000001 0.000001 0.000001 0.000001 0.000001 0.000001 0.000001 0.000001 0.000001 0.000001 0.000001 0.000001 0.000001 0.000001 0.000001 0.000001 0.000001 0.000001 0.000001 0.000001 0.000001 0.000001 0.001105 
0.000001 0.000001 0.000001 0.000001 0.000001 0.000001 0.000001 0.000001 0.000002 0.000001 0.000228 0.000001 0.000001 0.000001 0.000001 0.000321 0.000001 0.000001 0.000001 0.000001 0.000325 0.000001 0.000001 0.000001 0.000001 0.000001 0.000001 0.000258 0.000001 0.000001 0.000001 0.000001 0.000001 0.000001 0.000410 0.000001 0.000001 0.000001 0.000001 0.000001 0.000001 0.000001 0.000001 0.000001 0.000001 0.000001 0.000065 0.012537 0.000001 0.000001 0.000001 0.000001 0.000001 0.000001 0.000001 0.000001 0.000002 0.163322 0.822380 0.000001 0.000001 0.000001 0.000001 0.000001 0.000001 0.000001 0.000001 0.000044 0.000001 0.000001 0.000001 0.000001 0.000001 0.000001 0.000001 0.000001 0.000001 0.000001 0.000001 0.000001 0.000001 0.000001 0.000001 0.000001 0.000001 0.000001 0.000001 0.000001 0.000001 0.000001 0.000001 0.000001 0.000001 0.000001 0.000001 0.000002 
0.000001 0.000001 0.000001 0.000001 0.000001 0.000001 0.000001 0.000001 0.001099 0.000037 0.000282 0.000001 0.000001 0.000001 0.000001 0.000001 0.000912 0.000001 0.000001 0.000001 0.000559 0.000019 0.000001 0.000001 0.000001 0.000504 0.000001 0.000328 0.000001 0.000001 0.000001 0.000001 0.000001 0.000001 0.000507 0.000001 0.000001 0.000001 0.000001 0.000001 0.000001 0.000001 0.000001 0.001367 0.000101 0.000001 0.000001 0.000001 0.000001 0.000001 0.000001 0.000001 0.000001 0.000001 0.000001 0.000001 0.000001 0.000754 0.984495 0.000001 0.000001 0.000001 0.000001 0.000001 0.000001 0.000001 0.000001 0.000001 0.000001 0.000001 0.000001 0.000001 0.000001 0.000001 0.000001 0.000001 0.000001 0.000001 0.000001 0.000001 0.000001 0.000001 0.000001 0.000001 0.000001 0.000001 0.000001 0.000001 0.000001 0.000001 0.000001 0.000001 0.000001 0.000001 0.000001 0.008949 
0.000001 0.000019 0.000001 0.000001 0.000001 0.000001 0.000001 0.000001 0.000958 0.000001 0.000185 0.000037 0.000001 0.000001 0.000001 0.000001 0.000001 0.000001 0.000001 0.000001 0.000339 0.000001 0.000001 0.000001 0.000001 0.000001 0.000001 0.000209 0.000001 0.000001 0.000001 0.000001 0.000001 0.000001 0.004130 0.000001 0.000001 0.000001 0.000001 0.000001 0.000001 0.000001 0.000001 0.000001 0.000001 0.000001 0.000001 0.000001 0.000001 0.000001 0.000001 0.000001 0.000001 0.000001 0.000001 0.000001 0.000001 0.012208 0.973396 0.000001 0.000001 0.000001 0.000001 0.000001 0.000001 0.000001 0.000001 0.000001 0.000001 0.000001 0.000001 0.000001 0.000001 0.000001 0.000001 0.000001 0.000001 0.000001 0.000001 0.000001 0.000001 0.000001 0.000001 0.000001 0.000001 0.000001 0.000001 0.000001 0.000001 0.000001 0.000001 0.000001 0.008429 0.000001 0.000001 0.000001 
0.000001 0.000001 0.000001 0.000001 0.000001 0.000001 0.000001 0.000001 0.000001 0.000001 0.000003 0.000001 0.000001 0.000001 0.000001 0.000001 0.000001 0.000001 0.000001 0.000001 0.000002 0.000001 0.000001 0.000001 0.000001 0.000001 0.000001 0.000002 0.000001 0.000001 0.000001 0.000001 0.000001 0.000001 0.997914 0.000001 0.000001 0.000001 0.000001 0.000001 0.000001 0.000001 0.000001 0.000001 0.000001 0.000001 0.000001 0.000001 0.000001 0.000001 0.000001 0.000001 0.000001 0.000001 0.000001 0.000001 0.000001 0.000003 0.001986 0.000001 0.000001 0.000001 0.000001 0.000001 0.000001 0.000001 0.000001 0.000001 0.000001 0.000001 0.000001 0.000001 0.000001 0.000001 0.000001 0.000001 0.000001 0.000001 0.000001 0.000001 0.000001 0.000001 0.000001 0.000001 0.000001 0.000001 0.000001 0.000001 0.000001 0.000001 0.000001 0.000001 0.000001 0.000001 0.000001 0.000001 
0.000001 0.000001 0.000001 0.000001 0.000001 0.000001 0.000001 0.000001 0.000001 0.000001 0.000003 0.000001 0.000001 0.000001 0.000001 0.000001 0.000001 0.000001 0.000001 0.000001 0.000002 0.000001 0.000001 0.000001 0.000001 0.000001 0.000001 0.000002 0.000001 0.000001 0.000001 0.000001 0.000001 0.000001 0.000003 0.000001 0.000001 0.000001 0.000001 0.000001 0.000001 0.000001 0.000001 0.000001 0.000001 0.000001 0.000001 0.000001 0.000001 0.000001 0.000001 0.000001 0.000001 0.000001 0.000001 0.000001 0.000001 0.000003 0.999901 0.000001 0.000001 0.000001 0.000001 0.000001 0.000001 0.000001 0.000001 0.000001 0.000001 0.000001 0.000001 0.000001 0.000001 0.000001 0.000001 0.000001 0.000001 0.000001 0.000001 0.000001 0.000001 0.000001 0.000001 0.000001 0.000001 0.000001 0.000001 0.000001 0.000001 0.000001 0.000001 0.000001 0.000001 0.000001 0.000001 0.000001 
0.000001 0.000001 0.000001 0.000001 0.000001 0.000001 0.000001 0.000001 0.000001 0.000001 0.000088 0.000001 0.000001 0.000001 0.000001 0.000001 0.000001 0.000001 0.000001 0.000001 0.000002 0.000001 0.000001 0.000001 0.000001 0.000001 0.000001 0.000012 0.000001 0.000001 0.000001 0.000001 0.000001 0.000001 0.405068 0.000001 0.000001 0.000001 0.000001 0.000001 0.000001 0.000001 0.000001 0.000001 0.000001 0.000001 0.000001 0.000001 0.000001 0.000001 0.000001 0.000001 0.000001 0.000001 0.000001 0.000001 0.220440 0.000188 0.373779 0.000001 0.000001 0.000001 0.000001 0.000001 0.000001 0.000001 0.000001 0.000001 0.000001 0.000001 0.000001 0.000001 0.000001 0.000001 0.000001 0.000001 0.000001 0.000001 0.000001 0.000001 0.000001 0.000001 0.000001 0.000001 0.000339 0.000001 0.000001 0.000001 0.000001 0.000001 0.000001 0.000001 0.000001 0.000001 0.000001 0.000001 
0.000001 0.000001 0.000001 0.000001 0.000001 0.000001 0.000001 0.000001 0.000002 0.000001 0.712737 0.000001 0.000001 0.000001 0.000001 0.000001 0.000001 0.000001 0.000001 0.000001 0.000002 0.000001 0.000001 0.000001 0.000001 0.000001 0.000001 0.000003 0.000001 0.000001 0.000001 0.000001 0.000001 0.000001 0.000003 0.000001 0.000001 0.000001 0.000001 0.000001 0.000001 0.000001 0.000001 0.000001 0.000001 0.000001 0.000001 0.000001 0.000001 0.000001 0.000001 0.000001 0.000001 0.000001 0.000001 0.000001 0.000002 0.006312 0.221121 0.059716 0.000001 0.000001 0.000001 0.000001 0.000001 0.000001 0.000001 0.000001 0.000001 0.000001 0.000001 0.000001 0.000001 0.000001 0.000001 0.000001 0.000001 0.000001 0.000001 0.000001 0.000001 0.000001 0.000001 0.000001 0.000001 0.000001 0.000001 0.000001 0.000001 0.000001 0.000001 0.000001 0.000001 0.000001 0.000001 0.000001 
0.000001 0.000001 0.000001 0.000001 0.000001 0.000001 0.000001 0.000001 0.000001 0.000001 0.007031 0.000001 0.000001 0.000001 0.000001 0.000001 0.000001 0.000001 0.000001 0.000001 0.000002 0.000001 0.000001 0.000001 0.000001 0.000001 0.000001 0.083618 0.000001 0.000001 0.000001 0.000001 0.000001 0.000001 0.332473 0.000001 0.000001 0.000001 0.000001 0.000001 0.000001 0.000001 0.000001 0.000001 0.000001 0.000001 0.000001 0.000001 0.000055 0.000001 0.000001 0.000001 0.000001 0.000001 0.000001 0.000001 0.000001 0.000351 0.568738 0.000001 0.000001 0.000001 0.000001 0.000001 0.000001 0.000001 0.000001 0.000001 0.000001 0.000001 0.000001 0.000001 0.000001 0.000001 0.000001 0.000001 0.000001 0.000001 0.000001 0.000001 0.000001 0.000001 0.007037 0.000001 0.000001 0.000001 0.000001 0.000001 0.000001 0.000001 0.000001 0.000603 0.000001 0.000001 0.000001 0.000001 
0.075426 0.073156 0.068038 0.076036 0.071801 0.070874 0.069613 0.068319 0.069733 0.071717 0.068094 0.076114 0.068036 0.073043 
0.069432 0.070606 0.066390 0.073419 0.072042 0.065656 0.068602 0.074252 0.073947 0.070794 0.068057 0.077254 0.073047 0.076503 
0.073511 0.073611 0.066224 0.074899 0.074951 0.067047 0.065559 0.070925 0.066547 0.073851 0.073000 0.075025 0.070242 0.074609 
0.077315 0.069323 0.068876 0.075000 0.071709 0.070534 0.069714 0.071240 0.071667 0.073998 0.068980 0.069001 0.071753 0.070889 
breast
0.072578 0.112703 0.042167 0.079018 0.072454 0.065909 0.057506 0.066130 0.067441 0.075683 0.075215 0.078884 0.064705 0.069606 
0.076016 0.117227 0.041510 0.074330 0.065812 0.067234 0.058498 0.069840 0.070620 0.071978 0.078277 0.077693 0.062221 0.068745 
0.075380 0.116231 0.042035 0.073556 0.068903 0.066986 0.057121 0.068811 0.071070 0.072262 0.077604 0.078716 0.061825 0.069501 
0.072163 0.112070 0.041869 0.073053 0.068217 0.065350 0.055982 0.067201 0.067195 0.087387 0.074786 0.084074 0.060403 0.070252 
0.076910 0.118946 0.040678 0.069552 0.062375 0.067564 0.057076 0.070391 0.072045 0.076262 0.079441 0.078022 0.060569 0.070169 
0.075233 0.116774 0.042433 0.075037 0.069241 0.067389 0.058517 0.069629 0.070900 0.069123 0.077971 0.077908 0.061151 0.068695 
0.074973 0.115960 0.043541 0.071170 0.070314 0.066962 0.061762 0.068670 0.069470 0.072547 0.077420 0.077614 0.060356 0.069242 
0.076239 0.117136 0.039949 0.072618 0.065164 0.067649 0.055966 0.069889 0.071040 0.073405 0.078216 0.079815 0.061771 0.071142 
0.075888 0.117770 0.041400 0.072629 0.067373 0.066970 0.057739 0.070933 0.070345 0.073406 0.078645 0.076126 0.059904 0.070874 
0.077576 0.117950 0.040807 0.073823 0.062906 0.067859 0.058405 0.069505 0.070453 0.070837 0.078767 0.079045 0.065621 0.066445 
0.076148 0.117679 0.043306 0.074295 0.068108 0.068704 0.059157 0.069957 0.071563 0.065984 0.078584 0.077962 0.062465 0.066088 
0.075726 0.116774 0.041271 0.077614 0.068433 0.066269 0.057404 0.069001 0.069747 0.071692 0.077971 0.075145 0.064401 0.068551 
0.073700 0.114422 0.040011 0.077813 0.068145 0.065611 0.056296 0.068171 0.069899 0.073687 0.076378 0.077317 0.068214 0.070334 
0.073801 0.113789 0.041791 0.070223 0.069747 0.066742 0.058173 0.067923 0.069255 0.077112 0.075950 0.083618 0.058308 0.073567 
0.075483 0.117136 0.041881 0.067855 0.067233 0.067203 0.059230 0.068914 0.071109 0.075975 0.078216 0.079751 0.057857 0.072157 
0.076804 0.116503 0.042246 0.069077 0.064311 0.067026 0.057364 0.069061 0.070818 0.078257 0.077787 0.080944 0.059881 0.069920 
0.075049 0.116503 0.042626 0.073603 0.068182 0.067016 0.059249 0.068838 0.070167 0.072263 0.077787 0.078401 0.063222 0.067093 
0.075610 0.116593 0.039928 0.079278 0.067759 0.066676 0.055952 0.068945 0.070051 0.069408 0.077849 0.076055 0.066874 0.069022 
0.075787 0.116865 0.041943 0.074519 0.067866 0.065262 0.057386 0.068614 0.070360 0.077972 0.078032 0.074367 0.061503 0.069523 
0.078621 0.120031 0.042640 0.068898 0.065849 0.067539 0.058504 0.071619 0.073370 0.069698 0.080176 0.073203 0.060146 0.069705 
0.075528 0.117227 0.042420 0.069523 0.066354 0.068013 0.058123 0.070291 0.070192 0.075404 0.078277 0.079917 0.058427 0.070304 
0.075464 0.117136 0.041488 0.075238 0.066842 0.065959 0.057468 0.070286 0.070078 0.073976 0.078216 0.074280 0.064445 0.069123 
0.074455 0.115598 0.040966 0.080495 0.068636 0.066898 0.056905 0.070069 0.071021 0.069978 0.077175 0.076044 0.064900 0.066859 
0.075989 0.117950 0.043636 0.074061 0.068041 0.067573 0.058951 0.069959 0.070758 0.068839 0.078767 0.076547 0.063350 0.065580 
0.076145 0.116231 0.042044 0.075223 0.069374 0.067221 0.057489 0.069036 0.069731 0.070550 0.077604 0.078760 0.061368 0.069226 
0.076730 0.118674 0.040866 0.075783 0.065362 0.068694 0.057633 0.070227 0.070875 0.068554 0.079257 0.077379 0.062274 0.067691 
0.072966 0.112884 0.040409 0.079931 0.069971 0.065127 0.055727 0.066906 0.067613 0.079109 0.075337 0.078842 0.065413 0.069767 
0.075522 0.117227 0.040090 0.079289 0.066780 0.066176 0.057211 0.069269 0.069943 0.072549 0.078277 0.074467 0.064467 0.068733 
0.075251 0.116051 0.041083 0.075458 0.066967 0.066263 0.057594 0.071273 0.069315 0.072548 0.077481 0.075709 0.065956 0.069052 
0.074844 0.115417 0.042089 0.066873 0.064975 0.066090 0.057625 0.069135 0.069062 0.087391 0.077052 0.081461 0.056086 0.071899 
0.075785 0.116865 0.042066 0.071899 0.066657 0.067433 0.058787 0.069237 0.071440 0.072834 0.078032 0.077964 0.062845 0.068155 
0.074287 0.114512 0.043661 0.070669 0.074222 0.066173 0.057960 0.068061 0.068895 0.075971 0.076440 0.076772 0.058882 0.073495 
0.077361 0.120031 0.043019 0.066321 0.065636 0.068198 0.059394 0.071396 0.072247 0.070840 0.080176 0.075999 0.058876 0.070507 
0.073874 0.114693 0.043069 0.070910 0.068955 0.066537 0.058110 0.069093 0.069159 0.077684 0.076562 0.081893 0.061541 0.067919 
0.075346 0.115779 0.041148 0.073115 0.065717 0.066802 0.056271 0.069205 0.069933 0.077400 0.077297 0.080780 0.060301 0.070906 
0.074145 0.114693 0.041918 0.078532 0.071249 0.064550 0.056871 0.067415 0.069637 0.074830 0.076562 0.074021 0.067261 0.068317 
0.075345 0.116955 0.040150 0.074044 0.064422 0.066806 0.056191 0.069994 0.070300 0.076831 0.078094 0.078526 0.062159 0.070184 
0.074964 0.115870 0.038701 0.076646 0.062726 0.068163 0.054939 0.069998 0.069577 0.076544 0.077359 0.083134 0.062140 0.069241 
0.075836 0.117317 0.038310 0.073336 0.059133 0.067797 0.057054 0.070784 0.069969 0.079686 0.078339 0.082524 0.060212 0.069704 
0.074574 0.115327 0.044278 0.069253 0.072207 0.067175 0.058287 0.068063 0.071348 0.075972 0.076991 0.077365 0.058603 0.070557 
0.075295 0.116865 0.041809 0.076187 0.069052 0.066093 0.057620 0.070076 0.070434 0.072834 0.078032 0.074497 0.062036 0.069171 
0.075317 0.116141 0.041238 0.074984 0.067998 0.066932 0.056729 0.068181 0.069883 0.074260 0.077542 0.078000 0.063686 0.069108 
0.075764 0.117589 0.042130 0.071911 0.067415 0.067380 0.058187 0.071255 0.070771 0.071693 0.078522 0.076894 0.060949 0.069539 
0.075354 0.116955 0.041060 0.072139 0.066153 0.065195 0.057804 0.069558 0.071363 0.079971 0.078094 0.074466 0.060001 0.071888 
0.074700 0.115960 0.042736 0.072403 0.067845 0.067007 0.057356 0.068331 0.071061 0.075402 0.077420 0.080750 0.059424 0.069606 
0.075584 0.117317 0.040757 0.075241 0.066230 0.067444 0.057017 0.071229 0.070626 0.070836 0.078339 0.077231 0.063451 0.068699 
0.076688 0.117498 0.040807 0.074530 0.064966 0.068155 0.057266 0.068984 0.071137 0.072835 0.078461 0.077740 0.063034 0.067897 
0.073934 0.114784 0.041018 0.073532 0.067366 0.067310 0.058730 0.068258 0.070081 0.076828 0.076623 0.082210 0.060148 0.069180 
0.076829 0.118493 0.039630 0.073355 0.059995 0.068526 0.057035 0.070143 0.071252 0.074834 0.079135 0.081537 0.061370 0.067865 
0.075382 0.116231 0.040344 0.078558 0.068659 0.066864 0.056300 0.069383 0.069574 0.070835 0.077604 0.075798 0.064397 0.070072 
0.074777 0.115327 0.038951 0.079972 0.065769 0.066150 0.055970 0.068184 0.070265 0.074830 0.076991 0.076876 0.067149 0.068787 
0.075143 0.116231 0.041924 0.074985 0.068100 0.066272 0.057750 0.068330 0.069541 0.075688 0.077604 0.077859 0.061727 0.068848 
0.075506 0.116774 0.044659 0.071464 0.072176 0.066625 0.060734 0.069106 0.070496 0.069123 0.077971 0.075213 0.061474 0.068678 
0.076704 0.119036 0.043150 0.068839 0.066117 0.067604 0.060229 0.070353 0.071185 0.073693 0.079502 0.076957 0.057718 0.068911 
0.075913 0.117046 0.041343 0.074046 0.068775 0.067149 0.058018 0.070215 0.070894 0.068267 0.078155 0.076457 0.063197 0.070525 
0.075082 0.116141 0.039436 0.075698 0.064604 0.067157 0.057034 0.069160 0.070336 0.076259 0.077542 0.079231 0.062590 0.069731 
0.075638 0.117408 0.041168 0.074528 0.065722 0.068384 0.057317 0.070002 0.070205 0.071122 0.078400 0.077760 0.064517 0.067828 
0.075156 0.115870 0.043889 0.071168 0.072787 0.066522 0.058292 0.068160 0.070968 0.070835 0.077359 0.077249 0.060845 0.070900 
0.075438 0.116322 0.043620 0.072605 0.070718 0.065582 0.058887 0.068294 0.071128 0.075117 0.077665 0.073404 0.062783 0.068438 
0.073333 0.113336 0.039841 0.078033 0.068189 0.065145 0.054584 0.066800 0.067760 0.079966 0.075643 0.080475 0.063748 0.073146 
0.075663 0.115508 0.041608 0.068780 0.064778 0.066765 0.058847 0.068838 0.069124 0.082253 0.077113 0.081615 0.058266 0.070844 
0.074504 0.114874 0.042313 0.072104 0.069988 0.066757 0.057634 0.068947 0.069280 0.073688 0.076685 0.080516 0.061269 0.071441 
0.073467 0.113517 0.043025 0.074463 0.074497 0.063909 0.057128 0.067809 0.069078 0.078254 0.075766 0.075287 0.061144 0.072655 
0.076347 0.118493 0.042232 0.071212 0.065848 0.068648 0.058975 0.070026 0.072290 0.070267 0.079135 0.079986 0.059118 0.067424 
0.074883 0.116231 0.042170 0.071174 0.068129 0.066925 0.057882 0.068683 0.070497 0.076259 0.077604 0.078486 0.061343 0.069736 
0.072908 0.112793 0.041553 0.076357 0.070495 0.064857 0.057474 0.066854 0.068123 0.078538 0.075276 0.077807 0.067676 0.069289 
0.075569 0.115779 0.041899 0.069023 0.063865 0.066683 0.056750 0.067961 0.069709 0.082824 0.077297 0.083082 0.059931 0.069629 
0.074814 0.115327 0.039111 0.074298 0.062843 0.067791 0.056648 0.068322 0.069910 0.079683 0.076991 0.084328 0.059459 0.070474 
0.075802 0.117227 0.042053 0.071667 0.068042 0.066702 0.057588 0.068930 0.070132 0.075404 0.078277 0.077606 0.060259 0.070311 
0.074678 0.115508 0.042906 0.071400 0.069849 0.067279 0.058735 0.068346 0.070659 0.072547 0.077113 0.080965 0.061429 0.068586 
0.074058 0.114965 0.040547 0.073535 0.067285 0.065967 0.055973 0.067926 0.069680 0.081110 0.076746 0.080991 0.059658 0.071558 
0.076071 0.117317 0.041274 0.065238 0.060547 0.068233 0.057862 0.069945 0.072179 0.080542 0.078339 0.084816 0.057716 0.069922 
0.074606 0.115055 0.040569 0.072822 0.065735 0.066123 0.056504 0.067975 0.070720 0.079968 0.076807 0.080915 0.062204 0.069997 
0.074466 0.115598 0.040580 0.076923 0.067690 0.066242 0.056149 0.068354 0.069043 0.077685 0.077175 0.076233 0.063156 0.070708 
0.073259 0.113336 0.039752 0.078748 0.068369 0.065271 0.055068 0.067976 0.068239 0.080252 0.075643 0.080597 0.063219 0.070269 
0.075049 0.116503 0.042102 0.073799 0.067295 0.068519 0.057231 0.069400 0.070731 0.072263 0.077787 0.079941 0.062007 0.067372 
0.075695 0.116322 0.043362 0.073319 0.068223 0.066431 0.058402 0.068641 0.070867 0.074832 0.077665 0.078401 0.060723 0.067119 
0.074842 0.115417 0.041564 0.070208 0.065385 0.065932 0.057594 0.068374 0.069607 0.082253 0.077052 0.080821 0.060631 0.070321 
0.074940 0.116322 0.041415 0.075029 0.068156 0.065855 0.058385 0.068735 0.069509 0.075973 0.077665 0.074535 0.063563 0.069918 
0.075057 0.116503 0.041974 0.075228 0.068659 0.065466 0.059631 0.068961 0.070239 0.074832 0.077787 0.074097 0.061405 0.070161 
0.077431 0.119398 0.042335 0.070036 0.064554 0.067796 0.059764 0.071062 0.071340 0.072266 0.079747 0.076940 0.059474 0.067856 
0.073722 0.114060 0.041228 0.082375 0.070293 0.065587 0.057066 0.068543 0.069315 0.073116 0.076133 0.075828 0.065418 0.067314 
0.073757 0.114512 0.040300 0.074718 0.066577 0.065331 0.056686 0.067208 0.069400 0.081395 0.076440 0.079841 0.062828 0.071008 
0.076451 0.118674 0.039282 0.072406 0.058481 0.067892 0.056672 0.070878 0.071948 0.078831 0.079257 0.079041 0.060779 0.069408 
0.075727 0.117136 0.038260 0.076191 0.061615 0.067858 0.056309 0.068992 0.070453 0.077687 0.078216 0.079319 0.060973 0.071263 
0.076246 0.116412 0.039240 0.076698 0.063376 0.067647 0.055799 0.069879 0.070068 0.072263 0.077726 0.080300 0.065539 0.068807 
0.075912 0.117046 0.041856 0.072140 0.067706 0.066756 0.057697 0.069298 0.070548 0.074262 0.078155 0.077460 0.060524 0.070640 
0.075607 0.116955 0.039645 0.077183 0.064165 0.066923 0.057374 0.069642 0.070317 0.074262 0.078094 0.076280 0.064426 0.069127 
0.076778 0.118403 0.042985 0.069781 0.064831 0.067531 0.058965 0.069969 0.071307 0.075976 0.079074 0.076993 0.058733 0.068674 
0.073517 0.114151 0.040718 0.076141 0.067265 0.065916 0.057701 0.067615 0.069299 0.077969 0.076195 0.080992 0.063187 0.069335 
0.074935 0.116322 0.041014 0.072605 0.065079 0.065913 0.058761 0.069486 0.070184 0.077686 0.077665 0.077187 0.062695 0.070468 
0.075411 0.117046 0.040953 0.074565 0.067105 0.066976 0.057256 0.069166 0.069894 0.073405 0.078155 0.078364 0.061844 0.069860 
0.074388 0.115508 0.041330 0.078546 0.066960 0.066525 0.057128 0.069176 0.070006 0.073403 0.077113 0.078630 0.065847 0.065440 
0.077027 0.118765 0.041779 0.068596 0.064538 0.068982 0.058564 0.070743 0.071034 0.070838 0.079319 0.080682 0.059480 0.069653 
0.075758 0.116774 0.039614 0.077614 0.064980 0.067294 0.058339 0.069684 0.069762 0.071692 0.077971 0.078610 0.063857 0.068051 
0.075875 0.117770 0.041656 0.072867 0.065805 0.067476 0.057413 0.069594 0.070357 0.073977 0.078645 0.078680 0.061054 0.068833 
0.072197 0.111708 0.039975 0.084675 0.071862 0.064661 0.056136 0.065758 0.067883 0.075968 0.074541 0.077979 0.068241 0.068416 
0.072463 0.112522 0.044061 0.073494 0.072793 0.064539 0.058078 0.067096 0.069056 0.080536 0.075092 0.079743 0.061459 0.069067 
0.075782 0.116051 0.038384 0.078793 0.063352 0.067007 0.054671 0.069770 0.070372 0.075117 0.077481 0.079878 0.063482 0.069861 
0.072768 0.112974 0.040684 0.076598 0.070747 0.064441 0.055577 0.067187 0.067544 0.083106 0.075398 0.077865 0.062859 0.072251 
prostate
0.075752 0.115223 0.041493 0.072226 0.065719 0.066616 0.058325 0.071448 0.071632 0.073244 0.078444 0.076643 0.063194 0.070040 
0.073817 0.112640 0.042396 0.070756 0.066075 0.066865 0.057495 0.069727 0.070133 0.082356 0.076663 0.081786 0.059051 0.070240 
0.075334 0.116113 0.041604 0.074856 0.065465 0.066816 0.057301 0.070431 0.071571 0.072960 0.079059 0.075983 0.063952 0.068555 
0.073868 0.113887 0.041397 0.076483 0.065747 0.066580 0.057921 0.070527 0.070332 0.074666 0.077523 0.077785 0.065220 0.068066 
0.074750 0.115223 0.041107 0.070086 0.063010 0.067994 0.058731 0.069885 0.071518 0.076092 0.078444 0.083369 0.060360 0.069432 
0.076776 0.117538 0.043152 0.068461 0.065378 0.067550 0.059029 0.070995 0.072611 0.071822 0.080042 0.075870 0.061127 0.069651 
0.076613 0.118072 0.039510 0.076316 0.061069 0.069048 0.056881 0.072067 0.072104 0.069259 0.080410 0.078771 0.061038 0.068843 
0.075530 0.115223 0.042823 0.071750 0.068926 0.066075 0.059429 0.069551 0.071183 0.074953 0.078444 0.075831 0.058468 0.071815 
0.075080 0.113798 0.042175 0.073628 0.067749 0.067943 0.057467 0.071073 0.069876 0.070963 0.077461 0.082244 0.061953 0.068590 
0.073401 0.112017 0.039879 0.075262 0.063364 0.065126 0.056638 0.068904 0.068625 0.084919 0.076233 0.081557 0.063726 0.070349 
0.073941 0.112462 0.043510 0.075270 0.071987 0.066816 0.057667 0.069093 0.069999 0.071816 0.076540 0.081104 0.062388 0.067407 
0.075780 0.116380 0.042344 0.068721 0.064354 0.068417 0.057904 0.071140 0.072335 0.074100 0.079243 0.079625 0.059983 0.069674 
0.075070 0.115312 0.041399 0.077695 0.065743 0.066771 0.057324 0.070660 0.070737 0.072389 0.078506 0.075145 0.064638 0.068612 
0.073284 0.112195 0.042914 0.074552 0.072765 0.065681 0.058026 0.068178 0.069423 0.074949 0.076355 0.079781 0.060395 0.071501 
0.075458 0.116291 0.042430 0.069153 0.064659 0.067081 0.058229 0.071119 0.071343 0.076379 0.079182 0.077873 0.058924 0.071880 
0.075224 0.114243 0.044241 0.071258 0.071050 0.066370 0.059127 0.069948 0.070967 0.071533 0.077768 0.076818 0.061056 0.070395 
0.074605 0.114243 0.042146 0.072209 0.066101 0.068839 0.058018 0.070801 0.070081 0.071248 0.077768 0.083253 0.061608 0.069079 
0.074466 0.114777 0.041513 0.072694 0.066239 0.067087 0.057403 0.069671 0.070284 0.075807 0.078137 0.078778 0.062951 0.070193 
0.072660 0.110503 0.041556 0.072621 0.069099 0.065526 0.055862 0.067007 0.069255 0.083493 0.075188 0.085186 0.059971 0.072072 
0.073862 0.112284 0.044663 0.077407 0.075061 0.066470 0.059295 0.068421 0.069169 0.067827 0.076417 0.077044 0.065719 0.066362 
0.070859 0.109257 0.043564 0.076404 0.075272 0.063237 0.057057 0.067389 0.067831 0.082067 0.074328 0.076540 0.063741 0.072453 
0.074079 0.113798 0.041520 0.081712 0.069130 0.065616 0.056528 0.068794 0.070827 0.070393 0.077461 0.074672 0.067991 0.067478 
0.074349 0.114599 0.041335 0.069838 0.064673 0.067102 0.057736 0.069510 0.070184 0.080365 0.078014 0.082603 0.058157 0.071533 
0.074668 0.113531 0.039775 0.081274 0.066870 0.066194 0.055993 0.069043 0.069543 0.073526 0.077277 0.075276 0.066477 0.070555 
0.074933 0.115490 0.040898 0.073657 0.063986 0.065972 0.057650 0.070884 0.071476 0.078372 0.078629 0.076198 0.060112 0.071744 
0.074397 0.113531 0.041978 0.077665 0.067897 0.066509 0.057933 0.071219 0.070601 0.072102 0.077277 0.078031 0.063958 0.066902 
0.073395 0.112729 0.042293 0.068855 0.067637 0.065871 0.057452 0.068521 0.070188 0.082926 0.076724 0.080895 0.059856 0.072658 
0.073719 0.113264 0.041892 0.078612 0.066290 0.064985 0.056968 0.068592 0.070156 0.077799 0.077093 0.076533 0.065996 0.068101 
0.076266 0.117538 0.039474 0.072027 0.059301 0.069806 0.056886 0.073065 0.072758 0.071822 0.080042 0.079338 0.060767 0.070910 
0.073590 0.112284 0.043608 0.078120 0.073062 0.065793 0.059216 0.067746 0.069950 0.070391 0.076417 0.077751 0.064653 0.067418 
0.075051 0.114510 0.043663 0.072731 0.068350 0.066127 0.058476 0.070245 0.070501 0.074382 0.077953 0.076559 0.062816 0.068636 
0.074003 0.114065 0.042761 0.072206 0.068689 0.065250 0.058065 0.070076 0.069947 0.079224 0.077646 0.076193 0.060618 0.071257 
0.076170 0.116113 0.041598 0.074381 0.065698 0.066151 0.058619 0.071224 0.071676 0.074099 0.079059 0.074154 0.061162 0.069896 
0.074328 0.112640 0.043574 0.072182 0.070824 0.064482 0.059284 0.069303 0.069201 0.078938 0.076663 0.075701 0.061965 0.070914 
0.074237 0.114421 0.041674 0.071737 0.066539 0.066391 0.058246 0.069977 0.070685 0.077516 0.077891 0.079028 0.060324 0.071335 
0.072897 0.111216 0.041107 0.076675 0.070109 0.064764 0.055777 0.067095 0.068206 0.079221 0.075680 0.079692 0.064560 0.073002 
0.073477 0.113264 0.041374 0.068431 0.065440 0.066541 0.056433 0.068251 0.070885 0.081502 0.077093 0.083512 0.060440 0.073357 
0.074313 0.114154 0.043168 0.070306 0.065314 0.067808 0.057881 0.070160 0.071357 0.076661 0.077707 0.084492 0.058433 0.068246 
0.074887 0.115401 0.044416 0.070607 0.070681 0.065823 0.059344 0.070139 0.070923 0.073529 0.078567 0.072185 0.062105 0.071395 
0.075712 0.115935 0.041817 0.076280 0.066155 0.066880 0.057399 0.070765 0.070973 0.071251 0.078936 0.076091 0.064333 0.067474 
0.075702 0.116647 0.045144 0.072012 0.072033 0.067020 0.060814 0.070762 0.071591 0.068118 0.079427 0.073675 0.058847 0.068207 
0.073249 0.112907 0.043624 0.071040 0.070624 0.066240 0.057687 0.068167 0.069897 0.077514 0.076847 0.081335 0.060104 0.070766 
0.075134 0.115401 0.040242 0.074606 0.063135 0.066383 0.056896 0.069905 0.070838 0.076662 0.078567 0.077374 0.063668 0.071187 
0.075043 0.114154 0.043689 0.075298 0.069464 0.066136 0.060028 0.068919 0.070623 0.072957 0.077707 0.077017 0.062085 0.066879 
0.072946 0.112462 0.042441 0.075270 0.068808 0.064655 0.057111 0.067758 0.068945 0.080931 0.076540 0.078046 0.061847 0.072239 
0.073999 0.114065 0.041447 0.074346 0.067220 0.066697 0.056512 0.069808 0.070440 0.072957 0.077646 0.078920 0.065393 0.070550 
0.075780 0.116024 0.042098 0.067806 0.063506 0.067327 0.058435 0.071007 0.071665 0.077518 0.078997 0.079832 0.058687 0.071318 
0.074025 0.113353 0.042831 0.073425 0.068916 0.067867 0.057434 0.069677 0.070988 0.072387 0.077154 0.081964 0.061629 0.068351 
0.075105 0.115757 0.042679 0.073186 0.067049 0.067739 0.058758 0.071224 0.072006 0.069541 0.078813 0.077905 0.062394 0.067846 
0.073476 0.113264 0.040329 0.071717 0.065436 0.066703 0.055731 0.068693 0.071809 0.079223 0.077093 0.082925 0.061650 0.071951 
0.072593 0.111127 0.041741 0.085946 0.073171 0.064936 0.057036 0.068643 0.071280 0.067256 0.075618 0.074954 0.069869 0.065830 
0.073413 0.113175 0.039651 0.073618 0.064488 0.066142 0.056743 0.069524 0.070229 0.080932 0.077031 0.079773 0.062812 0.072468 
0.074173 0.114332 0.042040 0.072924 0.067141 0.067399 0.057972 0.069475 0.070634 0.072958 0.077830 0.080919 0.061068 0.071135 
0.075884 0.116558 0.041735 0.075577 0.064812 0.067787 0.060021 0.071239 0.073867 0.067263 0.079366 0.075984 0.062962 0.066944 
0.073648 0.113531 0.041182 0.074099 0.066886 0.065228 0.057862 0.070189 0.070031 0.079509 0.077277 0.076945 0.062200 0.071414 
0.075487 0.115935 0.041435 0.074615 0.065541 0.067065 0.057507 0.070550 0.071609 0.071820 0.078936 0.076608 0.063273 0.069619 
0.075867 0.116914 0.042986 0.067024 0.064480 0.068201 0.059753 0.071500 0.071730 0.071537 0.079612 0.078671 0.060654 0.071071 
0.075647 0.116558 0.043293 0.071339 0.069605 0.066908 0.058554 0.070273 0.071432 0.068688 0.079366 0.073893 0.063656 0.070788 
0.077704 0.118161 0.042152 0.070136 0.062000 0.068184 0.057923 0.071876 0.072907 0.071253 0.080472 0.077057 0.061212 0.068964 
0.076850 0.118428 0.043000 0.069469 0.063482 0.068921 0.060311 0.071402 0.073016 0.067835 0.080656 0.077488 0.061680 0.067462 
0.075254 0.115579 0.042131 0.071281 0.065897 0.067368 0.058553 0.070648 0.072826 0.070965 0.078690 0.078191 0.062665 0.069952 
0.074231 0.114421 0.040497 0.074114 0.064994 0.067001 0.056459 0.069083 0.070112 0.076376 0.077891 0.079312 0.063271 0.072237 
0.073537 0.113353 0.043225 0.076949 0.072669 0.066697 0.058198 0.068752 0.070013 0.070108 0.077154 0.077136 0.064022 0.068188 
0.073235 0.112907 0.043099 0.069334 0.066955 0.066560 0.057828 0.069047 0.069377 0.080932 0.076847 0.083563 0.060687 0.069628 
0.075396 0.116202 0.042150 0.078704 0.068640 0.067481 0.058188 0.070540 0.071632 0.066123 0.079120 0.075407 0.063229 0.067188 
0.072765 0.112195 0.042256 0.074552 0.068013 0.065559 0.057082 0.068165 0.068897 0.079792 0.076355 0.080962 0.064353 0.069054 
0.072743 0.111750 0.041639 0.078111 0.069842 0.064613 0.057261 0.068297 0.069051 0.079221 0.076048 0.077903 0.063542 0.069981 
0.074936 0.114332 0.040620 0.070784 0.063742 0.066695 0.057054 0.070502 0.070635 0.080079 0.077830 0.081254 0.059191 0.072346 
0.075692 0.116647 0.042661 0.067970 0.064668 0.067224 0.059639 0.070764 0.071467 0.075524 0.079427 0.077602 0.060223 0.070491 
0.074901 0.114688 0.042141 0.076021 0.068346 0.065704 0.058299 0.069563 0.071249 0.072673 0.078076 0.074333 0.065540 0.068465 
0.074409 0.114688 0.042527 0.072259 0.067259 0.066766 0.057892 0.069250 0.070392 0.076377 0.078076 0.079770 0.060030 0.070305 
0.075989 0.115935 0.042463 0.069644 0.064883 0.067174 0.057539 0.071314 0.071558 0.075808 0.078936 0.078309 0.058877 0.071573 
0.074412 0.114688 0.042267 0.075070 0.068872 0.066094 0.058215 0.069697 0.070373 0.074952 0.078076 0.074919 0.061959 0.070406 
0.074005 0.112551 0.041570 0.072440 0.067436 0.065367 0.057210 0.068834 0.069083 0.082356 0.076601 0.080605 0.059259 0.072684 
0.076338 0.117627 0.042922 0.068959 0.065623 0.068378 0.059564 0.070920 0.072546 0.070113 0.080103 0.077865 0.058653 0.070389 
0.074354 0.114599 0.042367 0.074117 0.068663 0.067605 0.058585 0.070649 0.070406 0.070109 0.078014 0.077846 0.061845 0.070840 
0.073674 0.112818 0.041646 0.074087 0.067473 0.066568 0.056999 0.067974 0.069130 0.078368 0.076785 0.081289 0.063621 0.069568 
0.071610 0.110414 0.043086 0.075948 0.072735 0.064969 0.056527 0.068545 0.068970 0.077226 0.075127 0.080177 0.064062 0.070605 
0.073269 0.112551 0.041590 0.077173 0.069126 0.064983 0.058423 0.069241 0.070512 0.076943 0.076601 0.076754 0.063535 0.069297 
0.073332 0.112284 0.043725 0.080539 0.075282 0.065281 0.058762 0.068151 0.069403 0.069822 0.076417 0.074036 0.065002 0.067964 
0.074529 0.114866 0.044515 0.069604 0.069374 0.067305 0.059608 0.069678 0.072465 0.073243 0.078199 0.078096 0.059605 0.068912 
0.074875 0.115401 0.041534 0.070886 0.064078 0.067036 0.057729 0.070754 0.071358 0.077517 0.078567 0.078126 0.060030 0.072109 
0.073713 0.113620 0.043688 0.073625 0.072192 0.068009 0.058576 0.069360 0.071185 0.067829 0.077338 0.080092 0.062976 0.067796 
0.075374 0.115757 0.042179 0.072948 0.066901 0.067637 0.057637 0.070812 0.070952 0.071820 0.078813 0.078877 0.061244 0.069050 
0.073268 0.112551 0.042112 0.077411 0.069804 0.064930 0.058277 0.068850 0.069053 0.077228 0.076601 0.075333 0.065190 0.069391 
0.073240 0.112106 0.043184 0.078592 0.072239 0.065465 0.057928 0.070452 0.069388 0.072670 0.076294 0.075204 0.065912 0.067325 
0.074327 0.113798 0.044232 0.070300 0.070430 0.067545 0.059150 0.069915 0.071312 0.072672 0.077461 0.078345 0.061410 0.069102 
0.072658 0.112017 0.044170 0.073598 0.071797 0.065023 0.058326 0.068064 0.069406 0.080361 0.076233 0.079618 0.058820 0.069910 
0.073680 0.112818 0.043214 0.080031 0.073851 0.066233 0.059049 0.068867 0.069191 0.068968 0.076785 0.075740 0.063907 0.067667 
0.073872 0.113887 0.041144 0.071728 0.064069 0.067209 0.057426 0.068623 0.070236 0.079224 0.077523 0.083860 0.060751 0.070449 
0.075955 0.116558 0.039755 0.074906 0.061345 0.067891 0.055998 0.070546 0.072816 0.072391 0.079366 0.078940 0.063299 0.070235 
0.072305 0.111483 0.042193 0.078819 0.071165 0.065106 0.056193 0.068750 0.069548 0.075803 0.075864 0.076762 0.066444 0.069565 
0.076687 0.118161 0.041888 0.067045 0.063080 0.069218 0.059499 0.071689 0.072801 0.069544 0.080472 0.077760 0.061769 0.070387 
0.073981 0.113264 0.043464 0.070528 0.070762 0.065880 0.058835 0.068754 0.070499 0.077229 0.077093 0.079378 0.059005 0.071328 
0.074835 0.115312 0.046098 0.071318 0.075469 0.066891 0.060127 0.070902 0.071835 0.064983 0.078506 0.073920 0.060110 0.069694 
0.072604 0.111928 0.042711 0.073597 0.071087 0.066751 0.057323 0.068888 0.069744 0.074664 0.076171 0.079478 0.064236 0.070818 
0.076736 0.118250 0.044514 0.068949 0.065777 0.069265 0.060120 0.071870 0.073097 0.067550 0.080533 0.076935 0.059061 0.067343 
0.074677 0.114688 0.042419 0.074356 0.069097 0.065936 0.057531 0.070606 0.071329 0.073243 0.078076 0.073419 0.064505 0.070118 
0.075941 0.116291 0.040983 0.073670 0.061805 0.067130 0.058075 0.070792 0.071847 0.076094 0.079182 0.078136 0.060712 0.069342 
0.073933 0.112818 0.041627 0.084073 0.070190 0.065235 0.056020 0.069580 0.070217 0.069822 0.076785 0.072630 0.069852 0.067216 
skin
0.073385 0.114371 0.040739 0.076976 0.069656 0.064969 0.056399 0.068499 0.068836 0.076150 0.077103 0.076765 0.065220 0.070932 
0.074946 0.116454 0.041652 0.073680 0.065997 0.067680 0.058482 0.069202 0.069029 0.073864 0.078526 0.082106 0.060917 0.067465 
0.075536 0.117722 0.040822 0.072988 0.063783 0.067425 0.057278 0.069608 0.071257 0.072435 0.079393 0.078744 0.065063 0.067948 
0.075346 0.117813 0.043046 0.068470 0.067415 0.067020 0.059093 0.070597 0.070003 0.074438 0.079454 0.077687 0.058825 0.070795 
0.073975 0.114915 0.041774 0.075320 0.071204 0.064468 0.058018 0.067984 0.069250 0.075006 0.077474 0.074111 0.064263 0.072239 
0.075302 0.117360 0.041641 0.070365 0.063954 0.068346 0.057741 0.068950 0.069615 0.075295 0.079145 0.082168 0.060427 0.069689 
0.076246 0.118809 0.042410 0.071103 0.065568 0.067111 0.058123 0.070707 0.070499 0.074725 0.080135 0.074979 0.060066 0.069519 
0.076799 0.118537 0.040096 0.072050 0.062646 0.067516 0.056610 0.072027 0.070837 0.073294 0.079950 0.077385 0.061049 0.071203 
0.074576 0.116636 0.042608 0.073207 0.068086 0.066065 0.057511 0.068991 0.070288 0.074722 0.078650 0.076738 0.062150 0.069772 
0.075919 0.117541 0.039727 0.076315 0.063632 0.066322 0.056820 0.069630 0.069707 0.075296 0.079269 0.076436 0.063608 0.069778 
0.073746 0.113828 0.042275 0.072965 0.067713 0.064992 0.057758 0.067194 0.067575 0.081870 0.076731 0.080579 0.063519 0.069253 
0.076476 0.118809 0.041737 0.070865 0.064097 0.066164 0.057956 0.070729 0.071995 0.075869 0.080135 0.073919 0.061382 0.069866 
0.072701 0.113737 0.042644 0.076965 0.071438 0.064553 0.057490 0.067589 0.069022 0.077579 0.076669 0.077209 0.063711 0.068693 
