-3642992.328526
0
0.000001 0.000001 0.000001 0.000022 0.000001 0.000001 0.000001 0.000001 0.000002 0.000042 0.000150 0.000042 0.000042 0.000001 0.000001 0.000001 0.000001 0.000083 0.000573 0.000001 0.001562 0.000001 0.000001 0.000323 0.000001 0.000001 0.000001 0.000692 0.000001 0.000001 0.000001 0.000001 0.000001 0.000022 0.002564 0.000022 0.000001 0.000001 0.000001 0.000001 0.000103 0.000001 0.000001 0.000001 0.000279 0.000001 0.000063 0.000001 0.000063 0.000042 0.000001 0.000001 0.000001 0.000001 0.000001 0.000001 0.000002 0.000466 0.991852 0.000022 0.000001 0.000001 0.000001 0.000001 0.000022 0.000001 0.000001 0.000042 0.000001 0.000001 0.000001 0.000124 0.000001 0.000001 0.000001 0.000351 0.000001 0.000001 0.000001 0.000001 0.000001 0.000001 0.000001 0.000001 0.000001 0.000001 0.000063 0.000042 0.000144 0.000022 0.000001 0.000085 0.000001 0.000001 0.000001 0.000001 
0.000001 0.000001 0.000001 0.000001 0.000001 0.000001 0.000001 0.000001 0.000001 0.000001 0.000002 0.000001 0.000001 0.000001 0.000001 0.000001 0.000001 0.000001 0.000001 0.000001 0.000001 0.000001 0.000001 0.000001 0.000001 0.000001 0.000001 0.000002 0.000001 0.000001 0.000001 0.000001 0.000001 0.000001 0.000003 0.000001 0.000001 0.000001 0.000001 0.000001 0.000001 0.000001 0.000001 0.000001 0.000001 0.000001 0.000001 0.000001 0.000001 0.000001 0.000001 0.000001 0.000001 0.000001 0.000001 0.000001 0.000001 0.000003 0.999911 0.000001 0.000001 0.000001 0.000001 0.000001 0.000001 0.000001 0.000001 0.000001 0.000001 0.000001 0.000001 0.000001 0.000001 0.000001 0.000001 0.000001 0.000001 0.000001 0.000001 0.000001 0.000001 0.000001 0.000001 0.000001 0.000001 0.000001 0.000001 0.000001 0.000001 0.000001 0.000001 0.000001 0.000001 0.000001 0.000001 0.000001 
0.000001 0.000001 0.000001 0.000001 0.000001 0.000001 0.000001 0.000001 0.003420 0.000001 0.000111 0.000001 0.000001 0.000001 0.000001 0.000001 0.000001 0.000001 0.000001 0.000001 0.000333 0.000001 0.000001 0.000001 0.000001 0.000001 0.000001 0.000417 0.000001 0.000001 0.000001 0.000001 0.000001 0.000001 0.002034 0.000001 0.000001 0.000001 0.000001 0.000001 0.000001 0.000063 0.000001 0.000001 0.000001 0.000001 0.000001 0.000001 0.000001 0.000001 0.000001 0.000001 0.000001 0.000001 0.000001 0.000001 0.000002 0.190373 0.802717 0.000008 0.000001 0.000001 0.000001 0.000001 0.000001 0.000001 0.000001 0.000001 0.000001 0.000001 0.000001 0.000001 0.000310 0.000001 0.000001 0.000111 0.000001 0.000001 0.000001 0.000001 0.000001 0.000001 0.000001 0.000001 0.000001 0.000001 0.000001 0.000001 0.000001 0.000001 0.000001 0.000002 0.000001 0.000001 0.000001 0.000001 
0.000001 0.000001 0.000001 0.000001 0.000001 0.000001 0.000001 0.000001 0.000002 0.000001 0.990934 0.000001 0.000001 0.000001 0.000001 0.000001 0.000001 0.000001 0.000001 0.000001 0.000002 0.000001 0.000001 0.000001 0.000001 0.000001 0.000001 0.000003 0.000001 0.000001 0.000001 0.000001 0.000001 0.000001 0.000004 0.000001 0.000001 0.000001 0.000001 0.000001 0.000001 0.000001 0.000001 0.000001 0.000001 0.000001 0.000001 0.000001 0.000001 0.000001 0.000001 0.000001 0.000001 0.000001 0.000001 0.000001 0.000002 0.000004 0.008932 0.000002 0.000001 0.000001 0.000001 0.000001 0.000001 0.000001 0.000001 0.000001 0.000001 0.000001 0.000001 0.000001 0.000001 0.000001 0.000001 0.000002 0.000001 0.000001 0.000001 0.000001 0.000001 0.000001 0.000001 0.000001 0.000001 0.000001 0.000001 0.000001 0.000001 0.000001 0.000001 0.000002 0.000001 0.000001 0.000001 0.000002 
0.000001 0.000001 0.000001 0.000001 0.000001 0.000001 0.000001 0.000001 0.000002 0.000001 0.721029 0.000001 0.000001 0.000001 0.000001 0.000001 0.000001 0.000001 0.000001 0.000001 0.000002 0.000001 0.000001 0.000001 0.000001 0.000001 0.000001 0.073068 0.000001 0.000001 0.000001 0.000001 0.000001 0.000001 0.000004 0.000001 0.000001 0.000001 0.000001 0.000001 0.000001 0.000001 0.000001 0.000001 0.000001 0.000001 0.000001 0.000001 0.000001 0.000001 0.000001 0.000001 0.000001 0.000001 0.000001 0.000001 0.000002 0.203800 0.001981 0.000002 0.000001 0.000001 0.000001 0.000001 0.000001 0.000001 0.000001 0.000001 0.000001 0.000001 0.000001 0.000001 0.000001 0.000001 0.000001 0.000002 0.000001 0.000001 0.000001 0.000001 0.000001 0.000001 0.000001 0.000001 0.000001 0.000001 0.000001 0.000001 0.000001 0.000001 0.000001 0.000002 0.000001 0.000001 0.000001 0.000001 
0.000115 0.000001 0.000001 0.000001 0.000001 0.000001 0.000001 0.000001 0.000001 0.000001 0.000128 0.000001 0.000001 0.000001 0.000001 0.000001 0.000006 0.000001 0.000001 0.000934 0.000002 0.000001 0.000001 0.000001 0.000001 0.000001 0.000001 0.000480 0.000001 0.000001 0.000001 0.000001 0.000001 0.000001 0.002382 0.000001 0.000001 0.000001 0.000001 0.000001 0.000001 0.000001 0.001429 0.000001 0.000001 0.000001 0.000001 0.000001 0.000001 0.000001 0.000001 0.000001 0.000001 0.000001 0.000001 0.000001 0.107080 0.000422 0.885955 0.000007 0.000001 0.000001 0.000001 0.000001 0.000001 0.000001 0.000001 0.000001 0.000001 0.000001 0.000001 0.000001 0.000001 0.000001 0.000001 0.000002 0.000001 0.000001 0.000001 0.000001 0.000001 0.000001 0.000001 0.000001 0.000001 0.000001 0.000001 0.000001 0.000001 0.000001 0.000001 0.000001 0.000001 0.000001 0.000001 0.000967 
0.000001 0.000001 0.000001 0.000001 0.000001 0.000001 0.000001 0.000001 0.000001 0.000001 0.000133 0.000001 0.000001 0.000001 0.000001 0.000290 0.000001 0.000001 0.000001 0.000001 0.000479 0.000001 0.000001 0.000001 0.000001 0.000001 0.000001 0.000490 0.000001 0.000001 0.000001 0.000001 0.000001 0.000001 0.002337 0.000001 0.000001 0.000001 0.000001 0.000001 0.000001 0.000001 0.000001 0.000001 0.000001 0.000001 0.000001 0.011332 0.000001 0.000001 0.000001 0.000001 0.000001 0.000001 0.000001 0.000001 0.000001 0.090042 0.894556 0.000016 0.000001 0.000001 0.000001 0.000001 0.000001 0.000001 0.000001 0.000001 0.000001 0.000001 0.000001 0.000001 0.000001 0.000001 0.000001 0.000208 0.000001 0.000001 0.000001 0.000001 0.000001 0.000001 0.000001 0.000001 0.000001 0.000001 0.000001 0.000001 0.000001 0.000001 0.000001 0.000019 0.000001 0.000001 0.000001 0.000001 
0.000001 0.000001 0.000001 0.000001 0.000001 0.000001 0.000001 0.000001 0.000923 0.000001 0.000150 0.000001 0.000001 0.000001 0.000001 0.000001 0.001092 0.000001 0.000001 0.000001 0.000652 0.000001 0.000001 0.000138 0.000001 0.000530 0.000001 0.000544 0.000001 0.000001 0.000001 0.000001 0.000001 0.000001 0.002563 0.000001 0.000001 0.000001 0.000001 0.000001 0.000001 0.000001 0.000001 0.001436 0.000066 0.000001 0.000001 0.000001 0.000001 0.000001 0.000001 0.000001 0.000001 0.000001 0.000001 0.000001 0.000001 0.000469 0.981396 0.000023 0.000001 0.000001 0.000001 0.000001 0.000001 0.000001 0.000001 0.000001 0.000001 0.000001 0.000001 0.000001 0.000001 0.000001 0.000001 0.000314 0.000001 0.000001 0.000001 0.000001 0.000001 0.000001 0.000001 0.000001 0.000001 0.000001 0.000001 0.000001 0.000001 0.000001 0.000001 0.000060 0.000001 0.000001 0.000001 0.009556 
0.000001 0.000018 0.000001 0.000001 0.000001 0.000001 0.000001 0.000001 0.000348 0.000001 0.000034 0.000001 0.000001 0.000001 0.000001 0.000001 0.000001 0.000001 0.000001 0.000001 0.000144 0.000001 0.000001 0.000001 0.000001 0.000001 0.000001 0.000157 0.000001 0.000001 0.000001 0.000001 0.000001 0.000001 0.003311 0.000001 0.000001 0.000001 0.000001 0.000001 0.000001 0.000001 0.000001 0.000001 0.000001 0.000001 0.000001 0.000001 0.000001 0.000001 0.000001 0.000001 0.000001 0.000001 0.000001 0.000001 0.000001 0.003075 0.984645 0.000001 0.000001 0.000001 0.000001 0.000001 0.000001 0.000001 0.000001 0.000001 0.000001 0.000001 0.000001 0.000001 0.000001 0.000001 0.000001 0.000024 0.000001 0.000001 0.000001 0.000001 0.000001 0.000001 0.000001 0.000001 0.000001 0.000001 0.000001 0.000001 0.000001 0.000001 0.000001 0.000001 0.008154 0.000001 0.000001 0.000001 
0.000001 0.000001 0.000001 0.000001 0.000001 0.000001 0.000001 0.000001 0.000001 0.000001 0.000003 0.000001 0.000001 0.000001 0.000001 0.000001 0.000001 0.000001 0.000001 0.000001 0.000001 0.000001 0.000001 0.000001 0.000001 0.000001 0.000001 0.000002 0.000001 0.000001 0.000001 0.000001 0.000001 0.000001 0.999296 0.000001 0.000001 0.000001 0.000001 0.000001 0.000001 0.000001 0.000001 0.000001 0.000001 0.000001 0.000001 0.000001 0.000001 0.000001 0.000001 0.000001 0.000001 0.000001 0.000001 0.000001 0.000001 0.000003 0.000605 0.000001 0.000001 0.000001 0.000001 0.000001 0.000001 0.000001 0.000001 0.000001 0.000001 0.000001 0.000001 0.000001 0.000001 0.000001 0.000001 0.000001 0.000001 0.000001 0.000001 0.000001 0.000001 0.000001 0.000001 0.000001 0.000001 0.000001 0.000001 0.000001 0.000001 0.000001 0.000001 0.000001 0.000001 0.000001 0.000001 0.000001 
0.000001 0.000001 0.000001 0.000001 0.000001 0.000001 0.000001 0.000001 0.000001 0.000001 0.000003 0.000001 0.000001 0.000001 0.000001 0.000001 0.000001 0.000001 0.000001 0.000001 0.000001 0.000001 0.000001 0.000001 0.000001 0.000001 0.000001 0.000002 0.000001 0.000001 0.000001 0.000001 0.000001 0.000001 0.000003 0.000001 0.000001 0.000001 0.000001 0.000001 0.000001 0.000001 0.000001 0.000001 0.000001 0.000001 0.000001 0.000001 0.000001 0.000001 0.000001 0.000001 0.000001 0.000001 0.000001 0.000001 0.000001 0.000003 0.999898 0.000001 0.000001 0.000001 0.000001 0.000001 0.000001 0.000001 0.000001 0.000001 0.000001 0.000001 0.000001 0.000001 0.000001 0.000001 0.000001 0.000001 0.000001 0.000001 0.000001 0.000001 0.000001 0.000001 0.000001 0.000001 0.000001 0.000001 0.000001 0.000001 0.000001 0.000001 0.000001 0.000001 0.000001 0.000001 0.000001 0.000001 
0.000001 0.000001 0.000001 0.000001 0.000001 0.000001 0.000001 0.000001 0.000002 0.000001 0.000009 0.000001 0.000001 0.000001 0.000001 0.000001 0.000002 0.000001 0.000001 0.000002 0.000002 0.000001 0.000001 0.000002 0.000001 0.000001 0.000001 0.000056 0.000001 0.000001 0.000001 0.000001 0.000001 0.000001 0.440752 0.000001 0.000001 0.000001 0.000001 0.000001 0.000001 0.000001 0.000002 0.000002 0.000002 0.000001 0.000001 0.000002 0.000001 0.000001 0.000001 0.000001 0.000001 0.000001 0.000001 0.000001 0.290108 0.000011 0.268429 0.000002 0.000001 0.000001 0.000001 0.000001 0.000001 0.000001 0.000001 0.000001 0.000001 0.000001 0.000001 0.000001 0.000001 0.000001 0.000001 0.000002 0.000001 0.000001 0.000001 0.000001 0.000001 0.000001 0.000002 0.000001 0.000506 0.000001 0.000001 0.000001 0.000001 0.000001 0.000001 0.000002 0.000002 0.000001 0.000001 0.000002 
0.000001 0.000001 0.000001 0.000001 0.000001 0.000001 0.000001 0.000001 0.000002 0.000001 0.798436 0.000001 0.000001 0.000001 0.000001 0.000001 0.000001 0.000001 0.000001 0.000001 0.000002 0.000001 0.000001 0.000001 0.000001 0.000001 0.000001 0.000003 0.000001 0.000001 0.000001 0.000001 0.000001 0.000001 0.000239 0.000001 0.000001 0.000001 0.000001 0.000001 0.000001 0.000001 0.000001 0.000001 0.000001 0.000001 0.000001 0.000001 0.000001 0.000001 0.000001 0.000001 0.000001 0.000001 0.000001 0.000001 0.000002 0.001663 0.139649 0.059901 0.000001 0.000001 0.000001 0.000001 0.000001 0.000001 0.000001 0.000001 0.000001 0.000001 0.000001 0.000001 0.000001 0.000001 0.000001 0.000002 0.000001 0.000001 0.000001 0.000001 0.000001 0.000001 0.000001 0.000001 0.000001 0.000001 0.000001 0.000001 0.000001 0.000001 0.000001 0.000002 0.000001 0.000001 0.000001 0.000001 
0.000001 0.000001 0.000001 0.000001 0.000001 0.000001 0.000001 0.000001 0.000001 0.000001 0.010350 0.000001 0.000001 0.000001 0.000001 0.000001 0.000001 0.000001 0.000001 0.000001 0.000001 0.000001 0.000001 0.000001 0.000001 0.000001 0.000001 0.071616 0.000001 0.000001 0.000001 0.000001 0.000001 0.000001 0.377491 0.000001 0.000001 0.000001 0.000001 0.000001 0.000001 0.000001 0.000001 0.000001 0.000001 0.000001 0.000001 0.000001 0.000001 0.000001 0.000001 0.000001 0.000001 0.000001 0.000001 0.000001 0.000001 0.000127 0.532987 0.000001 0.000001 0.000001 0.000001 0.000001 0.000001 0.000001 0.000001 0.000001 0.000001 0.000001 0.000001 0.000001 0.000001 0.000001 0.000001 0.000001 0.000001 0.000001 0.000001 0.000001 0.000001 0.000001 0.006244 0.000001 0.000001 0.000001 0.000001 0.000001 0.000001 0.000001 0.000001 0.001099 0.000001 0.000001 0.000001 0.000001 
0.000001 0.000001 0.000001 0.000001 0.000001 0.000001 0.000001 0.000001 0.000002 0.000001 0.000003 0.000001 0.000001 0.000001 0.000001 0.000001 0.000001 0.000001 0.000001 0.000001 0.000002 0.000022 0.000001 0.000001 0.000001 0.000001 0.000001 0.026857 0.000001 0.000001 0.000001 0.000001 0.000001 0.000001 0.000004 0.000001 0.000001 0.000001 0.000001 0.000001 0.000001 0.000001 0.000001 0.000001 0.000001 0.000001 0.000001 0.000001 0.000001 0.000001 0.000001 0.000001 0.000001 0.000001 0.000001 0.000001 0.000002 0.395137 0.577030 0.000002 0.000001 0.000001 0.000001 0.000001 0.000001 0.000001 0.000001 0.000001 0.000001 0.000001 0.000001 0.000001 0.000001 0.000001 0.000001 0.000839 0.000001 0.000001 0.000001 0.000001 0.000001 0.000001 0.000001 0.000001 0.000001 0.000001 0.000001 0.000001 0.000001 0.000001 0.000001 0.000002 0.000001 0.000001 0.000001 0.000001 
0.068302 0.068127 0.066604 0.066867 0.067199 0.066947 0.068514 0.064650 0.065931 0.067753 0.064453 0.064612 0.064401 0.069796 0.065843 
0.065232 0.072904 0.067515 0.066598 0.061139 0.063979 0.068785 0.068578 0.065839 0.063346 0.071641 0.061444 0.070642 0.064563 0.067794 
0.063511 0.070351 0.067687 0.063976 0.063127 0.066274 0.063694 0.067886 0.067735 0.069514 0.066301 0.064395 0.068203 0.073170 0.064176 
0.068600 0.067603 0.065348 0.067555 0.066038 0.066692 0.068452 0.063251 0.063284 0.069717 0.065988 0.063826 0.069921 0.065048 0.068676 
breast
0.058825 0.084913 0.060009 0.060337 0.062316 0.065174 0.064007 0.063228 0.070353 0.077503 0.073907 0.051578 0.065254 0.080011 0.062584 
0.061319 0.088352 0.060616 0.056605 0.057557 0.066257 0.066002 0.066893 0.073704 0.073710 0.076917 0.050316 0.062267 0.078912 0.060572 
0.060776 0.087595 0.060837 0.056226 0.059201 0.066188 0.064329 0.065866 0.074089 0.074002 0.076255 0.051299 0.061865 0.079384 0.062089 
0.058505 0.084432 0.059785 0.055645 0.057914 0.064622 0.062546 0.064390 0.070027 0.089469 0.073486 0.055428 0.060563 0.081682 0.061508 
0.062368 0.089658 0.060181 0.053049 0.054540 0.066309 0.064983 0.067329 0.075259 0.078089 0.078061 0.050145 0.060234 0.080485 0.059309 
0.060988 0.088008 0.061245 0.057166 0.059584 0.066615 0.065646 0.066592 0.073919 0.070792 0.076616 0.050741 0.061246 0.078568 0.062274 
0.061269 0.087389 0.061876 0.054349 0.058423 0.066023 0.068439 0.065170 0.072429 0.074294 0.076074 0.050336 0.060199 0.079170 0.064559 
0.061910 0.088283 0.059337 0.055480 0.057743 0.066862 0.063851 0.066858 0.074149 0.075170 0.076857 0.052100 0.061751 0.081101 0.058549 
0.061509 0.088764 0.060481 0.055482 0.058340 0.065689 0.065235 0.067910 0.073508 0.075170 0.077278 0.048788 0.059823 0.080877 0.061146 
0.063204 0.088902 0.060056 0.056421 0.055781 0.067001 0.066107 0.066384 0.073622 0.072543 0.077398 0.051568 0.065629 0.076341 0.059042 
0.061825 0.088696 0.062291 0.056795 0.058365 0.068037 0.066249 0.066778 0.074524 0.067582 0.077218 0.050905 0.062477 0.075522 0.062737 
0.061057 0.088008 0.060181 0.059417 0.060327 0.065032 0.064828 0.066064 0.072882 0.073418 0.076616 0.048140 0.064721 0.078446 0.060864 
0.059723 0.086220 0.058760 0.059594 0.060782 0.064676 0.063702 0.065200 0.072923 0.075460 0.075051 0.050160 0.068676 0.080309 0.058765 
0.059523 0.085739 0.060265 0.053402 0.058820 0.066388 0.065151 0.065114 0.072117 0.078962 0.074630 0.055539 0.058199 0.083973 0.062179 
0.061185 0.088283 0.060889 0.051728 0.056751 0.066305 0.066577 0.065858 0.074163 0.077796 0.076857 0.051871 0.057455 0.082314 0.061967 
0.062577 0.087802 0.061079 0.052476 0.054497 0.066167 0.064544 0.066055 0.073797 0.080131 0.076435 0.052830 0.059565 0.080637 0.061409 
0.060841 0.087802 0.061202 0.056040 0.058091 0.066158 0.066219 0.065837 0.073223 0.074002 0.076435 0.050993 0.063216 0.077277 0.062664 
0.060962 0.087870 0.059040 0.060729 0.061120 0.065686 0.063702 0.066007 0.073240 0.071083 0.076496 0.049113 0.067349 0.078679 0.058924 
0.061520 0.088077 0.060731 0.056979 0.058680 0.063617 0.064598 0.065586 0.073459 0.079839 0.076676 0.047027 0.061584 0.079980 0.061647 
0.063403 0.090484 0.062191 0.052304 0.055910 0.065954 0.066186 0.068764 0.076494 0.071377 0.078783 0.046233 0.059663 0.079654 0.062602 
0.061214 0.088352 0.061341 0.053042 0.056188 0.067129 0.065331 0.067249 0.073227 0.077213 0.076917 0.052045 0.058130 0.080503 0.062122 
0.061160 0.088283 0.060555 0.057543 0.058625 0.064473 0.064905 0.067238 0.073150 0.075753 0.076857 0.047191 0.064580 0.079226 0.060462 
0.060352 0.087114 0.059641 0.061475 0.061154 0.065893 0.064166 0.067121 0.074116 0.071667 0.075833 0.049165 0.065461 0.076844 0.059997 
0.061575 0.088902 0.062623 0.056609 0.058083 0.066572 0.066001 0.066838 0.073713 0.070500 0.077398 0.049441 0.063328 0.075288 0.063129 
0.061103 0.087595 0.061052 0.057539 0.060150 0.066503 0.064851 0.066162 0.072663 0.072251 0.076255 0.051452 0.061533 0.078957 0.061934 
0.062232 0.089452 0.060264 0.057737 0.058108 0.067761 0.065439 0.067175 0.074072 0.070209 0.077880 0.050121 0.062372 0.077577 0.059601 
0.059145 0.085051 0.058795 0.061275 0.062167 0.064190 0.062825 0.063985 0.070516 0.081005 0.074028 0.051296 0.066083 0.080221 0.059417 
0.061207 0.088352 0.059283 0.060732 0.060397 0.064789 0.064963 0.066233 0.073142 0.074294 0.076917 0.047442 0.064913 0.078716 0.058620 
0.061074 0.087458 0.059841 0.057726 0.058694 0.065002 0.064897 0.068362 0.072421 0.074294 0.076134 0.048653 0.066154 0.079012 0.060277 
0.060358 0.086976 0.060578 0.050970 0.054239 0.064908 0.064645 0.066269 0.072094 0.089470 0.075713 0.052788 0.055676 0.083144 0.062172 
0.061106 0.088077 0.060997 0.054916 0.057198 0.066483 0.066086 0.066267 0.074485 0.074586 0.076676 0.050535 0.062739 0.078134 0.061715 
0.059893 0.086289 0.062101 0.053968 0.061359 0.065063 0.064620 0.065123 0.071642 0.077795 0.075111 0.049517 0.058762 0.083549 0.065207 
0.062760 0.090484 0.062294 0.050053 0.054585 0.066907 0.066824 0.068330 0.075437 0.072544 0.078783 0.048616 0.058175 0.080782 0.063426 
0.059861 0.086426 0.061181 0.054156 0.057447 0.065856 0.064682 0.066153 0.072115 0.079547 0.075232 0.053948 0.061427 0.078305 0.063664 
0.060801 0.087251 0.060197 0.055661 0.057354 0.066007 0.063756 0.066294 0.072876 0.079255 0.075954 0.052819 0.060333 0.081488 0.059954 
0.060101 0.086426 0.060274 0.060158 0.061879 0.063137 0.063779 0.064452 0.072613 0.076628 0.075232 0.047154 0.067719 0.078446 0.062003 
0.061069 0.088145 0.059279 0.056604 0.057220 0.065699 0.063890 0.066991 0.073484 0.078672 0.076736 0.050755 0.062240 0.080526 0.058689 
0.060880 0.087320 0.057853 0.058663 0.057420 0.067697 0.062847 0.066961 0.072780 0.078380 0.076014 0.054939 0.062482 0.079561 0.056204 
0.061494 0.088421 0.057887 0.056043 0.054423 0.066948 0.065334 0.067841 0.073217 0.081591 0.076977 0.054046 0.060265 0.080338 0.055176 
0.060455 0.086908 0.062641 0.052846 0.059071 0.066077 0.064813 0.065035 0.074126 0.077796 0.075653 0.049955 0.058331 0.080706 0.065589 
0.061020 0.088077 0.060760 0.058292 0.060243 0.064700 0.064930 0.067041 0.073481 0.074586 0.076676 0.047485 0.062244 0.079140 0.061325 
0.061133 0.087527 0.059993 0.057351 0.059245 0.065960 0.064011 0.065170 0.072985 0.076045 0.076195 0.050545 0.063843 0.079190 0.060807 
0.061401 0.088627 0.061034 0.054919 0.057671 0.066224 0.065456 0.068293 0.073896 0.073419 0.077158 0.049596 0.060808 0.079419 0.062081 
0.061082 0.088145 0.060033 0.055104 0.057403 0.063446 0.065272 0.066552 0.074505 0.081882 0.076736 0.046974 0.059926 0.082479 0.060461 
0.060561 0.087389 0.061468 0.055099 0.057707 0.066320 0.064351 0.065291 0.073969 0.077212 0.076074 0.052906 0.059363 0.080031 0.062258 
0.061256 0.088421 0.059992 0.057544 0.058689 0.066443 0.064673 0.068197 0.073741 0.072543 0.076977 0.049978 0.063594 0.078496 0.059457 
0.061779 0.088558 0.059957 0.056982 0.057400 0.067142 0.064927 0.066179 0.074325 0.074586 0.077098 0.050273 0.063113 0.077919 0.059764 
0.059913 0.086495 0.059521 0.056220 0.058326 0.066787 0.065862 0.065303 0.073134 0.078671 0.075292 0.054216 0.060262 0.079460 0.060538 
0.062211 0.089315 0.059321 0.056048 0.054541 0.067808 0.065173 0.067207 0.074467 0.076629 0.077760 0.053379 0.061354 0.078115 0.056672 
0.060780 0.087595 0.059595 0.060165 0.061601 0.065781 0.064024 0.066423 0.072607 0.072543 0.076255 0.048829 0.064836 0.079807 0.059159 
0.060537 0.086908 0.057941 0.061286 0.060268 0.065064 0.063728 0.065356 0.073435 0.076628 0.075653 0.049604 0.067746 0.078933 0.056913 
0.061413 0.087595 0.060611 0.057351 0.058891 0.065190 0.064399 0.065325 0.072582 0.077504 0.076255 0.050316 0.061868 0.079096 0.061603 
0.061227 0.088008 0.062965 0.054353 0.059194 0.065507 0.067242 0.066101 0.073443 0.070792 0.076616 0.048369 0.061261 0.078548 0.066375 
0.062170 0.089727 0.062184 0.052487 0.055482 0.066350 0.067457 0.067266 0.074324 0.075462 0.078121 0.049368 0.057277 0.079025 0.063299 
0.061208 0.088214 0.060300 0.056605 0.059658 0.066239 0.065468 0.067264 0.074040 0.069916 0.076797 0.049496 0.063247 0.080044 0.061505 
0.060873 0.087527 0.058555 0.057914 0.058129 0.066210 0.064830 0.066181 0.073485 0.078088 0.076195 0.051497 0.062837 0.079996 0.057683 
0.061796 0.088489 0.060347 0.056981 0.057872 0.066960 0.064876 0.066933 0.073306 0.072835 0.077037 0.050415 0.064597 0.077679 0.059876 
0.060996 0.087320 0.062252 0.054349 0.060162 0.065646 0.064896 0.065125 0.073882 0.072542 0.076014 0.050140 0.060690 0.080605 0.065381 
0.060823 0.087664 0.062013 0.055476 0.059090 0.063992 0.065625 0.065364 0.074138 0.076920 0.076315 0.046424 0.062713 0.078617 0.064824 
0.059557 0.085395 0.058485 0.059777 0.061135 0.064362 0.062006 0.063792 0.070762 0.081881 0.074329 0.052631 0.064285 0.083636 0.057967 
0.061535 0.087045 0.060204 0.052471 0.054929 0.065849 0.065977 0.065874 0.072145 0.084217 0.075773 0.053257 0.057998 0.081641 0.061085 
0.060968 0.086564 0.060839 0.055095 0.059548 0.066184 0.064637 0.065466 0.072242 0.075461 0.075352 0.052927 0.061265 0.081369 0.062086 
0.059660 0.085532 0.061046 0.056964 0.062459 0.062490 0.063606 0.064806 0.071924 0.080130 0.074449 0.048220 0.061341 0.082961 0.064412 
0.061873 0.089315 0.061308 0.054360 0.056414 0.067967 0.066354 0.066948 0.075452 0.071960 0.077760 0.052318 0.058887 0.077223 0.061860 
0.060689 0.087595 0.060780 0.054350 0.057757 0.065899 0.064935 0.065680 0.073560 0.078088 0.076255 0.050830 0.061204 0.079980 0.062398 
0.059097 0.084982 0.059713 0.058461 0.060859 0.063826 0.064257 0.063934 0.070973 0.080421 0.073968 0.050432 0.068069 0.079680 0.061328 
0.060878 0.087251 0.060582 0.052660 0.054488 0.065919 0.063998 0.065217 0.072791 0.084800 0.075954 0.054481 0.059673 0.080500 0.060806 
0.060703 0.086908 0.058152 0.056597 0.056487 0.067336 0.064445 0.065393 0.073006 0.081590 0.075653 0.055836 0.059627 0.081271 0.056997 
0.061459 0.088352 0.060938 0.054730 0.058072 0.065549 0.064863 0.065903 0.073209 0.077213 0.076917 0.050012 0.060118 0.080489 0.062177 
0.060532 0.087045 0.061258 0.054535 0.058486 0.066768 0.065508 0.065366 0.073629 0.074293 0.075773 0.053331 0.061321 0.078489 0.063665 
0.060025 0.086633 0.059184 0.056220 0.058610 0.065082 0.063265 0.064969 0.072758 0.083049 0.075412 0.052841 0.059776 0.082196 0.059981 
0.061757 0.088421 0.060424 0.049666 0.051572 0.067697 0.065392 0.066894 0.075268 0.082466 0.076977 0.056002 0.057131 0.080609 0.059723 
0.060560 0.086701 0.059215 0.055658 0.057282 0.065278 0.063801 0.065011 0.073804 0.081881 0.075472 0.052840 0.062266 0.080568 0.059661 
0.060377 0.087114 0.059340 0.058661 0.059793 0.064917 0.063531 0.065384 0.072148 0.079547 0.075833 0.048818 0.063469 0.081321 0.059746 
0.059388 0.085395 0.058213 0.060340 0.061022 0.064403 0.062345 0.065134 0.071251 0.082173 0.074329 0.052718 0.063794 0.080832 0.058665 
0.060816 0.087802 0.060917 0.056415 0.058075 0.067791 0.064400 0.066416 0.073752 0.074002 0.076435 0.052348 0.062052 0.077315 0.061464 
0.061297 0.087664 0.062093 0.056039 0.057948 0.065389 0.065313 0.065734 0.073729 0.076629 0.076315 0.050900 0.060720 0.077314 0.062915 
0.060351 0.086976 0.060285 0.053596 0.055918 0.064945 0.064812 0.065459 0.072606 0.084216 0.075713 0.052568 0.060475 0.081108 0.060972 
0.060762 0.087664 0.060180 0.057164 0.059214 0.064358 0.065659 0.065750 0.072609 0.077796 0.076315 0.047365 0.063693 0.080385 0.061087 
0.060828 0.087802 0.060819 0.057540 0.059536 0.063906 0.066844 0.065975 0.073263 0.076629 0.076435 0.047037 0.061556 0.080311 0.061520 
0.062698 0.090002 0.061591 0.053426 0.055238 0.066529 0.067261 0.068120 0.074533 0.074003 0.078362 0.049472 0.059120 0.077865 0.061779 
0.059775 0.085945 0.059708 0.062969 0.062612 0.064500 0.064123 0.065603 0.072237 0.074877 0.074810 0.048923 0.066177 0.077553 0.060188 
0.059778 0.086289 0.058880 0.057156 0.058482 0.064324 0.063971 0.064254 0.072470 0.083341 0.075111 0.051856 0.063054 0.081697 0.059338 
0.061976 0.089452 0.059225 0.055299 0.053608 0.066662 0.065005 0.067763 0.075125 0.080715 0.077880 0.050899 0.060700 0.080009 0.055682 
0.061405 0.088283 0.057952 0.058293 0.057164 0.066811 0.064642 0.065949 0.073636 0.079547 0.076857 0.051379 0.061246 0.081676 0.055160 
0.061465 0.087733 0.058617 0.058478 0.057751 0.066952 0.063812 0.067189 0.073187 0.074002 0.076375 0.052676 0.065835 0.078970 0.056957 
0.061621 0.088214 0.060842 0.055104 0.058205 0.065659 0.065028 0.066246 0.073601 0.076045 0.076797 0.049979 0.060433 0.080707 0.061521 
0.061323 0.088145 0.058897 0.058855 0.058112 0.065667 0.065243 0.066656 0.073493 0.076045 0.076736 0.048950 0.064722 0.079498 0.057657 
0.061917 0.089246 0.061938 0.053235 0.054779 0.066201 0.066192 0.066988 0.074434 0.077797 0.077699 0.049313 0.058389 0.079036 0.062836 
0.059574 0.086014 0.059281 0.058280 0.059186 0.065240 0.064879 0.064638 0.072277 0.079838 0.074870 0.053133 0.063526 0.079731 0.059533 
0.060736 0.087664 0.060139 0.055476 0.056993 0.064654 0.066273 0.066434 0.073182 0.079547 0.076315 0.049584 0.062691 0.080857 0.059455 
0.061145 0.088214 0.059955 0.056792 0.058745 0.065972 0.064761 0.066158 0.073047 0.075170 0.076797 0.050891 0.061920 0.080098 0.060335 
0.060273 0.087045 0.059920 0.060162 0.059229 0.065687 0.064274 0.066190 0.073078 0.075169 0.075773 0.051220 0.066284 0.075544 0.060151 
0.062121 0.089521 0.061173 0.052298 0.055288 0.068231 0.066236 0.067844 0.074173 0.072544 0.077940 0.052866 0.059066 0.079454 0.061245 
0.061436 0.088008 0.058867 0.059417 0.058897 0.066456 0.066214 0.066682 0.072899 0.073418 0.076616 0.051190 0.064212 0.077947 0.057740 
0.061495 0.088764 0.060685 0.055670 0.057072 0.066494 0.064835 0.066543 0.073510 0.075754 0.077278 0.050995 0.060985 0.078955 0.060966 
0.058511 0.084157 0.058179 0.065021 0.064879 0.063853 0.063159 0.062855 0.070758 0.077794 0.073245 0.050867 0.069308 0.078585 0.058828 
0.058710 0.084776 0.061671 0.056209 0.060097 0.063665 0.064117 0.064167 0.071815 0.082464 0.073787 0.052027 0.061605 0.079668 0.065220 
0.061150 0.087458 0.057880 0.060352 0.058864 0.066183 0.062886 0.066876 0.073480 0.076920 0.076134 0.052152 0.063983 0.080038 0.055644 
0.058974 0.085120 0.058870 0.058650 0.061536 0.063187 0.062526 0.064296 0.070528 0.085091 0.074088 0.050161 0.063276 0.083012 0.060686 
prostate
0.061469 0.089944 0.059889 0.055181 0.057443 0.064853 0.065452 0.067828 0.073751 0.074854 0.078276 0.049625 0.063226 0.078259 0.059949 
0.060562 0.087914 0.059934 0.054046 0.056125 0.065399 0.063900 0.066319 0.071639 0.084161 0.076500 0.053859 0.059062 0.079313 0.061266 
0.061347 0.090644 0.059994 0.057244 0.057826 0.064986 0.064406 0.066649 0.073769 0.074563 0.078888 0.048966 0.064131 0.076846 0.059739 
0.060144 0.088894 0.059487 0.058545 0.058373 0.064942 0.064802 0.066820 0.072401 0.076308 0.077357 0.050741 0.065621 0.076514 0.059052 
0.060873 0.089944 0.059401 0.053496 0.054966 0.066893 0.065835 0.066141 0.073706 0.077763 0.078276 0.055435 0.060239 0.077948 0.059083 
0.062620 0.091764 0.061709 0.052196 0.055521 0.065681 0.066019 0.067132 0.074731 0.073400 0.079868 0.048787 0.060752 0.077791 0.062029 
0.062392 0.092185 0.058708 0.058376 0.056656 0.067604 0.064831 0.068223 0.074466 0.070783 0.080235 0.051450 0.061286 0.076840 0.055964 
0.061216 0.089944 0.060869 0.054807 0.058665 0.064184 0.066179 0.065896 0.073268 0.076599 0.078276 0.048801 0.058434 0.080166 0.062696 
0.061176 0.088824 0.060138 0.056298 0.058621 0.067075 0.064163 0.067533 0.071876 0.072526 0.077296 0.054853 0.062133 0.076634 0.060854 
0.059482 0.087424 0.057782 0.057600 0.056823 0.063610 0.063667 0.065397 0.070724 0.086779 0.076071 0.053564 0.064144 0.079656 0.057277 
0.059567 0.087774 0.060812 0.057602 0.060893 0.065872 0.063821 0.065624 0.071999 0.073398 0.076377 0.053934 0.062711 0.075533 0.064082 
0.061762 0.090854 0.060695 0.052191 0.054934 0.066931 0.064901 0.067390 0.074477 0.075727 0.079072 0.052077 0.059667 0.078243 0.061079 
0.061146 0.090014 0.059832 0.059487 0.058933 0.064908 0.064455 0.066888 0.072823 0.073981 0.078337 0.048347 0.065069 0.076878 0.058901 
0.059354 0.087564 0.060397 0.057040 0.061819 0.064405 0.064318 0.064600 0.071370 0.076598 0.076194 0.052661 0.060696 0.079773 0.063211 
0.061455 0.090784 0.060856 0.052752 0.055429 0.065292 0.065221 0.067321 0.073448 0.078054 0.079011 0.050400 0.058668 0.080409 0.060898 
0.061083 0.089174 0.062240 0.054428 0.059518 0.064822 0.065550 0.066190 0.072776 0.073108 0.077602 0.049988 0.061012 0.078418 0.064090 
0.060429 0.089174 0.060200 0.055177 0.057116 0.068068 0.064813 0.067160 0.072138 0.072817 0.077602 0.055678 0.061666 0.077179 0.060781 
0.060641 0.089594 0.059638 0.055554 0.057689 0.065549 0.064334 0.065935 0.072437 0.077472 0.077970 0.051393 0.063030 0.078648 0.060116 
0.059349 0.086234 0.058760 0.055534 0.059042 0.064641 0.062131 0.063435 0.071253 0.085324 0.075030 0.057011 0.060225 0.081109 0.060921 
0.060254 0.087634 0.061868 0.059286 0.063116 0.065238 0.065133 0.064750 0.070973 0.069326 0.076255 0.050622 0.066187 0.074142 0.065215 
0.057689 0.085254 0.060413 0.058524 0.063388 0.061400 0.062741 0.063874 0.069576 0.083869 0.074173 0.049608 0.064293 0.081337 0.063862 
0.060330 0.088824 0.059601 0.062663 0.062136 0.063899 0.063390 0.065062 0.072857 0.071945 0.077296 0.048214 0.068775 0.075551 0.059457 
0.060553 0.089454 0.059462 0.053306 0.055886 0.065800 0.064693 0.065796 0.072336 0.082126 0.077847 0.054499 0.058040 0.080363 0.059837 
0.060958 0.088614 0.058023 0.062100 0.061232 0.064338 0.063252 0.065393 0.071665 0.075144 0.077112 0.048640 0.067252 0.079076 0.057200 
0.061031 0.090154 0.059729 0.056306 0.057299 0.063941 0.065057 0.067070 0.073501 0.080090 0.078460 0.048885 0.060262 0.080412 0.057804 
0.060275 0.088614 0.059800 0.059479 0.059666 0.065087 0.064626 0.067650 0.072667 0.073690 0.077112 0.051096 0.064443 0.075141 0.060653 
0.059793 0.087984 0.059879 0.052549 0.056897 0.064354 0.063908 0.064877 0.072199 0.084743 0.076561 0.053029 0.059726 0.081657 0.061843 
0.060043 0.088404 0.059937 0.060227 0.059059 0.063156 0.063724 0.064861 0.072086 0.079507 0.076929 0.049447 0.066576 0.076870 0.059174 
0.062613 0.091764 0.058664 0.055004 0.054516 0.067771 0.064901 0.069325 0.075124 0.073400 0.079868 0.051847 0.060734 0.079060 0.055408 
0.059610 0.087634 0.060858 0.059848 0.062330 0.064538 0.065289 0.064176 0.071901 0.071944 0.076255 0.051085 0.065190 0.075454 0.063887 
0.061250 0.089384 0.061651 0.055365 0.058066 0.064325 0.064969 0.066558 0.072398 0.076017 0.077786 0.049552 0.062856 0.077243 0.062581 
0.060264 0.089034 0.060505 0.055176 0.058435 0.063254 0.064563 0.066390 0.072017 0.080962 0.077480 0.048975 0.060667 0.080002 0.062276 
0.062250 0.090644 0.060138 0.056870 0.058055 0.064049 0.065797 0.067358 0.073813 0.075727 0.078888 0.047283 0.061313 0.078240 0.059574 
0.060820 0.087914 0.060923 0.055170 0.059242 0.062519 0.064943 0.065763 0.071160 0.080670 0.076500 0.048707 0.062055 0.079627 0.063987 
0.060457 0.089314 0.059841 0.054803 0.057673 0.064807 0.065151 0.066247 0.072757 0.079217 0.077725 0.051544 0.060351 0.079896 0.060215 
0.059063 0.086794 0.058610 0.058720 0.061256 0.063383 0.062360 0.063586 0.070224 0.080961 0.075520 0.052360 0.065089 0.081682 0.060391 
0.059868 0.088404 0.059208 0.051990 0.055776 0.065387 0.063183 0.064599 0.072990 0.083289 0.076929 0.055370 0.060254 0.082457 0.060297 
0.060530 0.089104 0.061315 0.053679 0.055697 0.066857 0.064510 0.066390 0.073204 0.078344 0.077541 0.056500 0.058346 0.076839 0.061143 
0.061008 0.090084 0.062280 0.053684 0.058737 0.063558 0.065683 0.066378 0.072909 0.075145 0.078398 0.045656 0.061930 0.079858 0.064691 
0.061741 0.090504 0.060125 0.058367 0.058527 0.065091 0.064416 0.066992 0.073156 0.072818 0.078766 0.049245 0.064620 0.075643 0.059989 
0.061637 0.091064 0.062988 0.055000 0.059728 0.065063 0.067071 0.067003 0.073651 0.069619 0.079256 0.047175 0.058723 0.076033 0.065988 
0.059669 0.088124 0.061100 0.054048 0.058906 0.065040 0.063851 0.064489 0.071830 0.079216 0.076684 0.053736 0.060082 0.079539 0.063684 
0.061213 0.090084 0.059065 0.057054 0.057167 0.064585 0.064424 0.066111 0.072917 0.078344 0.078398 0.050038 0.063898 0.079734 0.056966 
0.060718 0.089104 0.061437 0.057610 0.059357 0.064558 0.066405 0.065411 0.072607 0.074563 0.077541 0.050081 0.062342 0.075187 0.063079 
0.059398 0.087774 0.059990 0.057602 0.059572 0.062921 0.063575 0.064105 0.070995 0.082706 0.076377 0.050670 0.062205 0.081147 0.060962 
0.060752 0.089034 0.059572 0.056861 0.058932 0.065354 0.063412 0.066075 0.072513 0.074563 0.077480 0.051772 0.065628 0.078243 0.059810 
0.061461 0.090574 0.060559 0.051254 0.054263 0.065742 0.065546 0.067345 0.073783 0.079217 0.078827 0.052084 0.058309 0.080376 0.060660 
0.060227 0.088474 0.060395 0.055922 0.058670 0.066896 0.063794 0.066224 0.073036 0.073981 0.076990 0.054564 0.061774 0.076767 0.062287 
0.061152 0.090364 0.060932 0.055932 0.057975 0.066262 0.065589 0.067491 0.074086 0.071073 0.078643 0.050911 0.062449 0.075811 0.061329 
0.059838 0.088404 0.058355 0.054798 0.057377 0.065586 0.062745 0.065026 0.073962 0.080962 0.076929 0.054996 0.061746 0.080624 0.058653 
0.059122 0.086724 0.059235 0.066020 0.065626 0.063551 0.063455 0.065020 0.073176 0.068744 0.075459 0.048939 0.071070 0.073609 0.060249 
0.059789 0.088334 0.057785 0.056295 0.057589 0.064554 0.063923 0.065879 0.072407 0.082707 0.076867 0.052120 0.063065 0.081316 0.057369 
0.060395 0.089244 0.060111 0.055739 0.058160 0.066277 0.064756 0.065729 0.072691 0.074563 0.077663 0.053505 0.061177 0.079344 0.060646 
0.061805 0.090994 0.060223 0.057808 0.057519 0.066188 0.067183 0.067447 0.076047 0.068746 0.079194 0.049276 0.063173 0.074799 0.059598 
0.059975 0.088614 0.059105 0.056671 0.058535 0.063337 0.064692 0.066533 0.072153 0.081253 0.077112 0.049677 0.062442 0.080177 0.059724 
0.061492 0.090504 0.060001 0.057056 0.058086 0.065368 0.064730 0.066760 0.073716 0.073400 0.078766 0.049607 0.063451 0.077768 0.059295 
0.062281 0.091274 0.061438 0.051070 0.054491 0.066706 0.066690 0.067673 0.073835 0.073109 0.079439 0.051340 0.060203 0.078688 0.061763 
0.061628 0.090994 0.061469 0.054251 0.058902 0.065022 0.065294 0.066486 0.073571 0.070200 0.079194 0.047343 0.063503 0.078813 0.063328 
0.063013 0.092255 0.061077 0.053510 0.054384 0.066352 0.065455 0.068133 0.075116 0.072819 0.080297 0.049863 0.060960 0.077125 0.059642 
0.062607 0.092465 0.061622 0.052762 0.054372 0.067380 0.067407 0.067543 0.075236 0.069329 0.080480 0.050368 0.061318 0.075588 0.061525 
0.061298 0.090224 0.060344 0.054434 0.056809 0.065858 0.065471 0.066901 0.074952 0.072527 0.078521 0.051152 0.062594 0.078019 0.060897 
0.060451 0.089314 0.058880 0.056675 0.057910 0.065524 0.063669 0.065337 0.072237 0.078053 0.077725 0.051867 0.063495 0.080725 0.058137 
0.059866 0.088474 0.060716 0.058917 0.062172 0.065324 0.064449 0.065057 0.072042 0.071654 0.076990 0.050450 0.064437 0.076145 0.063308 
0.059635 0.088124 0.060671 0.052924 0.056157 0.065440 0.064124 0.065368 0.071332 0.082707 0.076684 0.055486 0.060572 0.078544 0.062230 
0.061411 0.090714 0.060449 0.060053 0.060749 0.065920 0.065159 0.066754 0.073812 0.067582 0.078949 0.048875 0.063654 0.075117 0.060800 
0.059247 0.087564 0.059829 0.057040 0.058710 0.064238 0.063485 0.064500 0.070865 0.081543 0.076194 0.053340 0.064667 0.077888 0.060891 
0.059247 0.087214 0.059125 0.059846 0.061154 0.062911 0.063724 0.064743 0.071057 0.080961 0.075888 0.050726 0.064144 0.078745 0.060515 
0.060988 0.089244 0.059004 0.054054 0.056045 0.065192 0.064258 0.067003 0.072718 0.081835 0.077663 0.053357 0.059175 0.081133 0.058332 
0.061645 0.091064 0.060976 0.051818 0.054872 0.065429 0.066558 0.066969 0.073635 0.077181 0.079256 0.050176 0.059855 0.078955 0.061609 
0.060675 0.089524 0.060153 0.058174 0.059667 0.063783 0.065102 0.065918 0.073381 0.074272 0.077908 0.047679 0.065852 0.076697 0.061215 
0.060620 0.089524 0.060589 0.054992 0.057744 0.065321 0.064616 0.065511 0.072437 0.078053 0.077908 0.052240 0.060047 0.079042 0.061357 
0.062092 0.090504 0.060822 0.052751 0.055685 0.065469 0.064622 0.067662 0.073706 0.077472 0.078766 0.050857 0.058640 0.080028 0.060925 
0.060595 0.089524 0.060377 0.057425 0.059906 0.064134 0.065001 0.065944 0.072429 0.076599 0.077908 0.048054 0.062206 0.078776 0.061121 
0.060140 0.087844 0.059416 0.054982 0.058143 0.063853 0.063975 0.065355 0.071106 0.084161 0.076439 0.052829 0.059382 0.081636 0.060740 
0.062665 0.091834 0.061395 0.052197 0.055703 0.066826 0.066559 0.067076 0.074740 0.071655 0.079929 0.050643 0.058275 0.078375 0.062127 
0.060540 0.089454 0.060577 0.056676 0.059597 0.066172 0.065391 0.066935 0.072399 0.071654 0.077847 0.050946 0.062029 0.078772 0.061010 
0.060082 0.088054 0.059323 0.056668 0.058536 0.065327 0.063592 0.064305 0.071207 0.080089 0.076622 0.053652 0.063882 0.078255 0.060405 
0.058296 0.086164 0.060265 0.058155 0.061898 0.063776 0.062504 0.064937 0.070781 0.078924 0.074969 0.052995 0.064540 0.079119 0.062677 
0.059676 0.087844 0.059256 0.059100 0.060553 0.063252 0.065022 0.065613 0.072551 0.078634 0.076439 0.049772 0.064035 0.077862 0.060391 
0.059405 0.087634 0.060918 0.061533 0.064441 0.063624 0.064779 0.064591 0.071380 0.071362 0.076255 0.047847 0.065694 0.076146 0.064391 
0.061679 0.089664 0.061692 0.053120 0.057582 0.065296 0.065892 0.065937 0.074513 0.074854 0.078031 0.050940 0.059403 0.077154 0.064242 
0.061034 0.090084 0.060082 0.053684 0.055912 0.065289 0.064900 0.067000 0.073412 0.079217 0.078398 0.050646 0.059921 0.081152 0.059267 
0.060007 0.088684 0.061148 0.056297 0.060710 0.067077 0.064745 0.065661 0.073206 0.069327 0.077174 0.053169 0.063126 0.075536 0.064131 
0.061397 0.090364 0.060424 0.055745 0.057979 0.066222 0.064571 0.067052 0.073079 0.073400 0.078643 0.051625 0.061287 0.077188 0.061023 
0.059675 0.087844 0.059680 0.059288 0.060769 0.063029 0.064738 0.065205 0.071067 0.078925 0.076439 0.048500 0.065696 0.078002 0.061143 
0.059661 0.087494 0.060486 0.060222 0.062099 0.063756 0.064064 0.066852 0.071309 0.074271 0.076133 0.048717 0.066500 0.075566 0.062870 
0.061107 0.088824 0.061729 0.053677 0.058552 0.065649 0.065343 0.066226 0.073335 0.074272 0.077296 0.051309 0.061309 0.077254 0.064117 
0.059156 0.087424 0.061350 0.056290 0.059980 0.063522 0.064202 0.064402 0.071282 0.082125 0.076071 0.052136 0.059034 0.078774 0.064251 
0.059663 0.088054 0.060616 0.061348 0.063750 0.064774 0.065275 0.065284 0.071209 0.070490 0.076622 0.049346 0.064570 0.075554 0.063444 
0.060156 0.088894 0.059145 0.054801 0.055917 0.066163 0.064316 0.064919 0.072374 0.080962 0.077357 0.055753 0.060806 0.079244 0.059192 
0.062009 0.090994 0.058730 0.057059 0.056180 0.066427 0.063727 0.066676 0.075054 0.073982 0.079194 0.051563 0.063486 0.078691 0.056227 
0.058865 0.087004 0.059765 0.060406 0.062235 0.063513 0.062566 0.065096 0.071437 0.077470 0.075704 0.049962 0.067106 0.078006 0.060865 
