-3015593.018638
0
0.000070 0.000001 0.000001 0.000001 0.000001 0.000001 0.000001 0.000001 0.000001 0.000001 0.000575 0.000001 0.000024 0.000001 0.000001 0.000001 0.000001 0.000047 0.000322 0.000001 0.001670 0.000001 0.000001 0.000265 0.000001 0.000001 0.000001 0.000001 0.000001 0.000001 0.000001 0.000001 0.000001 0.000012 0.006502 0.000012 0.000001 0.000001 0.000001 0.000001 0.000058 0.000001 0.000001 0.000001 0.000097 0.000001 0.000001 0.000001 0.000035 0.000001 0.000001 0.000001 0.000001 0.000001 0.000001 0.000001 0.000001 0.000270 0.952910 0.033488 0.000001 0.000001 0.000001 0.000001 0.000012 0.000001 0.000001 0.000001 0.000001 0.000001 0.000001 0.000070 0.000001 0.000001 0.000001 0.001058 0.000001 0.000001 0.000001 0.000001 0.000001 0.000001 0.000001 0.000001 0.000001 0.000001 0.000035 0.000024 0.000001 0.000001 0.000001 0.000326 0.002071 0.000001 0.000001 0.000001 
0.000001 0.000001 0.000001 0.000001 0.000001 0.000001 0.000001 0.000001 0.000001 0.000001 0.000002 0.000001 0.000001 0.000001 0.000001 0.000001 0.000001 0.000001 0.000001 0.000001 0.000001 0.000001 0.000001 0.000001 0.000001 0.000001 0.000001 0.000001 0.000001 0.000001 0.000001 0.000001 0.000001 0.000001 0.000002 0.000001 0.000001 0.000001 0.000001 0.000001 0.000001 0.000001 0.000001 0.000001 0.000001 0.000001 0.000001 0.000001 0.000001 0.000001 0.000001 0.000001 0.000001 0.000001 0.000001 0.000001 0.000001 0.000002 0.999931 0.000001 0.000001 0.000001 0.000001 0.000001 0.000001 0.000001 0.000001 0.000001 0.000001 0.000001 0.000001 0.000001 0.000001 0.000001 0.000001 0.000001 0.000001 0.000001 0.000001 0.000001 0.000001 0.000001 0.000001 0.000001 0.000001 0.000001 0.000001 0.000001 0.000001 0.000001 0.000001 0.000001 0.000001 0.000001 0.000001 0.000001 
0.000001 0.000001 0.000001 0.000001 0.000001 0.000001 0.000001 0.000001 0.000287 0.000001 0.000018 0.000001 0.000001 0.000001 0.000001 0.000001 0.000001 0.000001 0.000001 0.000001 0.000001 0.000001 0.000001 0.000001 0.000001 0.000001 0.000001 0.000001 0.000001 0.000001 0.000001 0.000001 0.000001 0.000001 0.000277 0.000001 0.000001 0.000001 0.000001 0.000001 0.000001 0.000035 0.000001 0.000001 0.000001 0.000001 0.000001 0.000001 0.000001 0.000023 0.000001 0.000001 0.000001 0.000001 0.000001 0.000001 0.000001 0.025205 0.973927 0.000001 0.000001 0.000001 0.000001 0.000001 0.000001 0.000001 0.000001 0.000001 0.000001 0.000001 0.000001 0.000001 0.000171 0.000001 0.000001 0.000001 0.000001 0.000001 0.000001 0.000001 0.000001 0.000001 0.000001 0.000001 0.000001 0.000001 0.000001 0.000001 0.000001 0.000001 0.000001 0.000001 0.000001 0.000001 0.000001 0.000001 
0.000001 0.000001 0.000001 0.000001 0.000001 0.000001 0.000001 0.000001 0.000001 0.000001 0.999833 0.000001 0.000001 0.000001 0.000001 0.000001 0.000001 0.000001 0.000001 0.000001 0.000001 0.000001 0.000001 0.000001 0.000001 0.000001 0.000001 0.000001 0.000001 0.000001 0.000001 0.000001 0.000001 0.000001 0.000002 0.000001 0.000001 0.000001 0.000001 0.000001 0.000001 0.000001 0.000001 0.000001 0.000001 0.000001 0.000001 0.000001 0.000001 0.000001 0.000001 0.000001 0.000001 0.000001 0.000001 0.000001 0.000001 0.000002 0.000088 0.000001 0.000001 0.000001 0.000001 0.000001 0.000001 0.000001 0.000001 0.000001 0.000001 0.000001 0.000001 0.000001 0.000001 0.000001 0.000001 0.000001 0.000001 0.000001 0.000001 0.000001 0.000001 0.000001 0.000001 0.000001 0.000001 0.000001 0.000001 0.000001 0.000001 0.000001 0.000001 0.000001 0.000001 0.000001 0.000001 0.000001 
0.000001 0.000001 0.000001 0.000001 0.000001 0.000001 0.000001 0.000001 0.000001 0.000001 0.639105 0.000001 0.000001 0.000001 0.000001 0.000001 0.000001 0.000001 0.000001 0.000001 0.000001 0.000001 0.000001 0.000001 0.000001 0.000001 0.000001 0.130205 0.000001 0.000001 0.000001 0.000001 0.000001 0.000001 0.000002 0.000001 0.000001 0.000001 0.000001 0.000001 0.000001 0.000001 0.000001 0.000001 0.000001 0.000001 0.000001 0.000001 0.000001 0.000001 0.000001 0.000001 0.000001 0.000001 0.000001 0.000001 0.000001 0.230544 0.000071 0.000001 0.000001 0.000001 0.000001 0.000001 0.000001 0.000001 0.000001 0.000001 0.000001 0.000001 0.000001 0.000001 0.000001 0.000001 0.000001 0.000001 0.000001 0.000001 0.000001 0.000001 0.000001 0.000001 0.000001 0.000001 0.000001 0.000001 0.000001 0.000001 0.000001 0.000001 0.000001 0.000001 0.000001 0.000001 0.000001 0.000001 
0.000001 0.000001 0.000001 0.000014 0.000001 0.000001 0.000001 0.000001 0.000001 0.000001 0.027865 0.000001 0.000001 0.000001 0.000001 0.000001 0.000001 0.000001 0.000001 0.000629 0.000001 0.000001 0.000001 0.000001 0.000001 0.000001 0.000001 0.000001 0.000001 0.000001 0.000001 0.000001 0.000001 0.000001 0.329386 0.000001 0.000001 0.000001 0.000001 0.000001 0.000001 0.000001 0.000962 0.000001 0.000001 0.000001 0.000001 0.000001 0.000001 0.000001 0.000001 0.000001 0.000001 0.000001 0.000001 0.000001 0.226674 0.001182 0.408201 0.000001 0.000001 0.000001 0.000001 0.000001 0.000001 0.000001 0.000001 0.000001 0.000001 0.000001 0.000001 0.000001 0.000001 0.000001 0.000001 0.000001 0.000001 0.000001 0.000001 0.000001 0.000001 0.000001 0.005024 0.000001 0.000001 0.000001 0.000001 0.000001 0.000001 0.000001 0.000001 0.000001 0.000001 0.000001 0.000001 0.000001 
0.000001 0.000001 0.000001 0.000001 0.000001 0.000001 0.000001 0.000001 0.000001 0.000001 0.000821 0.000001 0.000001 0.000001 0.000001 0.000207 0.000001 0.000001 0.000001 0.000001 0.000001 0.000001 0.000001 0.000001 0.000001 0.000001 0.000001 0.000001 0.000001 0.000001 0.000001 0.000001 0.000001 0.000001 0.009298 0.000001 0.000001 0.000001 0.000001 0.000001 0.000001 0.000001 0.000001 0.000001 0.000001 0.000001 0.000042 0.008082 0.000001 0.000001 0.000001 0.000001 0.000001 0.000001 0.000001 0.000001 0.000001 0.332649 0.647212 0.000001 0.000001 0.000001 0.000001 0.000001 0.000001 0.000001 0.000001 0.000028 0.000001 0.000001 0.000001 0.000001 0.000001 0.000001 0.000001 0.000001 0.000001 0.000001 0.000001 0.000001 0.000001 0.000001 0.000001 0.000001 0.000289 0.000001 0.000001 0.000001 0.000097 0.000015 0.000001 0.000164 0.001031 0.000001 0.000001 0.000001 
0.000001 0.000001 0.000001 0.000001 0.000001 0.000001 0.000001 0.000001 0.002407 0.000024 0.000750 0.000001 0.000001 0.000001 0.000001 0.000001 0.000666 0.000001 0.000001 0.000001 0.000169 0.000012 0.000001 0.000001 0.000001 0.000322 0.000001 0.000001 0.000001 0.000001 0.000001 0.000001 0.000001 0.000001 0.008472 0.000001 0.000001 0.000001 0.000001 0.000001 0.000001 0.000001 0.000001 0.000872 0.000100 0.000001 0.000001 0.000001 0.000001 0.000001 0.000001 0.000001 0.000001 0.000001 0.000001 0.000001 0.000001 0.000358 0.976417 0.000221 0.000001 0.000001 0.000001 0.000001 0.000001 0.000001 0.000001 0.000001 0.000001 0.000001 0.000001 0.000001 0.000001 0.000001 0.000001 0.000001 0.000001 0.000001 0.000001 0.000001 0.000001 0.000001 0.000001 0.000001 0.000001 0.000001 0.000001 0.000001 0.000001 0.000001 0.000001 0.000423 0.002348 0.000001 0.000001 0.006388 
0.000001 0.000013 0.000001 0.000001 0.000001 0.000001 0.000001 0.000001 0.000001 0.000001 0.000002 0.000024 0.000001 0.000001 0.000001 0.000001 0.000001 0.000001 0.000001 0.000001 0.000001 0.000001 0.000001 0.000001 0.000001 0.000001 0.000001 0.000001 0.000001 0.000001 0.000001 0.000001 0.000001 0.000001 0.000002 0.000001 0.000001 0.000001 0.000001 0.000001 0.000001 0.000001 0.000001 0.000001 0.000001 0.000001 0.000001 0.000001 0.000001 0.000001 0.000001 0.000001 0.000001 0.000001 0.000001 0.000001 0.000001 0.000002 0.999072 0.000655 0.000001 0.000001 0.000001 0.000001 0.000001 0.000001 0.000001 0.000001 0.000001 0.000001 0.000001 0.000001 0.000001 0.000001 0.000001 0.000001 0.000001 0.000001 0.000001 0.000001 0.000001 0.000001 0.000001 0.000001 0.000001 0.000001 0.000001 0.000001 0.000001 0.000001 0.000001 0.000001 0.000170 0.000001 0.000001 0.000001 
0.000001 0.000001 0.000001 0.000001 0.000001 0.000001 0.000001 0.000001 0.000001 0.000001 0.000002 0.000001 0.000001 0.000001 0.000001 0.000001 0.000001 0.000001 0.000001 0.000001 0.000001 0.000001 0.000001 0.000001 0.000001 0.000001 0.000001 0.000001 0.000001 0.000001 0.000001 0.000001 0.000001 0.000001 0.999891 0.000001 0.000001 0.000001 0.000001 0.000001 0.000001 0.000001 0.000001 0.000001 0.000001 0.000001 0.000001 0.000001 0.000001 0.000001 0.000001 0.000001 0.000001 0.000001 0.000001 0.000001 0.000001 0.000002 0.000035 0.000001 0.000001 0.000001 0.000001 0.000001 0.000001 0.000001 0.000001 0.000001 0.000001 0.000001 0.000001 0.000001 0.000001 0.000001 0.000001 0.000001 0.000001 0.000001 0.000001 0.000001 0.000001 0.000001 0.000001 0.000001 0.000001 0.000001 0.000001 0.000001 0.000001 0.000001 0.000001 0.000001 0.000001 0.000001 0.000001 0.000001 
0.104013 0.099771 0.099845 0.105726 0.101004 0.098906 0.096294 0.096659 0.098168 0.099614 
0.134710 0.069973 0.123976 0.092305 0.092762 0.097758 0.095797 0.114753 0.108836 0.069132 
0.103130 0.101958 0.098765 0.095393 0.105631 0.101135 0.094940 0.096993 0.101513 0.100541 
0.113360 0.115123 0.087195 0.081367 0.101615 0.085234 0.096604 0.107220 0.112153 0.100128 
breast
0.104931 0.101965 0.107183 0.095671 0.095680 0.100321 0.091848 0.104583 0.101877 0.095941 
0.109707 0.106167 0.111095 0.089723 0.088254 0.097105 0.090250 0.110429 0.106089 0.091180 
0.108998 0.105243 0.110310 0.089128 0.092520 0.097867 0.089998 0.109194 0.105195 0.091546 
0.103971 0.101377 0.106566 0.088236 0.088792 0.102944 0.089807 0.106069 0.101280 0.110959 
0.112246 0.107764 0.112461 0.084073 0.084557 0.095887 0.087450 0.111170 0.107717 0.096674 
0.107498 0.105747 0.110872 0.090615 0.092368 0.097743 0.091803 0.110179 0.105656 0.087517 
0.108139 0.104991 0.110359 0.086154 0.090789 0.097819 0.097039 0.107898 0.104899 0.091912 
0.110581 0.106083 0.110703 0.087939 0.091287 0.098625 0.085360 0.110382 0.106029 0.093011 
0.107880 0.106672 0.111555 0.087939 0.091596 0.094363 0.089392 0.111043 0.106550 0.093011 
0.113593 0.106840 0.111597 0.089426 0.084101 0.097850 0.090556 0.109513 0.106810 0.089715 
0.109819 0.106588 0.111855 0.090021 0.089062 0.098684 0.093000 0.110960 0.106523 0.083488 
0.108921 0.105747 0.110641 0.094184 0.092832 0.093462 0.089140 0.108606 0.105654 0.090814 
0.110758 0.103562 0.108295 0.094481 0.094676 0.096501 0.086717 0.108041 0.103591 0.093377 
0.105830 0.102974 0.108085 0.084667 0.094322 0.104474 0.091057 0.107923 0.102896 0.097773 
0.108677 0.106083 0.111088 0.081991 0.090822 0.098074 0.091584 0.109362 0.106011 0.096308 
0.111221 0.105495 0.110594 0.083181 0.083367 0.100881 0.090980 0.109594 0.105451 0.099238 
0.110013 0.105495 0.110666 0.088831 0.088984 0.096960 0.093237 0.108821 0.105445 0.091546 
0.110384 0.105579 0.110213 0.096266 0.094755 0.094960 0.085800 0.108631 0.105529 0.087883 
0.107778 0.105831 0.110856 0.090318 0.090292 0.091607 0.090235 0.108476 0.105734 0.098872 
0.114549 0.108773 0.113819 0.082883 0.087902 0.090400 0.091176 0.113510 0.108739 0.088250 
0.107890 0.106167 0.111276 0.084073 0.087442 0.099925 0.091089 0.110508 0.106055 0.095575 
0.110233 0.106083 0.111011 0.091210 0.090215 0.091989 0.089072 0.110425 0.106017 0.093744 
0.107302 0.104655 0.109530 0.097455 0.092950 0.095404 0.088905 0.110578 0.104605 0.088616 
0.110443 0.106840 0.112164 0.089723 0.088255 0.095013 0.093076 0.110572 0.106764 0.087151 
0.107905 0.105243 0.110311 0.091210 0.093983 0.098185 0.089682 0.109009 0.105123 0.089348 
0.109785 0.107512 0.112254 0.091508 0.089254 0.096677 0.088206 0.110622 0.107398 0.086785 
0.105395 0.102133 0.106999 0.097158 0.096063 0.097401 0.086925 0.105544 0.102045 0.100337 
0.107867 0.106167 0.110812 0.096266 0.092756 0.092047 0.087086 0.109032 0.106055 0.091912 
0.111190 0.105075 0.109958 0.091508 0.090100 0.094996 0.089271 0.110952 0.105038 0.091912 
0.106363 0.104486 0.109596 0.080801 0.083903 0.099893 0.091123 0.108509 0.104367 0.110959 
0.111529 0.105831 0.110882 0.087047 0.088482 0.096773 0.091551 0.109806 0.105820 0.092279 
0.105921 0.103646 0.109103 0.085560 0.099514 0.095777 0.092767 0.107868 0.103537 0.096308 
0.113397 0.108773 0.113894 0.079315 0.086054 0.094289 0.093005 0.112841 0.108718 0.089715 
0.108229 0.103814 0.109139 0.085857 0.088406 0.100092 0.093740 0.108452 0.103766 0.098505 
0.107914 0.104823 0.109733 0.088236 0.088905 0.100400 0.087499 0.109623 0.104727 0.098139 
0.109824 0.103814 0.108908 0.095374 0.095333 0.091140 0.090274 0.106691 0.103800 0.094843 
0.108820 0.105915 0.110583 0.089723 0.088214 0.097107 0.086348 0.110047 0.105837 0.097407 
0.106610 0.104907 0.109328 0.092995 0.087601 0.103687 0.083262 0.109769 0.104802 0.097040 
0.107975 0.106252 0.110542 0.088831 0.082753 0.101427 0.084286 0.110736 0.106130 0.101069 
0.107865 0.104402 0.109946 0.083775 0.093824 0.096514 0.094406 0.108598 0.104362 0.096308 
0.107242 0.105831 0.110831 0.092400 0.093561 0.091938 0.089838 0.110355 0.105725 0.092279 
0.109529 0.105159 0.110069 0.090913 0.091906 0.096753 0.088697 0.107763 0.105100 0.094110 
0.109351 0.106504 0.111537 0.087047 0.089674 0.096034 0.091037 0.111579 0.106424 0.090814 
0.108255 0.105915 0.110763 0.087344 0.089520 0.091407 0.089500 0.110012 0.105848 0.101436 
0.107002 0.104991 0.110211 0.087344 0.089137 0.100582 0.091089 0.109154 0.104916 0.095575 
0.109582 0.106252 0.111027 0.091210 0.091060 0.095682 0.087529 0.111763 0.106182 0.089715 
0.110955 0.106420 0.111196 0.090318 0.087869 0.097086 0.088284 0.109228 0.106365 0.092279 
0.105757 0.103898 0.108815 0.089128 0.090444 0.101834 0.090956 0.107936 0.103825 0.097407 
0.110214 0.107344 0.111857 0.088831 0.082408 0.100742 0.085602 0.110904 0.107254 0.094843 
0.107928 0.105243 0.109979 0.095374 0.096676 0.094425 0.086048 0.109472 0.105141 0.089715 
0.109658 0.104402 0.108891 0.097158 0.092372 0.095389 0.084962 0.107941 0.104384 0.094843 
0.107442 0.105243 0.110283 0.090913 0.090370 0.096410 0.090581 0.107685 0.105132 0.095941 
0.110200 0.105747 0.111305 0.086154 0.092136 0.094629 0.097541 0.109083 0.105687 0.087517 
0.109039 0.107849 0.113032 0.083181 0.085635 0.095298 0.094129 0.110735 0.107725 0.093378 
0.110487 0.105999 0.110895 0.089723 0.093942 0.096433 0.089896 0.110251 0.105954 0.086418 
0.108228 0.105159 0.109712 0.091805 0.089791 0.098131 0.086378 0.109035 0.105087 0.096674 
0.111439 0.106336 0.111189 0.090318 0.089061 0.096813 0.088339 0.110146 0.106278 0.090081 
0.109143 0.104907 0.110352 0.086154 0.095479 0.097046 0.093992 0.108343 0.104869 0.089715 
0.110572 0.105327 0.110701 0.087939 0.091445 0.090620 0.094497 0.108382 0.105307 0.095209 
0.105118 0.102553 0.107696 0.094779 0.095791 0.100347 0.084147 0.105678 0.102455 0.101436 
0.108325 0.104571 0.109577 0.083180 0.084673 0.101263 0.091492 0.108083 0.104470 0.104366 
0.107879 0.103982 0.109554 0.087344 0.094556 0.100454 0.090429 0.108509 0.103916 0.093377 
0.105163 0.102721 0.108083 0.090318 0.099288 0.092567 0.092718 0.107260 0.102644 0.099238 
0.109080 0.107344 0.112365 0.086155 0.086905 0.099203 0.091868 0.110831 0.107266 0.088982 
0.109320 0.105243 0.110335 0.086154 0.090173 0.097014 0.091302 0.108587 0.105199 0.096674 
0.109882 0.102049 0.107144 0.092697 0.094407 0.095996 0.090466 0.105696 0.102059 0.099604 
0.109776 0.104823 0.110282 0.083478 0.083482 0.101613 0.089160 0.107524 0.104764 0.105098 
0.106203 0.104402 0.108919 0.089723 0.086753 0.104762 0.085789 0.108084 0.104295 0.101069 
0.108832 0.106167 0.111197 0.086749 0.090980 0.095508 0.090312 0.108614 0.106064 0.095575 
0.109269 0.104571 0.109829 0.086452 0.091212 0.100663 0.093423 0.108126 0.104542 0.091912 
0.105285 0.104066 0.108885 0.089128 0.091674 0.099252 0.087401 0.107439 0.103969 0.102901 
0.110723 0.106252 0.111133 0.078720 0.079248 0.104510 0.089986 0.111024 0.106236 0.102168 
0.109159 0.104150 0.108970 0.088236 0.088598 0.099261 0.088092 0.107960 0.104138 0.101436 
0.107099 0.104655 0.109456 0.092995 0.092484 0.095109 0.087333 0.107811 0.104554 0.098505 
0.104545 0.102553 0.107271 0.095671 0.094332 0.099005 0.085631 0.106739 0.102452 0.101802 
0.108556 0.105495 0.110566 0.089426 0.089215 0.099970 0.090060 0.109733 0.105432 0.091546 
0.108397 0.105327 0.110655 0.088831 0.088370 0.096014 0.093235 0.109084 0.105246 0.094843 
0.108941 0.104486 0.109494 0.084965 0.086443 0.098785 0.089966 0.108125 0.104429 0.104366 
0.109205 0.105327 0.110266 0.090615 0.091906 0.092055 0.090587 0.108477 0.105253 0.096308 
0.106930 0.105495 0.110541 0.091210 0.092176 0.092143 0.092230 0.109041 0.105390 0.094843 
0.110829 0.108185 0.113194 0.084668 0.084751 0.094345 0.092842 0.111562 0.108079 0.091546 
0.106016 0.103226 0.108209 0.099835 0.095067 0.094302 0.089325 0.108236 0.103138 0.092645 
0.107312 0.103646 0.108432 0.090615 0.090445 0.098262 0.087890 0.106536 0.103595 0.103267 
0.110106 0.107512 0.111955 0.087642 0.081176 0.097500 0.084420 0.112282 0.107437 0.099971 
0.107008 0.106083 0.110372 0.092400 0.088176 0.099104 0.083192 0.109201 0.105959 0.098505 
0.111866 0.105411 0.109917 0.092697 0.088600 0.100015 0.084352 0.110225 0.105370 0.091546 
0.108892 0.105999 0.111002 0.087344 0.091288 0.095964 0.089944 0.109545 0.105912 0.094110 
0.109921 0.105915 0.110480 0.093292 0.088755 0.095098 0.086777 0.109805 0.105846 0.094110 
0.109660 0.107260 0.112435 0.084370 0.082907 0.096601 0.092907 0.110390 0.107161 0.096308 
0.106464 0.103310 0.108194 0.092400 0.090985 0.100204 0.089223 0.107099 0.103250 0.098872 
0.109711 0.105327 0.110195 0.087939 0.088328 0.095207 0.089645 0.109866 0.105277 0.098505 
0.108378 0.105999 0.110821 0.090021 0.091559 0.096169 0.089034 0.109112 0.105897 0.093011 
0.108637 0.104571 0.109522 0.095374 0.088682 0.097297 0.089501 0.108878 0.104527 0.093011 
0.111209 0.107596 0.112521 0.082883 0.086633 0.100439 0.090095 0.111399 0.107510 0.089715 
0.108838 0.105747 0.110308 0.094184 0.090332 0.097446 0.087498 0.109189 0.105645 0.090814 
0.108861 0.106672 0.111606 0.088236 0.087676 0.097620 0.089459 0.109559 0.106568 0.093744 
0.104675 0.101040 0.105862 0.103106 0.099720 0.096806 0.087160 0.104339 0.100984 0.096308 
0.105196 0.101797 0.107400 0.089128 0.092446 0.098678 0.095106 0.106326 0.101754 0.102168 
0.108113 0.105075 0.109423 0.095671 0.090370 0.099211 0.082021 0.109922 0.104985 0.095209 
0.104573 0.102217 0.107135 0.092994 0.096636 0.095545 0.087634 0.105681 0.102120 0.105465 
prostate
0.112697 0.105539 0.111723 0.087426 0.089669 0.093936 0.088829 0.111613 0.105561 0.093007 
0.107221 0.103114 0.109543 0.085644 0.085702 0.101432 0.090418 0.108631 0.103569 0.104726 
0.111363 0.106376 0.112555 0.090691 0.088485 0.093231 0.087999 0.110296 0.106364 0.092641 
0.109793 0.104285 0.110486 0.092769 0.088528 0.095744 0.089128 0.110143 0.104284 0.094838 
0.110261 0.105539 0.111645 0.084754 0.084744 0.101584 0.089578 0.109692 0.105534 0.096669 
0.114150 0.107713 0.114164 0.082676 0.086620 0.093004 0.091189 0.111589 0.107719 0.091176 
0.109061 0.108215 0.113926 0.092473 0.086305 0.097849 0.083806 0.112372 0.108113 0.087880 
0.108095 0.105539 0.111981 0.086832 0.092085 0.093673 0.092131 0.108995 0.105464 0.095204 
0.109475 0.104201 0.110554 0.089207 0.090862 0.101995 0.089140 0.110330 0.104158 0.090077 
0.108422 0.102529 0.108477 0.091285 0.085913 0.099480 0.086002 0.107364 0.102506 0.108022 
0.107683 0.102947 0.109600 0.091285 0.094091 0.099973 0.092309 0.108011 0.102926 0.091176 
0.112447 0.106626 0.112942 0.082676 0.085237 0.098076 0.089702 0.111560 0.106629 0.094106 
0.109901 0.105623 0.111783 0.094254 0.089417 0.093805 0.087435 0.110296 0.105579 0.091908 
0.105310 0.102696 0.109242 0.090394 0.097857 0.097707 0.091943 0.107013 0.102633 0.095204 
0.109906 0.106543 0.112885 0.083566 0.086123 0.096562 0.089667 0.111224 0.106488 0.097036 
0.110321 0.104619 0.111376 0.086238 0.094042 0.094828 0.093038 0.110129 0.104600 0.090810 
0.109425 0.104619 0.110958 0.087425 0.088015 0.104719 0.089595 0.110215 0.104585 0.090443 
0.110441 0.105121 0.111318 0.088019 0.089631 0.096910 0.088308 0.108843 0.105105 0.096303 
0.105667 0.101107 0.107429 0.088019 0.092357 0.104235 0.088407 0.105493 0.101094 0.106191 
0.108959 0.102780 0.109662 0.093957 0.097669 0.095770 0.095474 0.106915 0.102766 0.086049 
0.104580 0.099937 0.106696 0.092769 0.099627 0.094342 0.092003 0.105764 0.099922 0.104360 
0.109831 0.104201 0.110425 0.099300 0.094461 0.092561 0.087399 0.108270 0.104207 0.089345 
0.107392 0.104954 0.111122 0.084457 0.087125 0.100714 0.088483 0.108707 0.104883 0.102163 
0.109391 0.103950 0.109830 0.098410 0.093771 0.094287 0.085130 0.107950 0.103908 0.093373 
0.107907 0.105790 0.111857 0.089207 0.089100 0.092805 0.086429 0.111582 0.105724 0.099599 
0.108634 0.103950 0.110269 0.094254 0.090336 0.096556 0.089954 0.110576 0.103929 0.091542 
0.108757 0.103198 0.109604 0.083269 0.089463 0.099139 0.090189 0.107234 0.103689 0.105459 
0.109212 0.103700 0.110018 0.095441 0.088341 0.094471 0.088180 0.108081 0.103690 0.098867 
0.111899 0.107713 0.113833 0.087129 0.084257 0.099104 0.083366 0.113835 0.107688 0.091176 
0.107948 0.102780 0.109454 0.094847 0.095598 0.096904 0.093981 0.106377 0.102768 0.089345 
0.111319 0.104870 0.111504 0.087722 0.089434 0.093704 0.091870 0.110250 0.104854 0.094472 
0.107863 0.104452 0.110917 0.087425 0.090856 0.093139 0.091054 0.109195 0.104400 0.100698 
0.109683 0.106376 0.112557 0.090097 0.089714 0.090708 0.088950 0.111492 0.106318 0.094106 
0.109450 0.103114 0.109775 0.087425 0.092083 0.093018 0.093822 0.107890 0.103091 0.100332 
0.108366 0.104787 0.111029 0.086832 0.090359 0.096490 0.089217 0.109671 0.104749 0.098500 
0.107624 0.101776 0.107986 0.093066 0.095675 0.099286 0.087100 0.105035 0.101754 0.100698 
0.110323 0.103700 0.109911 0.082379 0.087849 0.102671 0.087946 0.107854 0.103739 0.103628 
0.107779 0.104536 0.111085 0.085050 0.085241 0.102972 0.090886 0.110554 0.104495 0.097402 
0.111674 0.105707 0.112465 0.085051 0.092347 0.089577 0.094007 0.110101 0.105699 0.093373 
0.111004 0.106208 0.112434 0.092472 0.089027 0.092982 0.088868 0.110388 0.106173 0.090443 
0.108218 0.106877 0.113742 0.087129 0.093158 0.090737 0.096426 0.110513 0.106786 0.086415 
0.107630 0.103365 0.110034 0.085644 0.092541 0.099432 0.092041 0.107475 0.103338 0.098500 
0.110994 0.105707 0.111639 0.090394 0.088296 0.095062 0.084945 0.109880 0.105680 0.097402 
0.108592 0.104536 0.111184 0.091285 0.090326 0.094570 0.094011 0.108367 0.104489 0.092641 
0.105900 0.102947 0.109793 0.091285 0.091788 0.096924 0.089394 0.106187 0.102887 0.102895 
0.111902 0.104452 0.110658 0.090097 0.091788 0.097482 0.087202 0.109299 0.104479 0.092641 
0.111698 0.106292 0.112576 0.081191 0.084696 0.097386 0.089709 0.111680 0.106271 0.098500 
0.108877 0.103783 0.110279 0.088613 0.090513 0.101946 0.090976 0.109321 0.103786 0.091908 
0.110702 0.106041 0.112444 0.088613 0.089477 0.096060 0.090810 0.111571 0.106035 0.088246 
0.109525 0.103700 0.109703 0.086832 0.090207 0.101311 0.085763 0.108512 0.103750 0.100698 
0.108044 0.101693 0.108027 0.104644 0.099775 0.093420 0.089238 0.108093 0.101751 0.085316 
0.108887 0.103616 0.109489 0.089207 0.089791 0.098092 0.085600 0.108801 0.103622 0.102895 
0.108241 0.104703 0.111019 0.088316 0.090400 0.101523 0.089461 0.109032 0.104665 0.092641 
0.111477 0.106794 0.112982 0.091582 0.087065 0.094940 0.090981 0.112049 0.106814 0.085316 
0.108044 0.103950 0.110117 0.089800 0.090788 0.094133 0.088775 0.109406 0.103923 0.101064 
0.111152 0.106208 0.112358 0.090394 0.089715 0.094659 0.087551 0.110599 0.106187 0.091176 
0.113862 0.107128 0.113562 0.080894 0.084963 0.098099 0.091777 0.111776 0.107128 0.090810 
0.113679 0.106794 0.113293 0.085941 0.093197 0.091401 0.091540 0.110204 0.106803 0.087147 
0.114658 0.108299 0.114927 0.084754 0.083361 0.094529 0.088430 0.112314 0.108285 0.090443 
0.114627 0.108550 0.114942 0.083566 0.083010 0.096112 0.092408 0.112183 0.108554 0.086049 
0.112843 0.105874 0.112168 0.086238 0.088051 0.097040 0.090827 0.110957 0.105925 0.090077 
0.109626 0.104787 0.110796 0.089800 0.090061 0.099075 0.085608 0.108451 0.104762 0.097035 
0.107795 0.103783 0.110355 0.093363 0.096672 0.095610 0.092060 0.107628 0.103756 0.088978 
0.108748 0.103365 0.109932 0.083863 0.086620 0.101856 0.091302 0.108069 0.103351 0.102895 
0.108645 0.106459 0.112741 0.095144 0.093145 0.093433 0.089668 0.110521 0.106392 0.083851 
0.108563 0.102696 0.109115 0.090394 0.089903 0.098805 0.089520 0.106882 0.102691 0.101430 
0.105866 0.102278 0.108579 0.094847 0.093911 0.095537 0.089301 0.106749 0.102234 0.100698 
0.108771 0.104703 0.110737 0.085644 0.087553 0.099525 0.086458 0.110157 0.104656 0.101796 
0.112178 0.106877 0.113252 0.082082 0.085235 0.095276 0.091683 0.110620 0.106859 0.095937 
0.111699 0.105038 0.111361 0.092176 0.091792 0.091155 0.090287 0.109158 0.105060 0.092274 
0.108112 0.105038 0.111442 0.087129 0.089704 0.097605 0.090025 0.108935 0.104976 0.097035 
0.111211 0.106208 0.112961 0.083566 0.086930 0.096687 0.088772 0.111191 0.106169 0.096303 
0.107916 0.105038 0.111390 0.090988 0.093326 0.092107 0.089874 0.109181 0.104976 0.095204 
0.107004 0.103031 0.109304 0.087128 0.091127 0.098440 0.088552 0.107726 0.102962 0.104726 
0.111781 0.107797 0.114196 0.082676 0.087119 0.096790 0.091716 0.111191 0.107756 0.088978 
0.108273 0.104954 0.111329 0.089801 0.093362 0.097929 0.089991 0.110482 0.104901 0.088978 
0.109142 0.103282 0.109558 0.089800 0.090249 0.099885 0.088710 0.106509 0.103267 0.099599 
0.106288 0.101024 0.107656 0.092175 0.096592 0.099121 0.090454 0.107524 0.101032 0.098134 
0.107458 0.103031 0.109300 0.093660 0.093255 0.093795 0.090291 0.108418 0.103025 0.097768 
0.106510 0.102780 0.109479 0.097519 0.099523 0.092243 0.093755 0.106843 0.102735 0.088612 
0.110800 0.105205 0.111895 0.084160 0.089770 0.095731 0.094459 0.109752 0.105221 0.093007 
0.110132 0.105707 0.111899 0.085051 0.087243 0.096279 0.087984 0.111530 0.105677 0.098500 
0.109375 0.104034 0.110690 0.089207 0.095047 0.099587 0.093168 0.108789 0.104054 0.086049 
0.109821 0.106041 0.112340 0.088316 0.089900 0.097038 0.089119 0.110261 0.105987 0.091176 
0.108353 0.103031 0.109404 0.093957 0.093216 0.092933 0.090680 0.107286 0.103007 0.098134 
0.108541 0.102613 0.109205 0.095441 0.094908 0.093349 0.091996 0.109069 0.102604 0.092274 
0.111071 0.104201 0.111363 0.085050 0.091847 0.096629 0.093813 0.109519 0.104231 0.092274 
0.103724 0.102529 0.109331 0.089207 0.092509 0.097470 0.093712 0.106907 0.102448 0.102163 
0.105649 0.103282 0.109865 0.097222 0.098371 0.094546 0.092970 0.107379 0.103203 0.087513 
0.108371 0.104285 0.110435 0.086832 0.085670 0.103536 0.088176 0.107740 0.104257 0.100698 
0.112092 0.106794 0.112598 0.090394 0.086030 0.098111 0.083698 0.111574 0.106802 0.091908 
0.107758 0.102027 0.108453 0.095738 0.096180 0.094986 0.088482 0.108030 0.102044 0.096303 
0.115668 0.108299 0.114478 0.080894 0.085235 0.096668 0.089967 0.112214 0.108331 0.088246 
0.107490 0.103700 0.110324 0.085347 0.092848 0.097427 0.093226 0.107835 0.103669 0.098134 
0.109458 0.105623 0.112710 0.085941 0.096803 0.092873 0.097723 0.110884 0.105599 0.082386 
0.109133 0.102445 0.108958 0.089207 0.094895 0.099450 0.090597 0.107997 0.102480 0.094838 
0.111840 0.108382 0.115083 0.083269 0.084236 0.096426 0.094036 0.112703 0.108341 0.085682 
0.111658 0.105038 0.111413 0.090097 0.092824 0.090841 0.089853 0.110209 0.105060 0.093007 
0.109619 0.106543 0.112602 0.089207 0.084296 0.096098 0.087105 0.111376 0.106485 0.096669 
0.109711 0.103282 0.109953 0.102269 0.096698 0.090556 0.086521 0.108617 0.103782 0.088612 
skin
0.108414 0.103397 0.108138 0.093309 0.096307 0.095382 0.087587 0.107783 0.103365 0.096319 
0.107520 0.105331 0.110177 0.089155 0.088182 0.101995 0.090322 0.108710 0.105219 0.093389 
0.113568 0.106507 0.111142 0.088266 0.086871 0.097787 0.087682 0.110098 0.106522 0.091557 
0.109236 0.106591 0.111665 0.082629 0.089583 0.096529 0.092210 0.110939 0.106496 0.094121 
0.108944 0.103902 0.108831 0.091232 0.097915 0.092521 0.090255 0.107678 0.103868 0.094854 
0.109772 0.106171 0.110981 0.085002 0.085093 0.103801 0.089246 0.108628 0.106086 0.095220 
0.110114 0.107516 0.112423 0.085892 0.087249 0.093599 0.090335 0.110973 0.107410 0.094488 
0.111071 0.107264 0.111736 0.087079 0.088480 0.096397 0.084874 0.113259 0.107183 0.092656 
0.109035 0.105499 0.110530 0.088562 0.090756 0.095920 0.090485 0.109279 0.105445 0.094488 
0.109950 0.106339 0.110770 0.092419 0.089652 0.094580 0.085084 0.109741 0.106245 0.095220 
0.108797 0.102893 0.107961 0.087969 0.088333 0.099514 0.091924 0.106113 0.102850 0.103646 
0.112200 0.107516 0.112298 0.085596 0.086709 0.091079 0.089124 0.112042 0.107483 0.095953 
0.106128 0.102809 0.107950 0.093308 0.094387 0.095795 0.091835 0.106873 0.102765 0.098151 
0.109445 0.106591 0.111306 0.091232 0.086882 0.093025 0.088955 0.109733 0.106511 0.096319 
0.111226 0.105583 0.110230 0.086486 0.087403 0.098492 0.087482 0.111222 0.105556 0.096319 
0.107367 0.103986 0.109430 0.085892 0.090903 0.101026 0.094764 0.107493 0.103919 0.095220 
0.110042 0.104994 0.110321 0.084112 0.090051 0.099610 0.094526 0.108381 0.104939 0.093022 
0.108923 0.106087 0.111124 0.084409 0.089436 0.098521 0.092279 0.110190 0.106008 0.093022 
0.109791 0.107264 0.112117 0.087672 0.084141 0.098932 0.089716 0.110530 0.107179 0.092656 
0.114103 0.106591 0.111668 0.076696 0.087833 0.095331 0.092184 0.110497 0.106579 0.098517 
0.105917 0.103481 0.108173 0.089749 0.093603 0.103540 0.086511 0.107111 0.103397 0.098517 
0.107612 0.103229 0.108121 0.092715 0.094576 0.098052 0.089100 0.106361 0.103182 0.097052 
0.108215 0.104994 0.110168 0.089452 0.088877 0.101148 0.092492 0.108531 0.104932 0.091191 
0.111456 0.104742 0.109839 0.089155 0.088222 0.096027 0.091332 0.108920 0.104720 0.095587 
0.108092 0.101716 0.107621 0.092715 0.097615 0.092253 0.095138 0.105381 0.101684 0.097785 
0.106345 0.101464 0.106455 0.098945 0.101593 0.094721 0.089481 0.106582 0.101392 0.093022 
0.109487 0.104238 0.109047 0.089452 0.089797 0.095691 0.088176 0.108830 0.104201 0.101082 
0.107502 0.103986 0.109169 0.090639 0.096338 0.098058 0.092624 0.107311 0.103915 0.090458 
0.113996 0.108273 0.113164 0.082036 0.083546 0.096902 0.091518 0.111880 0.108227 0.090458 
0.111817 0.106591 0.110974 0.091825 0.088881 0.096539 0.083713 0.111210 0.106524 0.091923 
0.111227 0.106760 0.111959 0.087969 0.093523 0.095929 0.093096 0.111546 0.106692 0.081300 
0.110226 0.104154 0.108930 0.094495 0.097772 0.094606 0.088382 0.108658 0.104150 0.088626 
0.107167 0.104238 0.109453 0.084409 0.091474 0.099434 0.093039 0.107384 0.104152 0.099250 
0.109601 0.107432 0.112542 0.084113 0.093240 0.093795 0.092133 0.113354 0.107362 0.086429 
0.110961 0.105835 0.110794 0.085002 0.087361 0.101313 0.090391 0.109888 0.105799 0.092656 
0.105218 0.102977 0.108301 0.093605 0.096041 0.095887 0.095551 0.105795 0.102869 0.093755 
0.106585 0.105415 0.110116 0.083222 0.083279 0.102421 0.087388 0.110798 0.105299 0.105477 
0.107723 0.105415 0.109981 0.095089 0.097926 0.092089 0.086343 0.110025 0.105318 0.090092 
0.110027 0.105835 0.110739 0.100132 0.097330 0.089197 0.091076 0.109346 0.105750 0.080567 
0.107108 0.104658 0.109753 0.086486 0.087867 0.096891 0.091409 0.108344 0.104572 0.102913 
0.109142 0.104658 0.109521 0.093902 0.094579 0.095651 0.089295 0.108930 0.104596 0.089725 
0.108685 0.104322 0.108698 0.094199 0.090119 0.095222 0.084816 0.107496 0.104264 0.102180 
0.112287 0.106928 0.112035 0.075213 0.082562 0.103038 0.091957 0.111648 0.106914 0.097418 
0.112363 0.107936 0.112748 0.086189 0.086288 0.095526 0.089502 0.112191 0.107897 0.089359 
0.108249 0.103902 0.108217 0.098352 0.091824 0.097955 0.084038 0.106576 0.103835 0.097052 
0.107827 0.105415 0.110444 0.084409 0.089935 0.095121 0.092963 0.108576 0.105327 0.099983 
0.113141 0.107600 0.112740 0.080553 0.083119 0.098476 0.093325 0.110465 0.107559 0.093022 
0.108310 0.104574 0.109285 0.082629 0.084469 0.106585 0.087100 0.107069 0.104501 0.105477 
0.110847 0.106507 0.111426 0.078476 0.085609 0.096970 0.092673 0.110688 0.106455 0.100349 
0.106668 0.103734 0.108915 0.090935 0.091035 0.097072 0.092472 0.107370 0.103649 0.098151 
0.108461 0.104322 0.109127 0.095682 0.094239 0.095445 0.088972 0.107203 0.104258 0.092290 
0.112912 0.108945 0.113159 0.082333 0.077547 0.099611 0.085476 0.113366 0.108867 0.097785 
0.107291 0.103734 0.108556 0.093605 0.093079 0.097772 0.089109 0.107604 0.103664 0.095587 
0.106922 0.103650 0.108347 0.092419 0.088961 0.101432 0.087212 0.108213 0.103595 0.099250 
0.110525 0.107264 0.112065 0.079366 0.087226 0.100666 0.089656 0.110481 0.107164 0.095587 
0.108071 0.104994 0.110109 0.095089 0.089931 0.096160 0.086732 0.108771 0.104923 0.095220 
0.106744 0.105667 0.110444 0.092122 0.097148 0.091966 0.088263 0.109438 0.105551 0.092656 
0.104506 0.101884 0.107062 0.088562 0.095678 0.103797 0.092293 0.106259 0.101808 0.098151 
0.108663 0.104910 0.110313 0.092122 0.094461 0.095352 0.095202 0.108439 0.104842 0.085696 
0.107512 0.103313 0.108436 0.089749 0.092875 0.098379 0.091900 0.107876 0.103274 0.096686 
0.113343 0.108525 0.113474 0.080553 0.085078 0.094696 0.091255 0.111968 0.108451 0.092656 
0.106887 0.104658 0.109654 0.092122 0.089999 0.095570 0.089054 0.108980 0.104557 0.098517 
0.109112 0.105247 0.109943 0.089452 0.087337 0.097699 0.088159 0.109347 0.105187 0.098517 
0.108169 0.105078 0.110358 0.086189 0.090135 0.098326 0.094880 0.108500 0.104976 0.093389 
0.108780 0.104574 0.109538 0.090935 0.089304 0.096262 0.091062 0.108704 0.104521 0.096319 
0.105323 0.104574 0.109512 0.093902 0.092543 0.097104 0.089543 0.107467 0.104445 0.095587 
0.106838 0.104910 0.110084 0.087079 0.090829 0.097027 0.092839 0.108537 0.104805 0.097052 
0.109065 0.104238 0.108709 0.098352 0.096476 0.094862 0.085349 0.108310 0.104180 0.090458 
0.110294 0.106339 0.111225 0.089156 0.092872 0.094777 0.090771 0.111112 0.106293 0.087161 
0.111818 0.107600 0.112685 0.080553 0.089115 0.096116 0.093868 0.111724 0.107528 0.088993 
0.107332 0.103397 0.108294 0.087375 0.090598 0.099056 0.089745 0.107582 0.103340 0.103279 
0.108732 0.106423 0.111036 0.094495 0.087469 0.095314 0.086090 0.111460 0.106325 0.092656 
0.109114 0.103145 0.107961 0.092122 0.092728 0.100500 0.088218 0.107513 0.103113 0.095587 
0.107649 0.102725 0.107840 0.090342 0.092762 0.097784 0.090876 0.105895 0.102678 0.101448 
0.103816 0.101632 0.107040 0.090045 0.096991 0.092870 0.094154 0.109016 0.101523 0.102913 
0.108571 0.105835 0.110514 0.083222 0.082972 0.100958 0.087744 0.109331 0.105741 0.105111 
0.108164 0.104826 0.109894 0.090342 0.095683 0.095116 0.092608 0.108892 0.104749 0.089725 
0.109377 0.106003 0.111066 0.085002 0.089130 0.101519 0.091651 0.111656 0.105969 0.088627 
0.110616 0.105499 0.110372 0.091825 0.091613 0.097163 0.089385 0.110531 0.105469 0.087528 
0.107818 0.104742 0.109279 0.086486 0.081637 0.097618 0.086114 0.109183 0.104686 0.112438 
0.105213 0.103734 0.108635 0.088562 0.088873 0.101599 0.089418 0.108888 0.103630 0.101448 
0.111850 0.105078 0.109944 0.098945 0.098249 0.089994 0.090030 0.108450 0.105062 0.082399 
0.111584 0.105835 0.110639 0.087969 0.087525 0.097773 0.089126 0.110001 0.105793 0.093755 
0.107766 0.105078 0.109901 0.093012 0.092731 0.096263 0.087790 0.108361 0.104976 0.094121 
0.109994 0.105499 0.110247 0.088562 0.088526 0.098029 0.087978 0.109416 0.105430 0.096319 
0.107857 0.103145 0.107759 0.090045 0.091336 0.103031 0.084872 0.107048 0.103092 0.101814 
0.107989 0.106087 0.110615 0.082926 0.092118 0.098559 0.087230 0.109236 0.105989 0.099250 
0.110234 0.106423 0.111393 0.077586 0.086529 0.101917 0.092599 0.109557 0.106344 0.097418 
0.111635 0.105751 0.110735 0.091232 0.089727 0.097240 0.090446 0.109972 0.105733 0.087528 
0.109042 0.107012 0.111911 0.084112 0.083091 0.100216 0.090232 0.110413 0.106918 0.097052 
0.105993 0.103734 0.108813 0.093605 0.094003 0.092771 0.090791 0.106673 0.103633 0.099983 
0.110935 0.104490 0.109967 0.084112 0.090820 0.092909 0.095497 0.107911 0.104474 0.098884 
0.112578 0.106003 0.111119 0.086782 0.090289 0.093826 0.092577 0.111481 0.105985 0.089359 
0.108215 0.103902 0.108522 0.094199 0.094426 0.098350 0.086870 0.107551 0.103844 0.094121 
0.105649 0.103734 0.108377 0.096275 0.098969 0.095353 0.087558 0.106325 0.103639 0.094121 
0.111990 0.108945 0.114653 0.078180 0.084841 0.095809 0.095154 0.113312 0.108856 0.088260 
0.112454 0.107600 0.112125 0.083816 0.085510 0.095921 0.087005 0.112391 0.107591 0.095587 
0.107553 0.103650 0.108244 0.087079 0.086098 0.104869 0.086042 0.107420 0.103568 0.105477 
0.106780 0.102305 0.107184 0.093902 0.093465 0.102486 0.087754 0.107510 0.102294 0.096319 
0.109099 0.107432 0.112710 0.083816 0.082936 0.100489 0.089398 0.110850 0.107317 0.095953 
stomach
0.106911 0.102716 0.106842 0.092740 0.090001 0.098849 0.086989 0.107253 0.102670 0.105028 
0.107402 0.103388 0.107774 0.090668 0.095067 0.096946 0.090359 0.107759 0.103297 0.097341 
0.108917 0.106414 0.110576 0.082380 0.082718 0.102317 0.090348 0.109756 0.106305 0.100270 
0.106910 0.102632 0.107055 0.094515 0.091238 0.098238 0.083982 0.108219 0.102547 0.104662 
0.111342 0.107170 0.111364 0.079716 0.084664 0.098032 0.092522 0.110751 0.107097 0.097342 
0.107773 0.104061 0.108458 0.086228 0.092889 0.097803 0.091207 0.108086 0.103959 0.099538 
0.108034 0.105489 0.109285 0.093924 0.085084 0.101568 0.084808 0.109823 0.105376 0.096609 
0.112169 0.107002 0.110968 0.083268 0.082374 0.101812 0.086358 0.111037 0.106938 0.098074 
0.111026 0.104565 0.109219 0.084452 0.092036 0.095585 0.092750 0.108865 0.104527 0.096975 
0.112484 0.106162 0.110447 0.081788 0.087290 0.097470 0.091653 0.109954 0.106142 0.096609 
0.113485 0.108599 0.112576 0.086228 0.083198 0.097909 0.087666 0.111424 0.108527 0.090387 
0.108148 0.103472 0.108561 0.091556 0.095189 0.095270 0.092707 0.106546 0.103405 0.095145 
0.111204 0.107086 0.110871 0.085636 0.085961 0.100172 0.086473 0.111179 0.107004 0.094413 
0.109400 0.106078 0.111014 0.089484 0.093100 0.097833 0.091633 0.110195 0.106003 0.085262 
0.110482 0.102632 0.106932 0.092444 0.095652 0.100216 0.088651 0.105958 0.102621 0.094413 
0.108958 0.104901 0.108896 0.084452 0.085918 0.104168 0.086767 0.108291 0.104816 0.102832 
0.110196 0.105826 0.110107 0.087412 0.090973 0.095900 0.090441 0.110070 0.105760 0.093315 
0.109104 0.105237 0.109667 0.090076 0.091988 0.096770 0.090707 0.110916 0.105149 0.090387 
0.109835 0.107506 0.111395 0.099252 0.089650 0.091160 0.086838 0.111691 0.107411 0.085262 
0.112153 0.106834 0.110694 0.090076 0.090560 0.093474 0.086175 0.111031 0.106786 0.092217 
0.109682 0.105489 0.109997 0.090076 0.094949 0.089492 0.092201 0.109024 0.105409 0.093681 
0.109516 0.106498 0.110964 0.091852 0.094843 0.092198 0.092217 0.111345 0.106404 0.084164 
0.111328 0.105405 0.110066 0.090964 0.094916 0.094385 0.093291 0.109732 0.105383 0.084530 
0.107902 0.104733 0.108751 0.087116 0.090968 0.105082 0.087471 0.109653 0.104642 0.093681 
0.108086 0.104733 0.109031 0.091556 0.093494 0.094490 0.090545 0.110496 0.104621 0.092949 
0.107987 0.104313 0.108248 0.096292 0.094785 0.096211 0.085886 0.108372 0.104225 0.093681 
0.109410 0.106750 0.110913 0.086228 0.088236 0.097832 0.088981 0.111328 0.106641 0.093681 
0.104939 0.103640 0.108236 0.089780 0.094255 0.099520 0.092185 0.108049 0.103517 0.095877 
0.108187 0.104229 0.109199 0.087412 0.096625 0.098802 0.091557 0.108002 0.104136 0.091851 
0.107095 0.105573 0.109550 0.098364 0.093566 0.095386 0.086137 0.109233 0.105442 0.089655 
0.112215 0.108431 0.112768 0.085636 0.087848 0.092721 0.090441 0.114486 0.108362 0.087093 
0.108345 0.105826 0.110340 0.087708 0.090130 0.096918 0.093170 0.110010 0.105703 0.091851 
0.107817 0.103893 0.108283 0.088300 0.090018 0.101561 0.090795 0.108177 0.103815 0.097341 
0.109612 0.107086 0.111793 0.080604 0.087325 0.094047 0.094379 0.110840 0.106970 0.097342 
0.107313 0.104565 0.108325 0.093628 0.092193 0.099708 0.084589 0.108602 0.104468 0.096609 
0.109471 0.107675 0.112300 0.079716 0.082702 0.098338 0.088842 0.114245 0.107539 0.099172 
