-2816325.171531
0
0.000000 0.000008 0.000000 0.000000 0.000000 0.000000 0.000000 0.000000 0.000000 0.000000 0.000001 0.000000 0.000000 0.000000 0.000000 0.000000 0.000327 0.000000 0.000208 0.000000 0.001189 0.000008 0.000000 0.000171 0.000000 0.000000 0.000000 0.000001 0.000000 0.000000 0.000000 0.000000 0.000000 0.000000 0.019448 0.000008 0.000000 0.000000 0.000000 0.000000 0.000000 0.000000 0.000000 0.000000 0.000000 0.000000 0.000000 0.002193 0.000000 0.000000 0.000000 0.000000 0.000000 0.000000 0.000000 0.000000 0.000001 0.000001 0.953198 0.022201 0.000000 0.000000 0.000000 0.000000 0.000008 0.000000 0.000000 0.000000 0.000000 0.000000 0.000000 0.000000 0.000000 0.000000 0.000000 0.000684 0.000000 0.000000 0.000000 0.000000 0.000000 0.000000 0.000014 0.000000 0.000069 0.000000 0.000000 0.000000 0.000000 0.000000 0.000000 0.000000 0.000210 0.000000 0.000000 0.000022 
0.000000 0.000000 0.000000 0.000000 0.000000 0.000000 0.000000 0.000000 0.000000 0.000000 0.000001 0.000000 0.000000 0.000000 0.000000 0.000000 0.000001 0.000000 0.000000 0.000000 0.000000 0.000000 0.000000 0.000000 0.000000 0.000000 0.000000 0.000001 0.000000 0.000000 0.000000 0.000000 0.000000 0.000000 0.000001 0.000000 0.000000 0.000000 0.000000 0.000000 0.000000 0.000000 0.000000 0.000000 0.000000 0.000000 0.000000 0.000001 0.000000 0.000000 0.000000 0.000000 0.000000 0.000000 0.000000 0.000000 0.000001 0.000001 0.999957 0.000001 0.000000 0.000000 0.000000 0.000000 0.000000 0.000000 0.000000 0.000000 0.000000 0.000000 0.000000 0.000000 0.000000 0.000000 0.000000 0.000000 0.000000 0.000000 0.000000 0.000000 0.000000 0.000000 0.000001 0.000000 0.000001 0.000000 0.000000 0.000000 0.000000 0.000000 0.000000 0.000000 0.000001 0.000000 0.000000 0.000001 
0.000045 0.000000 0.000000 0.000008 0.000000 0.000000 0.000000 0.000000 0.001741 0.000015 0.000001 0.000015 0.000015 0.000000 0.000000 0.000000 0.000001 0.000030 0.000000 0.000000 0.000000 0.000000 0.000000 0.000000 0.000000 0.000000 0.000000 0.000001 0.000000 0.000000 0.000000 0.000000 0.000000 0.000008 0.000069 0.000000 0.000000 0.000000 0.000000 0.000000 0.000037 0.000023 0.000000 0.000000 0.000000 0.000000 0.000023 0.001928 0.000023 0.000015 0.000000 0.000000 0.000000 0.000000 0.000000 0.000000 0.000001 0.008538 0.986846 0.000001 0.000000 0.000000 0.000000 0.000000 0.000000 0.000000 0.000000 0.000015 0.000000 0.000000 0.000000 0.000045 0.000112 0.000000 0.000000 0.000000 0.000000 0.000000 0.000000 0.000000 0.000000 0.000000 0.000021 0.000000 0.000088 0.000000 0.000023 0.000015 0.000052 0.000008 0.000000 0.000000 0.000195 0.000000 0.000000 0.000019 
0.000000 0.000000 0.000000 0.000000 0.000000 0.000000 0.000000 0.000000 0.000001 0.000000 0.475957 0.000000 0.000000 0.000000 0.000000 0.000113 0.000001 0.000000 0.000000 0.000000 0.000000 0.000000 0.000000 0.000000 0.000000 0.000211 0.000000 0.000001 0.000000 0.000000 0.000000 0.000000 0.000000 0.000000 0.000001 0.000000 0.000000 0.000000 0.000000 0.000000 0.000000 0.000000 0.000000 0.000571 0.000128 0.000000 0.000000 0.000245 0.000000 0.000000 0.000000 0.000000 0.000000 0.000000 0.000000 0.000000 0.000001 0.000001 0.522158 0.000001 0.000000 0.000000 0.000000 0.000000 0.000000 0.000000 0.000000 0.000000 0.000000 0.000000 0.000000 0.000000 0.000000 0.000000 0.000000 0.000000 0.000000 0.000000 0.000000 0.000000 0.000000 0.000000 0.000001 0.000000 0.000001 0.000000 0.000000 0.000000 0.000000 0.000000 0.000000 0.000578 0.000001 0.000000 0.000000 0.000001 
0.000000 0.000000 0.000000 0.000000 0.000000 0.000000 0.000000 0.000000 0.000000 0.000000 0.416132 0.000000 0.000000 0.000000 0.000000 0.000000 0.000001 0.000000 0.000000 0.000000 0.000000 0.000000 0.000000 0.000000 0.000000 0.000000 0.000000 0.070065 0.000000 0.000000 0.000000 0.000000 0.000000 0.000000 0.000001 0.000000 0.000000 0.000000 0.000000 0.000000 0.000000 0.000000 0.000000 0.000000 0.000000 0.000000 0.000000 0.000001 0.000000 0.000000 0.000000 0.000000 0.000000 0.000000 0.000000 0.000000 0.000001 0.313851 0.196779 0.000001 0.000000 0.000000 0.000000 0.000000 0.000000 0.000000 0.000000 0.000000 0.000000 0.000000 0.000000 0.000000 0.000000 0.000000 0.000000 0.000000 0.000000 0.000000 0.000000 0.000000 0.000000 0.000000 0.000001 0.000000 0.000001 0.000000 0.000000 0.000000 0.000000 0.000000 0.000000 0.000000 0.003134 0.000000 0.000000 0.000001 
0.000000 0.000000 0.000000 0.000000 0.000000 0.000000 0.000000 0.000000 0.000001 0.000000 0.000001 0.000000 0.000000 0.000000 0.000000 0.000000 0.000111 0.000000 0.000001 0.000383 0.000001 0.000000 0.000000 0.000000 0.000000 0.000001 0.000000 0.000001 0.000000 0.000000 0.000000 0.000000 0.000000 0.000000 0.788855 0.000000 0.000000 0.000000 0.000000 0.000000 0.000000 0.000000 0.000586 0.000001 0.000000 0.000000 0.000000 0.000001 0.000000 0.000000 0.000000 0.000000 0.000000 0.000000 0.000000 0.000000 0.137997 0.000001 0.064702 0.000001 0.000000 0.000000 0.000000 0.000000 0.000000 0.000000 0.000000 0.000000 0.000000 0.000000 0.000000 0.000000 0.000000 0.000000 0.000000 0.000001 0.000000 0.000000 0.000000 0.000000 0.000000 0.000000 0.003024 0.000000 0.000001 0.000000 0.000000 0.000000 0.000000 0.000000 0.000000 0.000001 0.000001 0.000000 0.000000 0.004304 
0.171378 0.165721 0.164727 0.167962 0.165740 0.164472 
0.162275 0.164926 0.170922 0.161997 0.177951 0.161928 
0.164782 0.164847 0.165688 0.169582 0.167984 0.167118 
0.118910 0.200956 0.195909 0.149618 0.107208 0.227400 
breast
0.162878 0.163485 0.163216 0.170273 0.176022 0.164126 
0.170150 0.170207 0.170603 0.167984 0.164836 0.156219 
0.168056 0.168728 0.168611 0.166108 0.171373 0.157124 
0.162123 0.162544 0.162518 0.162618 0.167047 0.183150 
0.173042 0.172762 0.171875 0.163672 0.158952 0.159696 
0.167163 0.169535 0.169850 0.168906 0.171731 0.152815 
0.169352 0.168325 0.169866 0.163436 0.171941 0.157080 
0.169857 0.170073 0.170169 0.165738 0.164510 0.159653 
0.168457 0.171014 0.170432 0.166252 0.167644 0.156201 
0.174802 0.171283 0.172340 0.168274 0.158947 0.154355 
0.169803 0.170880 0.171716 0.168569 0.169490 0.149543 
0.168961 0.169535 0.168979 0.171069 0.169748 0.151708 
0.169557 0.166040 0.166244 0.169558 0.170218 0.158383 
0.165169 0.165098 0.166403 0.160858 0.171699 0.170773 
0.169471 0.170073 0.170748 0.160535 0.167628 0.161545 
0.170177 0.169132 0.170001 0.161500 0.161336 0.167853 
0.170129 0.169132 0.169193 0.166632 0.168758 0.156157 
0.169877 0.169266 0.168385 0.173261 0.169409 0.149801 
0.167643 0.169670 0.169479 0.167656 0.168612 0.156939 
0.175320 0.174375 0.174142 0.163941 0.166117 0.146105 
0.168275 0.170207 0.170230 0.162381 0.164857 0.164049 
0.170575 0.170073 0.169998 0.169188 0.166534 0.153632 
0.165851 0.167787 0.167373 0.173589 0.171745 0.153655 
0.170746 0.171283 0.171637 0.168456 0.168425 0.149452 
0.167642 0.168728 0.169221 0.167995 0.171209 0.155204 
0.170512 0.172359 0.171668 0.170634 0.164299 0.150530 
0.163778 0.163754 0.163757 0.170742 0.171964 0.166005 
0.168390 0.170207 0.169727 0.173303 0.167154 0.151218 
0.171113 0.168460 0.168653 0.168649 0.166438 0.156687 
0.166239 0.167518 0.167113 0.158570 0.161225 0.179336 
0.171722 0.169670 0.170183 0.165315 0.166941 0.156169 
0.164949 0.166174 0.167386 0.161628 0.179566 0.160297 
0.174565 0.174375 0.173879 0.161279 0.164362 0.151540 
0.167533 0.166443 0.166477 0.162033 0.169299 0.168215 
0.167089 0.168056 0.168291 0.165463 0.164273 0.166828 
0.168453 0.166443 0.165876 0.170508 0.175334 0.153386 
0.168729 0.169804 0.168937 0.167194 0.162368 0.162968 
0.165682 0.168191 0.167225 0.170283 0.159249 0.169371 
0.169465 0.170342 0.169897 0.167756 0.152046 0.170494 
0.166464 0.167384 0.168032 0.160631 0.177107 0.160382 
0.167175 0.169670 0.169666 0.169544 0.171285 0.152660 
0.168950 0.168594 0.167865 0.167632 0.168922 0.158036 
0.170032 0.170745 0.170277 0.165316 0.167752 0.155877 
0.168428 0.169804 0.169525 0.165124 0.166283 0.160837 
0.165813 0.168325 0.168767 0.164804 0.168842 0.163449 
0.169729 0.170342 0.170214 0.168828 0.166109 0.154777 
0.171089 0.170611 0.170024 0.168169 0.163880 0.156227 
0.165466 0.166577 0.167051 0.165136 0.167998 0.167772 
0.171313 0.172090 0.172005 0.167632 0.154247 0.162713 
0.167655 0.168728 0.169047 0.171715 0.170657 0.152197 
0.168882 0.167384 0.166954 0.173143 0.166199 0.157438 
0.167117 0.168728 0.168539 0.167702 0.168440 0.159473 
0.170381 0.169535 0.169800 0.164449 0.176020 0.149814 
0.170757 0.172896 0.172871 0.163027 0.164629 0.155820 
0.170253 0.169938 0.169436 0.169288 0.171202 0.149882 
0.168328 0.168594 0.168373 0.168513 0.163262 0.162930 
0.171328 0.170476 0.170849 0.168599 0.164454 0.154293 
0.167981 0.168191 0.168284 0.163173 0.178218 0.154153 
0.170054 0.168863 0.168646 0.165142 0.174273 0.153023 
0.163211 0.164426 0.164587 0.169435 0.168850 0.169490 
0.168888 0.167653 0.167855 0.160848 0.161175 0.173581 
0.167143 0.166712 0.168024 0.163528 0.172176 0.162418 
0.163176 0.164695 0.165061 0.165588 0.180887 0.160593 
0.169422 0.172090 0.171632 0.165712 0.165716 0.155429 
0.168950 0.168728 0.168342 0.163478 0.169056 0.161445 
0.168648 0.163620 0.164213 0.166742 0.172752 0.164025 
0.169315 0.168056 0.167861 0.160712 0.159959 0.174096 
0.165829 0.167384 0.167167 0.166527 0.159408 0.173684 
0.169011 0.170207 0.169483 0.164745 0.168469 0.158085 
0.168543 0.167653 0.167624 0.163216 0.172423 0.160540 
0.164126 0.166846 0.166131 0.165136 0.167662 0.170099 
0.170990 0.170342 0.171066 0.158195 0.155081 0.174327 
0.168008 0.166981 0.166539 0.164436 0.165375 0.168661 
0.166309 0.167787 0.166992 0.170074 0.168013 0.160824 
0.163128 0.164426 0.163675 0.170232 0.169427 0.169112 
0.168287 0.169132 0.168978 0.166581 0.167749 0.159273 
0.168235 0.168863 0.169815 0.165939 0.169120 0.158028 
0.168780 0.167518 0.167772 0.162317 0.163018 0.170594 
0.169508 0.168863 0.168781 0.168088 0.168785 0.155975 
0.168129 0.169132 0.170045 0.168314 0.170219 0.154160 
0.172922 0.173434 0.173584 0.165132 0.162001 0.152927 
0.163996 0.165502 0.166315 0.175062 0.173740 0.155386 
0.166495 0.166174 0.165897 0.166173 0.166215 0.169046 
0.171276 0.172359 0.172731 0.167207 0.151878 0.164549 
0.167771 0.170073 0.170130 0.169807 0.157759 0.164459 
0.171879 0.168997 0.168751 0.169962 0.160658 0.159753 
0.168989 0.169938 0.169931 0.165165 0.168367 0.157609 
0.170364 0.169804 0.169543 0.170965 0.162228 0.157097 
0.170492 0.171955 0.171536 0.163549 0.162327 0.160142 
0.165833 0.165636 0.166333 0.168044 0.167484 0.166669 
0.170617 0.168863 0.170158 0.165752 0.163226 0.161385 
0.168390 0.169938 0.169392 0.168527 0.167098 0.156655 
0.167802 0.167653 0.167215 0.171659 0.167164 0.158506 
0.173245 0.172493 0.172589 0.162526 0.161981 0.157167 
0.169962 0.169535 0.169685 0.171679 0.163432 0.155708 
0.169222 0.171014 0.170231 0.166490 0.164356 0.158686 
0.162532 0.162006 0.162512 0.175210 0.176690 0.161050 
0.162923 0.163216 0.163702 0.163789 0.176978 0.169391 
0.167402 0.168460 0.167950 0.171815 0.161412 0.162962 
0.162836 0.163888 0.163226 0.167064 0.173162 0.169824 
prostate
0.172855 0.170074 0.170540 0.166533 0.165212 0.154786 
0.166030 0.166175 0.166420 0.161873 0.163917 0.175585 
0.170967 0.171419 0.170692 0.169067 0.164593 0.153263 
0.168822 0.168058 0.168395 0.170218 0.164559 0.159949 
0.170579 0.170074 0.170528 0.163171 0.159629 0.166019 
0.174710 0.173570 0.173627 0.163032 0.164106 0.150955 
0.169852 0.174377 0.173545 0.172215 0.156912 0.153100 
0.168033 0.170074 0.170178 0.165003 0.170632 0.156080 
0.168029 0.167923 0.167814 0.166933 0.167698 0.161603 
0.167335 0.165234 0.165163 0.166490 0.158983 0.176795 
0.165203 0.165906 0.165573 0.166754 0.176111 0.160453 
0.171933 0.171822 0.171186 0.162602 0.162236 0.160221 
0.169515 0.170209 0.170169 0.172158 0.164746 0.153203 
0.163650 0.165503 0.166286 0.165804 0.177466 0.161291 
0.170107 0.171688 0.171716 0.162858 0.162040 0.161591 
0.169218 0.168595 0.170086 0.164180 0.174275 0.153646 
0.168686 0.168595 0.168911 0.165243 0.164445 0.164120 
0.169890 0.169402 0.168918 0.166162 0.165123 0.160505 
0.161433 0.162949 0.163533 0.162305 0.170558 0.179224 
0.167203 0.165637 0.166780 0.169061 0.181177 0.150141 
0.161649 0.161066 0.162031 0.165612 0.181341 0.168300 
0.168053 0.167923 0.167794 0.174967 0.172095 0.149168 
0.167094 0.169133 0.168863 0.162364 0.161782 0.170763 
0.168226 0.167520 0.167204 0.174489 0.167084 0.155477 
0.168070 0.170478 0.171792 0.167336 0.161877 0.160447 
0.167260 0.167520 0.167429 0.170798 0.168965 0.158028 
0.167792 0.166310 0.166030 0.160316 0.167081 0.172472 
0.167836 0.167116 0.167721 0.171125 0.165438 0.160764 
0.172388 0.173570 0.173991 0.167045 0.153974 0.159032 
0.166131 0.165637 0.165983 0.169886 0.178348 0.154014 
0.170822 0.168999 0.169693 0.165689 0.168631 0.156167 
0.167030 0.168326 0.168013 0.164577 0.169291 0.162762 
0.169273 0.171419 0.172326 0.169617 0.165151 0.152214 
0.168217 0.166175 0.166732 0.163494 0.172744 0.162637 
0.167993 0.168864 0.169360 0.164378 0.166023 0.163381 
0.165178 0.164024 0.163455 0.167376 0.171981 0.167986 
0.168308 0.167116 0.166558 0.159908 0.164034 0.174076 
0.166821 0.168461 0.169931 0.162521 0.163381 0.168885 
0.171191 0.170343 0.170608 0.163992 0.173201 0.150664 
0.170828 0.171150 0.170706 0.170523 0.165473 0.151321 
0.168873 0.172225 0.172245 0.166351 0.176136 0.144170 
0.165559 0.166579 0.166676 0.162552 0.172888 0.165746 
0.171077 0.170343 0.170871 0.168302 0.159887 0.159521 
0.168152 0.168461 0.169391 0.168183 0.171230 0.154584 
0.164301 0.165906 0.166087 0.166782 0.169397 0.167527 
0.170021 0.168326 0.168653 0.167439 0.167501 0.158059 
0.171542 0.171284 0.171527 0.162050 0.160063 0.163535 
0.166913 0.167251 0.166834 0.166055 0.170814 0.162133 
0.170715 0.170881 0.171224 0.166986 0.167694 0.152500 
0.167266 0.167116 0.166501 0.163393 0.165532 0.170191 
0.164699 0.163890 0.164460 0.178222 0.181177 0.147552 
0.167884 0.166982 0.166890 0.165532 0.162620 0.170091 
0.167419 0.168730 0.169058 0.165610 0.167124 0.162060 
0.171735 0.172091 0.172578 0.170350 0.165196 0.148050 
0.167308 0.167520 0.167542 0.166341 0.166597 0.164692 
0.170913 0.171150 0.171109 0.168691 0.164846 0.153291 
0.174285 0.172629 0.173625 0.161008 0.161580 0.156873 
0.173384 0.172091 0.171488 0.165663 0.171867 0.145507 
0.175556 0.174511 0.174473 0.165350 0.158085 0.152026 
0.175818 0.174914 0.174886 0.165078 0.160591 0.148713 
0.172428 0.170612 0.170777 0.164721 0.166185 0.155277 
0.168911 0.168864 0.168777 0.166980 0.163044 0.163424 
0.166124 0.167251 0.167036 0.169335 0.177620 0.152634 
0.167434 0.166579 0.166821 0.160487 0.165108 0.173571 
0.168045 0.171553 0.171095 0.174148 0.171063 0.144096 
0.166855 0.165503 0.165690 0.165776 0.167606 0.168569 
0.164355 0.164831 0.164752 0.169442 0.171945 0.164675 
0.168605 0.168730 0.168902 0.163718 0.160676 0.169369 
0.173072 0.172225 0.172220 0.161863 0.161936 0.158684 
0.170934 0.169268 0.169130 0.169341 0.170181 0.151147 
0.167291 0.169268 0.169365 0.165296 0.166812 0.161969 
0.170347 0.171150 0.171476 0.162553 0.162889 0.161585 
0.167481 0.169268 0.169561 0.168278 0.170373 0.155039 
0.165241 0.166041 0.166867 0.163159 0.166720 0.171972 
0.172023 0.173704 0.173987 0.163129 0.164632 0.152525 
0.168276 0.169133 0.170147 0.167174 0.169925 0.155345 
0.167187 0.166444 0.166564 0.165731 0.166877 0.167198 
0.163004 0.162814 0.163488 0.165955 0.177245 0.167494 
0.166091 0.166041 0.166418 0.169059 0.171659 0.160732 
0.164326 0.165637 0.165745 0.173248 0.182490 0.148554 
0.168779 0.169536 0.170635 0.162307 0.172114 0.156629 
0.169649 0.170343 0.171034 0.165018 0.161483 0.162473 
0.167467 0.167654 0.167531 0.165824 0.177270 0.154253 
0.169376 0.170881 0.170199 0.167164 0.166604 0.155776 
0.167258 0.166041 0.166167 0.169796 0.171512 0.159226 
0.166454 0.165369 0.165217 0.170722 0.176364 0.155874 
0.169189 0.167923 0.169019 0.162271 0.173554 0.158043 
0.161665 0.165234 0.165655 0.164575 0.174848 0.168022 
0.164284 0.166444 0.166672 0.172428 0.179543 0.150628 
0.167548 0.168058 0.167833 0.163934 0.160887 0.171740 
0.171144 0.172091 0.171688 0.170147 0.158113 0.156817 
0.164972 0.164427 0.164955 0.169975 0.174992 0.160678 
0.177010 0.174511 0.174384 0.161979 0.160014 0.152102 
0.166092 0.167116 0.167181 0.162620 0.173701 0.163290 
0.168003 0.170209 0.170015 0.165191 0.183045 0.143538 
0.167188 0.165100 0.165408 0.164506 0.174412 0.163386 
0.172557 0.174645 0.174817 0.164119 0.164664 0.149198 
0.170463 0.169268 0.168721 0.167925 0.171515 0.152109 
0.170119 0.171688 0.172502 0.167961 0.157608 0.160123 
0.167593 0.166444 0.167295 0.177360 0.173712 0.147595 
skin
0.167420 0.165779 0.165332 0.168608 0.172464 0.160398 
0.167831 0.168871 0.168807 0.166539 0.164383 0.163569 
0.173638 0.170753 0.170184 0.166658 0.162002 0.156764 
0.170030 0.170888 0.171162 0.161707 0.167049 0.159164 
0.168261 0.166585 0.167137 0.167220 0.175413 0.155384 
0.170172 0.170216 0.169672 0.163458 0.160406 0.166076 
0.170947 0.172367 0.171612 0.165338 0.163983 0.155753 
0.172162 0.171963 0.172186 0.166220 0.159569 0.157900 
0.168807 0.169140 0.169034 0.166064 0.169279 0.157677 
0.170674 0.170484 0.170423 0.170267 0.161031 0.157120 
0.167713 0.164972 0.165372 0.163935 0.166548 0.171460 
0.173208 0.172367 0.172316 0.165100 0.162672 0.154337 
0.164242 0.164837 0.164644 0.168122 0.175504 0.162651 
0.170128 0.170888 0.170523 0.169413 0.162441 0.156608 
0.170874 0.169274 0.168717 0.165299 0.161854 0.163982 
0.166621 0.166720 0.167758 0.162478 0.172552 0.163871 
0.169300 0.168333 0.168089 0.162688 0.171039 0.160552 
0.169225 0.170081 0.169969 0.162857 0.167723 0.160145 
0.170306 0.171963 0.171931 0.166752 0.160751 0.158297 
0.175414 0.170888 0.171846 0.156920 0.163904 0.161029 
0.164470 0.165913 0.165190 0.165461 0.168275 0.170692 
0.166280 0.165510 0.165117 0.167938 0.171922 0.163235 
0.167424 0.168333 0.167841 0.166944 0.169715 0.159743 
0.171033 0.167930 0.168073 0.165998 0.167031 0.159935 
0.166844 0.163089 0.163917 0.167243 0.180212 0.158695 
0.163336 0.162686 0.163397 0.172060 0.180698 0.157822 
0.168890 0.167123 0.167181 0.165848 0.166140 0.164819 
0.165735 0.166720 0.166981 0.167201 0.177309 0.156054 
0.175492 0.173577 0.173269 0.162564 0.160142 0.154957 
0.172319 0.170888 0.170353 0.170887 0.159671 0.155882 
0.171964 0.171157 0.171266 0.167100 0.173234 0.145280 
0.168486 0.166989 0.166592 0.171294 0.175503 0.151137 
0.165898 0.167123 0.167372 0.161330 0.171531 0.166746 
0.169640 0.172232 0.172147 0.163674 0.172787 0.149520 
0.170627 0.169678 0.169744 0.163680 0.164626 0.161646 
0.165004 0.165106 0.166487 0.168665 0.177393 0.157344 
0.166411 0.169005 0.168926 0.162237 0.156795 0.176626 
0.167754 0.169005 0.168381 0.171868 0.172163 0.150829 
0.169905 0.169678 0.170823 0.177813 0.175176 0.136605 
0.166411 0.167795 0.167246 0.164009 0.166873 0.167665 
0.168861 0.167795 0.168063 0.170208 0.171801 0.153273 
0.168869 0.167258 0.167692 0.170251 0.161257 0.164673 
0.172486 0.171426 0.172037 0.155813 0.160161 0.168078 
0.173216 0.173039 0.172967 0.165978 0.162316 0.152483 
0.167803 0.166585 0.166312 0.173597 0.163396 0.162307 
0.168464 0.169005 0.169280 0.162385 0.168012 0.162855 
0.174516 0.172501 0.172774 0.160680 0.161211 0.158317 
0.167834 0.167661 0.166881 0.159986 0.158079 0.179559 
0.172771 0.170753 0.171165 0.158001 0.161754 0.165556 
0.165589 0.166316 0.166058 0.166760 0.171531 0.163746 
0.167999 0.167258 0.166978 0.171525 0.170715 0.155526 
0.175048 0.174653 0.174712 0.163412 0.146911 0.165265 
0.166278 0.166316 0.166118 0.169678 0.170266 0.161344 
0.165809 0.166182 0.166421 0.168047 0.164350 0.169191 
0.171376 0.171963 0.171404 0.159312 0.162258 0.163687 
0.167689 0.168333 0.168964 0.171548 0.164487 0.158979 
0.166352 0.169409 0.169365 0.169918 0.172823 0.152134 
0.162562 0.163358 0.163413 0.163135 0.176003 0.171529 
0.168199 0.168199 0.168712 0.168822 0.177245 0.148823 
0.165486 0.165644 0.165452 0.166348 0.173814 0.163256 
0.174693 0.173980 0.173935 0.161915 0.161550 0.153928 
0.166228 0.167795 0.168106 0.169057 0.166980 0.161833 
0.169158 0.168737 0.168878 0.167207 0.161645 0.164376 
0.168693 0.168468 0.169326 0.163702 0.170256 0.159555 
0.167834 0.167661 0.167293 0.168452 0.167862 0.160897 
0.164501 0.167661 0.167002 0.170083 0.170325 0.160428 
0.166343 0.168199 0.167901 0.164776 0.170874 0.161908 
0.168342 0.167123 0.166704 0.173847 0.169911 0.154073 
0.170466 0.170484 0.170255 0.167344 0.170561 0.150889 
0.173168 0.172501 0.172530 0.160707 0.167643 0.153450 
0.166502 0.165779 0.165602 0.163820 0.167273 0.171024 
0.168998 0.170619 0.170930 0.172668 0.161070 0.155715 
0.167886 0.165375 0.165674 0.167364 0.168942 0.164758 
0.165909 0.164703 0.164216 0.165368 0.172272 0.167531 
0.162190 0.162955 0.163574 0.165753 0.179052 0.166477 
0.169000 0.169678 0.169071 0.162085 0.156471 0.173695 
0.167964 0.168064 0.168159 0.168184 0.174966 0.152663 
0.168812 0.169947 0.170122 0.163818 0.168504 0.158797 
0.169730 0.169140 0.168520 0.168987 0.169846 0.153777 
0.167180 0.167930 0.167365 0.164106 0.155098 0.178321 
0.164711 0.166316 0.165921 0.165133 0.165816 0.172102 
0.171116 0.168468 0.168032 0.175544 0.176873 0.139968 
0.171641 0.169678 0.169172 0.165838 0.163577 0.160095 
0.167466 0.168468 0.168898 0.169730 0.167905 0.157532 
0.169464 0.169140 0.168390 0.167062 0.163965 0.161980 
0.166912 0.165375 0.165064 0.165948 0.164034 0.172666 
0.168713 0.170081 0.169855 0.161584 0.164326 0.165442 
0.171662 0.170619 0.171530 0.157134 0.162525 0.166530 
0.171571 0.169543 0.170317 0.168719 0.167519 0.152331 
0.169326 0.171560 0.170869 0.163327 0.160313 0.164605 
0.164867 0.166316 0.165752 0.169623 0.173243 0.160198 
0.170285 0.167526 0.167895 0.161273 0.173708 0.159312 
0.172773 0.169947 0.171009 0.165967 0.169021 0.151283 
0.167834 0.166585 0.166257 0.170348 0.168953 0.160022 
0.164950 0.166316 0.166219 0.171598 0.174016 0.156901 
0.173913 0.174653 0.174957 0.160164 0.164203 0.152110 
0.172980 0.172501 0.171875 0.163575 0.159350 0.159717 
0.166682 0.166182 0.165593 0.163735 0.158849 0.178959 
0.164190 0.164031 0.163996 0.168209 0.171423 0.168151 
0.170117 0.172232 0.172128 0.163935 0.157896 0.163691 
stomach
0.164109 0.165249 0.164545 0.167769 0.166202 0.172126 
0.165524 0.166327 0.165877 0.166988 0.172804 0.162479 
0.168368 0.171181 0.171005 0.162093 0.157811 0.169541 
0.164035 0.165114 0.165221 0.169295 0.163831 0.172504 
0.172159 0.172395 0.172875 0.159908 0.159929 0.162735 
0.166489 0.167406 0.168549 0.163637 0.169071 0.164848 
0.166813 0.169698 0.168883 0.171149 0.156879 0.166578 
0.171430 0.172125 0.171635 0.162794 0.154835 0.167180 
0.169162 0.168215 0.168121 0.162346 0.171662 0.160494 
0.171878 0.170777 0.170693 0.161353 0.164130 0.161168 
0.173557 0.174687 0.173659 0.166772 0.156697 0.154628 
0.165695 0.166462 0.166700 0.167329 0.175862 0.157953 
0.171154 0.172260 0.171923 0.165047 0.157293 0.162323 
0.167873 0.170642 0.171173 0.167645 0.172110 0.150558 
0.167173 0.165114 0.164447 0.167932 0.172952 0.162382 
0.167756 0.168754 0.167838 0.162624 0.158611 0.174418 
0.169148 0.170237 0.169733 0.165575 0.168456 0.156850 
0.167755 0.169294 0.169104 0.167954 0.170375 0.155518 
0.169041 0.172934 0.172169 0.178100 0.164545 0.143212 
0.171255 0.171855 0.172063 0.168801 0.163137 0.152889 
0.167985 0.169698 0.169059 0.167663 0.174879 0.150716 
0.167479 0.171316 0.171857 0.170618 0.174592 0.144138 
0.169349 0.169563 0.170224 0.168420 0.176409 0.146035 
0.165626 0.168485 0.169277 0.164962 0.164548 0.167102 
0.166545 0.168485 0.168874 0.169450 0.170010 0.156636 
0.165961 0.167810 0.167136 0.172306 0.168722 0.158065 
0.168780 0.171720 0.170869 0.165246 0.163942 0.159442 
0.162761 0.166732 0.167574 0.165927 0.173570 0.163436 
0.166856 0.167676 0.168434 0.164285 0.174481 0.158268 
0.165947 0.169833 0.170268 0.175235 0.166851 0.151865 
0.172006 0.174417 0.175280 0.167127 0.164442 0.146728 
0.167907 0.170237 0.171397 0.165924 0.168238 0.156297 
0.165446 0.167136 0.166710 0.165776 0.168044 0.166887 
0.169253 0.172260 0.172817 0.160498 0.166934 0.158239 
0.165688 0.168215 0.167653 0.170148 0.163801 0.164495 
0.169604 0.173204 0.173485 0.160684 0.156217 0.166806 
0.168980 0.172934 0.172417 0.169089 0.170866 0.145713 
0.166557 0.167676 0.167886 0.167948 0.165920 0.164014 
0.168008 0.169833 0.169697 0.169850 0.166568 0.156043 
0.166476 0.168350 0.168733 0.169120 0.154526 0.172796 
0.170338 0.172395 0.171462 0.170940 0.155055 0.159811 
0.164546 0.164844 0.164479 0.171041 0.168888 0.166203 
0.171167 0.170507 0.170863 0.167327 0.159317 0.160820 
0.166331 0.166732 0.167231 0.165368 0.172256 0.162082 
0.170511 0.174282 0.173440 0.167893 0.171087 0.142786 
0.171673 0.173473 0.173017 0.158723 0.159810 0.163303 
0.166752 0.169024 0.168869 0.164946 0.171688 0.158722 
0.167042 0.167271 0.167797 0.166498 0.170984 0.160408 
0.170690 0.173608 0.173335 0.168041 0.160138 0.154188 
0.169854 0.170642 0.170113 0.163921 0.161394 0.164077 
0.164619 0.167945 0.167435 0.165726 0.167767 0.166507 
0.170273 0.171586 0.170727 0.163548 0.164061 0.159805 
0.163726 0.162148 0.162413 0.168650 0.177943 0.165120 
0.168439 0.171046 0.170747 0.164927 0.174971 0.149870 
0.168173 0.168889 0.169188 0.161745 0.163078 0.168928 
0.168282 0.170642 0.170378 0.166902 0.159203 0.164593 
0.165569 0.167541 0.168091 0.169208 0.173349 0.156242 
0.162701 0.166193 0.166216 0.163966 0.167312 0.173612 
0.170627 0.169294 0.169336 0.165616 0.161489 0.163639 
0.161690 0.164709 0.164494 0.164593 0.176773 0.167741 
0.171541 0.172934 0.172129 0.162679 0.161812 0.158906 
0.164902 0.166327 0.165821 0.161436 0.162889 0.178625 
0.165992 0.170372 0.169605 0.164553 0.165624 0.163855 
0.168545 0.167945 0.167954 0.162240 0.172420 0.160896 
0.166518 0.170642 0.170281 0.167085 0.165298 0.160176 
0.160929 0.165114 0.164824 0.167516 0.159270 0.182347 
0.164263 0.167001 0.167858 0.163883 0.169831 0.167163 
0.169653 0.170237 0.170813 0.160311 0.171631 0.157354 
0.164070 0.167945 0.167673 0.163304 0.176961 0.160046 
0.164340 0.165518 0.165446 0.163148 0.163666 0.177882 
0.170796 0.171720 0.171376 0.164238 0.168433 0.153436 
0.172333 0.173204 0.172212 0.160955 0.157955 0.163341 
0.165346 0.169428 0.169733 0.173165 0.177228 0.145099 
0.162620 0.164844 0.165193 0.167616 0.171569 0.168159 
0.170312 0.169698 0.169391 0.164261 0.167944 0.158394 
0.167807 0.167406 0.167643 0.163343 0.158013 0.175788 
0.170462 0.171316 0.171411 0.166390 0.162597 0.157824 
0.167663 0.171181 0.171432 0.170848 0.164096 0.154780 
0.165564 0.169024 0.169439 0.171833 0.168437 0.155704 
0.166508 0.169833 0.169081 0.166935 0.170350 0.157293 
0.169488 0.172934 0.172628 0.164834 0.156917 0.163199 
0.166566 0.167541 0.168078 0.169502 0.162408 0.165905 
0.172691 0.173608 0.173654 0.159768 0.155864 0.164415 
0.172884 0.174147 0.175015 0.163027 0.170594 0.144334 
0.165641 0.167001 0.166819 0.162786 0.168486 0.169268 
0.164696 0.163900 0.163876 0.167308 0.179085 0.161135 
0.166284 0.169833 0.169927 0.167522 0.162407 0.164026 
0.169323 0.171181 0.171061 0.163097 0.171005 0.154333 
0.168093 0.170642 0.170643 0.163417 0.159211 0.167994 
0.167431 0.169428 0.168833 0.168817 0.164296 0.161195 
0.170004 0.172529 0.172529 0.169674 0.161703 0.153560 
0.168076 0.169698 0.169653 0.164765 0.169453 0.158354 
0.167031 0.169024 0.169529 0.164087 0.169613 0.160716 
0.166382 0.168889 0.168965 0.166710 0.171819 0.157235 
0.167303 0.168080 0.167918 0.172444 0.168279 0.155976 
0.173345 0.172664 0.172919