-2608245.225731
0
0.000000 0.000000 0.000000 0.000000 0.000000 0.000000 0.000000 0.000000 0.000000 0.000000 0.000001 0.000000 0.000000 0.000000 0.000000 0.000000 0.000358 0.000000 0.000173 0.000000 0.000421 0.000000 0.000000 0.000142 0.000000 0.000000 0.000000 0.000000 0.000000 0.000000 0.000000 0.000000 0.000000 0.000000 0.634256 0.000000 0.000000 0.000000 0.000000 0.000000 0.000000 0.000000 0.000000 0.000000 0.000000 0.000000 0.000000 0.000408 0.000000 0.000000 0.000000 0.000000 0.000000 0.000000 0.000000 0.000000 0.017383 0.000001 0.324282 0.018430 0.000000 0.000000 0.000000 0.000000 0.000000 0.000000 0.000000 0.000000 0.000000 0.000000 0.000000 0.000000 0.000000 0.000000 0.000000 0.000568 0.000000 0.000000 0.000000 0.000000 0.000000 0.000000 0.000000 0.000000 0.000000 0.000000 0.000000 0.000000 0.000000 0.000000 0.000000 0.000000 0.000113 0.000000 0.000000 0.003435 
0.000000 0.000000 0.000000 0.000000 0.000000 0.000000 0.000000 0.000000 0.000000 0.000000 0.000001 0.000000 0.000000 0.000000 0.000000 0.000000 0.000000 0.000000 0.000000 0.000000 0.000001 0.000000 0.000000 0.000000 0.000000 0.000001 0.000000 0.000000 0.000000 0.000000 0.000000 0.000000 0.000000 0.000000 0.000001 0.000000 0.000000 0.000000 0.000000 0.000000 0.000000 0.000000 0.000000 0.000000 0.000000 0.000000 0.000000 0.000001 0.000000 0.000000 0.000000 0.000000 0.000000 0.000000 0.000000 0.000000 0.001777 0.000001 0.998186 0.000000 0.000000 0.000000 0.000000 0.000000 0.000000 0.000000 0.000000 0.000000 0.000000 0.000000 0.000000 0.000000 0.000000 0.000000 0.000000 0.000000 0.000000 0.000000 0.000000 0.000000 0.000000 0.000000 0.000000 0.000000 0.000000 0.000000 0.000000 0.000000 0.000000 0.000000 0.000000 0.000000 0.000001 0.000000 0.000000 0.000000 
0.000039 0.000007 0.000000 0.000000 0.000000 0.000000 0.000000 0.000000 0.001493 0.000013 0.000001 0.000013 0.000013 0.000000 0.000000 0.000000 0.000000 0.000000 0.000000 0.000000 0.000472 0.000007 0.000000 0.000000 0.000000 0.000001 0.000000 0.000000 0.000000 0.000000 0.000000 0.000000 0.000000 0.000007 0.005607 0.000007 0.000000 0.000000 0.000000 0.000000 0.000032 0.000019 0.000477 0.000000 0.000000 0.000000 0.000000 0.001860 0.000000 0.000013 0.000000 0.000000 0.000000 0.000000 0.000000 0.000000 0.044632 0.004687 0.937265 0.000000 0.000000 0.000000 0.000000 0.000000 0.000007 0.000000 0.000000 0.000013 0.000000 0.000000 0.000000 0.000039 0.000096 0.000000 0.000000 0.000000 0.000000 0.000000 0.000000 0.000000 0.000000 0.000000 0.002490 0.000000 0.000000 0.000000 0.000019 0.000013 0.000000 0.000007 0.000000 0.000000 0.000629 0.000000 0.000000 0.000000 
0.000000 0.000000 0.000000 0.000000 0.000000 0.000000 0.000000 0.000000 0.000000 0.000000 0.359615 0.000000 0.000000 0.000000 0.000000 0.000094 0.000000 0.000025 0.000000 0.000000 0.000110 0.000000 0.000000 0.000000 0.000000 0.000151 0.000000 0.000000 0.000000 0.000000 0.000000 0.000000 0.000000 0.000000 0.000001 0.000000 0.000000 0.000000 0.000000 0.000000 0.000000 0.000000 0.000000 0.000475 0.000107 0.000000 0.000019 0.001197 0.000019 0.000000 0.000000 0.000000 0.000000 0.000000 0.000000 0.000000 0.033338 0.000001 0.603900 0.000000 0.000000 0.000000 0.000000 0.000000 0.000000 0.000000 0.000000 0.000000 0.000000 0.000000 0.000000 0.000000 0.000000 0.000000 0.000000 0.000000 0.000000 0.000000 0.000000 0.000000 0.000000 0.000000 0.000000 0.000000 0.000000 0.000000 0.000000 0.000000 0.000044 0.000000 0.000000 0.000482 0.000393 0.000000 0.000000 0.000000 
0.000000 0.000000 0.000000 0.000007 0.000000 0.000000 0.000000 0.000000 0.000000 0.000000 0.383960 0.000000 0.000000 0.000000 0.000000 0.000000 0.000000 0.000000 0.000000 0.000306 0.000001 0.000000 0.000000 0.000000 0.000000 0.000025 0.000000 0.058442 0.000000 0.000000 0.000000 0.000000 0.000000 0.000000 0.000001 0.000000 0.000000 0.000000 0.000000 0.000000 0.000000 0.000000 0.000000 0.000000 0.000000 0.000000 0.000000 0.000237 0.000000 0.000000 0.000000 0.000000 0.000000 0.000000 0.000000 0.000000 0.013880 0.264373 0.276774 0.000000 0.000000 0.000000 0.000000 0.000000 0.000000 0.000000 0.000000 0.000000 0.000000 0.000000 0.000000 0.000000 0.000000 0.000000 0.000000 0.000000 0.000000 0.000000 0.000000 0.000000 0.000000 0.000000 0.000000 0.000000 0.000131 0.000000 0.000000 0.000000 0.000000 0.000000 0.000000 0.000000 0.001833 0.000000 0.000000 0.000000 
0.207611 0.197434 0.193799 0.202188 0.198967 
0.223181 0.192484 0.191326 0.201028 0.191980 
0.197180 0.205633 0.196764 0.199476 0.200947 
0.209172 0.198448 0.191791 0.194472 0.206117 
breast
0.201415 0.193633 0.192322 0.202494 0.210136 
0.199070 0.201579 0.198697 0.202080 0.198574 
0.198597 0.199851 0.196691 0.200134 0.204727 
0.222384 0.192526 0.189890 0.195277 0.199923 
0.207164 0.204565 0.198588 0.197708 0.191975 
0.191636 0.200815 0.198636 0.203328 0.205586 
0.198245 0.199350 0.198437 0.197975 0.205993 
0.201877 0.201452 0.198352 0.200272 0.198047 
0.200253 0.202486 0.196809 0.199416 0.201035 
0.199939 0.202877 0.200038 0.203550 0.193595 
0.188449 0.202431 0.201182 0.203762 0.204176 
0.197203 0.200735 0.195173 0.203422 0.203467 
0.203816 0.196634 0.193868 0.202271 0.203411 
0.206025 0.195624 0.196972 0.196353 0.205027 
0.204109 0.201428 0.198186 0.195591 0.200685 
0.210272 0.200321 0.198658 0.196436 0.194313 
0.199804 0.200321 0.196523 0.200887 0.202465 
0.194495 0.200456 0.195607 0.206074 0.203367 
0.205403 0.200822 0.193026 0.198930 0.201820 
0.197439 0.206428 0.199764 0.197562 0.198807 
0.204043 0.201595 0.198603 0.196907 0.198852 
0.202477 0.201332 0.195295 0.201141 0.199755 
0.194523 0.198705 0.194643 0.206340 0.205790 
0.193852 0.202853 0.198589 0.202297 0.202409 
0.194996 0.199867 0.197713 0.202143 0.205281 
0.192206 0.204143 0.199978 0.205035 0.198638 
0.207860 0.193919 0.189970 0.202346 0.205905 
0.197270 0.201507 0.194990 0.205303 0.200930 
0.203402 0.199469 0.195954 0.201292 0.199883 
0.222665 0.198346 0.193775 0.191620 0.193594 
0.201384 0.200942 0.197872 0.199656 0.200146 
0.202403 0.196762 0.193898 0.194166 0.212771 
0.199204 0.206476 0.200823 0.196047 0.197451 
0.209794 0.197160 0.193817 0.196173 0.203056 
0.206928 0.199055 0.196986 0.199350 0.197682 
0.202742 0.197032 0.190610 0.201440 0.208175 
0.206927 0.201077 0.195918 0.200351 0.195726 
0.205338 0.199271 0.196650 0.204806 0.193935 
0.211512 0.201770 0.198185 0.202544 0.185989 
0.202689 0.198203 0.195365 0.193894 0.209849 
0.198018 0.200870 0.194863 0.201685 0.204564 
0.202155 0.199660 0.195037 0.200750 0.202397 
0.199512 0.202200 0.197938 0.199168 0.201181 
0.209914 0.200965 0.193952 0.196770 0.198399 
0.201550 0.199390 0.197726 0.199198 0.202136 
0.198527 0.201738 0.197279 0.202558 0.199898 
0.200541 0.202049 0.198026 0.201942 0.197442 
0.204864 0.197344 0.195614 0.200158 0.202020 
0.204181 0.203857 0.200598 0.202948 0.188417 
0.195641 0.199803 0.195286 0.204260 0.205009 
0.203086 0.198203 0.193694 0.205384 0.199633 
0.202221 0.199803 0.195479 0.200534 0.201963 
0.193827 0.200759 0.197785 0.198306 0.209323 
0.200176 0.204724 0.199665 0.197382 0.198054 
0.192511 0.201269 0.198161 0.203208 0.204852 
0.205104 0.199668 0.196228 0.202233 0.196766 
0.198636 0.201906 0.198550 0.202445 0.198464 
0.195751 0.199198 0.196811 0.197035 0.211205 
0.203306 0.199874 0.193375 0.196867 0.206578 
0.208579 0.194740 0.192755 0.201633 0.202294 
0.215658 0.198553 0.195980 0.195092 0.194716 
0.201679 0.197495 0.197094 0.198036 0.205696 
0.205214 0.194954 0.189892 0.196381 0.213559 
0.194817 0.203865 0.200376 0.201397 0.199546 
0.205672 0.199811 0.194928 0.197065 0.202524 
0.211286 0.193744 0.190595 0.198721 0.205654 
0.217627 0.199055 0.195387 0.194936 0.192996 
0.209088 0.198315 0.197662 0.201738 0.193197 
0.202723 0.201547 0.195888 0.198066 0.201776 
0.199976 0.198626 0.197023 0.198475 0.205901 
0.210464 0.197598 0.193002 0.198266 0.200669 
0.214703 0.201810 0.200305 0.195142 0.188040 
0.212207 0.197765 0.193788 0.198085 0.198155 
0.205131 0.198641 0.192478 0.201588 0.202162 
0.209307 0.194740 0.190640 0.202407 0.202907 
0.198974 0.200353 0.197623 0.201050 0.201999 
0.201461 0.199971 0.196328 0.199387 0.202853 
0.215640 0.198378 0.194294 0.195828 0.195859 
0.204506 0.199890 0.193324 0.199966 0.202313 
0.200263 0.200209 0.195720 0.200533 0.203276 
0.199408 0.205361 0.199673 0.199473 0.196085 
0.197074 0.195973 0.192888 0.206763 0.207301 
0.212570 0.196778 0.192664 0.198864 0.199125 
0.209865 0.204087 0.199830 0.201084 0.185134 
0.204982 0.201404 0.198756 0.203409 0.191450 
0.202749 0.200202 0.197863 0.204409 0.194777 
0.201078 0.201237 0.197369 0.198681 0.201636 
0.202611 0.201053 0.196728 0.203837 0.195771 
0.204519 0.203593 0.198877 0.197112 0.195899 
0.206584 0.196197 0.194427 0.201735 0.201056 
0.208508 0.199931 0.196383 0.198870 0.196308 
0.199676 0.201253 0.195859 0.201924 0.201290 
0.201116 0.198569 0.194459 0.204874 0.200981 
0.199041 0.204350 0.201909 0.198647 0.196052 
0.197571 0.200807 0.197807 0.206037 0.197778 
0.201166 0.202535 0.197777 0.200399 0.198124 
0.201538 0.191865 0.189103 0.206677 0.210817 
0.210051 0.193290 0.190928 0.196172 0.209559 
0.203354 0.199533 0.196559 0.205291 0.195262 
0.214022 0.194022 0.187841 0.197793 0.206321 
prostate
0.203738 0.201327 0.196649 0.200015 0.198271 
0.216050 0.196750 0.195256 0.195259 0.196685 
0.200923 0.202903 0.196379 0.201848 0.197948 
0.204876 0.198947 0.195075 0.202741 0.198362 
0.206787 0.201431 0.199012 0.199034 0.193736 
0.200837 0.205450 0.199525 0.197038 0.197149 
0.192974 0.206486 0.202020 0.207018 0.191502 
0.200590 0.201295 0.196610 0.197989 0.203516 
0.199376 0.198924 0.197677 0.202135 0.201888 
0.221494 0.195612 0.191909 0.198975 0.192010 
0.198661 0.196512 0.193991 0.201005 0.209831 
0.204432 0.203445 0.199303 0.197448 0.195372 
0.198630 0.201462 0.196705 0.204375 0.198827 
0.200411 0.195970 0.193350 0.199046 0.211223 
0.206090 0.203229 0.199100 0.196497 0.195083 
0.198067 0.199600 0.197139 0.197837 0.207357 
0.199693 0.199736 0.200070 0.201242 0.199259 
0.205524 0.200555 0.195866 0.199580 0.198475 
0.215259 0.193001 0.191238 0.197146 0.203357 
0.191643 0.196145 0.193758 0.202881 0.215572 
0.212968 0.190612 0.187345 0.195675 0.213400 
0.194911 0.198772 0.194063 0.206609 0.205645 
0.211302 0.200277 0.196372 0.196908 0.195141 
0.199695 0.198270 0.195250 0.205729 0.201056 
0.207240 0.201749 0.196596 0.199701 0.194714 
0.199895 0.198350 0.195085 0.204098 0.202572 
0.216355 0.196885 0.193808 0.193403 0.199548 
0.207274 0.197792 0.193856 0.202539 0.198538 
0.201130 0.205522 0.203407 0.202242 0.187699 
0.194404 0.196137 0.194272 0.203195 0.211991 
0.204283 0.200045 0.195452 0.198501 0.201718 
0.209752 0.199201 0.192849 0.196320 0.201877 
0.200096 0.202855 0.196434 0.202448 0.198167 
0.211184 0.196654 0.191546 0.195495 0.205121 
0.207339 0.199910 0.195706 0.197970 0.199074 
0.209605 0.194195 0.191743 0.199369 0.205089 
0.215599 0.197905 0.195418 0.194448 0.196631 
0.205932 0.199545 0.198936 0.198138 0.197450 
0.201733 0.201549 0.195547 0.195583 0.205588 
0.198405 0.202593 0.196170 0.203187 0.199645 
0.189332 0.203850 0.197607 0.199639 0.209572 
0.206336 0.197260 0.194000 0.196433 0.205972 
0.206750 0.201629 0.197269 0.201149 0.193203 
0.198812 0.199433 0.195581 0.201463 0.204712 
0.210100 0.196368 0.192991 0.198324 0.202218 
0.202431 0.199313 0.195786 0.201433 0.201036 
0.209308 0.202784 0.198306 0.196608 0.192994 
0.199777 0.198112 0.196214 0.200944 0.204953 
0.196116 0.202338 0.198686 0.201520 0.201339 
0.211254 0.197913 0.194723 0.197850 0.198260 
0.189266 0.194044 0.191996 0.210108 0.214586 
0.214487 0.197673 0.194007 0.198467 0.195366 
0.199601 0.199831 0.199251 0.200424 0.200893 
0.191327 0.203747 0.201112 0.205089 0.198724 
0.211223 0.198262 0.192874 0.198365 0.199276 
0.198845 0.202609 0.198117 0.202083 0.198347 
0.201704 0.204400 0.201970 0.196880 0.195046 
0.195154 0.203691 0.197351 0.198752 0.205052 
0.200244 0.206581 0.201565 0.199650 0.191960 
0.194677 0.207106 0.203015 0.200756 0.194446 
0.199580 0.202004 0.199438 0.199283 0.199695 
0.205885 0.199926 0.197406 0.200293 0.196490 
0.194035 0.198032 0.194262 0.202399 0.211273 
0.214975 0.197276 0.194558 0.194883 0.198307 
0.186122 0.203110 0.197898 0.207628 0.205242 
0.212175 0.195962 0.192328 0.198667 0.200868 
0.208154 0.195110 0.190762 0.201033 0.204941 
0.212142 0.199775 0.196607 0.197683 0.193794 
0.206425 0.203866 0.198700 0.196002 0.195007 
0.200978 0.200332 0.194085 0.201451 0.203154 
0.204124 0.200412 0.196176 0.199061 0.200228 
0.206224 0.202609 0.198978 0.196371 0.195818 
0.201326 0.200324 0.194703 0.200203 0.203444 
0.214583 0.196567 0.193358 0.195959 0.199533 
0.195533 0.205666 0.202284 0.198352 0.198165 
0.195443 0.200269 0.199302 0.201263 0.203724 
0.209226 0.197093 0.194200 0.199160 0.200321 
0.207307 0.192794 0.191269 0.198458 0.210172 
0.205734 0.196535 0.192044 0.201242 0.204445 
0.191408 0.196065 0.191901 0.204727 0.215898 
0.200332 0.200722 0.197501 0.196618 0.204827 
0.207622 0.201637 0.197938 0.198468 0.194336 
0.192563 0.198589 0.196388 0.200949 0.211510 
0.198143 0.202338 0.197729 0.201306 0.200483 
0.206297 0.196503 0.191726 0.201020 0.204455 
0.200625 0.195747 0.191330 0.202292 0.210006 
0.201849 0.198828 0.196019 0.196420 0.206885 
0.207765 0.195612 0.191980 0.196973 0.207670 
0.190672 0.197061 0.193366 0.204914 0.213987 
0.210317 0.199043 0.197273 0.198886 0.194480 
0.199871 0.203763 0.200256 0.204425 0.191685 
0.204823 0.194640 0.191350 0.201304 0.207882 
0.199411 0.206621 0.202831 0.197645 0.193492 
0.205284 0.197857 0.194194 0.196216 0.206450 
0.185917 0.201502 0.197639 0.198788 0.216153 
0.204797 0.195501 0.193449 0.197846 0.208407 
0.191886 0.206780 0.203105 0.199346 0.198883 
0.201831 0.200308 0.194249 0.199540 0.204073 
0.204807 0.203237 0.199285 0.201623 0.191048 
0.195003 0.196988 0.193028 0.207793 0.207188 
skin
0.205496 0.196347 0.191921 0.200740 0.205496 
0.201294 0.200131 0.197833 0.201979 0.198763 
0.202571 0.202297 0.198255 0.201328 0.195550 
0.202980 0.202416 0.198272 0.195997 0.200336 
0.202751 0.197254 0.192904 0.198997 0.208094 
0.204237 0.201707 0.200646 0.198994 0.194415 
0.202517 0.204104 0.197999 0.198235 0.197145 
0.203380 0.203690 0.199566 0.200290 0.193074 
0.202062 0.200329 0.196167 0.199074 0.202369 
0.203704 0.201906 0.196568 0.203120 0.194702 
0.215713 0.195423 0.191836 0.197398 0.199631 
0.206080 0.204072 0.196992 0.197697 0.195158 
0.205414 0.195232 0.190920 0.200077 0.208357 
0.204257 0.202344 0.196013 0.201703 0.195684 
0.208336 0.200536 0.196397 0.199533 0.195198 
0.202577 0.197550 0.196730 0.197084 0.206059 
0.201998 0.199445 0.196713 0.197263 0.204581 
0.201461 0.201492 0.198033 0.197372 0.201642 
0.199799 0.203730 0.200308 0.201592 0.194571 
0.211875 0.202384 0.197992 0.191286 0.196463 
0.206928 0.196626 0.194469 0.199919 0.202058 
0.205469 0.196060 0.192643 0.200547 0.205281 
0.197902 0.199485 0.197093 0.201828 0.203691 
0.206617 0.198903 0.195188 0.199045 0.200247 
0.207391 0.193121 0.188288 0.198214 0.212985 
0.199891 0.192691 0.189684 0.203191 0.214543 
0.211821 0.197924 0.193156 0.198333 0.198766 
0.195154 0.197534 0.195314 0.201100 0.210897 
0.201592 0.205601 0.201726 0.197509 0.193571 
0.201767 0.202432 0.197648 0.204505 0.193649 
0.188037 0.202798 0.199531 0.202059 0.207574 
0.195261 0.197796 0.194270 0.204006 0.208666 
0.207072 0.197972 0.195038 0.195449 0.204470 
0.192887 0.203993 0.199081 0.197739 0.206301 
0.202097 0.201070 0.199270 0.199240 0.198322 
0.198615 0.195582 0.192931 0.201729 0.211143 
0.215967 0.200226 0.197071 0.196786 0.189951 
0.195996 0.200138 0.194415 0.203833 0.205619 
0.182946 0.200926 0.197077 0.209686 0.209364 
0.211675 0.198712 0.193636 0.196333 0.199644 
0.196819 0.198776 0.195311 0.203585 0.205509 
0.211832 0.198067 0.193311 0.202344 0.194446 
0.209446 0.203133 0.201439 0.192394 0.193589 
0.198440 0.204972 0.200136 0.200555 0.195897 
0.205134 0.197327 0.194156 0.206131 0.197252 
0.208408 0.200146 0.194897 0.195733 0.200817 
0.203940 0.204359 0.200837 0.196068 0.194796 
0.217662 0.198713 0.196257 0.195618 0.191750 
0.212798 0.202232 0.197918 0.192625 0.194426 
0.206111 0.197000 0.192737 0.199377 0.204775 
0.199667 0.198123 0.193415 0.204159 0.204637 
0.210449 0.206900 0.202440 0.199757 0.180455 
0.202750 0.197032 0.193467 0.202934 0.203818 
0.208069 0.196913 0.194899 0.202192 0.197928 
0.204908 0.203754 0.200298 0.195333 0.195707 
0.202350 0.199373 0.195653 0.204128 0.198496 
0.196591 0.200583 0.195411 0.201552 0.205862 
0.205701 0.193592 0.193472 0.197417 0.209817 
0.190667 0.199270 0.196178 0.202662 0.211223 
0.203956 0.196236 0.193305 0.199785 0.206718 
0.201489 0.206047 0.201347 0.196490 0.194627 
0.205870 0.198728 0.193809 0.201221 0.200372 
0.208606 0.199867 0.195952 0.200568 0.195007 
0.200562 0.199597 0.197343 0.198495 0.204004 
0.204890 0.198593 0.193947 0.201461 0.201109 
0.200673 0.198601 0.193940 0.202675 0.204112 
0.203939 0.199238 0.194475 0.198171 0.204176 
0.198655 0.197964 0.193239 0.206299 0.203842 
0.195027 0.201946 0.197614 0.201298 0.204116 
0.198120 0.204343 0.200478 0.196050 0.201009 
0.214052 0.196379 0.192260 0.197060 0.200250 
0.199412 0.202081 0.197980 0.205610 0.194918 
0.205333 0.195941 0.195245 0.201060 0.202421 
0.211384 0.195089 0.190743 0.197575 0.205210 
0.211294 0.192946 0.187874 0.196464 0.211423 
0.216475 0.200998 0.196612 0.196250 0.189665 
0.195589 0.199079 0.195206 0.201553 0.208573 
0.196316 0.201413 0.200124 0.199893 0.202253 
0.195856 0.200377 0.197579 0.202752 0.203435 
0.224885 0.198839 0.192869 0.196191 0.187215 
0.210048 0.197048 0.194871 0.198851 0.199182 
0.187905 0.199509 0.194107 0.207409 0.211071 
0.204847 0.200998 0.197359 0.199731 0.197066 
0.200481 0.199549 0.195779 0.202542 0.201650 
0.205471 0.200353 0.196335 0.200514 0.197327 
0.212838 0.195957 0.193977 0.199535 0.197692 
0.207838 0.201476 0.197036 0.196190 0.197461 
0.207372 0.202161 0.201151 0.193517 0.195798 
0.195766 0.200871 0.198811 0.203119 0.201432 
0.205245 0.203252 0.199435 0.198300 0.193768 
0.206298 0.196928 0.190085 0.200463 0.206227 
0.208882 0.198369 0.193128 0.193666 0.205955 
0.198740 0.201277 0.198279 0.199596 0.202109 
0.201773 0.197343 0.194872 0.203392 0.202619 
0.198695 0.196992 0.192810 0.203894 0.207610 
0.197101 0.206884 0.202576 0.195728 0.197712 
0.206952 0.204311 0.198656 0.197919 0.192161 
0.217616 0.196937 0.194488 0.198441 0.192518 
0.205277 0.194396 0.193246 0.202145 0.204936 
0.204484 0.204065 0.200321 0.199318 0.191813 
stomach
0.215303 0.195007 0.191007 0.199521 0.199161 
0.205690 0.196297 0.192247 0.199424 0.206343 
0.209440 0.202078 0.199556 0.197381 0.191546 
0.216009 0.194856 0.190992 0.200945 0.197198 
0.208138 0.203463 0.199911 0.195162 0.193326 
0.207752 0.197571 0.195161 0.197065 0.202451 
0.206015 0.200350 0.196769 0.205288 0.191579 
0.210244 0.203200 0.199928 0.197942 0.188686 
0.207999 0.198510 0.193495 0.195190 0.204807 
0.207947 0.201560 0.197227 0.195922 0.197344 
0.199920 0.206186 0.201557 0.201366 0.190971 
0.202074 0.196440 0.192395 0.199346 0.209744 
0.204668 0.203359 0.199720 0.200348 0.191904 
0.190483 0.201457 0.199373 0.202326 0.206361 
0.204353 0.194928 0.192805 0.201112 0.206802 
0.214513 0.199235 0.196630 0.197232 0.192390 
0.201609 0.200867 0.197211 0.198240 0.202072 
0.198260 0.199808 0.196718 0.201061 0.204152 
0.189102 0.204035 0.198030 0.210014 0.198819 
0.201252 0.202778 0.197804 0.201567 0.196599 
0.200763 0.200174 0.192463 0.198742 0.207859 
0.187804 0.202157 0.198223 0.203430 0.208386 
0.190406 0.200143 0.197091 0.202129 0.210232 
0.201367 0.198981 0.199262 0.201035 0.199354 
0.200458 0.198821 0.194902 0.202062 0.203757 
0.200594 0.198025 0.194678 0.204181 0.202523 
0.202037 0.202690 0.197960 0.199517 0.197796 
0.201287 0.196831 0.194716 0.199718 0.207448 
0.198977 0.197953 0.196000 0.198602 0.208467 
0.193575 0.200445 0.196521 0.207960 0.201499 
0.193815 0.205803 0.201661 0.200710 0.198011 
0.198396 0.200931 0.198363 0.200042 0.202268 
0.205869 0.197308 0.195391 0.199638 0.201794 
0.205230 0.203247 0.197663 0.193855 0.200004 
0.204695 0.198566 0.195199 0.203613 0.197927 
0.210471 0.204402 0.200528 0.195059 0.189540 
0.189621 0.204091 0.198408 0.202718 0.205161 
0.203091 0.197945 0.196777 0.201628 0.200558 
0.194071 0.200541 0.198064 0.205044 0.202280 
0.212952 0.198734 0.196219 0.202831 0.189265 
0.204885 0.203463 0.197946 0.204479 0.189227 
0.207676 0.194569 0.191653 0.203265 0.202836 
0.204982 0.201249 0.199082 0.201541 0.193145 
0.208010 0.196743 0.192386 0.197405 0.205457 
0.190872 0.205612 0.198285 0.200475 0.204755 
0.208337 0.204736 0.200065 0.193853 0.193009 
0.199633 0.199530 0.195900 0.199228 0.205710 
0.206478 0.197364 0.193377 0.198483 0.204298 
0.194476 0.204976 0.201997 0.203806 0.194745 
0.209333 0.201384 0.197017 0.197715 0.194551 
0.203086 0.198304 0.196117 0.200386 0.202107 
0.203271 0.202531 0.198571 0.197936 0.197691 
0.205646 0.191425 0.189838 0.201403 0.211689 
0.196751 0.201790 0.196035 0.197349 0.208075 
0.210135 0.199379 0.196709 0.197099 0.196678 
0.206859 0.201401 0.197390 0.200807 0.193543 
0.193683 0.197786 0.197878 0.202936 0.207716 
0.212035 0.196162 0.193222 0.196909 0.201673 
0.209410 0.199800 0.196710 0.199120 0.194960 
0.204258 0.194474 0.192247 0.198537 0.210484 
0.203089 0.204132 0.199526 0.197641 0.195613 
0.214641 0.196417 0.195687 0.196678 0.196577 
0.200366 0.201154 0.199169 0.199553 0.199757 
0.209768 0.198128 0.192871 0.193907 0.205326 
0.202311 0.201384 0.196670 0.200946 0.198688 
0.217633 0.194928 0.193297 0.201045 0.193096 
0.200411 0.197261 0.198144 0.199699 0.204485 
0.199377 0.200979 0.198545 0.195850 0.205250 
0.199953 0.198224 0.194230 0.196601 0.210992 
0.220055 0.195342 0.192356 0.195770 0.196478 
0.199154 0.202658 0.197940 0.198220 0.202028 
0.206810 0.204466 0.200532 0.196380 0.191812 
0.184426 0.200007 0.196805 0.206801 0.211960 
0.208682 0.194569 0.191390 0.200178 0.205180 
0.202857 0.200318 0.196514 0.198709 0.201603 
0.213132 0.197715 0.196967 0.199868 0.192317 
0.205640 0.202133 0.196977 0.199204 0.196047 
0.200366 0.201973 0.196334 0.203039 0.198287 
0.198106 0.199482 0.195431 0.204498 0.202482 
0.197417 0.200493 0.196399 0.201061 0.204630 
0.208227 0.204067 0.198873 0.198473 0.190359 
0.206608 0.197770 0.195684 0.202895 0.197042 
0.210485 0.204896 0.199917 0.195090 0.189612 
0.190205 0.205525 0.202249 0.197885 0.204136 
0.209386 0.197117 0.195622 0.196040 0.201836 
0.207682 0.193359 0.189469 0.197738 0.211752 
0.205538 0.200429 0.197139 0.200785 0.196109 
0.200163 0.201997 0.196826 0.196628 0.204385 
0.210751 0.201401 0.197575 0.197443 0.192830 
0.200510 0.200015 0.197403 0.202884 0.199188 
0.195057 0.203646 0.201299 0.204122 0.195877 
0.195949 0.200382 0.199730 0.200168 0.203771 
0.199415 0.199562 0.198454 0.199027 0.203542 
0.197528 0.199346 0.197184 0.200326 0.205616 
0.205624 0.198263 0.191729 0.202747 0.201638 
0.198430 0.203805 0.200901 0.201831 0.195032 
0.212808 0.195414 0.193109 0.193170 0.205499 
0.212519 0.196950 0.193909 0.196730 0.199892 
0.198063 0.203964 0.200279 0.203586 0.194107 
0.197644 0.199123 0.193685 0.203377 0.206170 
0.629346 0.613065 0.604274 0.61373 0.614829 
6.49539 0.930058 -5.0947 1.17301 2.53399 -3.79837e-270 3.3096e-009 3.30273e-009 3.3029e-009 0.482789 0.517211 -3.7993e-270 nan 2.122e-314 0 0 1.97626e-320 -3.80022e-270 0.629346 0.613065 0.604274 0.61373 0.614829 -3.80115e-270 3.3096e-009 3.30273e-009 3.3029e-009 0.482789 0.517211 -3.80207e-270 3.3096e-009 3.30273e-009 3.3029e-009 0.482789 0.517211 -3.80299e-270 3.3096e-009 3.30273e-009 3.3029e-009 0.482789 0.517211 0 0 0 0 1.50223e-154 2.30031e-317 1.61896e-317 4.25983e-317 4.25983e-317 1.62076e-317 4.25883e-317 0 0 6.36651e-314 6.47676e-319 0 4.94066e-324 0 0 0 0 2.17505e-311 4.14453e-317 2.13648e-316 0 1.62095e-317 4.2713e-317 0 0 2.12222e-314 1.28457e-322 0 3.45846e-323 1.62104e-317 2.29405e-317 0 0 1.06103e-313 1.29528e-318 0 3.45846e-323 1.62076e-317 2.30081e-317 0 0 6.36741e-314 6.48412e-319 0 4.94066e-324 1.62076e-317 2.20259e-316 0 0 6.38567e-314 6.50936e-319 
