-2075886.861858
0
0.000000 0.000000 0.000000 0.000000 0.000000 0.000000 0.000000 0.000000 0.000000 0.000000 0.103579 0.000000 0.000000 0.000000 0.000000 0.000046 0.000178 0.000013 0.000086 0.000000 0.000372 0.000000 0.000000 0.000071 0.000000 0.000000 0.000000 0.028820 0.000000 0.000000 0.000000 0.000000 0.000000 0.000000 0.318016 0.000003 0.000000 0.000000 0.000000 0.000000 0.000016 0.000000 0.000052 0.000234 0.000000 0.000000 0.000000 0.001046 0.000000 0.000000 0.000000 0.000000 0.000000 0.000000 0.000000 0.000000 0.025614 0.000000 0.509731 0.009182 0.000000 0.000000 0.000000 0.000000 0.000003 0.000000 0.000000 0.000000 0.000000 0.000000 0.000000 0.000000 0.000000 0.000000 0.000000 0.000283 0.000000 0.000000 0.000000 0.000000 0.000000 0.000000 0.000000 0.000000 0.000000 0.000000 0.000000 0.000000 0.000000 0.000000 0.000000 0.000065 0.000867 0.000000 0.000000 0.001711 
0.000000 0.000000 0.000000 0.000000 0.000000 0.000000 0.000000 0.000000 0.000000 0.000000 0.269667 0.000000 0.000000 0.000000 0.000000 0.000000 0.000000 0.000000 0.000000 0.000000 0.000000 0.000000 0.000000 0.000000 0.000000 0.000000 0.000000 0.000000 0.000000 0.000000 0.000000 0.000000 0.000000 0.000000 0.000001 0.000000 0.000000 0.000000 0.000000 0.000000 0.000000 0.000000 0.000000 0.000000 0.000000 0.000000 0.000000 0.000000 0.000000 0.000000 0.000000 0.000000 0.000000 0.000000 0.000000 0.000000 0.009547 0.000000 0.720700 0.000000 0.000000 0.000000 0.000000 0.000000 0.000000 0.000000 0.000000 0.000000 0.000000 0.000000 0.000000 0.000000 0.000000 0.000000 0.000000 0.000000 0.000000 0.000000 0.000000 0.000000 0.000000 0.000000 0.000000 0.000000 0.000067 0.000000 0.000000 0.000000 0.000000 0.000000 0.000000 0.000000 0.000000 0.000000 0.000000 0.000000 
0.000039 0.000007 0.000000 0.000007 0.000000 0.000000 0.000000 0.000000 0.001492 0.000013 0.000002 0.000013 0.000013 0.000000 0.000000 0.000000 0.000000 0.000000 0.000000 0.000311 0.000249 0.000007 0.000000 0.000000 0.000000 0.000178 0.000000 0.000001 0.000000 0.000000 0.000000 0.000000 0.000000 0.000007 0.001423 0.000000 0.000000 0.000000 0.000000 0.000000 0.000000 0.000019 0.000369 0.000000 0.000108 0.000000 0.000019 0.001572 0.000019 0.000013 0.000000 0.000000 0.000000 0.000000 0.000000 0.000000 0.040151 0.273972 0.675679 0.000001 0.000000 0.000000 0.000000 0.000000 0.000000 0.000000 0.000000 0.000013 0.000000 0.000000 0.000000 0.000039 0.000096 0.000000 0.000000 0.000000 0.000000 0.000000 0.000000 0.000000 0.000000 0.000000 0.002488 0.000000 0.000000 0.000000 0.000019 0.000013 0.000045 0.000007 0.000000 0.000356 0.001218 0.000000 0.000000 0.000001 
0.496825 0.345638 0.157538 
0.458855 0.373068 0.168077 
0.330564 0.454632 0.214805 
0.192811 0.615986 0.191203 
breast
0.433485 0.394835 0.171680 
0.433191 0.398540 0.168269 
0.434889 0.395628 0.169483 
0.448333 0.384373 0.167294 
0.441248 0.395506 0.163247 
0.428647 0.398835 0.172518 
0.430587 0.391126 0.178288 
0.441927 0.396482 0.161591 
0.437019 0.397226 0.165755 
0.432009 0.400702 0.167289 
0.422476 0.400569 0.176955 
0.432696 0.402348 0.164956 
0.441462 0.397358 0.161179 
0.443861 0.384982 0.171157 
0.442020 0.389045 0.168935 
0.438976 0.389016 0.172008 
0.431841 0.395852 0.172307 
0.434609 0.404826 0.160565 
0.436931 0.397169 0.165901 
0.433561 0.396239 0.170200 
0.436425 0.391865 0.171710 
0.436297 0.399233 0.164470 
0.430031 0.403832 0.166137 
0.425631 0.400310 0.174059 
0.432631 0.398308 0.169062 
0.429791 0.404399 0.165810 
0.442438 0.396755 0.160807 
0.434690 0.405732 0.159578 
0.436616 0.397421 0.165964 
0.448917 0.382840 0.168243 
0.435795 0.394417 0.169788 
0.440202 0.386464 0.173334 
0.433640 0.392404 0.173956 
0.438129 0.388581 0.173289 
0.440629 0.393443 0.165928 
0.435997 0.398297 0.165706 
0.441173 0.397635 0.161192 
0.441300 0.399983 0.158717 
0.446539 0.398004 0.155457 
0.436319 0.386377 0.177304 
0.434095 0.400170 0.165736 
0.437255 0.397244 0.165501 
0.433896 0.396026 0.170078 
0.443419 0.393631 0.162949 
0.434062 0.392967 0.172971 
0.435971 0.400560 0.163469 
0.435106 0.399843 0.165051 
0.439849 0.392491 0.167661 
0.438164 0.401040 0.160796 
0.436560 0.402701 0.160739 
0.440351 0.402567 0.157081 
0.434367 0.397305 0.168328 
0.426119 0.392875 0.181005 
0.431679 0.394647 0.173674 
0.433202 0.398178 0.168620 
0.442015 0.398404 0.159581 
0.433698 0.399783 0.166520 
0.431719 0.390985 0.177297 
0.433885 0.393043 0.173071 
0.445704 0.395224 0.159072 
0.444688 0.386422 0.168891 
0.438979 0.390473 0.170548 
0.439774 0.389735 0.170491 
0.430215 0.397883 0.171903 
0.438812 0.391628 0.169560 
0.443571 0.390976 0.165453 
0.445344 0.387686 0.166969 
0.444319 0.394698 0.160983 
0.437476 0.394621 0.167903 
0.434016 0.391103 0.174881 
0.445242 0.392290 0.162468 
0.444633 0.386173 0.169194 
0.445053 0.391512 0.163435 
0.439705 0.397792 0.162504 
0.444272 0.396303 0.159424 
0.432503 0.396893 0.170604 
0.431531 0.395598 0.172870 
0.445828 0.388198 0.165974 
0.438489 0.396442 0.165069 
0.434764 0.397604 0.167632 
0.432102 0.397842 0.170057 
0.431767 0.402708 0.165524 
0.445512 0.392741 0.161746 
0.443349 0.399159 0.157492 
0.443535 0.401396 0.155069 
0.439725 0.400710 0.159566 
0.437369 0.394978 0.167652 
0.438141 0.401711 0.160147 
0.431857 0.394377 0.173766 
0.440313 0.394578 0.165109 
0.442102 0.393606 0.164292 
0.436714 0.398888 0.164399 
0.432354 0.401333 0.166313 
0.435345 0.394669 0.169986 
0.436206 0.403072 0.160722 
0.434215 0.398069 0.167716 
0.438748 0.401235 0.160017 
0.436884 0.386236 0.176880 
0.441887 0.403101 0.155012 
0.447866 0.391376 0.160757 
prostate
0.439587 0.402716 0.157696 
0.442293 0.394407 0.163301 
0.434125 0.408801 0.157073 
0.436612 0.406462 0.156926 
0.440088 0.401037 0.158876 
0.434150 0.402609 0.163242 
0.431449 0.416772 0.151779 
0.435332 0.401659 0.163009 
0.434815 0.402773 0.162412 
0.449417 0.399477 0.151105 
0.431249 0.401682 0.167070 
0.437022 0.400337 0.162642 
0.431949 0.411045 0.157006 
0.436846 0.399766 0.163388 
0.437760 0.400621 0.161619 
0.433006 0.399030 0.167964 
0.433400 0.401889 0.164711 
0.439697 0.402562 0.157741 
0.447888 0.392640 0.159472 
0.424915 0.404002 0.171084 
0.443427 0.393635 0.162938 
0.429807 0.413546 0.156647 
0.444040 0.398167 0.157792 
0.436237 0.412044 0.151719 
0.442596 0.404992 0.152411 
0.432071 0.407276 0.160653 
0.446589 0.391479 0.161932 
0.435307 0.407224 0.157469 
0.439242 0.408800 0.151958 
0.427157 0.405008 0.167834 
0.434386 0.401191 0.164423 
0.440126 0.399203 0.160671 
0.435821 0.407579 0.156600 
0.439593 0.395592 0.164815 
0.442009 0.400124 0.157866 
0.443277 0.399790 0.156933 
0.448009 0.392406 0.159585 
0.435842 0.398940 0.165218 
0.433399 0.399270 0.167331 
0.431039 0.411124 0.157837 
0.423169 0.405716 0.171115 
0.438410 0.395415 0.166175 
0.441966 0.406633 0.151401 
0.429180 0.404894 0.165926 
0.439934 0.400192 0.159874 
0.437673 0.403629 0.158697 
0.441959 0.397370 0.160670 
0.432286 0.400753 0.166960 
0.430821 0.406102 0.163077 
0.447373 0.397935 0.154692 
0.426854 0.413808 0.159338 
0.449165 0.399787 0.151048 
0.434451 0.402542 0.163008 
0.426580 0.411516 0.161904 
0.443699 0.400919 0.155382 
0.434512 0.408235 0.157253 
0.434247 0.399512 0.166241 
0.431692 0.404038 0.164270 
0.433245 0.407408 0.159346 
0.427164 0.406617 0.166220 
0.433875 0.403093 0.163032 
0.441171 0.403921 0.154909 
0.429407 0.405735 0.164858 
0.442447 0.393402 0.164151 
0.424072 0.414970 0.160958 
0.441126 0.399171 0.159704 
0.439759 0.402909 0.157331 
0.446137 0.398695 0.155168 
0.437769 0.399708 0.162523 
0.434343 0.406758 0.158899 
0.437013 0.401413 0.161575 
0.438968 0.399884 0.161148 
0.436089 0.405223 0.158689 
0.446667 0.395748 0.157585 
0.430651 0.403414 0.165935 
0.432583 0.404620 0.162797 
0.441084 0.400190 0.158727 
0.439390 0.397001 0.163609 
0.439087 0.403405 0.157508 
0.426147 0.407531 0.166322 
0.432367 0.398150 0.169482 
0.441860 0.400180 0.157960 
0.428659 0.402156 0.169184 
0.432942 0.405739 0.161319 
0.437720 0.403437 0.158843 
0.431634 0.404538 0.163828 
0.434530 0.396697 0.168773 
0.435937 0.396936 0.167128 
0.425918 0.408936 0.165146 
0.441262 0.399680 0.159058 
0.436452 0.410229 0.153320 
0.437859 0.403404 0.158737 
0.435800 0.402589 0.161611 
0.438496 0.395541 0.165964 
0.421359 0.401292 0.177350 
0.438545 0.397207 0.164248 
0.422643 0.405720 0.171637 
0.436078 0.403968 0.159954 
0.437105 0.407603 0.155292 
0.430328 0.414364 0.155308 
skin
0.452908 0.441255 0.105836 
0.445368 0.443178 0.111454 
0.448209 0.444782 0.107009 
0.447906 0.437350 0.114744 
0.451094 0.439528 0.109377 
0.447099 0.440191 0.112711 
0.445079 0.443505 0.111417 
0.452620 0.445042 0.102338 
0.445368 0.441470 0.113162 
0.451056 0.448713 0.100231 
0.453305 0.433316 0.113379 
0.449920 0.442738 0.107341 
0.446831 0.439498 0.113671 
0.446062 0.447466 0.106472 
0.453318 0.439650 0.107033 
0.443499 0.434606 0.121896 
0.443364 0.435152 0.121484 
0.445619 0.439030 0.115350 
0.441941 0.446284 0.111775 
0.457264 0.429384 0.113352 
0.454722 0.438412 0.106865 
0.450065 0.440383 0.109552 
0.439127 0.442456 0.118417 
0.446175 0.440065 0.113760 
0.447426 0.434992 0.117582 
0.446379 0.442777 0.110844 
0.454694 0.438647 0.106659 
0.442604 0.440475 0.116922 
0.444190 0.441613 0.114196 
0.450297 0.449289 0.100414 
0.435782 0.445447 0.118771 
0.445951 0.445225 0.108824 
0.449147 0.432786 0.118067 
0.441867 0.441561 0.116572 
0.446558 0.439186 0.114255 
0.441671 0.440766 0.117563 
0.457669 0.435076 0.107255 
0.447928 0.449167 0.102905 
0.432298 0.456768 0.110934 
0.449945 0.436016 0.114039 
0.444412 0.446264 0.109324 
0.457539 0.444767 0.097694 
0.452104 0.429850 0.118047 
0.443702 0.446011 0.110287 
0.451953 0.449494 0.098553 
0.451717 0.435624 0.112659 
0.444305 0.438098 0.117597 
0.459489 0.432776 0.107734 
0.456176 0.431503 0.112321 
0.445520 0.439422 0.115057 
0.445061 0.447339 0.107600 
0.454996 0.444292 0.100713 
0.448323 0.443220 0.108458 
0.451831 0.441937 0.106231 
0.452773 0.435965 0.111262 
0.446606 0.448299 0.105095 
0.446598 0.445744 0.107657 
0.450278 0.432029 0.117693 
0.434272 0.444937 0.120791 
0.447428 0.437039 0.115534 
0.446113 0.440085 0.113802 
0.447020 0.443409 0.109570 
0.451897 0.442047 0.106056 
0.443188 0.437958 0.118853 
0.446523 0.441933 0.111544 
0.443663 0.445819 0.110518 
0.445728 0.438108 0.116164 
0.448652 0.450498 0.100849 
0.443142 0.445029 0.111829 
0.444866 0.437904 0.117230 
0.456894 0.434065 0.109042 
0.444002 0.451810 0.104188 
0.450688 0.439858 0.109453 
0.451675 0.435651 0.112674 
0.451589 0.431137 0.117275 
0.457277 0.436041 0.106682 
0.443108 0.442025 0.114867 
0.442553 0.439979 0.117468 
0.441447 0.446219 0.112334 
0.462176 0.435880 0.101944 
0.451568 0.436972 0.111460 
0.437276 0.453186 0.109538 
0.447783 0.442104 0.110113 
0.446336 0.446092 0.107572 
0.449555 0.441761 0.108685 
0.458011 0.437400 0.104589 
0.459730 0.436416 0.103854 
0.453616 0.431181 0.115203 
0.440436 0.446408 0.113156 
0.446022 0.440984 0.112994 
0.447347 0.441961 0.110693 
0.447926 0.432192 0.119882 
0.443720 0.440606 0.115674 
0.449959 0.444383 0.105658 
0.449490 0.446146 0.104365 
0.440491 0.438793 0.120716 
0.453772 0.441684 0.104544 
0.459834 0.435408 0.104759 
0.450017 0.440202 0.109781 
0.447074 0.442054 0.110872 
stomach
0.422269 0.436413 0.141318 
0.417179 0.435895 0.146926 
0.416961 0.434617 0.148422 
0.425540 0.438548 0.135912 
0.418851 0.432834 0.148315 
0.420024 0.432140 0.147836 
0.414649 0.447066 0.138285 
0.419432 0.437572 0.142996 
0.416987 0.431138 0.151875 
0.418961 0.432651 0.148389 
0.409595 0.445580 0.144825 
0.411077 0.437615 0.151308 
0.418563 0.441386 0.140051 
0.404285 0.442972 0.152743 
0.416367 0.436721 0.146911 
0.424360 0.433148 0.142492 
0.412582 0.438258 0.149160 
0.408583 0.440625 0.150792 
0.401180 0.458229 0.140591 
0.416179 0.444634 0.139187 
0.411326 0.440053 0.148622 
0.401433 0.446127 0.152440 
0.403177 0.442447 0.154376 
0.417778 0.436836 0.145385 
0.412585 0.440685 0.146730 
0.414555 0.445557 0.139887 
0.413549 0.440274 0.146176 
0.412382 0.436142 0.151476 
0.414312 0.434904 0.150785 
0.408041 0.452282 0.139678 
0.406346 0.443579 0.150075 
0.408553 0.439387 0.152060 
0.414616 0.434972 0.150412 
0.412462 0.433077 0.154461 
0.419742 0.443611 0.136648 
0.419028 0.434119 0.146852 
0.400838 0.446684 0.152479 
0.412693 0.439903 0.147404 
0.408158 0.444772 0.147070 
0.420825 0.441662 0.137512 
0.416303 0.448845 0.134852 
0.418987 0.440338 0.140676 
0.419293 0.440259 0.140448 
0.420181 0.434351 0.145468 
0.405830 0.445628 0.148542 
0.421515 0.431747 0.146737 
0.409627 0.436408 0.153964 
0.414240 0.436289 0.149471 
0.408876 0.445508 0.145615 
0.416437 0.436793 0.146770 
0.413504 0.437675 0.148821 
0.416189 0.436979 0.146833 
0.412872 0.435134 0.151994 
0.405555 0.437831 0.156614 
0.423929 0.432444 0.143626 
0.415944 0.441174 0.142882 
0.408708 0.441046 0.150246 
0.422395 0.432255 0.145350 
0.420475 0.437101 0.142424 
0.413859 0.432453 0.153688 
0.412050 0.438002 0.149949 
0.424013 0.430054 0.145933 
0.411635 0.438474 0.149891 
0.415757 0.430662 0.153582 
0.415725 0.441368 0.142907 
0.427701 0.436721 0.135577 
0.410925 0.434892 0.154184 
0.412587 0.431942 0.155471 
0.412191 0.433827 0.153982 
0.429501 0.430229 0.140270 
0.412900 0.438375 0.148725 
0.419356 0.436011 0.144633 
0.397728 0.449344 0.152927 
0.416221 0.436144 0.147635 
0.416237 0.436780 0.146984 
0.424518 0.433442 0.142041 
0.413599 0.439747 0.146654 
0.412427 0.446744 0.140828 
0.409191 0.445759 0.145049 
0.409797 0.441024 0.149179 
0.418927 0.440304 0.140769 
0.416409 0.441240 0.142352 
0.420737 0.432755 0.146508 
0.400916 0.437837 0.161247 
0.419312 0.430922 0.149767 
0.418656 0.432923 0.148421 
0.414098 0.441039 0.144863 
0.408224 0.434444 0.157331 
0.420817 0.436218 0.142966 
0.410010 0.441813 0.148177 
0.408020 0.446703 0.145277 
0.411072 0.438290 0.150638 
0.413658 0.434876 0.151466 
0.409188 0.438551 0.152261 
0.415861 0.445113 0.139026 
0.409149 0.443898 0.146953 
0.423123 0.424970 0.151907 
0.418223 0.431726 0.150051 
0.408128 0.447194 0.144678 
0.414077 0.444420 0.141503 
0.604183 0.669353 0.428897 
69.8669 42.0011 -579.753 -3.80986e-270 0.295429 0.704571 3.72466e-007 -3.81078e-270 0.295429 0.704571 3.72466e-007 -3.81171e-270 0.604183 0.669353 0.428897 2.122e-313 2.122e-313 1.30427e-231 2.51094e-317 2.51024e-317 -5.34656e+235 2.12205e-313 1.28457e-322 2.52285e-317 nan 2.122e-313 2.122e-313 -3.47748e-313 2.122e-313 -5.78006e-312 2.122e-313 -1.12124e-311 2.122e-313 -1.66447e-311 2.122e-313 -2.2077e-311 2.122e-313 -2.75093e-311 2.122e-313 -3.29416e-311 2.122e-313 -3.83739e-311 2.122e-313 -4.38062e-311 2.122e-313 -4.92385e-311 2.122e-313 -5.46708e-311 2.122e-313 -6.01031e-311 2.122e-313 -6.55355e-311 2.122e-313 -7.09678e-311 2.122e-313 -7.64001e-311 2.122e-313 -8.18324e-311 2.122e-313 -8.72647e-311 2.122e-313 -9.2697e-311 2.122e-313 -9.81293e-311 2.122e-313 -1.03562e-310 2.122e-313 -1.08994e-310 2.122e-313 -1.14426e-310 2.122e-313 -1.19859e-310 1.6976e-313 -1.25291e-310 2.122e-313 -1.30723e-310 2.122e-313 -1.36155e-310 2.122e-313 2.122e-313 2.122e-313 1.30415e-231 0.0711628 0.0662009 0.0495454 0.0662009 0.0495454 0.0495454 0.0495454 0.0495454 0.0820131 0.0681969 0.30258 0.0681969 0.0681969 0.0495454 
