-2082394.887161
0
0.000000 0.000000 0.000000 0.000000 0.000000 0.000000 0.000000 0.000000 0.000000 0.000000 0.000000 0.000000 0.000000 0.000000 0.000000 0.000000 0.000325 0.000000 0.000157 0.000000 0.000732 0.000006 0.000000 0.000129 0.000000 0.000000 0.000000 0.052575 0.000000 0.000000 0.000000 0.000000 0.000000 0.000000 0.580711 0.000006 0.000000 0.000000 0.000000 0.000000 0.000028 0.000000 0.000000 0.000000 0.000000 0.000000 0.000000 0.000956 0.000000 0.000000 0.000000 0.000000 0.000000 0.000000 0.000000 0.000000 0.000000 0.000000 0.342978 0.016750 0.000000 0.000000 0.000000 0.000000 0.000006 0.000000 0.000000 0.000000 0.000000 0.000000 0.000000 0.000000 0.000000 0.000000 0.000000 0.000516 0.000000 0.000000 0.000000 0.000000 0.000000 0.000000 0.000000 0.000000 0.000000 0.000000 0.000000 0.000000 0.000000 0.000000 0.000000 0.000000 0.000977 0.000000 0.000000 0.003122 
0.000000 0.000000 0.000000 0.000000 0.000000 0.000000 0.000000 0.000000 0.000000 0.000000 0.000000 0.000000 0.000000 0.000000 0.000000 0.000000 0.000000 0.000000 0.000000 0.000000 0.000000 0.000000 0.000000 0.000000 0.000000 0.000000 0.000000 0.000000 0.000000 0.000000 0.000000 0.000000 0.000000 0.000000 0.000001 0.000000 0.000000 0.000000 0.000000 0.000000 0.000000 0.000000 0.000000 0.000000 0.000000 0.000000 0.000000 0.000001 0.000000 0.000000 0.000000 0.000000 0.000000 0.000000 0.000000 0.000000 0.084482 0.000000 0.915491 0.000000 0.000000 0.000000 0.000000 0.000000 0.000000 0.000000 0.000000 0.000000 0.000000 0.000000 0.000000 0.000000 0.000000 0.000000 0.000000 0.000000 0.000000 0.000000 0.000000 0.000000 0.000000 0.000000 0.000000 0.000000 0.000000 0.000000 0.000000 0.000000 0.000000 0.000000 0.000000 0.000000 0.000001 0.000000 0.000000 0.000000 
0.000029 0.000005 0.000000 0.000005 0.000000 0.000000 0.000000 0.000000 0.001133 0.000010 0.000000 0.000000 0.000000 0.000000 0.000000 0.000000 0.000000 0.000000 0.000000 0.000000 0.000143 0.000000 0.000000 0.000000 0.000000 0.000000 0.000000 0.000000 0.000000 0.000000 0.000000 0.000000 0.000000 0.000005 0.000600 0.000000 0.000000 0.000000 0.000000 0.000000 0.000000 0.000015 0.000362 0.000000 0.000000 0.000000 0.000000 0.002009 0.000015 0.000010 0.000000 0.000000 0.000000 0.000000 0.000000 0.000000 0.000000 0.208093 0.785025 0.000000 0.000000 0.000000 0.000000 0.000000 0.000000 0.000000 0.000000 0.000010 0.000000 0.000000 0.000000 0.000029 0.000073 0.000000 0.000000 0.000000 0.000000 0.000000 0.000000 0.000000 0.000000 0.000000 0.001890 0.000000 0.000000 0.000000 0.000015 0.000010 0.000034 0.000005 0.000000 0.000000 0.000457 0.000000 0.000000 0.000000 
0.000000 0.000000 0.000000 0.000000 0.000000 0.000000 0.000000 0.000000 0.000000 0.000000 0.582215 0.000010 0.000010 0.000000 0.000000 0.000074 0.000000 0.000020 0.000000 0.000240 0.000000 0.000000 0.000000 0.000000 0.000000 0.000137 0.000000 0.000000 0.000000 0.000000 0.000000 0.000000 0.000000 0.000000 0.000001 0.000000 0.000000 0.000000 0.000000 0.000000 0.000000 0.000000 0.000000 0.000372 0.000083 0.000000 0.000015 0.000004 0.000000 0.000000 0.000000 0.000000 0.000000 0.000000 0.000000 0.000000 0.000000 0.000000 0.415315 0.000000 0.000000 0.000000 0.000000 0.000000 0.000000 0.000000 0.000000 0.000000 0.000000 0.000000 0.000000 0.000000 0.000000 0.000000 0.000000 0.000000 0.000000 0.000000 0.000000 0.000000 0.000000 0.000000 0.000000 0.000000 0.000103 0.000000 0.000000 0.000000 0.000000 0.000000 0.000000 0.000377 0.001002 0.000000 0.000000 0.000000 
0.237874 0.249163 0.243400 0.269562 
0.236540 0.280731 0.237821 0.244909 
0.228938 0.277377 0.228866 0.264818 
0.243129 0.249120 0.252155 0.255596 
breast
0.212538 0.257890 0.262526 0.267047 
0.210560 0.266514 0.262460 0.260467 
0.213338 0.265905 0.262306 0.258450 
0.232072 0.257045 0.258027 0.252856 
0.220937 0.267657 0.259166 0.252240 
0.204760 0.267564 0.265405 0.262270 
0.211010 0.263817 0.272158 0.253014 
0.219713 0.268335 0.254878 0.257074 
0.216489 0.264649 0.261624 0.257237 
0.208259 0.269565 0.261243 0.260933 
0.197831 0.271000 0.269050 0.262119 
0.210280 0.262530 0.260323 0.266867 
0.219948 0.260039 0.254211 0.265802 
0.224651 0.265235 0.261235 0.248879 
0.222901 0.266825 0.263265 0.247009 
0.220279 0.265980 0.264816 0.248925 
0.210067 0.265980 0.265680 0.258273 
0.209697 0.264662 0.254700 0.270941 
0.218421 0.258193 0.262760 0.260626 
0.213820 0.266948 0.267259 0.251974 
0.216620 0.267520 0.265176 0.250684 
0.215554 0.260784 0.260982 0.262679 
0.205693 0.262543 0.258592 0.273171 
0.202382 0.268055 0.268632 0.260931 
0.209820 0.266912 0.261947 0.261321 
0.204437 0.270602 0.260324 0.264636 
0.222125 0.256261 0.252886 0.268728 
0.211234 0.261983 0.255963 0.270819 
0.215469 0.261493 0.260378 0.262660 
0.233989 0.259641 0.262933 0.243437 
0.214205 0.265743 0.264021 0.256031 
0.224338 0.258218 0.266808 0.250635 
0.214190 0.269968 0.269840 0.246002 
0.219608 0.263637 0.265227 0.251528 
0.220108 0.264942 0.258370 0.256580 
0.216540 0.255583 0.260527 0.267349 
0.219995 0.264426 0.255874 0.259705 
0.216237 0.268658 0.249378 0.265726 
0.222408 0.268720 0.249545 0.259328 
0.219855 0.260455 0.270434 0.249256 
0.213040 0.261213 0.261596 0.264151 
0.215923 0.263699 0.259429 0.260949 
0.213031 0.266277 0.264917 0.255774 
0.226186 0.257379 0.260320 0.256115 
0.213147 0.266334 0.264842 0.255677 
0.212849 0.266706 0.257880 0.262565 
0.212145 0.266588 0.259823 0.261443 
0.218108 0.265340 0.258963 0.257589 
0.213282 0.272231 0.254838 0.259650 
0.213436 0.262885 0.254808 0.268871 
0.217037 0.260455 0.250817 0.271691 
0.213690 0.262885 0.262608 0.260817 
0.206642 0.264041 0.275319 0.253999 
0.211601 0.267849 0.270168 0.250382 
0.209331 0.266632 0.262015 0.262023 
0.219469 0.264202 0.253650 0.262679 
0.210711 0.267402 0.260461 0.261426 
0.212592 0.264128 0.270206 0.253074 
0.216560 0.257540 0.269377 0.256523 
0.225398 0.258735 0.250740 0.265128 
0.226855 0.262854 0.262236 0.248055 
0.218879 0.265029 0.262379 0.253713 
0.224384 0.252576 0.264353 0.258687 
0.205965 0.272734 0.265243 0.256058 
0.219835 0.263388 0.263074 0.253703 
0.225561 0.255062 0.258569 0.260808 
0.227236 0.264942 0.259799 0.248023 
0.221332 0.267502 0.252276 0.258889 
0.217891 0.264500 0.262899 0.254710 
0.213045 0.267384 0.266334 0.253237 
0.225865 0.261698 0.255402 0.257035 
0.224603 0.271237 0.261580 0.242581 
0.225438 0.262394 0.256121 0.256047 
0.219389 0.258516 0.256339 0.265755 
0.223475 0.258735 0.250934 0.266856 
0.209814 0.267993 0.262697 0.259495 
0.211249 0.263581 0.266852 0.258318 
0.227787 0.261655 0.259856 0.250702 
0.219315 0.258547 0.260730 0.261408 
0.214884 0.258932 0.264386 0.261798 
0.210340 0.268620 0.266793 0.254247 
0.208351 0.257759 0.258581 0.275309 
0.226352 0.259225 0.255297 0.259126 
0.220628 0.267079 0.253764 0.258529 
0.219957 0.265314 0.250320 0.264408 
0.215158 0.268304 0.251809 0.264730 
0.217187 0.264618 0.262430 0.255764 
0.215311 0.262916 0.255522 0.266251 
0.212569 0.265494 0.269420 0.252517 
0.218855 0.261978 0.256858 0.262309 
0.222809 0.261064 0.259534 0.256593 
0.214341 0.265625 0.258447 0.261586 
0.208275 0.263861 0.259241 0.268623 
0.212787 0.273815 0.263777 0.249621 
0.210677 0.267061 0.254889 0.267373 
0.212315 0.267669 0.262275 0.257740 
0.215953 0.254764 0.251162 0.278121 
0.220510 0.255994 0.268047 0.255448 
0.217369 0.265520 0.247976 0.269135 
0.231185 0.252931 0.254119 0.261765 
prostate
0.219274 0.264076 0.259303 0.257348 
0.225459 0.261002 0.262410 0.251129 
0.212723 0.264997 0.259768 0.262512 
0.214852 0.261687 0.258049 0.265411 
0.218407 0.270619 0.258659 0.252315 
0.214862 0.268081 0.266769 0.250288 
0.204481 0.274271 0.254054 0.267193 
0.216979 0.262062 0.265842 0.255117 
0.211354 0.270051 0.260030 0.258564 
0.231170 0.258142 0.251313 0.259375 
0.209886 0.265650 0.264228 0.260236 
0.217024 0.269602 0.263476 0.249899 
0.209522 0.262758 0.259146 0.268573 
0.217856 0.261045 0.262343 0.258756 
0.219344 0.265885 0.264386 0.250385 
0.214654 0.263465 0.268208 0.253673 
0.210032 0.272022 0.261973 0.255972 
0.219306 0.264622 0.259085 0.256987 
0.229331 0.260905 0.255719 0.254045 
0.203971 0.262244 0.269121 0.264664 
0.229759 0.248140 0.262640 0.259462 
0.206692 0.260488 0.257714 0.275107 
0.224856 0.266753 0.258117 0.250274 
0.214237 0.258399 0.253451 0.273912 
0.223290 0.261130 0.256181 0.259399 
0.209312 0.263433 0.260456 0.266798 
0.231559 0.259685 0.261569 0.247188 
0.215328 0.257821 0.259017 0.267834 
0.215193 0.272611 0.254139 0.258057 
0.205581 0.261741 0.266571 0.266107 
0.216012 0.262030 0.265731 0.256228 
0.223840 0.258046 0.263319 0.254794 
0.214669 0.261976 0.260338 0.263017 
0.224923 0.254962 0.266183 0.253932 
0.223057 0.263347 0.259248 0.254348 
0.225157 0.257414 0.255804 0.261625 
0.230738 0.264868 0.257769 0.246625 
0.215124 0.269816 0.263269 0.251792 
0.217728 0.258421 0.271300 0.252551 
0.208896 0.265114 0.260343 0.265647 
0.203142 0.265650 0.274440 0.256768 
0.220567 0.263593 0.264455 0.251385 
0.221298 0.263454 0.254139 0.261109 
0.208431 0.262769 0.267157 0.261643 
0.222730 0.256589 0.260880 0.259801 
0.216846 0.265093 0.258017 0.260045 
0.223011 0.267321 0.261838 0.247831 
0.210685 0.268081 0.262947 0.258287 
0.208431 0.268756 0.263947 0.258866 
0.227589 0.265371 0.252932 0.254107 
0.201766 0.257725 0.257528 0.282981 
0.230427 0.260145 0.252030 0.257397 
0.212792 0.268188 0.262241 0.256779 
0.201836 0.268981 0.263861 0.265323 
0.225961 0.257896 0.257615 0.258528 
0.212656 0.266121 0.259385 0.261838 
0.214539 0.270758 0.268248 0.246454 
0.212352 0.265457 0.267021 0.255171 
0.211942 0.270437 0.262709 0.254912 
0.204200 0.274035 0.268607 0.253157 
0.213112 0.267363 0.263917 0.255607 
0.220569 0.264354 0.255915 0.259163 
0.207949 0.263047 0.264608 0.264396 
0.225051 0.264600 0.262705 0.247644 
0.198348 0.268209 0.262288 0.271155 
0.222548 0.260541 0.258876 0.258035 
0.220969 0.256054 0.257600 0.265376 
0.227281 0.264664 0.255302 0.252752 
0.219380 0.266657 0.265752 0.248211 
0.214230 0.260402 0.261486 0.263882 
0.217230 0.265436 0.261943 0.255392 
0.220555 0.266121 0.263063 0.250261 
0.216876 0.259899 0.261793 0.261433 
0.229981 0.259299 0.257880 0.252840 
0.209536 0.271797 0.268292 0.250374 
0.210930 0.266250 0.263486 0.259335 
0.221471 0.262897 0.258006 0.257626 
0.221548 0.257692 0.260978 0.259782 
0.219673 0.257286 0.258473 0.264568 
0.204841 0.257211 0.266523 0.271426 
0.213715 0.265318 0.270069 0.250897 
0.222581 0.263958 0.259685 0.253777 
0.206495 0.268659 0.266302 0.258544 
0.211195 0.268756 0.261620 0.258429 
0.218971 0.255272 0.260835 0.264921 
0.211930 0.256825 0.263514 0.267731 
0.216317 0.264011 0.268003 0.251668 
0.219085 0.258142 0.266704 0.256068 
0.203663 0.260884 0.264739 0.270714 
0.220525 0.267727 0.257913 0.253835 
0.212395 0.269987 0.253740 0.263877 
0.218765 0.255979 0.258409 0.266847 
0.214583 0.272954 0.264596 0.247867 
0.220787 0.261848 0.265923 0.251442 
0.201802 0.265275 0.278009 0.254914 
0.220228 0.260970 0.261596 0.257207 
0.200766 0.273147 0.273606 0.252481 
0.217368 0.258892 0.262880 0.260860 
0.215291 0.266389 0.258152 0.260168 
0.207342 0.256354 0.256314 0.279990 
skin
0.223417 0.258145 0.254763 0.263675 
0.211772 0.270123 0.259945 0.258160 
0.215326 0.268793 0.257384 0.258497 
0.219092 0.266470 0.266069 0.248370 
0.223169 0.256282 0.259884 0.260666 
0.215020 0.271042 0.261970 0.251968 
0.215862 0.264562 0.264733 0.254843 
0.220633 0.268010 0.254539 0.256817 
0.215851 0.262960 0.263432 0.257757 
0.218812 0.263879 0.252589 0.264719 
0.225922 0.259003 0.260901 0.254174 
0.221184 0.262549 0.261274 0.254992 
0.218228 0.256798 0.261680 0.263295 
0.215248 0.261941 0.259631 0.263180 
0.222505 0.266172 0.255996 0.255327 
0.214344 0.265029 0.269152 0.251476 
0.214253 0.266333 0.269145 0.250269 
0.215743 0.267327 0.265333 0.251597 
0.208742 0.270526 0.262691 0.258041 
0.231215 0.264457 0.265518 0.238810 
0.223236 0.265886 0.253374 0.257504 
0.220180 0.259773 0.257766 0.262280 
0.206429 0.268849 0.265464 0.259258 
0.217083 0.261730 0.263409 0.257779 
0.221692 0.251778 0.265499 0.261031 
0.216786 0.254220 0.257437 0.271558 
0.226224 0.259065 0.256506 0.258204 
0.211279 0.264022 0.264452 0.260247 
0.213472 0.270321 0.266918 0.249288 
0.216194 0.267476 0.251356 0.264974 
0.202895 0.270880 0.268124 0.258101 
0.213788 0.260885 0.257429 0.267897 
0.221924 0.262084 0.266777 0.249215 
0.211934 0.267389 0.267784 0.252894 
0.214645 0.270272 0.262519 0.252564 
0.211489 0.259195 0.265995 0.263320 
0.227809 0.266290 0.256497 0.249404 
0.216168 0.260754 0.254552 0.268526 
0.197624 0.261214 0.262864 0.278298 
0.223086 0.259524 0.263722 0.253667 
0.211920 0.263550 0.258568 0.265963 
0.226856 0.258251 0.248985 0.265908 
0.223265 0.272272 0.266673 0.237789 
0.211254 0.270054 0.262484 0.256208 
0.218358 0.260811 0.248306 0.272526 
0.224232 0.261258 0.264098 0.250412 
0.214299 0.270793 0.269036 0.245872 
0.229377 0.269396 0.254908 0.246319 
0.229205 0.264767 0.264568 0.241459 
0.216523 0.259922 0.263781 0.259773 
0.212900 0.261773 0.257121 0.268205 
0.221741 0.273371 0.254195 0.250693 
0.216263 0.261935 0.256778 0.265023 
0.219400 0.264258 0.253702 0.262640 
0.222456 0.272036 0.261774 0.243734 
0.214263 0.261804 0.255113 0.268820 
0.216945 0.259319 0.259483 0.264253 
0.221443 0.261724 0.262242 0.254591 
0.202365 0.265134 0.269519 0.262982 
0.217687 0.260972 0.262348 0.258992 
0.216752 0.268886 0.266831 0.247531 
0.216870 0.260531 0.259589 0.263010 
0.220799 0.263388 0.256515 0.259298 
0.213058 0.266023 0.268047 0.252873 
0.215726 0.261848 0.260575 0.261851 
0.212284 0.262351 0.259924 0.265441 
0.216886 0.263121 0.265063 0.254930 
0.215040 0.261581 0.250513 0.272866 
0.211238 0.266395 0.262748 0.259619 
0.215048 0.269787 0.269075 0.246090 
0.228491 0.260158 0.257453 0.253897 
0.209860 0.265078 0.256015 0.269047 
0.219764 0.262097 0.256732 0.261407 
0.224186 0.257611 0.260461 0.257742 
0.227607 0.250579 0.264175 0.257640 
0.227933 0.265743 0.257214 0.249110 
0.212097 0.262929 0.264090 0.260885 
0.209703 0.272166 0.264960 0.253170 
0.208911 0.265979 0.261600 0.263510 
0.235223 0.257704 0.252885 0.254188 
0.222053 0.262941 0.258755 0.256251 
0.203857 0.260487 0.259706 0.275950 
0.216974 0.265743 0.260407 0.256876 
0.214816 0.263003 0.257737 0.264444 
0.218589 0.264469 0.258395 0.258546 
0.227830 0.263103 0.251115 0.257951 
0.230115 0.266321 0.254985 0.248579 
0.224527 0.270110 0.265499 0.239864 
0.207190 0.267563 0.262703 0.262544 
0.214852 0.269948 0.263453 0.251746 
0.219208 0.255393 0.260812 0.264587 
0.223116 0.257630 0.270069 0.249186 
0.213557 0.263612 0.266572 0.256259 
0.217713 0.261817 0.254486 0.265983 
0.217829 0.259419 0.253920 0.268832 
0.210262 0.272365 0.273658 0.243715 
0.222941 0.267774 0.257009 0.252276 
0.229255 0.265768 0.251545 0.253432 
0.217900 0.263190 0.254904 0.264006 
0.214528 0.271918 0.261816 0.251739 
stomach
0.225842 0.256733 0.254510 0.262915 
0.220306 0.259281 0.260487 0.259925 
0.219053 0.269240 0.262582 0.249126 
0.228339 0.257043 0.249203 0.265414 
0.222061 0.267954 0.265123 0.244863 
0.224251 0.260823 0.261866 0.253059 
0.212370 0.268630 0.251903 0.267097 
0.220559 0.271092 0.257619 0.250729 
0.222121 0.260972 0.266358 0.250549 
0.222080 0.266144 0.263695 0.248080 
0.208967 0.272237 0.261626 0.257170 
0.214872 0.258467 0.264922 0.261738 
0.218308 0.271285 0.255060 0.255347 
0.203622 0.269476 0.266322 0.260580 
0.218287 0.261574 0.257745 0.262394 
0.226384 0.267281 0.255444 0.250891 
0.216011 0.261849 0.264837 0.257303 
0.210221 0.264025 0.264738 0.261016 
0.197617 0.264697 0.258535 0.279151 
0.217252 0.264162 0.256229 0.262356 
0.215938 0.257554 0.265738 0.260770 
0.201917 0.264398 0.268147 0.265538 
0.203727 0.265417 0.268225 0.262631 
0.217014 0.270923 0.255870 0.256192 
0.214539 0.260854 0.261299 0.263308 
0.215131 0.259891 0.254833 0.270146 
0.214751 0.268500 0.261241 0.255507 
0.214372 0.263384 0.263858 0.258386 
0.216544 0.265236 0.263481 0.254739 
0.205540 0.264795 0.254930 0.274735 
0.207351 0.267824 0.267389 0.257436 
0.210039 0.265877 0.267215 0.256869 
0.216421 0.263962 0.262485 0.257132 
0.218066 0.264237 0.271631 0.246066 
0.219073 0.264497 0.250559 0.265872 
0.223023 0.268103 0.263216 0.245658 
0.200772 0.268221 0.268906 0.262101 
0.213466 0.264733 0.260015 0.261787 
0.205728 0.270837 0.258552 0.264884 
0.220861 0.265193 0.250220 0.263725 
0.214791 0.267954 0.251251 0.266004 
0.219868 0.258672 0.253413 0.268047 
0.219404 0.266262 0.255565 0.258768 
0.225019 0.257846 0.259975 0.257161 
0.207785 0.265617 0.267167 0.259431 
0.224990 0.269495 0.263494 0.242020 
0.211210 0.266156 0.267543 0.255091 
0.218603 0.257610 0.264773 0.259015 
0.206203 0.274723 0.259852 0.259222 
0.219298 0.264945 0.262007 0.253750 
0.214091 0.267635 0.260847 0.257427 
0.218307 0.268308 0.261487 0.251898 
0.215131 0.257335 0.262271 0.265264 
0.210380 0.260992 0.273548 0.255080 
0.226066 0.266467 0.257278 0.250190 
0.216797 0.265952 0.257895 0.259356 
0.208432 0.264540 0.262155 0.264873 
0.226728 0.260599 0.257366 0.255308 
0.222489 0.263521 0.257503 0.256487 
0.216508 0.262507 0.264168 0.256818 
0.213793 0.270738 0.265233 0.250235 
0.226298 0.266833 0.256577 0.250292 
0.212218 0.270097 0.263032 0.254652 
0.222867 0.256559 0.268753 0.251821 
0.217143 0.264945 0.257618 0.260294 
0.228863 0.261574 0.247670 0.261892 
0.211002 0.270817 0.263870 0.254310 
0.215301 0.268898 0.269070 0.246732 
0.216370 0.262601 0.267631 0.253399 
0.234478 0.258125 0.253591 0.253807 
0.215141 0.266487 0.264878 0.253495 
0.221280 0.272131 0.259925 0.246664 
0.195484 0.266735 0.266610 0.271172 
0.219044 0.258672 0.260061 0.262224 
0.217928 0.266617 0.261011 0.254444 
0.224792 0.269885 0.252550 0.252773 
0.216683 0.262888 0.263382 0.257048 
0.213233 0.262695 0.257327 0.266745 
0.208730 0.263136 0.259737 0.268398 
0.210280 0.267816 0.262777 0.259127 
0.221071 0.266711 0.257954 0.254264 
0.216472 0.263533 0.255272 0.264723 
0.224667 0.269688 0.261024 0.244621 
0.202849 0.269956 0.277482 0.249714 
0.223577 0.261755 0.262875 0.251793 
0.225186 0.251281 0.261909 0.261624 
0.215686 0.263789 0.260173 0.260353 
0.212190 0.264205 0.273187 0.250417 
0.223511 0.265952 0.258448 0.252089 
0.209642 0.267238 0.260725 0.262395 
0.206543 0.269657 0.260512 0.263288 
0.211057 0.270644 0.263067 0.255232 
0.214773 0.268170 0.263259 0.253798 
0.210592 0.264453 0.266208 0.258747 
0.218680 0.255242 0.255979 0.270099 
0.208673 0.269849 0.262853 0.258625 
0.228485 0.262656 0.262890 0.245969 
0.222742 0.261059 0.262762 0.253437 
0.206836 0.270042 0.260385 0.262737 
0.215340 0.260233 0.256486 0.267941 
0.509056 0.539747 0.5128 0.533577 
-66.6221 4.3161 1.39432 5.11717 0 -1.29059e-231 5.30258e-011 5.1824e-011 5.15345e-011 1 0 -1.2909e-231 5.30258e-011 5.1824e-011 5.15345e-011 1 0 -1.29122e-231 5.30258e-011 5.1824e-011 5.15345e-011 1 0 -1.29153e-231 5.30258e-011 5.1824e-011 5.15345e-011 1 0 -1.29185e-231 5.30258e-011 5.1824e-011 5.15345e-011 1 0 -1.29216e-231 5.30258e-011 5.1824e-011 5.15345e-011 1 0 -1.29248e-231 5.30258e-011 5.1824e-011 5.15345e-011 1 0 -3.79917e-270 nan 2.122e-314 0 0 1.97626e-320 -1.29311e-231 5.30258e-011 5.1824e-011 5.15345e-011 1 0 -1.29342e-231 5.30258e-011 5.1824e-011 5.15345e-011 1 0 -1.29373e-231 5.30258e-011 5.1824e-011 5.15345e-011 1 0 -1.29405e-231 5.30258e-011 5.1824e-011 5.15345e-011 1 0 0 0 0 0 1.56261e-154 2.30031e-317 1.61896e-317 8.2924e-319 8.29319e-319 1.62076e-317 8.19279e-319 0 0 6.36602e-314 6.47676e-319 0 4.94066e-324 0 0 
