-3407328.109474
0
0.000001 0.000001 0.000001 0.000015 0.000001 0.000001 0.000001 0.000001 0.000001 0.000001 0.002084 0.000030 0.000030 0.000001 0.000001 0.000001 0.000001 0.000058 0.000404 0.000001 0.001608 0.000001 0.000001 0.000332 0.000001 0.000001 0.000001 0.000713 0.000001 0.000001 0.000001 0.000001 0.000001 0.000015 0.005440 0.000015 0.000001 0.000001 0.000001 0.000001 0.000073 0.000001 0.000001 0.000001 0.000001 0.000001 0.000001 0.000001 0.000001 0.000030 0.000001 0.000001 0.000001 0.000001 0.000001 0.000001 0.000001 0.000212 0.986873 0.000147 0.000001 0.000001 0.000001 0.000001 0.000015 0.000001 0.000001 0.000001 0.000001 0.000001 0.000001 0.000001 0.000001 0.000001 0.000001 0.001325 0.000001 0.000001 0.000001 0.000001 0.000001 0.000001 0.000001 0.000001 0.000001 0.000001 0.000044 0.000001 0.000001 0.000015 0.000001 0.000461 0.000001 0.000001 0.000001 0.000001 
0.000001 0.000001 0.000001 0.000001 0.000001 0.000001 0.000001 0.000001 0.000001 0.000001 0.000003 0.000001 0.000001 0.000001 0.000001 0.000001 0.000001 0.000001 0.000001 0.000001 0.000001 0.000001 0.000001 0.000001 0.000001 0.000001 0.000001 0.000001 0.000001 0.000001 0.000001 0.000001 0.000001 0.000001 0.000003 0.000001 0.000001 0.000001 0.000001 0.000001 0.000001 0.000001 0.000001 0.000001 0.000001 0.000001 0.000001 0.000001 0.000001 0.000001 0.000001 0.000001 0.000001 0.000001 0.000001 0.000001 0.000001 0.000002 0.999914 0.000001 0.000001 0.000001 0.000001 0.000001 0.000001 0.000001 0.000001 0.000001 0.000001 0.000001 0.000001 0.000001 0.000001 0.000001 0.000001 0.000001 0.000001 0.000001 0.000001 0.000001 0.000001 0.000001 0.000001 0.000001 0.000001 0.000001 0.000001 0.000001 0.000001 0.000001 0.000001 0.000001 0.000001 0.000001 0.000001 0.000001 
0.000001 0.000001 0.000001 0.000001 0.000001 0.000001 0.000001 0.000001 0.002199 0.000001 0.001118 0.000001 0.000001 0.000001 0.000001 0.000001 0.000001 0.000001 0.000001 0.000001 0.000061 0.000001 0.000001 0.000001 0.000001 0.000001 0.000001 0.000001 0.000001 0.000001 0.000001 0.000001 0.000001 0.000001 0.003220 0.000001 0.000001 0.000001 0.000001 0.000001 0.000001 0.000045 0.000001 0.000001 0.000001 0.000001 0.000001 0.000001 0.000001 0.000001 0.000001 0.000001 0.000001 0.000001 0.000001 0.000001 0.000001 0.401681 0.591336 0.000001 0.000001 0.000001 0.000001 0.000001 0.000001 0.000001 0.000001 0.000001 0.000001 0.000001 0.000001 0.000001 0.000222 0.000001 0.000001 0.000001 0.000001 0.000001 0.000001 0.000001 0.000001 0.000001 0.000001 0.000001 0.000001 0.000001 0.000001 0.000001 0.000001 0.000001 0.000001 0.000043 0.000001 0.000001 0.000001 0.000001 
0.000001 0.000001 0.000001 0.000001 0.000001 0.000001 0.000001 0.000001 0.000001 0.000001 0.999272 0.000001 0.000001 0.000001 0.000001 0.000001 0.000001 0.000001 0.000001 0.000001 0.000001 0.000001 0.000001 0.000001 0.000001 0.000001 0.000001 0.000001 0.000001 0.000001 0.000001 0.000001 0.000001 0.000001 0.000003 0.000001 0.000001 0.000001 0.000001 0.000001 0.000001 0.000001 0.000001 0.000001 0.000265 0.000001 0.000001 0.000001 0.000001 0.000001 0.000001 0.000001 0.000001 0.000001 0.000001 0.000001 0.000001 0.000002 0.000374 0.000001 0.000001 0.000001 0.000001 0.000001 0.000001 0.000001 0.000001 0.000001 0.000001 0.000001 0.000001 0.000001 0.000001 0.000001 0.000001 0.000001 0.000001 0.000001 0.000001 0.000001 0.000001 0.000001 0.000001 0.000001 0.000001 0.000001 0.000001 0.000001 0.000001 0.000001 0.000001 0.000001 0.000001 0.000001 0.000001 0.000001 
0.000001 0.000001 0.000001 0.000001 0.000001 0.000001 0.000001 0.000001 0.000001 0.000001 0.841967 0.000001 0.000001 0.000001 0.000001 0.000001 0.000001 0.000001 0.000001 0.000001 0.000001 0.000001 0.000001 0.000001 0.000001 0.000001 0.000001 0.144962 0.000001 0.000001 0.000001 0.000001 0.000001 0.000001 0.000003 0.000001 0.000001 0.000001 0.000001 0.000001 0.000001 0.000001 0.000001 0.000001 0.000001 0.000001 0.000001 0.000001 0.000001 0.000001 0.000001 0.000001 0.000001 0.000001 0.000001 0.000001 0.000001 0.012807 0.000178 0.000001 0.000001 0.000001 0.000001 0.000001 0.000001 0.000001 0.000001 0.000001 0.000001 0.000001 0.000001 0.000001 0.000001 0.000001 0.000001 0.000001 0.000001 0.000001 0.000001 0.000001 0.000001 0.000001 0.000001 0.000001 0.000001 0.000001 0.000001 0.000001 0.000001 0.000001 0.000001 0.000001 0.000001 0.000001 0.000001 0.000001 
0.000085 0.000001 0.000001 0.000001 0.000001 0.000001 0.000001 0.000001 0.000001 0.000001 0.001255 0.000001 0.000001 0.000001 0.000001 0.000001 0.000086 0.000001 0.000001 0.000688 0.000001 0.000001 0.000001 0.000001 0.000001 0.000001 0.000001 0.000001 0.000001 0.000001 0.000001 0.000001 0.000001 0.000001 0.005008 0.000001 0.000001 0.000001 0.000001 0.000001 0.000001 0.000001 0.001053 0.000001 0.000001 0.000001 0.000001 0.000001 0.000001 0.000001 0.000001 0.000001 0.000001 0.000001 0.000001 0.000001 0.081964 0.000160 0.903162 0.000001 0.000001 0.000001 0.000001 0.000001 0.000001 0.000001 0.000001 0.000001 0.000001 0.000001 0.000001 0.000085 0.000001 0.000001 0.000001 0.000001 0.000001 0.000001 0.000001 0.000001 0.000001 0.000001 0.005498 0.000001 0.000001 0.000001 0.000001 0.000029 0.000001 0.000001 0.000001 0.000001 0.000001 0.000001 0.000001 0.000860 
0.000001 0.000001 0.000001 0.000001 0.000001 0.000001 0.000001 0.000001 0.000001 0.000001 0.001456 0.000001 0.000001 0.000001 0.000001 0.000230 0.000001 0.000001 0.000001 0.000001 0.000217 0.000001 0.000001 0.000001 0.000001 0.000001 0.000001 0.000001 0.000001 0.000001 0.000001 0.000001 0.000001 0.000001 0.004230 0.000001 0.000001 0.000001 0.000001 0.000001 0.000001 0.000001 0.000001 0.000001 0.000001 0.000001 0.000047 0.008990 0.000001 0.000001 0.000001 0.000001 0.000001 0.000001 0.000001 0.000001 0.000001 0.216668 0.767744 0.000001 0.000001 0.000001 0.000001 0.000001 0.000001 0.000001 0.000001 0.000031 0.000001 0.000001 0.000001 0.000001 0.000001 0.000001 0.000001 0.000001 0.000001 0.000001 0.000001 0.000001 0.000001 0.000001 0.000001 0.000001 0.000003 0.000001 0.000001 0.000001 0.000108 0.000001 0.000001 0.000201 0.000001 0.000001 0.000001 0.000001 
0.000001 0.000001 0.000001 0.000001 0.000001 0.000001 0.000001 0.000001 0.000808 0.000032 0.001931 0.000001 0.000001 0.000001 0.000001 0.000001 0.000798 0.000001 0.000001 0.000001 0.000462 0.000016 0.000001 0.000001 0.000001 0.000431 0.000001 0.000001 0.000001 0.000001 0.000001 0.000001 0.000001 0.000001 0.005411 0.000001 0.000001 0.000001 0.000001 0.000001 0.000001 0.000001 0.000001 0.001168 0.000001 0.000001 0.000001 0.000001 0.000001 0.000001 0.000001 0.000001 0.000001 0.000001 0.000001 0.000001 0.000001 0.000202 0.980626 0.000001 0.000001 0.000001 0.000001 0.000001 0.000001 0.000001 0.000001 0.000001 0.000001 0.000001 0.000001 0.000001 0.000001 0.000001 0.000001 0.000001 0.000001 0.000001 0.000001 0.000001 0.000001 0.000001 0.000001 0.000001 0.000001 0.000001 0.000001 0.000001 0.000001 0.000001 0.000001 0.000429 0.000001 0.000001 0.000001 0.007612 
0.000001 0.000016 0.000001 0.000001 0.000001 0.000001 0.000001 0.000001 0.000507 0.000001 0.000709 0.000001 0.000001 0.000001 0.000001 0.000001 0.000001 0.000001 0.000001 0.000001 0.000004 0.000001 0.000001 0.000001 0.000001 0.000001 0.000001 0.000001 0.000001 0.000001 0.000001 0.000001 0.000001 0.000001 0.009249 0.000001 0.000001 0.000001 0.000001 0.000001 0.000001 0.000001 0.000001 0.000001 0.000001 0.000001 0.000001 0.000001 0.000001 0.000001 0.000001 0.000001 0.000001 0.000001 0.000001 0.000001 0.000001 0.013242 0.923522 0.045426 0.000001 0.000001 0.000001 0.000001 0.000001 0.000001 0.000001 0.000001 0.000001 0.000001 0.000001 0.000001 0.000001 0.000001 0.000001 0.000001 0.000001 0.000001 0.000001 0.000001 0.000001 0.000001 0.000001 0.000001 0.000001 0.000001 0.000001 0.000001 0.000001 0.000001 0.000001 0.000021 0.007229 0.000001 0.000001 0.000001 
0.000001 0.000001 0.000001 0.000001 0.000001 0.000001 0.000001 0.000001 0.000001 0.000001 0.000003 0.000001 0.000001 0.000001 0.000001 0.000001 0.000001 0.000001 0.000001 0.000001 0.000001 0.000001 0.000001 0.000001 0.000001 0.000001 0.000001 0.000001 0.000001 0.000001 0.000001 0.000001 0.000001 0.000001 0.999099 0.000001 0.000001 0.000001 0.000001 0.000001 0.000001 0.000001 0.000001 0.000001 0.000001 0.000001 0.000001 0.000001 0.000001 0.000001 0.000001 0.000001 0.000001 0.000001 0.000001 0.000001 0.000001 0.000002 0.000811 0.000001 0.000001 0.000001 0.000001 0.000001 0.000001 0.000001 0.000001 0.000001 0.000001 0.000001 0.000001 0.000001 0.000001 0.000001 0.000001 0.000001 0.000001 0.000001 0.000001 0.000001 0.000001 0.000001 0.000001 0.000001 0.000001 0.000001 0.000001 0.000001 0.000001 0.000001 0.000001 0.000001 0.000001 0.000001 0.000001 0.000001 
0.000001 0.000001 0.000001 0.000001 0.000001 0.000001 0.000001 0.000001 0.000001 0.000001 0.000003 0.000001 0.000001 0.000001 0.000001 0.000001 0.000001 0.000001 0.000001 0.000001 0.000001 0.000001 0.000001 0.000001 0.000001 0.000001 0.000001 0.000001 0.000001 0.000001 0.000001 0.000001 0.000001 0.000001 0.000003 0.000001 0.000001 0.000001 0.000001 0.000001 0.000001 0.000001 0.000001 0.000001 0.000001 0.000001 0.000001 0.000001 0.000001 0.000001 0.000001 0.000001 0.000001 0.000001 0.000001 0.000001 0.000001 0.000002 0.999911 0.000001 0.000001 0.000001 0.000001 0.000001 0.000001 0.000001 0.000001 0.000001 0.000001 0.000001 0.000001 0.000001 0.000001 0.000001 0.000001 0.000001 0.000001 0.000001 0.000001 0.000001 0.000001 0.000001 0.000001 0.000001 0.000001 0.000001 0.000001 0.000001 0.000001 0.000001 0.000001 0.000001 0.000001 0.000001 0.000001 0.000001 
0.000001 0.000001 0.000001 0.000001 0.000001 0.000001 0.000001 0.000001 0.000001 0.000001 0.000003 0.000001 0.000001 0.000001 0.000001 0.000001 0.000001 0.000001 0.000001 0.000001 0.000001 0.000001 0.000001 0.000001 0.000001 0.000001 0.000001 0.000001 0.000001 0.000001 0.000001 0.000001 0.000001 0.000001 0.560630 0.000001 0.000001 0.000001 0.000001 0.000001 0.000001 0.000001 0.000001 0.000001 0.000001 0.000001 0.000001 0.000001 0.000046 0.000001 0.000001 0.000001 0.000001 0.000001 0.000001 0.000001 0.177712 0.000002 0.261215 0.000001 0.000001 0.000001 0.000001 0.000001 0.000001 0.000001 0.000001 0.000001 0.000001 0.000001 0.000001 0.000001 0.000001 0.000001 0.000001 0.000001 0.000001 0.000001 0.000001 0.000001 0.000001 0.000001 0.000001 0.000001 0.000314 0.000001 0.000001 0.000001 0.000001 0.000001 0.000001 0.000001 0.000001 0.000001 0.000001 0.000001 
0.086445 0.083567 0.082907 0.084542 0.083263 0.083225 0.084048 0.080561 0.081785 0.083130 0.080356 0.086171 
0.106393 0.067735 0.068302 0.074587 0.117382 0.095193 0.088157 0.039166 0.063462 0.102032 0.099670 0.077921 
0.088729 0.086161 0.088670 0.080431 0.084780 0.084527 0.076879 0.086115 0.087078 0.077913 0.076031 0.082687 
0.085595 0.083479 0.087503 0.078295 0.087792 0.087583 0.093962 0.069710 0.077949 0.089816 0.081845 0.076472 
breast
0.083984 0.084136 0.087389 0.086207 0.084209 0.089417 0.082116 0.078028 0.078831 0.080935 0.080410 0.084337 
0.087848 0.087588 0.084646 0.080819 0.079019 0.090367 0.082474 0.082176 0.082217 0.076930 0.083720 0.082196 
0.086912 0.086828 0.086078 0.080280 0.082096 0.089604 0.081324 0.080852 0.082605 0.077237 0.082991 0.083190 
0.083557 0.083653 0.086515 0.079471 0.077015 0.086861 0.080321 0.079085 0.078066 0.093576 0.079947 0.091934 
0.088810 0.088899 0.082572 0.075701 0.076118 0.089726 0.080590 0.082757 0.084740 0.081555 0.084977 0.083554 
0.086999 0.087242 0.086957 0.081628 0.081762 0.090634 0.083022 0.081898 0.080974 0.073846 0.083389 0.081648 
0.086542 0.086621 0.090064 0.077586 0.077478 0.090362 0.087000 0.080697 0.080999 0.077546 0.082793 0.082313 
0.087461 0.087519 0.080820 0.079203 0.083995 0.090465 0.078926 0.082029 0.083038 0.078471 0.083653 0.084419 
0.087575 0.088002 0.084554 0.079203 0.082124 0.089383 0.081696 0.083160 0.080524 0.078471 0.084117 0.081192 
0.088522 0.088140 0.083062 0.081049 0.075767 0.090755 0.082511 0.081591 0.085542 0.075697 0.084249 0.083116 
0.087440 0.087933 0.088590 0.081588 0.077862 0.092245 0.083914 0.081948 0.083130 0.070455 0.084050 0.080845 
0.087316 0.087242 0.084429 0.084861 0.083924 0.088514 0.081309 0.081128 0.081348 0.076621 0.083389 0.079920 
0.085088 0.085448 0.081506 0.085130 0.087062 0.088237 0.079370 0.080040 0.085273 0.078778 0.081668 0.082403 
0.085322 0.084965 0.085661 0.076238 0.083166 0.090429 0.082233 0.079893 0.079617 0.082477 0.081204 0.088795 
0.087120 0.087519 0.085539 0.073814 0.080092 0.089375 0.083337 0.081054 0.082216 0.081246 0.083653 0.085035 
0.088170 0.087035 0.086560 0.074892 0.072105 0.090658 0.082286 0.081343 0.083358 0.083712 0.083190 0.086689 
0.086806 0.087035 0.087791 0.080011 0.077460 0.089134 0.084038 0.081113 0.083278 0.077238 0.083190 0.082907 
0.087186 0.087104 0.081190 0.086747 0.087900 0.089139 0.079065 0.081044 0.083095 0.074154 0.083256 0.080119 
0.087409 0.087311 0.086064 0.081358 0.080027 0.086581 0.081703 0.080778 0.081024 0.083404 0.083455 0.080886 
0.090800 0.089727 0.086830 0.074623 0.077300 0.089524 0.083045 0.084218 0.086085 0.074465 0.085771 0.077612 
0.087159 0.087588 0.086840 0.075700 0.076261 0.091263 0.082546 0.082451 0.080817 0.080629 0.083720 0.085027 
0.087100 0.087519 0.084596 0.082167 0.081147 0.088013 0.081352 0.082445 0.083163 0.079088 0.083653 0.079756 
0.086120 0.086345 0.083924 0.087824 0.084436 0.089214 0.080740 0.082253 0.081557 0.074771 0.082528 0.080288 
0.087660 0.088140 0.089350 0.080820 0.076662 0.089809 0.083905 0.082156 0.083356 0.073539 0.084249 0.080354 
0.087749 0.086828 0.085773 0.082166 0.084163 0.089925 0.081535 0.081051 0.079651 0.075387 0.082991 0.082779 
0.088769 0.088692 0.083080 0.082436 0.081317 0.091145 0.081325 0.082715 0.081527 0.073231 0.084779 0.080983 
0.084297 0.084274 0.082751 0.087554 0.087673 0.086469 0.079075 0.078645 0.078889 0.084635 0.080542 0.085194 
0.087165 0.087588 0.081482 0.086747 0.085914 0.087849 0.080428 0.081453 0.080565 0.077546 0.083720 0.079543 
0.086776 0.086690 0.084109 0.082436 0.080888 0.089437 0.081408 0.083341 0.083855 0.077546 0.082859 0.080656 
0.086353 0.086207 0.086708 0.072736 0.071806 0.088187 0.082087 0.081187 0.079192 0.093577 0.082396 0.089565 
0.087382 0.087311 0.086043 0.078394 0.078016 0.089506 0.083008 0.081352 0.085011 0.077854 0.083455 0.082667 
0.085670 0.085517 0.089743 0.077047 0.086434 0.088094 0.082849 0.079883 0.079263 0.081244 0.081734 0.082521 
0.089660 0.089727 0.088095 0.071390 0.074126 0.091011 0.084403 0.084195 0.085581 0.075698 0.085771 0.080341 
0.085267 0.085655 0.089194 0.077316 0.075256 0.088541 0.083124 0.081020 0.082185 0.083094 0.081866 0.087482 
0.087144 0.086483 0.083722 0.079472 0.079850 0.089867 0.079916 0.081392 0.080362 0.082787 0.082660 0.086344 
0.085631 0.085655 0.086370 0.085938 0.084918 0.085691 0.081192 0.079335 0.083566 0.080011 0.081866 0.079827 
0.086976 0.087380 0.081686 0.080819 0.080432 0.089267 0.079455 0.082165 0.081927 0.082171 0.083521 0.084201 
0.086151 0.086552 0.078371 0.084282 0.081851 0.091133 0.077384 0.081902 0.079619 0.081862 0.082727 0.088166 
0.087594 0.087657 0.077140 0.080011 0.077623 0.090184 0.079252 0.083028 0.080056 0.085254 0.083786 0.088416 
0.086102 0.086138 0.091374 0.075430 0.079660 0.088778 0.083661 0.079992 0.082279 0.081245 0.082330 0.083013 
0.086892 0.087311 0.085418 0.083244 0.084069 0.087701 0.081690 0.082195 0.080516 0.077854 0.083455 0.079653 
0.086858 0.086759 0.084469 0.081897 0.082428 0.088843 0.080631 0.080247 0.082452 0.079395 0.082925 0.083093 
0.087419 0.087864 0.086357 0.078395 0.079018 0.090452 0.082569 0.083468 0.082436 0.076621 0.083984 0.081416 
0.086996 0.087380 0.083901 0.078664 0.080171 0.086932 0.081610 0.081736 0.082031 0.085562 0.083521 0.081494 
0.086412 0.086621 0.087564 0.078664 0.077794 0.090202 0.081926 0.080525 0.081082 0.080629 0.082793 0.085788 
0.087223 0.087657 0.082773 0.082167 0.083075 0.089591 0.080456 0.083387 0.082696 0.075696 0.083786 0.081493 
0.088352 0.087795 0.083173 0.081358 0.079436 0.090291 0.080891 0.081192 0.083285 0.077855 0.083918 0.082454 
0.085339 0.085724 0.084191 0.080280 0.080579 0.089483 0.082548 0.080193 0.080093 0.082170 0.081932 0.087467 
0.088596 0.088554 0.079839 0.080011 0.076191 0.091208 0.079820 0.082455 0.082415 0.080013 0.084646 0.086250 
0.086927 0.086828 0.081668 0.085939 0.089700 0.088672 0.079369 0.081409 0.080521 0.075696 0.082991 0.080280 
0.086258 0.086138 0.079074 0.087555 0.086548 0.087785 0.078570 0.080185 0.083253 0.080012 0.082330 0.082292 
0.086765 0.086828 0.086103 0.081897 0.079994 0.088588 0.082049 0.080414 0.080090 0.080937 0.082991 0.083342 
0.087344 0.087242 0.092637 0.077586 0.077544 0.089982 0.086670 0.081377 0.083080 0.073846 0.083389 0.079304 
0.088497 0.088968 0.088578 0.074892 0.073633 0.090275 0.085190 0.082713 0.081479 0.078780 0.085043 0.081951 
0.087514 0.087449 0.084531 0.080819 0.084488 0.090771 0.081936 0.082343 0.083483 0.072921 0.083587 0.080155 
0.086714 0.086759 0.080078 0.082705 0.082976 0.089128 0.079891 0.081241 0.081341 0.081554 0.082925 0.084689 
0.087286 0.087726 0.083759 0.081358 0.080438 0.090600 0.080997 0.082173 0.083781 0.076005 0.083852 0.082026 
0.086639 0.086552 0.090637 0.077586 0.081954 0.089953 0.083569 0.080142 0.082995 0.075696 0.082727 0.081550 
0.086988 0.086897 0.090223 0.079203 0.078344 0.086842 0.084177 0.080377 0.084256 0.080321 0.083058 0.079315 
0.084303 0.084619 0.080602 0.085898 0.088749 0.088225 0.077310 0.078424 0.078610 0.085560 0.080873 0.086826 
0.087243 0.086276 0.085484 0.074891 0.073585 0.089651 0.083002 0.080873 0.080156 0.088028 0.082462 0.088349 
0.085914 0.085793 0.086295 0.078663 0.083721 0.089862 0.081739 0.080846 0.081222 0.078778 0.081999 0.085168 
0.084428 0.084757 0.088998 0.081856 0.086602 0.085818 0.081983 0.079426 0.079492 0.083710 0.081006 0.081923 
0.088074 0.088554 0.086437 0.077586 0.076342 0.091344 0.083397 0.082315 0.082521 0.075080 0.084646 0.083703 
0.086431 0.086828 0.086718 0.077586 0.078862 0.088805 0.082329 0.080760 0.083099 0.081554 0.082991 0.084037 
0.084230 0.084205 0.085541 0.083513 0.083857 0.086069 0.081488 0.078571 0.083884 0.084018 0.080476 0.084146 
0.087103 0.086483 0.085462 0.075161 0.072800 0.088787 0.080788 0.080031 0.082313 0.088645 0.082660 0.089766 
0.086658 0.086138 0.079444 0.080819 0.079888 0.090655 0.079418 0.080515 0.078841 0.085253 0.082330 0.090042 
0.087524 0.087588 0.086223 0.078125 0.080280 0.088621 0.081931 0.081105 0.081236 0.080629 0.083720 0.083018 
0.086210 0.086276 0.088604 0.077855 0.078659 0.090077 0.083601 0.080324 0.083148 0.077545 0.082462 0.085240 
0.085511 0.085862 0.083027 0.080280 0.082526 0.087770 0.079519 0.079901 0.079221 0.086794 0.082065 0.087525 
0.087238 0.087657 0.084056 0.070850 0.069110 0.091391 0.082137 0.082145 0.084821 0.086179 0.083786 0.090631 
0.086066 0.085931 0.083061 0.079472 0.079363 0.087990 0.080061 0.079956 0.083251 0.085561 0.082131 0.087156 
0.086177 0.086345 0.083002 0.083783 0.083979 0.088168 0.079780 0.080568 0.080104 0.083095 0.082528 0.082471 
0.084636 0.084619 0.081376 0.086207 0.086500 0.086839 0.078175 0.079801 0.078099 0.085868 0.080873 0.087006 
0.086600 0.087035 0.086199 0.080550 0.078849 0.090840 0.081475 0.081491 0.082288 0.077238 0.083190 0.084246 
0.087313 0.086897 0.088978 0.080011 0.076486 0.088310 0.083241 0.080693 0.081349 0.080012 0.083058 0.083650 
0.086342 0.086207 0.085120 0.076508 0.075921 0.087709 0.081585 0.080386 0.082137 0.088028 0.082396 0.087662 
0.086712 0.086897 0.084889 0.081628 0.082211 0.087231 0.082484 0.081009 0.082110 0.081245 0.083058 0.080525 
0.086625 0.087035 0.085895 0.082166 0.082188 0.087850 0.083820 0.081065 0.080314 0.080012 0.083190 0.079840 
0.089261 0.089244 0.086528 0.076240 0.074205 0.090024 0.084243 0.083460 0.082632 0.077239 0.085308 0.081616 
0.085334 0.085172 0.084532 0.089980 0.086281 0.087494 0.080940 0.080566 0.079170 0.078161 0.081403 0.080968 
0.085173 0.085517 0.082514 0.081627 0.081666 0.087406 0.080106 0.079143 0.081399 0.087102 0.081734 0.086613 
0.088258 0.088692 0.078673 0.078934 0.075732 0.090052 0.079119 0.083214 0.083095 0.084330 0.084779 0.085123 
0.087467 0.087519 0.076743 0.083244 0.083803 0.090399 0.078321 0.081172 0.079472 0.083096 0.083653 0.085111 
0.088101 0.086966 0.079259 0.083514 0.082626 0.090497 0.078456 0.082148 0.083508 0.077237 0.083124 0.084564 
0.087535 0.087449 0.085498 0.078664 0.081202 0.089205 0.081790 0.081434 0.081643 0.079396 0.083587 0.082598 
0.087516 0.087380 0.080451 0.084053 0.082126 0.089208 0.080419 0.081985 0.082369 0.079396 0.083521 0.081576 
0.088519 0.088485 0.088307 0.075970 0.071067 0.091012 0.083854 0.082283 0.082077 0.081247 0.084580 0.082600 
0.084876 0.085241 0.083290 0.083244 0.082055 0.088281 0.081217 0.079482 0.080717 0.083402 0.081469 0.086726 
0.086509 0.086897 0.083302 0.079203 0.079604 0.088057 0.082256 0.081555 0.083184 0.083095 0.083058 0.083280 
0.087239 0.087449 0.083624 0.081089 0.082702 0.089031 0.081058 0.081502 0.081025 0.078471 0.083587 0.083224 
0.085852 0.086276 0.084821 0.085938 0.079401 0.088499 0.081109 0.081192 0.082543 0.078470 0.082462 0.083436 
0.088796 0.088761 0.084981 0.074623 0.076765 0.092247 0.082563 0.083064 0.083208 0.075697 0.084845 0.084451 
0.087509 0.087242 0.080356 0.084861 0.083800 0.089490 0.081265 0.081812 0.080721 0.076621 0.083389 0.082934 
0.087560 0.088002 0.085186 0.079472 0.077903 0.090207 0.081527 0.081831 0.081544 0.079088 0.084117 0.083562 
0.083404 0.083377 0.081910 0.092943 0.092205 0.085900 0.079252 0.077364 0.079064 0.081243 0.079682 0.083656 
0.083654 0.083998 0.091716 0.080279 0.077849 0.086879 0.083574 0.078794 0.080444 0.086176 0.080278 0.086360 
0.087488 0.086690 0.077215 0.086208 0.085833 0.089607 0.076751 0.081826 0.080247 0.080320 0.082859 0.084956 
0.084046 0.084343 0.083733 0.083782 0.087014 0.085459 0.079250 0.078964 0.078460 0.088951 0.080609 0.085389 
prostate
0.089233 0.086313 0.082750 0.079046 0.080728 0.089505 0.081658 0.082862 0.084366 0.078696 0.083888 0.080953 
0.087601 0.084337 0.085728 0.077427 0.074043 0.090622 0.081597 0.080941 0.079301 0.088586 0.081964 0.087852 
0.088907 0.086994 0.083148 0.082014 0.079758 0.089769 0.080829 0.081946 0.083414 0.078387 0.084552 0.080281 
0.087194 0.085291 0.082795 0.083902 0.079865 0.089828 0.081254 0.081813 0.082505 0.080241 0.082893 0.082419 
0.088227 0.086313 0.082128 0.076618 0.075702 0.091622 0.082005 0.081318 0.082821 0.081787 0.083888 0.087571 
0.090500 0.088084 0.086287 0.074730 0.075690 0.090731 0.083263 0.082612 0.085496 0.077152 0.085613 0.079841 
0.090389 0.088493 0.077722 0.083634 0.081423 0.093380 0.079124 0.083767 0.080024 0.074370 0.086011 0.081662 
0.089082 0.086313 0.086225 0.078507 0.080886 0.089742 0.083683 0.080966 0.079460 0.080551 0.083888 0.080697 
0.088455 0.085223 0.084636 0.080665 0.080676 0.092058 0.081212 0.082314 0.080475 0.076222 0.082826 0.085237 
0.086652 0.083860 0.079807 0.082553 0.078178 0.088143 0.079305 0.080072 0.080218 0.091368 0.081499 0.088345 
0.087077 0.084201 0.088433 0.082553 0.081413 0.090047 0.082393 0.080223 0.080163 0.077149 0.081831 0.084516 
0.089668 0.087199 0.084866 0.074730 0.074678 0.091841 0.081924 0.082847 0.084159 0.079624 0.084751 0.083714 
0.088631 0.086381 0.082492 0.085252 0.081466 0.090519 0.080595 0.082081 0.081426 0.077769 0.083954 0.079434 
0.086413 0.083997 0.086755 0.081743 0.086134 0.088932 0.082270 0.079274 0.078033 0.080549 0.081632 0.084268 
0.089056 0.087131 0.084806 0.075539 0.075845 0.091628 0.082092 0.082638 0.081685 0.082097 0.084684 0.082800 
0.088318 0.085564 0.088924 0.078466 0.081492 0.089729 0.083768 0.081026 0.082028 0.076841 0.083158 0.080687 
0.087943 0.085564 0.084507 0.079046 0.077818 0.094154 0.081752 0.082094 0.081265 0.076532 0.083158 0.086169 
0.087902 0.085972 0.083189 0.079586 0.080218 0.090087 0.080917 0.081060 0.082556 0.081478 0.083556 0.083479 
0.085639 0.082702 0.084141 0.079585 0.081296 0.088914 0.079535 0.077999 0.078846 0.089821 0.080371 0.091151 
0.086630 0.084065 0.090884 0.084981 0.084016 0.089292 0.085013 0.079489 0.081136 0.072821 0.081698 0.079974 
0.083692 0.081748 0.088619 0.083901 0.086545 0.085797 0.081636 0.078224 0.078768 0.088275 0.079442 0.083353 
0.087466 0.085223 0.083073 0.089838 0.086350 0.088695 0.079902 0.080054 0.082418 0.075604 0.082826 0.078551 
0.087775 0.085836 0.082808 0.076348 0.077488 0.090367 0.081168 0.080898 0.079487 0.086423 0.083424 0.087977 
0.088339 0.085019 0.079221 0.089029 0.087550 0.090070 0.078586 0.080483 0.080104 0.079004 0.082627 0.079968 
0.088463 0.086517 0.080693 0.080665 0.082003 0.088572 0.080355 0.082309 0.080175 0.084260 0.084087 0.081900 
0.087744 0.085019 0.084525 0.085251 0.080569 0.089943 0.081737 0.082471 0.080750 0.077459 0.082627 0.081906 
0.086707 0.084405 0.085453 0.075268 0.077679 0.088973 0.081482 0.079725 0.081843 0.089204 0.082030 0.087229 
0.087071 0.084814 0.083803 0.086330 0.079452 0.088349 0.080459 0.079822 0.081722 0.083641 0.082428 0.082109 
0.090000 0.088084 0.077044 0.078777 0.079300 0.094495 0.078834 0.084724 0.083139 0.077152 0.085613 0.082838 
0.086784 0.084065 0.088679 0.085791 0.083150 0.089585 0.083996 0.078856 0.080538 0.075603 0.081698 0.081254 
0.088730 0.085768 0.087814 0.079316 0.077634 0.088832 0.083026 0.081750 0.082642 0.079932 0.083357 0.081199 
0.087364 0.085427 0.086341 0.079046 0.079373 0.088099 0.082341 0.081404 0.080231 0.085187 0.083025 0.082161 
0.089414 0.086994 0.082839 0.081974 0.081270 0.088780 0.082001 0.082563 0.080990 0.079624 0.084552 0.079000 
0.087610 0.084337 0.088547 0.079046 0.078963 0.087564 0.084061 0.080479 0.080848 0.084877 0.081964 0.081705 
0.087636 0.085700 0.083351 0.078506 0.080800 0.089283 0.081721 0.081314 0.080913 0.083332 0.083291 0.084152 
0.086035 0.083247 0.082889 0.084171 0.086094 0.089193 0.079143 0.078140 0.079730 0.085185 0.080902 0.085271 
0.086973 0.084814 0.083176 0.074459 0.077419 0.090677 0.080001 0.079684 0.083610 0.087659 0.082428 0.089101 
0.087738 0.085495 0.086387 0.076887 0.074058 0.091405 0.081929 0.081434 0.080449 0.082405 0.083092 0.088721 
0.088582 0.086449 0.089763 0.076888 0.079125 0.089089 0.084461 0.081726 0.083720 0.079005 0.084021 0.077171 
0.089254 0.086858 0.083693 0.083633 0.080144 0.089853 0.081055 0.082256 0.082301 0.076533 0.084419 0.080000 
0.089286 0.087403 0.091539 0.078777 0.079271 0.089958 0.086375 0.082299 0.080006 0.073133 0.084950 0.077005 
0.086672 0.084542 0.088352 0.077427 0.079569 0.089237 0.082418 0.079526 0.080575 0.083331 0.082163 0.086189 
0.088739 0.086449 0.079402 0.081744 0.081888 0.089716 0.079350 0.081331 0.082482 0.082405 0.084021 0.082473 
0.088376 0.085495 0.088250 0.082553 0.078398 0.088959 0.084686 0.080219 0.080352 0.078386 0.083092 0.081233 
0.086134 0.084201 0.085193 0.082553 0.081299 0.088945 0.080961 0.078945 0.078640 0.087040 0.081831 0.084258 
0.087347 0.085427 0.082865 0.081474 0.082787 0.090274 0.079843 0.081093 0.084098 0.078386 0.083025 0.083379 
0.089772 0.086926 0.084097 0.073380 0.074509 0.090550 0.082283 0.082864 0.083004 0.083333 0.084485 0.084797 
0.087472 0.084882 0.086647 0.080125 0.078810 0.091799 0.081825 0.081094 0.081703 0.077768 0.082495 0.085381 
0.088610 0.086722 0.085491 0.080126 0.079230 0.091089 0.082759 0.082671 0.083279 0.074678 0.084286 0.081058 
0.086760 0.084814 0.080639 0.078506 0.081735 0.089891 0.078596 0.079941 0.083504 0.085186 0.082428 0.088000 
0.085741 0.083179 0.084089 0.094694 0.090992 0.087851 0.080587 0.079617 0.082152 0.072202 0.080836 0.078059 
0.086701 0.084746 0.079036 0.080664 0.082508 0.089288 0.079232 0.080778 0.081916 0.087041 0.082362 0.085728 
0.087533 0.085632 0.084240 0.079855 0.080473 0.092792 0.081646 0.080783 0.080837 0.078386 0.083224 0.084597 
0.089551 0.087335 0.083339 0.082824 0.078453 0.092107 0.083592 0.082769 0.084162 0.072205 0.084883 0.078781 
0.086959 0.085019 0.082649 0.081204 0.081578 0.088101 0.081235 0.081470 0.080760 0.085496 0.082627 0.082903 
0.089119 0.086858 0.082450 0.081744 0.081487 0.090629 0.080773 0.082016 0.082825 0.077151 0.084419 0.080529 
0.089513 0.087608 0.086007 0.073111 0.073834 0.093209 0.083907 0.083050 0.085068 0.076842 0.085149 0.082704 
0.089461 0.087335 0.087117 0.077697 0.081704 0.090339 0.083111 0.081968 0.085287 0.073751 0.084883 0.077346 
0.091663 0.088561 0.083315 0.076619 0.074690 0.092067 0.081395 0.083574 0.084738 0.076534 0.086078 0.080766 
0.090854 0.088766 0.086059 0.075539 0.072391 0.093180 0.084663 0.083294 0.085985 0.072825 0.086277 0.080169 
0.088833 0.086586 0.084482 0.077967 0.077894 0.092077 0.082380 0.082082 0.085571 0.076223 0.084153 0.081750 
0.087635 0.085700 0.080521 0.081204 0.082484 0.091496 0.079242 0.080424 0.081805 0.082096 0.083291 0.084101 
0.086774 0.084882 0.087569 0.084442 0.084947 0.089581 0.082729 0.079965 0.080707 0.075295 0.082495 0.080617 
0.086465 0.084542 0.087087 0.075808 0.074201 0.089697 0.082188 0.080250 0.081553 0.087041 0.082163 0.089006 
0.089145 0.087062 0.084443 0.086061 0.084188 0.090738 0.082094 0.082213 0.080473 0.070969 0.084618 0.077995 
0.085921 0.083997 0.085200 0.081743 0.079139 0.088296 0.080969 0.079302 0.081511 0.085804 0.081632 0.086486 
0.085928 0.083656 0.084072 0.085790 0.084009 0.087366 0.080936 0.079415 0.078633 0.085185 0.081300 0.083710 
0.088423 0.085632 0.080817 0.077427 0.079321 0.090226 0.079911 0.081857 0.080301 0.086114 0.083224 0.086747 
0.089328 0.087403 0.085587 0.074190 0.074244 0.090827 0.083777 0.082329 0.083864 0.081170 0.084950 0.082331 
0.088315 0.085904 0.084714 0.083363 0.081950 0.088239 0.082179 0.080931 0.084012 0.078078 0.083490 0.078826 
0.088032 0.085904 0.085371 0.078776 0.079099 0.089859 0.081939 0.080792 0.080155 0.082096 0.083490 0.084486 
0.090129 0.086858 0.084526 0.075539 0.076828 0.091254 0.081270 0.082804 0.081857 0.081478 0.084419 0.083038 
0.087831 0.085904 0.084723 0.082284 0.083515 0.088584 0.082024 0.081054 0.080114 0.080550 0.083490 0.079927 
0.087714 0.084269 0.083479 0.078776 0.081055 0.088456 0.080689 0.080008 0.078235 0.088586 0.081897 0.086836 
0.090552 0.088153 0.086005 0.074730 0.076186 0.092944 0.083804 0.082554 0.082982 0.075297 0.085680 0.081114 
0.087735 0.085836 0.084666 0.081204 0.083591 0.092249 0.082284 0.081961 0.080562 0.075295 0.083424 0.081192 
0.086897 0.084473 0.083899 0.081204 0.080137 0.089514 0.080654 0.079181 0.081309 0.084259 0.082096 0.086377 
0.084549 0.082634 0.087230 0.083362 0.084545 0.088487 0.080777 0.079462 0.080436 0.083021 0.080305 0.085193 
0.086535 0.084269 0.083791 0.084711 0.083579 0.087324 0.082043 0.080413 0.080625 0.082713 0.081897 0.082098 
0.086652 0.084065 0.089000 0.088219 0.087185 0.088093 0.083703 0.079443 0.079058 0.074985 0.081698 0.077899 
0.088438 0.086040 0.089188 0.076078 0.076460 0.090355 0.084573 0.081049 0.083283 0.078696 0.083623 0.082216 
0.088802 0.086449 0.082567 0.076888 0.078400 0.090436 0.081116 0.082537 0.082109 0.083333 0.084021 0.083344 
0.086964 0.085087 0.088618 0.080665 0.082298 0.091470 0.083356 0.080579 0.082884 0.072822 0.082694 0.082565 
0.088975 0.086722 0.084567 0.079856 0.079977 0.090994 0.081487 0.082274 0.081220 0.077151 0.084286 0.082492 
0.086538 0.084269 0.085050 0.084981 0.082852 0.087551 0.082203 0.080027 0.080663 0.083022 0.081897 0.080946 
0.086513 0.083928 0.087678 0.086330 0.083079 0.088253 0.082460 0.081554 0.080907 0.078076 0.081566 0.079656 
0.087622 0.085223 0.089210 0.076887 0.078629 0.090518 0.083972 0.081171 0.083548 0.078077 0.082826 0.082316 
0.085772 0.083860 0.089837 0.080664 0.078872 0.088006 0.083337 0.079178 0.077074 0.086422 0.081499 0.085478 
0.086848 0.084473 0.087645 0.087949 0.086910 0.089414 0.083591 0.080027 0.077859 0.074058 0.082096 0.079130 
0.087211 0.085291 0.082489 0.078506 0.076324 0.091618 0.080766 0.079943 0.080986 0.085187 0.082893 0.088787 
0.089456 0.087335 0.078334 0.082243 0.080361 0.092355 0.078365 0.082106 0.084117 0.077769 0.084883 0.082673 
0.085369 0.083451 0.084876 0.086600 0.086187 0.087875 0.079894 0.079778 0.081553 0.081476 0.081101 0.081840 
0.090477 0.088561 0.083410 0.073111 0.075733 0.093380 0.083117 0.083371 0.087223 0.074679 0.086078 0.080859 
0.087235 0.084814 0.088175 0.077157 0.079838 0.089163 0.083529 0.079985 0.080239 0.083022 0.082428 0.084414 
0.088459 0.086381 0.094093 0.077697 0.080941 0.091353 0.086340 0.082446 0.082165 0.069732 0.083954 0.076439 
0.085708 0.083792 0.086319 0.080664 0.083233 0.090506 0.081451 0.079969 0.082812 0.080240 0.081433 0.083874 
0.090496 0.088629 0.089419 0.075270 0.071763 0.093937 0.085124 0.083542 0.083539 0.072516 0.086144 0.079622 
0.088175 0.085904 0.085355 0.081474 0.082368 0.088795 0.081554 0.081966 0.084037 0.078696 0.083490 0.078185 
0.089543 0.087131 0.081040 0.080665 0.077050 0.090745 0.080958 0.082312 0.081130 0.081788 0.084684 0.082953 
0.087712 0.084473 0.082822 0.092536 0.089103 0.087930 0.079189 0.080743 0.081740 0.074985 0.082096 0.076670 
skin
0.085394 0.085418 0.082861 0.084336 0.087400 0.087257 0.079552 0.080289 0.082147 0.081259 0.081393 0.082694 
0.087050 0.087008 0.084705 0.080564 0.078295 0.090624 0.082130 0.081191 0.080055 0.078793 0.082913 0.086671 
0.087861 0.087975 0.082434 0.079756 0.078521 0.090139 0.080398 0.081720 0.086767 0.077252 0.083838 0.083338 
0.087592 0.088044 0.087513 0.074636 0.077824 0.089996 0.083356 0.082694 0.082087 0.079411 0.083904 0.082943 
0.085953 0.085833 0.084978 0.082450 0.087843 0.087038 0.081615 0.079788 0.082616 0.080026 0.081790 0.080071 
0.087586 0.087699 0.084489 0.076792 0.075098 0.092825 0.081351 0.081033 0.082143 0.080336 0.083574 0.087076 
0.088677 0.088804 0.086077 0.077600 0.076800 0.089834 0.082141 0.082938 0.082140 0.079720 0.084631 0.080638 
0.089138 0.088597 0.079948 0.078678 0.081975 0.090610 0.079010 0.084202 0.082870 0.078177 0.084433 0.082362 
0.086708 0.087146 0.086683 0.080025 0.079874 0.089232 0.081554 0.080993 0.082794 0.079718 0.083045 0.082228 
0.088248 0.087837 0.079530 0.083529 0.083589 0.088553 0.079182 0.081727 0.081672 0.080336 0.083706 0.082093 
0.085336 0.085004 0.086744 0.079486 0.076489 0.087453 0.082434 0.079129 0.081975 0.087427 0.080997 0.087528 
0.088844 0.088804 0.084176 0.077331 0.077499 0.088182 0.081457 0.082964 0.085139 0.080953 0.084631 0.080020 
0.084549 0.084934 0.087621 0.084336 0.082589 0.086768 0.081779 0.079314 0.080906 0.082801 0.080931 0.083473 
0.087587 0.088044 0.083425 0.082451 0.078338 0.088427 0.081415 0.081717 0.082419 0.081261 0.083904 0.081012 
0.087341 0.087215 0.082338 0.078139 0.078657 0.089455 0.080111 0.083051 0.084168 0.081260 0.083111 0.085153 
0.085477 0.085902 0.091010 0.077599 0.076980 0.089839 0.084101 0.079513 0.081433 0.080334 0.081856 0.085955 
0.086494 0.086731 0.090552 0.076482 0.076105 0.090320 0.084113 0.080665 0.082990 0.078484 0.082649 0.084415 
0.087173 0.087629 0.087269 0.076253 0.077707 0.090766 0.082721 0.082199 0.082156 0.078485 0.083508 0.084133 
0.088598 0.088597 0.084995 0.079217 0.074650 0.091164 0.081788 0.081871 0.082475 0.078177 0.084433 0.084034 
0.087977 0.088044 0.087218 0.069246 0.075747 0.088689 0.083580 0.082075 0.086644 0.083111 0.083904 0.083765 
0.085110 0.085487 0.082260 0.081103 0.084656 0.089740 0.078735 0.079816 0.079714 0.083109 0.081459 0.088809 
0.084900 0.085280 0.084663 0.083797 0.084521 0.088182 0.080390 0.079180 0.081592 0.081876 0.081261 0.084357 
0.086470 0.086731 0.088659 0.080834 0.076660 0.090638 0.082635 0.080668 0.081927 0.076943 0.082649 0.085187 
0.086788 0.086524 0.087298 0.080564 0.076882 0.088385 0.082185 0.081056 0.084278 0.080643 0.082450 0.082946 
0.084385 0.084036 0.091086 0.083797 0.083728 0.084612 0.084006 0.078669 0.081723 0.082492 0.080072 0.081394 
0.084314 0.083829 0.085406 0.089456 0.091321 0.087550 0.080194 0.079710 0.078856 0.078482 0.079873 0.081009 
0.087064 0.086109 0.083589 0.080833 0.080478 0.087032 0.080064 0.080607 0.082361 0.085269 0.082054 0.084539 
0.086323 0.085902 0.088486 0.081911 0.084029 0.088994 0.082655 0.079869 0.080703 0.076325 0.081856 0.082946 
0.089916 0.089426 0.086094 0.074097 0.072847 0.092200 0.083362 0.083391 0.085623 0.076328 0.085226 0.081490 
0.088646 0.088044 0.079028 0.082990 0.083116 0.089767 0.078080 0.083027 0.083306 0.077560 0.083904 0.082532 
0.088027 0.088182 0.089152 0.079487 0.081462 0.090886 0.083778 0.083367 0.083652 0.068617 0.084036 0.079354 
0.086473 0.086040 0.083517 0.085913 0.088814 0.088519 0.080139 0.080436 0.083638 0.074783 0.081988 0.079740 
0.085707 0.086109 0.088928 0.076252 0.078279 0.089450 0.082948 0.079941 0.080460 0.083727 0.082054 0.086145 
0.088248 0.088735 0.088209 0.075984 0.081450 0.090882 0.082996 0.084185 0.083143 0.072935 0.084565 0.078668 
0.087519 0.087422 0.085919 0.076792 0.076625 0.091115 0.081880 0.081504 0.083992 0.078177 0.083310 0.085746 
0.085163 0.085073 0.089584 0.084606 0.083360 0.086925 0.085174 0.078645 0.078621 0.079100 0.081063 0.082685 
0.086872 0.087077 0.082585 0.075175 0.074175 0.089975 0.079996 0.082534 0.079711 0.088970 0.082979 0.089952 
0.087003 0.087077 0.081284 0.085954 0.090671 0.088161 0.079425 0.082233 0.080483 0.076018 0.082979 0.078713 
0.087988 0.087422 0.085269 0.090535 0.088679 0.088563 0.083026 0.081529 0.081894 0.068000 0.083310 0.073786 
0.086048 0.086455 0.087564 0.078139 0.075851 0.088139 0.081898 0.080778 0.080743 0.086811 0.082384 0.085191 
0.087365 0.086455 0.084393 0.084876 0.085391 0.088455 0.081105 0.080881 0.081599 0.075709 0.082384 0.081387 
0.086151 0.086178 0.078274 0.085145 0.084445 0.086669 0.078844 0.079791 0.081762 0.086194 0.082120 0.084427 
0.088068 0.088321 0.087695 0.067899 0.070154 0.092292 0.082980 0.082353 0.085905 0.082186 0.084169 0.087977 
0.088651 0.089150 0.084674 0.077870 0.076970 0.090611 0.081847 0.083250 0.085397 0.075402 0.084962 0.081215 
0.086285 0.085833 0.077745 0.088918 0.086631 0.088479 0.078082 0.079345 0.080855 0.081876 0.081790 0.084162 
0.086664 0.087077 0.086968 0.076252 0.078203 0.087700 0.083840 0.080834 0.081231 0.084344 0.082979 0.083907 
0.088382 0.088873 0.088620 0.072750 0.070795 0.091250 0.084276 0.082116 0.085805 0.078486 0.084697 0.083949 
0.085998 0.086386 0.082794 0.074635 0.074742 0.090316 0.079401 0.079774 0.081543 0.088970 0.082318 0.093123 
0.087548 0.087975 0.085907 0.070863 0.074112 0.089460 0.084166 0.082542 0.083954 0.084653 0.083838 0.084982 
0.085781 0.085695 0.088376 0.082181 0.078797 0.087797 0.082489 0.080010 0.080084 0.082801 0.081658 0.084333 
0.085760 0.086178 0.083912 0.086492 0.085265 0.087832 0.080872 0.079990 0.081802 0.077867 0.082120 0.081909 
0.090828 0.089979 0.077929 0.074367 0.071825 0.091794 0.080419 0.084469 0.083907 0.082496 0.085755 0.086232 
0.086135 0.085695 0.083966 0.084606 0.083685 0.087891 0.080739 0.080149 0.080424 0.080642 0.081658 0.084411 
0.085572 0.085625 0.082044 0.083528 0.080725 0.088718 0.079557 0.080156 0.080891 0.083726 0.081591 0.087866 
0.089335 0.088597 0.084703 0.071672 0.076731 0.091216 0.081875 0.082390 0.081925 0.080645 0.084433 0.086478 
0.086798 0.086731 0.081902 0.085954 0.082730 0.088860 0.079648 0.080621 0.081287 0.080335 0.082649 0.082484 
0.087070 0.087284 0.083625 0.083259 0.088458 0.088541 0.080601 0.081294 0.079826 0.078177 0.083177 0.078687 
0.084155 0.084174 0.087819 0.080024 0.082946 0.089911 0.082092 0.079144 0.078766 0.082800 0.080204 0.087965 
0.086537 0.086662 0.091126 0.083259 0.081251 0.088905 0.084669 0.080607 0.081956 0.072317 0.082583 0.080129 
0.085794 0.085349 0.087551 0.081601 0.080848 0.088072 0.081949 0.079831 0.081247 0.081567 0.081327 0.084864 
0.090389 0.089633 0.086593 0.072750 0.074193 0.090636 0.083236 0.083275 0.084409 0.078178 0.085424 0.081284 
0.086037 0.086455 0.085668 0.083259 0.080088 0.087456 0.080583 0.080989 0.080273 0.083110 0.082384 0.083700 
0.086517 0.086938 0.082473 0.080834 0.078942 0.088946 0.080792 0.081262 0.082514 0.083111 0.082847 0.084825 
0.087046 0.086800 0.089657 0.077869 0.077160 0.089225 0.085014 0.080852 0.080591 0.078793 0.082715 0.084278 
