-2506273.497316
0
0.000001 0.000009 0.000000 0.000001 0.000000 0.000000 0.000000 0.000000 0.000001 0.000001 0.000016 0.000001 0.000001 0.000000 0.000000 0.000001 0.000001 0.000001 0.000251 0.000001 0.000627 0.000001 0.000000 0.000206 0.000000 0.000001 0.000000 0.000040 0.000000 0.000000 0.000000 0.000000 0.000000 0.000001 0.113923 0.000001 0.000000 0.000000 0.000000 0.000000 0.000001 0.000001 0.000001 0.000001 0.000001 0.000000 0.000001 0.000001 0.000001 0.000001 0.000000 0.000000 0.000000 0.000000 0.000000 0.000000 0.000333 0.000021 0.856765 0.026756 0.000000 0.000000 0.000000 0.000000 0.000001 0.000000 0.000000 0.000001 0.000000 0.000000 0.000000 0.000001 0.000001 0.000000 0.000000 0.000824 0.000000 0.000000 0.000000 0.000000 0.000000 0.000000 0.000186 0.000000 0.000001 0.000000 0.000001 0.000001 0.000001 0.000001 0.000000 0.000001 0.000001 0.000000 0.000000 0.000001 
0.000001 0.000001 0.000001 0.000001 0.000001 0.000001 0.000001 0.000001 0.000001 0.000001 0.000002 0.000001 0.000001 0.000001 0.000001 0.000001 0.000001 0.000001 0.000001 0.000001 0.000002 0.000001 0.000001 0.000001 0.000001 0.000001 0.000001 0.000002 0.000001 0.000001 0.000001 0.000001 0.000001 0.000001 0.000002 0.000001 0.000001 0.000001 0.000001 0.000001 0.000001 0.000001 0.000001 0.000001 0.000001 0.000001 0.000001 0.000001 0.000001 0.000001 0.000001 0.000001 0.000001 0.000001 0.000001 0.000001 0.000002 0.000002 0.999907 0.000001 0.000001 0.000001 0.000001 0.000001 0.000001 0.000001 0.000001 0.000001 0.000001 0.000001 0.000001 0.000001 0.000001 0.000001 0.000001 0.000001 0.000001 0.000001 0.000001 0.000001 0.000001 0.000001 0.000002 0.000001 0.000001 0.000001 0.000001 0.000001 0.000001 0.000001 0.000001 0.000001 0.000001 0.000001 0.000001 0.000001 
0.000001 0.000001 0.000000 0.000001 0.000000 0.000000 0.000000 0.000000 0.001503 0.000001 0.000005 0.000001 0.000001 0.000000 0.000000 0.000001 0.000001 0.000001 0.000001 0.000039 0.000134 0.000001 0.000000 0.000001 0.000000 0.000001 0.000000 0.000011 0.000000 0.000000 0.000000 0.000000 0.000000 0.000010 0.000305 0.000001 0.000000 0.000000 0.000000 0.000000 0.000001 0.000028 0.000001 0.000001 0.000001 0.000000 0.000001 0.000001 0.000001 0.000019 0.000000 0.000000 0.000000 0.000000 0.000000 0.000000 0.000169 0.013534 0.983920 0.000001 0.000000 0.000000 0.000000 0.000000 0.000001 0.000000 0.000000 0.000001 0.000000 0.000000 0.000000 0.000001 0.000138 0.000000 0.000000 0.000001 0.000000 0.000000 0.000000 0.000000 0.000000 0.000000 0.000142 0.000000 0.000001 0.000000 0.000001 0.000001 0.000001 0.000001 0.000000 0.000001 0.000001 0.000000 0.000000 0.000001 
0.000001 0.000001 0.000001 0.000001 0.000001 0.000001 0.000001 0.000001 0.000001 0.000001 0.795585 0.000001 0.000001 0.000001 0.000001 0.000001 0.000001 0.000001 0.000001 0.000001 0.000001 0.000001 0.000001 0.000001 0.000001 0.000001 0.000001 0.000001 0.000001 0.000001 0.000001 0.000001 0.000001 0.000001 0.000002 0.000001 0.000001 0.000001 0.000001 0.000001 0.000001 0.000001 0.000001 0.000001 0.000001 0.000001 0.000001 0.000001 0.000032 0.000001 0.000001 0.000001 0.000001 0.000001 0.000001 0.000001 0.000001 0.000001 0.203512 0.000001 0.000001 0.000001 0.000001 0.000001 0.000001 0.000001 0.000001 0.000001 0.000001 0.000001 0.000001 0.000001 0.000001 0.000001 0.000001 0.000001 0.000001 0.000001 0.000001 0.000001 0.000001 0.000001 0.000001 0.000001 0.000001 0.000001 0.000001 0.000001 0.000001 0.000001 0.000001 0.000811 0.000001 0.000001 0.000001 0.000001 
0.000001 0.000001 0.000001 0.000001 0.000001 0.000001 0.000001 0.000001 0.000001 0.000001 0.452457 0.000001 0.000001 0.000001 0.000001 0.000001 0.000001 0.000001 0.000001 0.000001 0.000001 0.000001 0.000001 0.000001 0.000001 0.000001 0.000001 0.097199 0.000001 0.000001 0.000001 0.000001 0.000001 0.000001 0.000002 0.000001 0.000001 0.000001 0.000001 0.000001 0.000001 0.000001 0.000001 0.000001 0.000001 0.000001 0.000001 0.000001 0.000001 0.000001 0.000001 0.000001 0.000001 0.000001 0.000001 0.000001 0.000001 0.419444 0.025926 0.000001 0.000001 0.000001 0.000001 0.000001 0.000001 0.000001 0.000001 0.000001 0.000001 0.000001 0.000001 0.000001 0.000001 0.000001 0.000001 0.000001 0.000001 0.000001 0.000001 0.000001 0.000001 0.000001 0.000001 0.000001 0.000001 0.000001 0.000001 0.000001 0.000001 0.000001 0.000001 0.000001 0.004918 0.000001 0.000001 0.000001 
0.000056 0.000001 0.000000 0.000010 0.000000 0.000000 0.000000 0.000000 0.000001 0.000001 0.000001 0.000001 0.000001 0.000000 0.000000 0.000001 0.000001 0.000001 0.000001 0.000001 0.000001 0.000001 0.000000 0.000001 0.000000 0.000001 0.000000 0.000001 0.000000 0.000000 0.000000 0.000000 0.000000 0.000001 0.834638 0.000001 0.000000 0.000000 0.000000 0.000000 0.000001 0.000001 0.000001 0.000001 0.000001 0.000000 0.000001 0.000001 0.000001 0.000001 0.000000 0.000000 0.000000 0.000000 0.000000 0.000000 0.161119 0.000001 0.001372 0.000001 0.000000 0.000000 0.000000 0.000000 0.000001 0.000000 0.000000 0.000001 0.000000 0.000000 0.000000 0.000001 0.000001 0.000000 0.000000 0.000001 0.000000 0.000000 0.000000 0.000000 0.000000 0.000000 0.002757 0.000000 0.000001 0.000000 0.000001 0.000001 0.000001 0.000001 0.000000 0.000001 0.000001 0.000000 0.000000 0.000001 
0.000001 0.000001 0.000000 0.000001 0.000000 0.000000 0.000000 0.000000 0.000001 0.000001 0.000019 0.000001 0.000001 0.000000 0.000000 0.000138 0.000001 0.000001 0.000001 0.000197 0.000351 0.000001 0.000000 0.000001 0.000000 0.000001 0.000000 0.000035 0.000000 0.000000 0.000000 0.000000 0.000000 0.000001 0.000221 0.000010 0.000000 0.000000 0.000000 0.000000 0.000001 0.000001 0.000001 0.000001 0.000049 0.000000 0.000028 0.005373 0.000001 0.000001 0.000000 0.000000 0.000000 0.000000 0.000000 0.000000 0.000373 0.011577 0.981042 0.000001 0.000000 0.000000 0.000000 0.000000 0.000001 0.000000 0.000000 0.000019 0.000000 0.000000 0.000000 0.000001 0.000001 0.000000 0.000000 0.000001 0.000000 0.000000 0.000000 0.000000 0.000000 0.000000 0.000263 0.000000 0.000192 0.000000 0.000001 0.000001 0.000065 0.000010 0.000000 0.000001 0.000001 0.000000 0.000000 0.000001 
0.000001 0.000001 0.000000 0.000001 0.000000 0.000000 0.000000 0.000000 0.000672 0.000019 0.000018 0.000019 0.000019 0.000000 0.000000 0.000001 0.000547 0.000038 0.000001 0.000220 0.000351 0.000010 0.000000 0.000001 0.000000 0.000264 0.000000 0.000033 0.000000 0.000000 0.000000 0.000000 0.000000 0.000001 0.000212 0.000001 0.000000 0.000000 0.000000 0.000000 0.000048 0.000001 0.000707 0.000716 0.000110 0.000000 0.000001 0.000001 0.000001 0.000001 0.000000 0.000000 0.000000 0.000000 0.000000 0.000000 0.000358 0.000028 0.989956 0.000001 0.000000 0.000000 0.000000 0.000000 0.000010 0.000000 0.000000 0.000001 0.000000 0.000000 0.000000 0.000057 0.000001 0.000000 0.000000 0.000001 0.000000 0.000000 0.000000 0.000000 0.000000 0.000000 0.000256 0.000000 0.000001 0.000000 0.000029 0.000019 0.000001 0.000001 0.000000 0.000001 0.000001 0.000000 0.000000 0.005245 
0.129767 0.121323 0.124124 0.125396 0.126506 0.125049 0.126174 0.121661 
0.127309 0.120537 0.129955 0.120446 0.131766 0.123848 0.123635 0.122503 
0.129157 0.119702 0.119762 0.121801 0.132626 0.132214 0.123585 0.121155 
0.128872 0.121777 0.123933 0.125461 0.127498 0.122248 0.127475 0.122736 
breast
0.137065 0.069168 0.133060 0.126108 0.130134 0.141415 0.134279 0.128771 
0.141521 0.072346 0.138439 0.120696 0.119038 0.133918 0.139645 0.134397 
0.140503 0.071647 0.137339 0.119341 0.125995 0.135470 0.137005 0.132701 
0.138315 0.068724 0.132489 0.117993 0.122593 0.158458 0.132111 0.129319 
0.144942 0.073553 0.140005 0.114498 0.113830 0.137269 0.140111 0.135793 
0.138415 0.072028 0.138038 0.121556 0.125862 0.131504 0.138724 0.133873 
0.140042 0.071456 0.137032 0.116091 0.126721 0.135183 0.140821 0.132654 
0.141908 0.072282 0.138134 0.118258 0.119314 0.137350 0.137905 0.134849 
0.140364 0.072727 0.138713 0.118394 0.121969 0.132742 0.139245 0.135846 
0.145259 0.072854 0.138891 0.120029 0.112999 0.133267 0.142188 0.134512 
0.140209 0.072663 0.139561 0.120609 0.123414 0.128151 0.140227 0.135165 
0.140947 0.072028 0.137543 0.124883 0.123263 0.130094 0.138070 0.133172 
0.142433 0.070376 0.134995 0.124697 0.124609 0.136060 0.135708 0.131122 
0.138013 0.069931 0.134844 0.114532 0.127657 0.148231 0.136206 0.130586 
0.141235 0.072282 0.138347 0.111875 0.123203 0.139822 0.140016 0.133220 
0.143365 0.071837 0.137767 0.113519 0.116760 0.145006 0.138040 0.133707 
0.141769 0.071837 0.137394 0.119583 0.123116 0.134586 0.138887 0.132828 
0.141776 0.071901 0.137157 0.127078 0.122851 0.129062 0.137209 0.132966 
0.140855 0.072092 0.137716 0.120753 0.122727 0.135421 0.137704 0.132732 
0.145677 0.074316 0.141831 0.113957 0.120821 0.124128 0.141560 0.137709 
0.140756 0.072346 0.138606 0.114129 0.119844 0.140210 0.138966 0.135144 
0.142827 0.072282 0.138307 0.121769 0.120458 0.131126 0.138482 0.134749 
0.137820 0.071202 0.136187 0.128644 0.125258 0.129942 0.136892 0.134055 
0.142061 0.072854 0.139834 0.120348 0.122168 0.128296 0.139618 0.134821 
0.139348 0.071647 0.137701 0.121575 0.125334 0.133822 0.137601 0.132973 
0.140980 0.073363 0.139715 0.122922 0.117858 0.128855 0.140325 0.135984 
0.138110 0.069295 0.133318 0.127239 0.126033 0.143169 0.133727 0.129110 
0.140074 0.072346 0.137890 0.127214 0.120354 0.129534 0.138926 0.133663 
0.142932 0.071520 0.136722 0.121855 0.120581 0.132686 0.137785 0.135920 
0.141389 0.071075 0.136090 0.110229 0.117172 0.154353 0.136590 0.133102 
0.143282 0.072092 0.138055 0.117242 0.121740 0.134470 0.139214 0.133905 
0.138466 0.070439 0.136240 0.115142 0.134919 0.137206 0.135850 0.131737 
0.145234 0.074316 0.141544 0.110631 0.119459 0.129275 0.142060 0.137481 
0.141021 0.070566 0.135363 0.115500 0.124523 0.144463 0.136334 0.132230 
0.140373 0.071329 0.137081 0.118789 0.119146 0.143795 0.136506 0.132982 
0.141614 0.070566 0.135244 0.125713 0.129189 0.132060 0.135297 0.130316 
0.141750 0.072155 0.137609 0.120134 0.116769 0.139533 0.137655 0.134395 
0.139037 0.071393 0.136210 0.123412 0.113518 0.145583 0.136620 0.134228 
0.141443 0.072409 0.137813 0.119255 0.106645 0.147055 0.139971 0.135410 
0.139524 0.071011 0.136972 0.113402 0.132678 0.137322 0.136475 0.132617 
0.139248 0.072092 0.138016 0.122987 0.125115 0.129974 0.138169 0.134400 
0.141815 0.071583 0.136791 0.121236 0.123200 0.136175 0.136797 0.132404 
0.141340 0.072600 0.138621 0.117398 0.122229 0.132478 0.139157 0.136176 
0.141409 0.072155 0.137724 0.117581 0.121109 0.137393 0.138751 0.133878 
0.138908 0.071456 0.137457 0.117871 0.123752 0.141706 0.136779 0.132071 
0.141319 0.072409 0.138403 0.121808 0.120150 0.131382 0.138585 0.135943 
0.142948 0.072536 0.138303 0.120889 0.118033 0.133971 0.138829 0.134491 
0.137917 0.070630 0.135240 0.119030 0.123033 0.144638 0.137940 0.131572 
0.142935 0.073235 0.139620 0.119507 0.108500 0.140557 0.140335 0.135310 
0.139659 0.071647 0.137451 0.126043 0.124298 0.129882 0.137464 0.133556 
0.141572 0.071011 0.135544 0.127764 0.120008 0.135557 0.136592 0.131953 
0.139947 0.071647 0.137049 0.121256 0.122543 0.137767 0.137636 0.132156 
0.141170 0.072028 0.138076 0.116769 0.130545 0.128393 0.139657 0.133361 
0.141772 0.073617 0.140412 0.113560 0.119216 0.133685 0.141924 0.135815 
0.141563 0.072219 0.137909 0.120154 0.125537 0.129068 0.138979 0.134573 
0.140455 0.071583 0.136597 0.122194 0.117659 0.139762 0.138222 0.133529 
0.142987 0.072473 0.138563 0.120870 0.118500 0.132323 0.138738 0.135546 
0.140365 0.071393 0.137203 0.116071 0.133223 0.133036 0.136866 0.131843 
0.142681 0.071710 0.137309 0.118083 0.128843 0.131005 0.137766 0.132602 
0.138136 0.069613 0.134178 0.124783 0.123347 0.147148 0.133563 0.129232 
0.142136 0.071138 0.136238 0.112802 0.116762 0.149795 0.138531 0.132597 
0.139904 0.070693 0.136265 0.117134 0.127333 0.140057 0.136450 0.132163 
0.137416 0.069740 0.134344 0.120035 0.135797 0.137623 0.134643 0.130402 
0.140440 0.073235 0.139646 0.116635 0.120227 0.133998 0.140660 0.135158 
0.141839 0.071647 0.137063 0.116149 0.124059 0.138763 0.137731 0.132749 
0.142417 0.069232 0.133320 0.122433 0.127510 0.141288 0.134535 0.129265 
0.143788 0.071329 0.136903 0.113179 0.115510 0.151406 0.136401 0.131484 
0.138573 0.071011 0.135682 0.120288 0.114368 0.150434 0.137406 0.132238 
0.141421 0.072346 0.138198 0.117001 0.123040 0.136442 0.138269 0.133284 
0.140524 0.071138 0.136346 0.116313 0.127522 0.138907 0.137422 0.131826 
0.138525 0.070757 0.135342 0.119069 0.122660 0.147259 0.135354 0.131034 
0.143956 0.072409 0.138502 0.108403 0.111289 0.151261 0.139699 0.134480 
0.141896 0.070821 0.135450 0.118131 0.120604 0.145994 0.135965 0.131140 
0.139983 0.071202 0.136179 0.123857 0.122086 0.137857 0.136560 0.132277 
0.137331 0.069613 0.133396 0.125741 0.123743 0.146433 0.133488 0.130256 
0.140264 0.071837 0.137687 0.119718 0.122165 0.136584 0.137514 0.134232 
0.140335 0.071710 0.137959 0.119041 0.123551 0.136558 0.138314 0.132532 
0.142772 0.071075 0.136317 0.114698 0.118430 0.148026 0.136970 0.131712 
0.141863 0.071710 0.137062 0.121459 0.122989 0.133328 0.138745 0.132844 
0.139345 0.071837 0.137658 0.121633 0.124305 0.132334 0.139850 0.133037 
0.143331 0.073871 0.140702 0.115233 0.116346 0.131094 0.142718 0.136706 
0.136577 0.070122 0.134759 0.130868 0.127095 0.133797 0.135503 0.131280 
0.140644 0.070439 0.134804 0.120567 0.121087 0.146587 0.135838 0.130034 
0.143477 0.073363 0.140097 0.118269 0.106418 0.141239 0.140466 0.136670 
0.139833 0.072282 0.137929 0.123046 0.111928 0.141356 0.139252 0.134374 
0.143435 0.071774 0.137223 0.123713 0.114825 0.137468 0.137523 0.134039 
0.140789 0.072219 0.138255 0.117601 0.122995 0.135563 0.138932 0.133647 
0.141914 0.072155 0.137582 0.124468 0.116088 0.134064 0.139222 0.134507 
0.142648 0.073172 0.139740 0.114700 0.116920 0.136985 0.140453 0.135382 
0.139022 0.070185 0.134760 0.122405 0.122118 0.144789 0.136449 0.130273 
0.142768 0.071710 0.137623 0.118083 0.118034 0.138857 0.139471 0.133453 
0.140579 0.072219 0.137799 0.120976 0.121290 0.134853 0.138823 0.133461 
0.140453 0.071138 0.136071 0.125888 0.120856 0.136349 0.136575 0.132672 
0.143397 0.073426 0.140238 0.113182 0.116888 0.135766 0.140935 0.136168 
0.140363 0.072028 0.137396 0.124883 0.117137 0.134203 0.140106 0.133884 
0.141498 0.072727 0.138751 0.118713 0.118572 0.136621 0.138776 0.134341 
0.136181 0.068469 0.131898 0.133370 0.130217 0.139314 0.133317 0.127234 
0.137866 0.069041 0.133337 0.118544 0.132207 0.146644 0.133456 0.128904 
0.139857 0.071520 0.136734 0.126323 0.115337 0.139881 0.136617 0.133730 
0.138341 0.069359 0.133097 0.122791 0.127856 0.145849 0.133264 0.129444 
prostate
0.144045 0.072676 0.138168 0.117881 0.119957 0.132840 0.139303 0.135131 
0.139987 0.070825 0.135025 0.115404 0.119345 0.150219 0.135576 0.133619 
0.142928 0.073314 0.138910 0.121584 0.118459 0.131402 0.138883 0.134521 
0.141428 0.071719 0.136606 0.123331 0.118649 0.135928 0.138254 0.134084 
0.142159 0.072676 0.137808 0.115010 0.114812 0.143744 0.140310 0.133482 
0.145730 0.074335 0.141104 0.113282 0.118833 0.129640 0.141215 0.135860 
0.140251 0.074718 0.140960 0.123925 0.110194 0.131050 0.141511 0.137392 
0.139653 0.072676 0.138107 0.117243 0.125243 0.134260 0.139670 0.133149 
0.140265 0.071655 0.136654 0.119484 0.122278 0.138684 0.136865 0.134114 
0.141853 0.070379 0.133942 0.121329 0.113842 0.152304 0.135523 0.130829 
0.138256 0.070698 0.134879 0.121426 0.130600 0.138121 0.134805 0.131216 
0.143692 0.073505 0.139370 0.113533 0.117356 0.137162 0.139411 0.135971 
0.141205 0.072740 0.138384 0.125237 0.118196 0.130790 0.138799 0.134651 
0.136654 0.070506 0.134821 0.120410 0.132237 0.139363 0.135933 0.130075 
0.142433 0.073442 0.139607 0.113967 0.116931 0.138351 0.139774 0.135495 
0.140855 0.071974 0.138076 0.116391 0.129150 0.132076 0.138212 0.133265 
0.140642 0.071974 0.137214 0.117667 0.119206 0.140896 0.138068 0.134333 
0.142614 0.072357 0.137333 0.118422 0.119715 0.138308 0.137805 0.133447 
0.137189 0.069294 0.132345 0.117490 0.126350 0.156089 0.132311 0.128931 
0.138640 0.070570 0.135263 0.124258 0.135048 0.128949 0.136655 0.130617 
0.137051 0.068401 0.131787 0.122321 0.136362 0.144279 0.131524 0.128275 
0.140121 0.071655 0.136558 0.130329 0.125182 0.128313 0.136266 0.131577 
0.140395 0.072229 0.137105 0.114555 0.117028 0.147862 0.138086 0.132740 
0.139776 0.071463 0.135781 0.129817 0.120442 0.132437 0.136979 0.133305 
0.140405 0.072867 0.139037 0.119853 0.116325 0.137284 0.139488 0.134740 
0.139203 0.071463 0.135992 0.124848 0.122860 0.134455 0.137045 0.134134 
0.142192 0.070889 0.135095 0.112872 0.122930 0.149218 0.135632 0.131172 
0.141171 0.071272 0.136319 0.126066 0.119191 0.138668 0.136186 0.131128 
0.142772 0.074335 0.140786 0.118067 0.108465 0.134905 0.141360 0.139309 
0.138020 0.070570 0.134761 0.125214 0.132272 0.133190 0.136299 0.129674 
0.142735 0.072165 0.137977 0.118548 0.123137 0.134104 0.137788 0.133547 
0.140588 0.071846 0.136676 0.117628 0.124007 0.138991 0.137131 0.133131 
0.140654 0.073314 0.139224 0.120946 0.119158 0.130170 0.140515 0.136020 
0.141751 0.070825 0.135172 0.117318 0.127706 0.138933 0.136702 0.131593 
0.140586 0.072102 0.137253 0.117068 0.120979 0.140454 0.138381 0.133178 
0.139837 0.069804 0.133219 0.123068 0.126642 0.145636 0.133318 0.128476 
0.142778 0.071272 0.135582 0.112534 0.120132 0.151394 0.135583 0.130725 
0.139338 0.071910 0.137820 0.115096 0.118611 0.146122 0.137806 0.133296 
0.143334 0.072803 0.138794 0.115871 0.127849 0.128059 0.138896 0.134393 
0.142366 0.073186 0.138728 0.123459 0.118993 0.129254 0.139200 0.134813 
0.138933 0.073697 0.140000 0.117873 0.130022 0.123404 0.140918 0.135153 
0.139463 0.071017 0.135734 0.115965 0.128179 0.143948 0.135311 0.130384 
0.143209 0.072803 0.138594 0.121109 0.114138 0.137520 0.138994 0.133632 
0.139811 0.071910 0.137201 0.121795 0.125244 0.133396 0.138792 0.131851 
0.138809 0.070698 0.135250 0.121426 0.123939 0.144789 0.135261 0.129829 
0.142768 0.071846 0.136824 0.121002 0.122022 0.136279 0.136465 0.132793 
0.143826 0.073250 0.139193 0.112364 0.115513 0.140956 0.139819 0.135079 
0.139368 0.071336 0.135900 0.119252 0.125669 0.139890 0.136038 0.132548 
0.141310 0.073059 0.138953 0.119273 0.121966 0.130603 0.139570 0.135267 
0.141227 0.071272 0.135404 0.116816 0.121137 0.147594 0.135392 0.131159 
0.136282 0.069741 0.133493 0.135488 0.134237 0.126453 0.134266 0.130041 
0.141516 0.071208 0.135226 0.119348 0.117737 0.145631 0.136745 0.132588 
0.139618 0.072038 0.137278 0.118644 0.121804 0.139932 0.137970 0.132717 
0.140942 0.073633 0.139534 0.122638 0.119027 0.126348 0.142136 0.135743 
0.140579 0.071463 0.135842 0.120064 0.121288 0.140430 0.137331 0.133003 
0.142236 0.073186 0.139060 0.121226 0.118866 0.131521 0.139287 0.134618 
0.145083 0.073888 0.140413 0.111736 0.116705 0.134349 0.141586 0.136240 
0.144524 0.073633 0.139672 0.117081 0.126203 0.124672 0.139635 0.134580 
0.145740 0.074782 0.141934 0.115651 0.112444 0.130143 0.142087 0.137220 
0.145356 0.074973 0.141835 0.114936 0.114919 0.127847 0.143328 0.136805 
0.143233 0.072931 0.138457 0.116683 0.121054 0.132965 0.140058 0.134619 
0.141930 0.072102 0.137158 0.120258 0.117574 0.140845 0.137353 0.132780 
0.138335 0.071336 0.135882 0.123853 0.131537 0.130981 0.136317 0.131760 
0.141714 0.071017 0.135668 0.113548 0.120665 0.150240 0.135757 0.131392 
0.138530 0.073378 0.139086 0.126891 0.124115 0.123812 0.139558 0.134631 
0.141196 0.070506 0.134717 0.120410 0.122342 0.145977 0.134814 0.130038 
0.137812 0.070187 0.133854 0.125098 0.126161 0.141984 0.134898 0.130005 
0.141295 0.072038 0.137076 0.115773 0.115967 0.146308 0.137813 0.133731 
0.144592 0.073697 0.139698 0.112450 0.116931 0.136257 0.141182 0.135192 
0.142836 0.072293 0.137305 0.122868 0.124147 0.129460 0.138264 0.132828 
0.140127 0.072293 0.137680 0.117949 0.121485 0.140189 0.137788 0.132490 
0.142624 0.073186 0.139338 0.113890 0.117958 0.138082 0.138911 0.136011 
0.139807 0.072293 0.137639 0.121592 0.124445 0.132489 0.138250 0.133485 
0.139644 0.070762 0.135064 0.116979 0.122021 0.148335 0.135695 0.131500 
0.142497 0.074399 0.140904 0.113302 0.119338 0.131260 0.141908 0.136393 
0.139258 0.072229 0.137928 0.120297 0.124239 0.132639 0.138754 0.134655 
0.141059 0.070953 0.135052 0.119908 0.121614 0.144771 0.135513 0.131130 
0.137768 0.069230 0.133089 0.121936 0.132194 0.143774 0.132348 0.129660 
0.138659 0.070762 0.134768 0.123997 0.126013 0.137571 0.136807 0.131422 
0.136635 0.070570 0.134708 0.128588 0.135908 0.127428 0.135643 0.130519 
0.140645 0.072421 0.138269 0.114294 0.127284 0.134837 0.138697 0.133553 
0.142169 0.072803 0.138721 0.116374 0.116540 0.139343 0.139023 0.135026 
0.139146 0.071527 0.136304 0.119445 0.131888 0.132447 0.136916 0.132326 
0.141017 0.073059 0.138615 0.118954 0.120838 0.134132 0.138656 0.134729 
0.140252 0.070762 0.134855 0.124316 0.125568 0.136400 0.136395 0.131453 
0.139009 0.070443 0.134560 0.125814 0.130216 0.131839 0.135327 0.132795 
0.141384 0.071655 0.137020 0.115018 0.128811 0.134952 0.137625 0.133535 
0.136117 0.070379 0.134777 0.119096 0.129674 0.145247 0.134852 0.129858 
0.136025 0.070953 0.135314 0.127883 0.132880 0.128603 0.136945 0.131397 
0.140946 0.071719 0.136284 0.116952 0.115969 0.149364 0.137301 0.131465 
0.142844 0.073633 0.139551 0.121865 0.112287 0.135286 0.139412 0.135121 
0.139081 0.069996 0.134203 0.125997 0.129189 0.137189 0.133463 0.130883 
0.146950 0.074782 0.141376 0.111504 0.115012 0.129993 0.142888 0.137495 
0.139304 0.071272 0.135831 0.115221 0.129011 0.141395 0.136780 0.131186 
0.138911 0.072740 0.138616 0.116809 0.137479 0.122203 0.138557 0.134685 
0.140356 0.070315 0.134587 0.119076 0.129514 0.139806 0.135066 0.131279 
0.142612 0.074845 0.142204 0.114075 0.118940 0.127291 0.142509 0.137522 
0.142700 0.072293 0.137403 0.120635 0.125810 0.129229 0.137441 0.134488 
0.141814 0.073442 0.139695 0.120028 0.111794 0.137638 0.140515 0.135075 
0.139943 0.070953 0.135857 0.133305 0.126525 0.125431 0.135060 0.132927 
skin
0.140230 0.070824 0.134389 0.123604 0.126990 0.137756 0.134987 0.131220 
0.139701 0.072295 0.136858 0.119586 0.118845 0.141335 0.138374 0.133007 
0.144976 0.073190 0.138251 0.118901 0.116601 0.135136 0.138855 0.134090 
0.141784 0.073254 0.138940 0.112861 0.122179 0.136113 0.139600 0.135269 
0.140864 0.071208 0.135442 0.121488 0.130081 0.133381 0.136623 0.130912 
0.142274 0.072934 0.138005 0.115315 0.115348 0.143701 0.138645 0.133779 
0.142610 0.073957 0.139729 0.116582 0.118360 0.132561 0.139816 0.136385 
0.143313 0.073765 0.139705 0.117800 0.114220 0.134350 0.139576 0.137272 
0.141123 0.072422 0.137542 0.118987 0.123854 0.135939 0.137211 0.132922 
0.142372 0.073062 0.138212 0.123327 0.114964 0.135053 0.138987 0.134023 
0.142176 0.070440 0.133925 0.118251 0.121742 0.148576 0.135421 0.129467 
0.144619 0.073957 0.139893 0.116264 0.117392 0.131942 0.140055 0.135879 
0.138134 0.070376 0.133865 0.123468 0.129990 0.139961 0.134346 0.129860 
0.142115 0.073254 0.138359 0.122109 0.116341 0.133880 0.139374 0.134567 
0.143210 0.072486 0.137086 0.117277 0.116943 0.140371 0.137685 0.134942 
0.139527 0.071272 0.136218 0.115767 0.127710 0.142312 0.136510 0.130683 
0.141792 0.072039 0.136770 0.114590 0.126163 0.138283 0.137404 0.132959 
0.141053 0.072870 0.137982 0.114658 0.122736 0.137172 0.139008 0.134521 
0.141806 0.073765 0.139648 0.118438 0.115062 0.136847 0.139829 0.134606 
0.147243 0.073254 0.139283 0.106483 0.120064 0.139024 0.140155 0.134495 
0.138478 0.070888 0.134426 0.119797 0.123336 0.147894 0.134459 0.130722 
0.139944 0.070696 0.134234 0.122928 0.126428 0.140636 0.134743 0.130393 
0.139475 0.072039 0.136668 0.120330 0.124141 0.138574 0.136659 0.132114 
0.143372 0.071847 0.136697 0.119450 0.121593 0.137375 0.136992 0.132674 
0.140314 0.069545 0.133135 0.123082 0.134770 0.136635 0.134071 0.128448 
0.136433 0.069353 0.132124 0.129217 0.134611 0.134902 0.132853 0.130507 
0.141962 0.071463 0.135798 0.119653 0.121103 0.142108 0.136026 0.131888 
0.137913 0.071272 0.135437 0.120870 0.131852 0.135192 0.136000 0.131464 
0.146160 0.074532 0.140677 0.112611 0.115014 0.132475 0.141738 0.136792 
0.143622 0.073254 0.138503 0.123250 0.113661 0.134079 0.138280 0.135352 
0.141532 0.073381 0.139266 0.118640 0.127354 0.124281 0.139475 0.136071 
0.140306 0.071399 0.135373 0.125055 0.129729 0.129491 0.136130 0.132516 
0.139481 0.071463 0.135752 0.114734 0.126953 0.143670 0.136251 0.131695 
0.140444 0.073893 0.140073 0.114650 0.127619 0.125851 0.139903 0.137568 
0.142413 0.072678 0.137953 0.115741 0.119737 0.139840 0.138199 0.133440 
0.137061 0.070504 0.134497 0.123826 0.131528 0.136279 0.137118 0.129186 
0.140339 0.072358 0.137200 0.113730 0.112398 0.152285 0.137388 0.134301 
0.138943 0.072358 0.136812 0.125983 0.125893 0.127876 0.137414 0.134720 
0.139381 0.072678 0.137924 0.132005 0.127688 0.116678 0.139692 0.133955 
0.140542 0.071783 0.136183 0.116560 0.121879 0.144201 0.136168 0.132684 
0.140037 0.071783 0.136369 0.124533 0.125826 0.131928 0.137103 0.132421 
0.141737 0.071527 0.135613 0.124774 0.115539 0.142433 0.137391 0.130986 
0.144746 0.073509 0.139754 0.105469 0.116611 0.145078 0.139745 0.135088 
0.144004 0.074276 0.140452 0.116998 0.116736 0.130494 0.140621 0.136419 
0.140427 0.071208 0.134745 0.129142 0.117101 0.140137 0.136391 0.130849 
0.140889 0.072358 0.137080 0.114503 0.123219 0.140288 0.139070 0.132593 
0.145774 0.074021 0.140268 0.110861 0.116334 0.136789 0.140925 0.135028 
0.142382 0.071719 0.135809 0.112395 0.113920 0.156892 0.135827 0.131056 
0.144242 0.073190 0.138414 0.108377 0.117713 0.142115 0.140941 0.135009 
0.139166 0.071080 0.135048 0.121131 0.125998 0.140576 0.135511 0.131491 
0.140364 0.071527 0.135542 0.126369 0.124407 0.134017 0.136549 0.131224 
0.145788 0.075044 0.141066 0.113085 0.101994 0.141642 0.143224 0.138156 
0.138960 0.071080 0.134854 0.124001 0.124578 0.139485 0.135934 0.131110 
0.138981 0.071016 0.134981 0.122706 0.119033 0.146394 0.135729 0.131162 
0.142719 0.073765 0.139373 0.109508 0.117942 0.141489 0.140041 0.135163 
0.140139 0.072039 0.137148 0.125886 0.118343 0.136435 0.137517 0.132492 
0.138512 0.072550 0.137601 0.123356 0.126885 0.130124 0.137811 0.133161 
0.136359 0.069673 0.132851 0.118152 0.131473 0.147722 0.134125 0.129644 
0.139146 0.071975 0.137052 0.122678 0.131105 0.128074 0.137736 0.132235 
0.138690 0.070760 0.134542 0.119758 0.128831 0.141193 0.135263 0.130962 
0.144907 0.074724 0.141448 0.111578 0.116613 0.132354 0.141843 0.136533 
0.139778 0.071783 0.136726 0.122620 0.121107 0.139520 0.136014 0.132452 
0.141990 0.072231 0.136979 0.119885 0.116263 0.141405 0.138171 0.133076 
0.139846 0.072103 0.137231 0.116339 0.125068 0.137839 0.139008 0.132567 
0.140542 0.071719 0.136015 0.121828 0.122285 0.138371 0.137080 0.132160 
0.137684 0.071719 0.135952 0.124514 0.124158 0.137988 0.135940 0.132045 
0.139322 0.071975 0.136538 0.117256 0.125679 0.139754 0.137008 0.132468 
0.140464 0.071463 0.135211 0.129220 0.123456 0.131811 0.136250 0.132125 
0.141333 0.073062 0.138178 0.119819 0.124875 0.128230 0.139202 0.135302 
0.143304 0.074021 0.139961 0.110861 0.122867 0.130937 0.141547 0.136501 
0.140654 0.070824 0.134432 0.117226 0.122614 0.147750 0.135427 0.131074 
0.140528 0.073126 0.138756 0.125579 0.114593 0.132964 0.138665 0.135791 
0.140602 0.070632 0.134523 0.122270 0.123701 0.142139 0.135384 0.130748 
0.140581 0.070313 0.133723 0.120260 0.127169 0.144545 0.133687 0.129723 
0.136267 0.069481 0.132887 0.120192 0.134177 0.141813 0.133551 0.131631 
0.142768 0.072678 0.137403 0.113324 0.111876 0.150346 0.137938 0.133666 
0.139531 0.071911 0.136379 0.120745 0.129336 0.131315 0.137883 0.132899 
0.140201 0.072806 0.138191 0.115276 0.123638 0.136486 0.138355 0.135046 
0.141211 0.072422 0.137188 0.122495 0.123997 0.130939 0.137314 0.134435 
0.142234 0.071847 0.135914 0.117083 0.110512 0.153675 0.136452 0.132283 
0.138270 0.071080 0.134903 0.118579 0.120848 0.148314 0.135431 0.132575 
0.141227 0.072103 0.136718 0.130052 0.129913 0.119110 0.138121 0.132757 
0.143620 0.072678 0.137549 0.118427 0.118186 0.137055 0.138166 0.134318 
0.140054 0.072103 0.137164 0.123673 0.121892 0.136111 0.136993 0.132011 
0.142157 0.072422 0.137085 0.119490 0.118607 0.139643 0.137202 0.133393 
0.141186 0.070632 0.134279 0.120038 0.119143 0.150252 0.133987 0.130483 
0.141042 0.072870 0.137602 0.113063 0.119928 0.142902 0.139145 0.133447 
0.142905 0.073126 0.138727 0.107401 0.118665 0.144464 0.141002 0.133710 
0.142454 0.072614 0.138174 0.121915 0.121625 0.131167 0.138572 0.133479 
0.141471 0.073573 0.139091 0.114553 0.115230 0.142140 0.139183 0.134759 
0.138962 0.071080 0.134975 0.124001 0.127278 0.138287 0.134940 0.130477 
0.143103 0.071655 0.136610 0.113970 0.129039 0.137464 0.136847 0.131311 
0.143572 0.072806 0.138599 0.117693 0.123737 0.129264 0.139500 0.134829 
0.139991 0.071208 0.134990 0.124677 0.123191 0.138378 0.136141 0.131424 
0.137510 0.071080 0.134705 0.126871 0.127962 0.135609 0.136246 0.130017 
0.143993 0.075044 0.142208 0.108621 0.119297 0.129558 0.142705 0.138574 
0.144664 0.074021 0.139518 0.114369 0.114530 0.136495 0.140056 0.136346 
0.141038 0.071016 0.134600 0.117469 0.114269 0.155392 0.135202 0.131015 
0.138271 0.069993 0.133371 0.123990 0.126197 0.145245 0.133036 0.129898 
0.142026 0.073893 0.139982 0.114331 0.112701 0.141431 0.139997 0.135640 
stomach
0.139948 0.069579 0.133721 0.123228 0.121170 0.148657 0.133770 0.129927 
0.139618 0.070087 0.134780 0.121150 0.127628 0.140008 0.135370 0.131360 
0.141877 0.072371 0.138467 0.112913 0.113327 0.146925 0.140196 0.133924 
0.139958 0.069516 0.134302 0.125123 0.118564 0.147944 0.133563 0.131030 
0.144204 0.072942 0.139412 0.110216 0.115682 0.139630 0.142454 0.135461 
0.140256 0.070594 0.136276 0.117021 0.124509 0.142656 0.137686 0.131002 
0.140653 0.071673 0.137001 0.125146 0.110867 0.143240 0.137565 0.133857 
0.145175 0.072815 0.139381 0.114007 0.110190 0.144393 0.139100 0.134940 
0.143674 0.070975 0.136711 0.114720 0.127064 0.138185 0.136336 0.132335 
0.144940 0.072180 0.138187 0.112217 0.119832 0.139245 0.139709 0.133690 
0.145700 0.074020 0.141107 0.117567 0.111010 0.132635 0.141173 0.136788 
0.139844 0.070150 0.135526 0.122126 0.130446 0.136363 0.135592 0.129953 
0.143338 0.072878 0.139077 0.116579 0.112325 0.139597 0.140728 0.135478 
0.139943 0.072117 0.139020 0.120495 0.126502 0.129452 0.138695 0.133776 
0.141815 0.069516 0.133780 0.122890 0.127800 0.140859 0.134054 0.129287 
0.142595 0.071229 0.136426 0.114797 0.114256 0.151508 0.137005 0.132184 
0.142085 0.071927 0.137873 0.118203 0.123320 0.133320 0.138629 0.134644 
0.140394 0.071482 0.137477 0.121442 0.124834 0.132901 0.137178 0.134292 
0.140552 0.073195 0.139646 0.131357 0.117164 0.121463 0.140214 0.136407 
0.143982 0.072688 0.139088 0.121308 0.117562 0.130842 0.139817 0.134714 
0.141649 0.071673 0.137470 0.120997 0.129208 0.128722 0.137451 0.132829 
0.139246 0.072434 0.139086 0.123648 0.128459 0.123025 0.139272 0.134830 
0.141251 0.071609 0.138148 0.121935 0.130702 0.125686 0.138012 0.132657 
0.138828 0.071102 0.136568 0.117631 0.119962 0.144091 0.138130 0.133689 
0.139406 0.071102 0.136749 0.123424 0.124388 0.133219 0.138010 0.133702 
0.139604 0.070785 0.135693 0.127427 0.122672 0.134871 0.136361 0.132588 
0.141315 0.072624 0.138901 0.117140 0.118747 0.136716 0.139003 0.135555 
0.136903 0.070277 0.135811 0.120250 0.128466 0.141355 0.136106 0.130831 
0.139637 0.070721 0.136712 0.117833 0.129617 0.137004 0.136940 0.131537 
0.138562 0.071736 0.137855 0.129952 0.120071 0.130863 0.138211 0.132749 
0.143461 0.073893 0.142096 0.116890 0.118932 0.125055 0.141606 0.138067 
0.140256 0.071927 0.138561 0.118522 0.122844 0.134395 0.139890 0.133607 
0.140034 0.070467 0.135424 0.119216 0.123155 0.144276 0.135977 0.131450 
0.142591 0.072878 0.140277 0.111154 0.122264 0.136133 0.140058 0.134646 
0.139593 0.070975 0.135796 0.124613 0.118226 0.141240 0.136864 0.132693 
0.142625 0.073322 0.140866 0.110332 0.111832 0.141608 0.140741 0.138673 
0.140535 0.073195 0.140026 0.121144 0.124623 0.124574 0.140527 0.135375 
0.140489 0.070721 0.136067 0.122166 0.120549 0.141189 0.136794 0.132024 
0.139776 0.071736 0.137357 0.123300 0.120899 0.134651 0.139081 0.133200 
0.140834 0.071038 0.136311 0.122718 0.109144 0.148356 0.137283 0.134314 
0.143328 0.072942 0.139015 0.123620 0.109058 0.136983 0.139596 0.135458 
0.139621 0.069389 0.133363 0.126680 0.123249 0.143655 0.134428 0.129615 
0.143513 0.072053 0.138037 0.119383 0.114268 0.138695 0.139812 0.134239 
0.140124 0.070277 0.135885 0.119612 0.127311 0.139390 0.135609 0.131792 
0.142020 0.073830 0.141000 0.119105 0.125086 0.120466 0.141028 0.137466 
0.144411 0.073449 0.140223 0.107818 0.115831 0.139190 0.141262 0.137817 
0.139809 0.071356 0.137009 0.117389 0.126541 0.135565 0.137998 0.134333 
0.141097 0.070531 0.135907 0.120647 0.125675 0.137398 0.137085 0.131660 
0.141937 0.073513 0.140607 0.118369 0.114590 0.131393 0.141552 0.138040 
0.143382 0.072117 0.138092 0.116027 0.116605 0.140837 0.138704 0.134236 
0.138745 0.070848 0.135982 0.119468 0.122626 0.143798 0.136513 0.132020 
0.143569 0.072561 0.138770 0.115070 0.119313 0.137487 0.138834 0.134396 
0.138814 0.068120 0.131601 0.125653 0.132634 0.143117 0.133093 0.126967 
0.140413 0.072307 0.138878 0.117043 0.129542 0.127961 0.139583 0.134274 
0.142108 0.071292 0.136547 0.114179 0.118854 0.146154 0.138110 0.132756 
0.141593 0.072117 0.137936 0.119537 0.113885 0.141395 0.139680 0.133858 
0.138770 0.070658 0.136425 0.123239 0.127940 0.133579 0.137009 0.132380 
0.138307 0.070023 0.134924 0.118123 0.122804 0.148950 0.135301 0.131569 
0.143870 0.071482 0.137228 0.118067 0.116610 0.140894 0.138012 0.133837 
0.136779 0.069326 0.133632 0.119640 0.132015 0.145557 0.134106 0.128945 
0.144195 0.073195 0.139958 0.113485 0.116905 0.137217 0.140049 0.134996 
0.140366 0.070087 0.134609 0.115086 0.118884 0.154503 0.135171 0.131295 
0.139089 0.071990 0.137908 0.116945 0.120606 0.140485 0.137980 0.134996 
0.143367 0.070848 0.136606 0.115319 0.127837 0.137221 0.136413 0.132390 
0.139932 0.072117 0.137954 0.119857 0.120071 0.137749 0.138587 0.133734 
0.136957 0.069516 0.133362 0.122890 0.114416 0.158063 0.134963 0.129834 
0.138152 0.070404 0.136035 0.117736 0.125018 0.145205 0.135352 0.132098 
0.141942 0.071927 0.138296 0.111820 0.127335 0.134801 0.139447 0.134433 
0.137862 0.070848 0.136243 0.116596 0.132090 0.137977 0.136794 0.131590 
0.140797 0.069706 0.134202 0.117522 0.119494 0.154123 0.134398 0.129758 
0.143114 0.072624 0.138938 0.115863 0.123382 0.131189 0.139958 0.134930 
0.145230 0.073322 0.139989 0.111290 0.113484 0.140807 0.140129 0.135750 
0.137043 0.071546 0.137610 0.127660 0.130557 0.124538 0.138260 0.132787 
0.137740 0.069389 0.133915 0.123170 0.126314 0.144207 0.134560 0.130704 
0.142745 0.071673 0.137290 0.116848 0.123139 0.134625 0.138316 0.135364 
0.141941 0.070594 0.135289 0.116199 0.113769 0.152585 0.137432 0.132190 
0.143045 0.072434 0.138978 0.118542 0.117218 0.135635 0.139740 0.134407 
0.140823 0.072371 0.139009 0.124083 0.118043 0.132603 0.139030 0.134039 
0.138981 0.071356 0.137415 0.125687 0.122313 0.133891 0.137236 0.133121 
0.139885 0.071736 0.137484 0.120059 0.124825 0.136065 0.137493 0.132452 
0.142907 0.073195 0.139988 0.116038 0.111875 0.140223 0.140210 0.135563 
0.140610 0.070658 0.136222 0.123558 0.116876 0.143389 0.136833 0.131853 
0.145291 0.073513 0.140701 0.108979 0.111804 0.139631 0.141147 0.138934 
0.143724 0.073766 0.141892 0.112567 0.125559 0.123582 0.142208 0.136701 
0.140986 0.070404 0.135338 0.115821 0.124039 0.147081 0.135423 0.130908 
0.139969 0.068945 0.133374 0.123218 0.134029 0.138487 0.133197 0.128782 
0.139812 0.071736 0.137747 0.120697 0.116963 0.141221 0.138537 0.133286 
0.142054 0.072371 0.138835 0.114055 0.126041 0.132281 0.139825 0.134539 
0.142027 0.072117 0.138262 0.115389 0.114475 0.144483 0.138973 0.134276 
0.140618 0.071546 0.137186 0.121277 0.118705 0.138600 0.137997 0.134070 
0.141486 0.073005 0.139800 0.121908 0.115909 0.130816 0.140632 0.136443 
0.140953 0.071673 0.137720 0.117487 0.124481 0.137131 0.137947 0.132610 
0.140371 0.071356 0.137212 0.116297 0.124961 0.138334 0.137412 0.134057 
0.139356 0.071292 0.137232 0.119604 0.126509 0.133955 0.137489 0.134563 
0.141640 0.070912 0.135888 0.127466 0.122048 0.133517 0.136430 0.132099 
0.144858 0.073068 0.139929 0.118871 0.115287 0.130430 0.141160 0.136397 
0.138813 0.069706 0.134215 0.112416 0.128958 0.151560 0.134214 0.130118 
0.141309 0.070341 0.135599 0.116759 0.121982 0.146742 0.135833 0.131434 
0.142436 0.073132 0.139661 0.121444 0.113841 0.132754 0.140300 0.136432 
0.141497 0.071229 0.136913 0.125329 0.126805 0.129188 0.137101 0.131940 
0.624727 0.600751 0.611365 0.610363 0.626197 0.617139 0.615188 0.606323 
7.48981 -129.846 -1.57544 -1.62351 10.0029 10.6447 1.4808 -6.79302 0 -1.29024e-231 1.41482e-005 4.78754e-009 3.40244e-006 0.63417 0.365781 5.48555e-009 1.62683e-005 1.4676e-005 0 -1.29056e-231 1.41482e-005 4.78754e-009 3.40244e-006 0.63417 0.365781 5.48555e-009 1.62683e-005 1.4676e-005 0 -1.29087e-231 1.41482e-005 4.78754e-009 3.40244e-006 0.63417 0.365781 5.48555e-009 1.62683e-005 1.4676e-005 0 -1.29119e-231 1.41482e-005 4.78754e-009 3.40244e-006 0.63417 0.365781 5.48555e-009 1.62683e-005 1.4676e-005 0 -1.2915e-231 1.41482e-005 4.78754e-009 3.40244e-006 0.63417 0.365781 5.48555e-009 1.62683e-005 1.4676e-005 0 -1.29182e-231 1.41482e-005 4.78754e-009 3.40244e-006 0.63417 0.365781 5.48555e-009 1.62683e-005 1.4676e-005 0 -1.29213e-231 1.41482e-005 4.78754e-009 3.40244e-006 0.63417 0.365781 5.48555e-009 1.62683e-005 1.4676e-005 0 -1.29245e-231 1.41482e-005 4.78754e-009 3.40244e-006 0.63417 0.365781 5.48555e-009 1.62683e-005 1.4676e-005 0 -1.29276e-231 1.41482e-005 4.78754e-009 3.40244e-006 0.63417 0.365781 5.48555e-009 
