-2671640.172970
0
0.000001 0.000009 0.000000 0.000001 0.000000 0.000000 0.000000 0.000000 0.000001 0.000001 0.000001 0.000001 0.000001 0.000000 0.000000 0.000001 0.000494 0.000001 0.000243 0.000001 0.000682 0.000001 0.000000 0.000200 0.000000 0.000001 0.000000 0.000010 0.000000 0.000000 0.000000 0.000000 0.000000 0.000001 0.075980 0.000001 0.000000 0.000000 0.000000 0.000000 0.000001 0.000001 0.000108 0.000001 0.000001 0.000000 0.000001 0.000001 0.000001 0.000001 0.000000 0.000000 0.000000 0.000000 0.000000 0.000000 0.000165 0.000012 0.894791 0.025924 0.000000 0.000000 0.000000 0.000000 0.000001 0.000000 0.000000 0.000001 0.000000 0.000000 0.000000 0.000001 0.000001 0.000000 0.000000 0.000798 0.000000 0.000000 0.000000 0.000000 0.000000 0.000000 0.000053 0.000000 0.000001 0.000000 0.000001 0.000001 0.000001 0.000001 0.000000 0.000001 0.000405 0.000000 0.000000 0.000087 
0.000001 0.000001 0.000000 0.000001 0.000000 0.000000 0.000000 0.000000 0.000001 0.000001 0.000001 0.000001 0.000001 0.000000 0.000000 0.000001 0.000001 0.000001 0.000001 0.000001 0.000001 0.000001 0.000000 0.000001 0.000000 0.000001 0.000000 0.000001 0.000000 0.000000 0.000000 0.000000 0.000000 0.000001 0.000001 0.000001 0.000000 0.000000 0.000000 0.000000 0.000001 0.000001 0.000001 0.000001 0.000001 0.000000 0.000001 0.000001 0.000001 0.000001 0.000000 0.000000 0.000000 0.000000 0.000000 0.000000 0.000001 0.000001 0.999949 0.000001 0.000000 0.000000 0.000000 0.000000 0.000001 0.000000 0.000000 0.000001 0.000000 0.000000 0.000000 0.000001 0.000001 0.000000 0.000000 0.000001 0.000000 0.000000 0.000000 0.000000 0.000000 0.000000 0.000001 0.000000 0.000001 0.000000 0.000001 0.000001 0.000001 0.000001 0.000000 0.000001 0.000001 0.000000 0.000000 0.000001 
0.000001 0.000001 0.000000 0.000001 0.000000 0.000000 0.000000 0.000000 0.002065 0.000018 0.000001 0.000001 0.000001 0.000000 0.000000 0.000001 0.000001 0.000001 0.000001 0.000001 0.000314 0.000001 0.000000 0.000001 0.000000 0.000001 0.000000 0.000003 0.000000 0.000000 0.000000 0.000000 0.000000 0.000009 0.000300 0.000001 0.000000 0.000000 0.000000 0.000000 0.000001 0.000027 0.000124 0.000001 0.000001 0.000000 0.000001 0.000001 0.000001 0.000018 0.000000 0.000000 0.000000 0.000000 0.000000 0.000000 0.000151 0.016025 0.980212 0.000001 0.000000 0.000000 0.000000 0.000000 0.000001 0.000000 0.000000 0.000001 0.000000 0.000000 0.000000 0.000001 0.000132 0.000000 0.000000 0.000001 0.000000 0.000000 0.000000 0.000000 0.000000 0.000000 0.000087 0.000000 0.000001 0.000000 0.000001 0.000001 0.000001 0.000001 0.000000 0.000001 0.000392 0.000000 0.000000 0.000083 
0.000001 0.000001 0.000000 0.000001 0.000000 0.000000 0.000000 0.000000 0.000001 0.000001 0.628081 0.000001 0.000001 0.000000 0.000000 0.000001 0.000001 0.000001 0.000001 0.000001 0.000001 0.000001 0.000000 0.000001 0.000000 0.000250 0.000000 0.000001 0.000000 0.000000 0.000000 0.000000 0.000000 0.000001 0.000001 0.000001 0.000000 0.000000 0.000000 0.000000 0.000001 0.000001 0.000001 0.000695 0.000156 0.000000 0.000001 0.000001 0.000001 0.000001 0.000000 0.000000 0.000000 0.000000 0.000000 0.000000 0.000001 0.000001 0.370062 0.000001 0.000000 0.000000 0.000000 0.000000 0.000001 0.000000 0.000000 0.000001 0.000000 0.000000 0.000000 0.000001 0.000001 0.000000 0.000000 0.000001 0.000000 0.000000 0.000000 0.000000 0.000000 0.000000 0.000001 0.000000 0.000001 0.000000 0.000001 0.000001 0.000001 0.000001 0.000000 0.000704 0.000001 0.000000 0.000000 0.000001 
0.000001 0.000001 0.000000 0.000001 0.000000 0.000000 0.000000 0.000000 0.000001 0.000001 0.445670 0.000001 0.000001 0.000000 0.000000 0.000001 0.000001 0.000001 0.000001 0.000001 0.000001 0.000001 0.000000 0.000001 0.000000 0.000001 0.000000 0.082878 0.000000 0.000000 0.000000 0.000000 0.000000 0.000001 0.000001 0.000001 0.000000 0.000000 0.000000 0.000000 0.000045 0.000001 0.000001 0.000001 0.000001 0.000000 0.000001 0.000001 0.000001 0.000001 0.000000 0.000000 0.000000 0.000000 0.000000 0.000000 0.000001 0.357185 0.111281 0.000001 0.000000 0.000000 0.000000 0.000000 0.000001 0.000000 0.000000 0.000001 0.000000 0.000000 0.000000 0.000001 0.000001 0.000000 0.000000 0.000001 0.000000 0.000000 0.000000 0.000000 0.000000 0.000000 0.000001 0.000000 0.000001 0.000000 0.000001 0.000001 0.000001 0.000001 0.000000 0.000001 0.002893 0.000000 0.000000 0.000001 
0.000001 0.000001 0.000000 0.000001 0.000000 0.000000 0.000000 0.000000 0.000001 0.000001 0.000001 0.000001 0.000001 0.000000 0.000000 0.000001 0.000001 0.000001 0.000001 0.000425 0.000001 0.000001 0.000000 0.000001 0.000000 0.000001 0.000000 0.000001 0.000000 0.000000 0.000000 0.000000 0.000000 0.000001 0.823110 0.000001 0.000000 0.000000 0.000000 0.000000 0.000001 0.000001 0.000258 0.000001 0.000001 0.000000 0.000001 0.000001 0.000001 0.000001 0.000000 0.000000 0.000000 0.000000 0.000000 0.000000 0.152857 0.000001 0.015555 0.000001 0.000000 0.000000 0.000000 0.000000 0.000001 0.000000 0.000000 0.000001 0.000000 0.000000 0.000000 0.000001 0.000001 0.000000 0.000000 0.000001 0.000000 0.000000 0.000000 0.000000 0.000000 0.000000 0.003193 0.000000 0.000001 0.000000 0.000001 0.000001 0.000001 0.000001 0.000000 0.000001 0.000001 0.000000 0.000000 0.004556 
0.000052 0.000001 0.000000 0.000009 0.000000 0.000000 0.000000 0.000000 0.000001 0.000001 0.000001 0.000018 0.000018 0.000000 0.000000 0.000128 0.000010 0.000035 0.000001 0.000001 0.000391 0.000009 0.000000 0.000001 0.000000 0.000006 0.000000 0.000007 0.000000 0.000000 0.000000 0.000000 0.000000 0.000001 0.000084 0.000009 0.000000 0.000000 0.000000 0.000000 0.000001 0.000001 0.000163 0.000001 0.000001 0.000000 0.000026 0.005009 0.000026 0.000001 0.000000 0.000000 0.000000 0.000000 0.000000 0.000000 0.000186 0.007907 0.984856 0.000001 0.000000 0.000000 0.000000 0.000000 0.000009 0.000000 0.000000 0.000018 0.000000 0.000000 0.000000 0.000052 0.000001 0.000000 0.000000 0.000001 0.000000 0.000000 0.000000 0.000000 0.000000 0.000000 0.000069 0.000000 0.000179 0.000000 0.000026 0.000018 0.000060 0.000009 0.000000 0.000001 0.000475 0.000000 0.000000 0.000106 
0.145042 0.142715 0.141476 0.139274 0.142893 0.142686 0.145914 
0.142214 0.151905 0.130989 0.140836 0.130568 0.160907 0.142581 
0.142629 0.148023 0.142734 0.138769 0.138798 0.141498 0.147550 
0.143074 0.141889 0.141157 0.140732 0.145012 0.142596 0.145540 
breast
0.139731 0.140055 0.137644 0.141080 0.150122 0.148409 0.142960 
0.144802 0.145825 0.143318 0.137333 0.138871 0.140857 0.148993 
0.143795 0.144556 0.142294 0.135811 0.145310 0.141849 0.146386 
0.140720 0.139247 0.137275 0.133585 0.141837 0.166223 0.141112 
0.148161 0.148018 0.144891 0.132120 0.133188 0.143853 0.149769 
0.141906 0.145248 0.142969 0.138496 0.145534 0.137794 0.148052 
0.143131 0.144209 0.142241 0.132805 0.146174 0.141774 0.149665 
0.145192 0.145710 0.143090 0.135062 0.138815 0.144198 0.147933 
0.143589 0.146518 0.143442 0.135345 0.141831 0.140639 0.148636 
0.148630 0.146749 0.143639 0.137368 0.133073 0.139123 0.151417 
0.143974 0.146402 0.144646 0.137824 0.143141 0.134773 0.149240 
0.144176 0.145248 0.142211 0.140958 0.143606 0.136458 0.147343 
0.145460 0.142247 0.139833 0.140195 0.144249 0.143050 0.144967 
0.141192 0.141440 0.139793 0.130892 0.146418 0.155008 0.145257 
0.144308 0.145710 0.143278 0.129292 0.142106 0.145878 0.149428 
0.146202 0.144902 0.142742 0.130663 0.136237 0.151907 0.147348 
0.144997 0.144902 0.142148 0.136144 0.142754 0.140886 0.148168 
0.145175 0.145017 0.141817 0.143397 0.143225 0.134814 0.146555 
0.143736 0.145364 0.142454 0.137248 0.142553 0.141101 0.147545 
0.149482 0.149403 0.147008 0.131952 0.139988 0.130828 0.151338 
0.143770 0.145825 0.143430 0.131352 0.139282 0.148318 0.148023 
0.145932 0.145710 0.143143 0.138735 0.140571 0.138106 0.147802 
0.141317 0.143748 0.140986 0.144105 0.145152 0.138569 0.146124 
0.145588 0.146749 0.144902 0.137157 0.142213 0.134426 0.148966 
0.142640 0.144556 0.142723 0.137830 0.145318 0.140100 0.146832 
0.144699 0.147672 0.144597 0.139711 0.138187 0.135177 0.149956 
0.140584 0.140285 0.138006 0.142103 0.146213 0.150305 0.142503 
0.143308 0.145825 0.142544 0.143180 0.140968 0.135875 0.148301 
0.146521 0.144325 0.141380 0.138538 0.140600 0.141142 0.147495 
0.143545 0.143517 0.140841 0.127870 0.136107 0.162273 0.145848 
0.146665 0.145364 0.143124 0.134575 0.140948 0.140538 0.148787 
0.141318 0.142363 0.141383 0.131581 0.154114 0.144475 0.144767 
0.148818 0.149403 0.146425 0.128990 0.138599 0.136120 0.151646 
0.143768 0.142594 0.140098 0.131950 0.143664 0.152457 0.145470 
0.143203 0.143979 0.142110 0.135243 0.138675 0.151020 0.145770 
0.144596 0.142594 0.140023 0.141181 0.149068 0.138017 0.144520 
0.144711 0.145479 0.142312 0.136712 0.136587 0.147139 0.147061 
0.141938 0.144094 0.140791 0.140400 0.133550 0.153640 0.145586 
0.144718 0.145941 0.142490 0.136508 0.126633 0.154271 0.149439 
0.142753 0.143402 0.142363 0.130214 0.151180 0.144245 0.145844 
0.142505 0.145364 0.142916 0.139267 0.145130 0.137269 0.147549 
0.144953 0.144440 0.141576 0.137501 0.143003 0.142313 0.146213 
0.145179 0.146287 0.143406 0.134398 0.141826 0.140353 0.148551 
0.144257 0.145479 0.142540 0.134404 0.140362 0.144723 0.148234 
0.141949 0.144209 0.142551 0.134459 0.142875 0.147873 0.146083 
0.144748 0.145941 0.143302 0.138316 0.140132 0.139504 0.148057 
0.146418 0.146172 0.143260 0.137531 0.137804 0.140249 0.148565 
0.140825 0.142709 0.139949 0.135164 0.142203 0.152138 0.147011 
0.146145 0.147441 0.144490 0.136534 0.128451 0.147039 0.149900 
0.142934 0.144556 0.142329 0.141869 0.144695 0.137072 0.146545 
0.144707 0.143402 0.140329 0.143683 0.140033 0.141717 0.146130 
0.142887 0.144556 0.141776 0.137542 0.142511 0.143879 0.146849 
0.144608 0.145248 0.142944 0.133669 0.149911 0.134774 0.148846 
0.145047 0.148134 0.145209 0.131295 0.138771 0.140205 0.151338 
0.145087 0.145594 0.142657 0.138240 0.145160 0.134929 0.148333 
0.143561 0.144440 0.141457 0.138367 0.137428 0.146959 0.147788 
0.146392 0.146056 0.143491 0.137979 0.138569 0.138773 0.148741 
0.143677 0.144094 0.142180 0.132764 0.152167 0.139025 0.146093 
0.145877 0.144671 0.142267 0.134698 0.148031 0.137209 0.147247 
0.140496 0.140863 0.138792 0.140498 0.143369 0.153620 0.142363 
0.144553 0.143632 0.140890 0.130218 0.135939 0.157328 0.147439 
0.142881 0.142825 0.141574 0.133473 0.146629 0.147046 0.145571 
0.140050 0.141093 0.139197 0.136252 0.155021 0.144871 0.143516 
0.144068 0.147441 0.144546 0.133938 0.139539 0.140215 0.150254 
0.144827 0.144556 0.141798 0.132926 0.143252 0.145795 0.146847 
0.145028 0.140170 0.138223 0.137736 0.147085 0.148088 0.143669 
0.146228 0.143979 0.141586 0.130128 0.134598 0.157833 0.145649 
0.141390 0.143402 0.140556 0.136484 0.133865 0.157418 0.146886 
0.144470 0.145825 0.142968 0.133948 0.142718 0.142472 0.147598 
0.143761 0.143632 0.141229 0.132891 0.146486 0.145284 0.146716 
0.141103 0.142940 0.140031 0.135245 0.142010 0.154047 0.144624 
0.146808 0.145941 0.143516 0.126700 0.129652 0.158134 0.149249 
0.144636 0.143055 0.140236 0.134420 0.139579 0.152716 0.145358 
0.142713 0.143748 0.140694 0.140278 0.142191 0.145079 0.145297 
0.140309 0.140863 0.138027 0.141351 0.143690 0.153140 0.142620 
0.144121 0.144902 0.142664 0.136221 0.141713 0.143578 0.146801 
0.143454 0.144671 0.143117 0.135563 0.143011 0.142536 0.147647 
0.145228 0.143517 0.141138 0.131908 0.137606 0.154418 0.146185 
0.144784 0.144671 0.141684 0.137794 0.142939 0.140354 0.147774 
0.142866 0.144902 0.142512 0.137952 0.144170 0.138494 0.149105 
0.146741 0.148595 0.145493 0.133400 0.136102 0.137454 0.152215 
0.139649 0.141786 0.139648 0.146226 0.147345 0.140162 0.145184 
0.143127 0.142363 0.139456 0.136485 0.140537 0.152998 0.145034 
0.146569 0.147672 0.145244 0.135961 0.126134 0.148164 0.150256 
0.142927 0.145710 0.142950 0.139389 0.132057 0.147994 0.148973 
0.147149 0.144787 0.142080 0.139854 0.134882 0.144319 0.146929 
0.143916 0.145594 0.143138 0.134444 0.142557 0.142078 0.148272 
0.145148 0.145479 0.142421 0.140674 0.136254 0.141250 0.148774 
0.145727 0.147326 0.144501 0.132166 0.136375 0.144297 0.149608 
0.141712 0.141901 0.139554 0.138542 0.141693 0.150988 0.145609 
0.145597 0.144671 0.142599 0.135185 0.137602 0.145562 0.148784 
0.143733 0.145594 0.142473 0.137541 0.141276 0.141232 0.148150 
0.143590 0.143632 0.140810 0.142046 0.140871 0.143169 0.145882 
0.147795 0.147787 0.145118 0.130886 0.136403 0.141632 0.150379 
0.143664 0.145248 0.142151 0.141458 0.137518 0.140475 0.149485 
0.144650 0.146518 0.143462 0.135633 0.138479 0.143130 0.148128 
0.138870 0.138785 0.136621 0.147347 0.150505 0.145773 0.142099 
0.140300 0.139824 0.138228 0.134640 0.151063 0.153524 0.142420 
0.142970 0.144325 0.141674 0.142077 0.135484 0.147366 0.146104 
0.140538 0.140401 0.137597 0.138105 0.147636 0.153697 0.142026 
prostate
0.147878 0.145723 0.143262 0.135680 0.139370 0.139301 0.148786 
0.143136 0.142376 0.140125 0.131789 0.138445 0.158668 0.145462 
0.146325 0.146877 0.143849 0.138268 0.138448 0.137864 0.148369 
0.144621 0.143992 0.141717 0.139276 0.138584 0.144144 0.147666 
0.145316 0.145723 0.142748 0.132096 0.133996 0.150359 0.149762 
0.149296 0.148724 0.146272 0.131129 0.138210 0.135590 0.150779 
0.144015 0.149416 0.145856 0.140888 0.130785 0.137880 0.151161 
0.142841 0.145723 0.143095 0.134115 0.144720 0.140522 0.148985 
0.143593 0.143876 0.141709 0.136275 0.141994 0.146468 0.146083 
0.144081 0.141568 0.138718 0.136985 0.133606 0.160414 0.144627 
0.141509 0.142145 0.139815 0.137188 0.150002 0.145378 0.143964 
0.147193 0.147223 0.144554 0.131103 0.136455 0.144358 0.149113 
0.144524 0.145838 0.143392 0.141865 0.138593 0.137874 0.147913 
0.139600 0.141799 0.139801 0.136201 0.151674 0.145946 0.144979 
0.145520 0.147108 0.144658 0.131428 0.136419 0.145741 0.149127 
0.144207 0.144453 0.143515 0.133594 0.148436 0.138500 0.147295 
0.143912 0.144453 0.142152 0.134747 0.138818 0.148900 0.147017 
0.145729 0.145146 0.142262 0.135566 0.139445 0.144633 0.147220 
0.139509 0.139606 0.137179 0.133126 0.145091 0.163133 0.142356 
0.142085 0.141914 0.140347 0.139702 0.154969 0.135531 0.145451 
0.139837 0.137990 0.136924 0.137174 0.155667 0.151989 0.140418 
0.143561 0.143876 0.141655 0.145580 0.145543 0.134195 0.145591 
0.143126 0.144915 0.141937 0.131525 0.136410 0.154720 0.147367 
0.143050 0.143530 0.140826 0.145094 0.141029 0.139536 0.146935 
0.143411 0.146069 0.144367 0.136543 0.136119 0.144528 0.148963 
0.142553 0.143530 0.140993 0.141057 0.142715 0.142784 0.146369 
0.144716 0.142491 0.140083 0.130010 0.141795 0.156007 0.144897 
0.143996 0.143184 0.141496 0.141589 0.139306 0.145059 0.145370 
0.146973 0.148724 0.145841 0.135454 0.128185 0.143101 0.151723 
0.141322 0.141914 0.139720 0.140567 0.151986 0.139120 0.145370 
0.146369 0.144800 0.143226 0.135157 0.142782 0.140619 0.147048 
0.143357 0.144222 0.141543 0.134166 0.143571 0.146814 0.146326 
0.143990 0.146877 0.144305 0.138692 0.139088 0.136704 0.150344 
0.144420 0.142376 0.140074 0.133520 0.147084 0.146798 0.145729 
0.143553 0.144684 0.142287 0.133751 0.140393 0.147620 0.147712 
0.142308 0.140529 0.137957 0.138352 0.146414 0.152235 0.142205 
0.145405 0.143184 0.140488 0.129400 0.138680 0.157989 0.144854 
0.142419 0.144338 0.143286 0.131900 0.137676 0.153220 0.147162 
0.146629 0.145954 0.143968 0.132966 0.147311 0.134918 0.148254 
0.145826 0.146646 0.143629 0.139917 0.139284 0.136085 0.148612 
0.143158 0.147570 0.145009 0.135050 0.149811 0.129123 0.150280 
0.142288 0.142722 0.140758 0.132411 0.147260 0.150135 0.144426 
0.146244 0.145954 0.143754 0.137656 0.134203 0.143799 0.148390 
0.143052 0.144338 0.142271 0.137956 0.145022 0.139347 0.148015 
0.141254 0.142145 0.139989 0.137188 0.143692 0.151517 0.144216 
0.145969 0.144222 0.141823 0.137249 0.141703 0.142779 0.146253 
0.146900 0.146762 0.144285 0.130500 0.134596 0.147679 0.149279 
0.143153 0.143299 0.140825 0.135984 0.144790 0.146836 0.145113 
0.145460 0.146415 0.144109 0.136088 0.141538 0.137322 0.149067 
0.144160 0.143184 0.140395 0.133226 0.139802 0.154357 0.144877 
0.139970 0.140414 0.138775 0.150058 0.154136 0.133040 0.143607 
0.144265 0.143068 0.140156 0.135492 0.137106 0.153729 0.146185 
0.142802 0.144569 0.142282 0.135153 0.141343 0.146687 0.147164 
0.144965 0.147454 0.144739 0.139335 0.138527 0.133121 0.151858 
0.143340 0.143530 0.140698 0.136231 0.140884 0.148730 0.146586 
0.145705 0.146646 0.144188 0.137899 0.138806 0.137995 0.148761 
0.148529 0.147916 0.145502 0.129115 0.136006 0.141461 0.151471 
0.148158 0.147454 0.144615 0.134356 0.145896 0.130507 0.149014 
0.149441 0.149532 0.147064 0.133430 0.132129 0.136626 0.151777 
0.149248 0.149878 0.146879 0.132898 0.134502 0.133658 0.152937 
0.146840 0.146185 0.143586 0.133700 0.140074 0.140020 0.149595 
0.144924 0.144684 0.142164 0.136635 0.137451 0.147450 0.146693 
0.141797 0.143299 0.140870 0.139610 0.151391 0.137417 0.145616 
0.144264 0.142722 0.140647 0.130180 0.139771 0.157569 0.144848 
0.142410 0.146992 0.144036 0.143634 0.144509 0.129400 0.149019 
0.143760 0.141799 0.139638 0.136201 0.141988 0.152759 0.143856 
0.140948 0.141222 0.138705 0.140325 0.146010 0.148815 0.143975 
0.144566 0.144569 0.142125 0.133045 0.135287 0.153231 0.147177 
0.147782 0.147570 0.144633 0.130148 0.136315 0.142963 0.150589 
0.146183 0.145030 0.142259 0.139063 0.143928 0.135882 0.147654 
0.143128 0.145030 0.142685 0.134661 0.141106 0.146346 0.147043 
0.145821 0.146646 0.144346 0.131266 0.137246 0.145817 0.148858 
0.143003 0.145030 0.142738 0.137910 0.144422 0.139244 0.147653 
0.142065 0.142260 0.139977 0.133191 0.141400 0.155834 0.145273 
0.146165 0.148839 0.145911 0.131169 0.138722 0.137275 0.151920 
0.143212 0.144915 0.143155 0.136716 0.144095 0.139822 0.148085 
0.143844 0.142607 0.139919 0.135907 0.141779 0.151206 0.144738 
0.140461 0.139490 0.138221 0.137123 0.151443 0.151956 0.141306 
0.141656 0.142260 0.139762 0.139535 0.145530 0.145145 0.146111 
0.140013 0.141914 0.139659 0.144163 0.156014 0.133447 0.144790 
0.144076 0.145261 0.143376 0.131358 0.145982 0.141288 0.148659 
0.145266 0.145954 0.144003 0.133966 0.135920 0.146340 0.148552 
0.142799 0.143645 0.141280 0.135694 0.151060 0.139520 0.146002 
0.144446 0.146415 0.143577 0.136287 0.140699 0.140513 0.148063 
0.143121 0.142260 0.139794 0.140324 0.145579 0.143332 0.145590 
0.142182 0.141683 0.139524 0.141563 0.150134 0.140682 0.144231 
0.144725 0.143876 0.142009 0.131738 0.147621 0.142792 0.147239 
0.138692 0.141568 0.139789 0.134967 0.148984 0.152147 0.143853 
0.139394 0.142607 0.140101 0.143117 0.153191 0.135822 0.145769 
0.143691 0.143992 0.141111 0.133509 0.135349 0.155835 0.146514 
0.146364 0.147454 0.144661 0.139182 0.132030 0.141414 0.148895 
0.142048 0.140875 0.139436 0.141069 0.148921 0.144957 0.142694 
0.150783 0.149532 0.146478 0.129681 0.134313 0.136570 0.152643 
0.142212 0.143184 0.140761 0.132284 0.147944 0.147662 0.145953 
0.142801 0.145838 0.143697 0.134290 0.156648 0.128907 0.147819 
0.143806 0.141452 0.139513 0.134926 0.148667 0.147923 0.143713 
0.146515 0.149647 0.147388 0.132029 0.138448 0.134140 0.151834 
0.146110 0.145030 0.142526 0.137545 0.145382 0.136442 0.146965 
0.145003 0.147108 0.144897 0.136907 0.131700 0.144370 0.150015 
0.143393 0.142607 0.140968 0.148519 0.147208 0.132407 0.144898 
skin
0.143757 0.142029 0.139240 0.139259 0.146580 0.144737 0.144398 
0.142954 0.144683 0.141653 0.136151 0.138620 0.148124 0.147815 
0.148565 0.146299 0.143261 0.135852 0.135983 0.141401 0.148638 
0.145094 0.146415 0.143966 0.130411 0.141462 0.143528 0.149125 
0.143966 0.142721 0.140403 0.137483 0.149515 0.139924 0.145987 
0.145527 0.145838 0.142950 0.132516 0.134846 0.150097 0.148225 
0.146084 0.147684 0.144778 0.134029 0.138087 0.139743 0.149595 
0.147297 0.147338 0.144862 0.135062 0.133908 0.142183 0.149349 
0.144865 0.144914 0.142577 0.135655 0.143254 0.142020 0.146716 
0.145629 0.146068 0.143184 0.139810 0.135202 0.141488 0.148618 
0.144643 0.141336 0.138638 0.134324 0.141091 0.155402 0.144566 
0.148544 0.147684 0.145044 0.133741 0.136634 0.138440 0.149913 
0.141059 0.141221 0.138735 0.138976 0.149329 0.147013 0.143667 
0.145448 0.146415 0.143320 0.138777 0.136326 0.140571 0.149143 
0.146458 0.145030 0.142037 0.134664 0.136198 0.148248 0.147365 
0.142561 0.142837 0.141348 0.132330 0.146801 0.148386 0.145737 
0.145078 0.144222 0.141703 0.132085 0.145369 0.144864 0.146679 
0.144408 0.145722 0.142879 0.131899 0.141970 0.144608 0.148514 
0.145322 0.147338 0.144737 0.135639 0.134637 0.142789 0.149539 
0.150311 0.146415 0.144497 0.125141 0.138793 0.145141 0.149702 
0.141336 0.142144 0.139159 0.135838 0.142771 0.154962 0.143790 
0.142926 0.141798 0.139073 0.138601 0.146096 0.147369 0.144138 
0.143366 0.144222 0.141570 0.136778 0.143559 0.144399 0.146106 
0.146527 0.143875 0.141819 0.135868 0.141123 0.144349 0.146439 
0.143503 0.139720 0.137855 0.138373 0.154357 0.143098 0.143094 
0.140051 0.139374 0.136961 0.143810 0.154617 0.142247 0.142940 
0.145367 0.143183 0.140881 0.135913 0.140300 0.148766 0.145589 
0.141298 0.142837 0.140364 0.137446 0.151724 0.140970 0.145362 
0.149787 0.148723 0.145628 0.130643 0.134326 0.139455 0.151438 
0.147552 0.146415 0.143478 0.140354 0.133880 0.140365 0.147956 
0.146045 0.146645 0.144383 0.136172 0.147138 0.130559 0.149057 
0.143980 0.143067 0.140440 0.141778 0.149199 0.135865 0.145672 
0.142423 0.143183 0.140676 0.131009 0.145940 0.150606 0.146163 
0.144401 0.147569 0.145253 0.132258 0.146651 0.134381 0.149487 
0.145829 0.145376 0.143072 0.132855 0.138860 0.146221 0.147787 
0.140088 0.141452 0.139393 0.139346 0.151371 0.142105 0.146246 
0.143012 0.144799 0.142165 0.131422 0.131499 0.160183 0.146921 
0.143043 0.144799 0.141782 0.141961 0.146060 0.135205 0.147150 
0.143326 0.145376 0.142926 0.148068 0.149026 0.122143 0.149135 
0.143349 0.143760 0.141113 0.133719 0.141142 0.151232 0.145685 
0.144027 0.143760 0.141432 0.140443 0.145628 0.138077 0.146633 
0.144498 0.143298 0.140531 0.140570 0.135547 0.148672 0.146883 
0.148021 0.146876 0.145020 0.123860 0.134789 0.152195 0.149237 
0.147775 0.148261 0.145587 0.134520 0.136243 0.137164 0.150451 
0.143485 0.142721 0.139581 0.144406 0.137447 0.146413 0.145946 
0.143848 0.144799 0.141945 0.131575 0.142370 0.146920 0.148543 
0.149179 0.147800 0.145320 0.128877 0.135568 0.142755 0.150501 
0.144904 0.143645 0.140535 0.129440 0.133010 0.163265 0.145202 
0.147738 0.146299 0.143309 0.126331 0.136459 0.149339 0.150524 
0.142170 0.142490 0.139969 0.137113 0.145552 0.147757 0.144948 
0.143576 0.143298 0.140281 0.142012 0.144657 0.140276 0.145899 
0.149238 0.149646 0.146083 0.131255 0.121341 0.149180 0.153257 
0.142080 0.142490 0.139731 0.140210 0.144247 0.145878 0.145365 
0.141960 0.142375 0.140031 0.138515 0.138455 0.153417 0.145247 
0.146106 0.147338 0.144411 0.127561 0.136866 0.147947 0.149770 
0.143342 0.144222 0.142067 0.141759 0.138342 0.143426 0.146842 
0.141832 0.145145 0.142558 0.139698 0.146791 0.136689 0.147287 
0.139154 0.139951 0.137656 0.133915 0.150396 0.155884 0.143043 
0.142833 0.144106 0.142161 0.138834 0.150884 0.134045 0.147137 
0.141798 0.141913 0.139534 0.136757 0.147742 0.147712 0.144544 
0.148551 0.149069 0.146754 0.129822 0.135806 0.138329 0.151669 
0.142703 0.143760 0.141791 0.139212 0.141072 0.146070 0.145391 
0.144992 0.144568 0.141928 0.136399 0.135918 0.148519 0.147675 
0.143123 0.144337 0.142347 0.133145 0.144490 0.144158 0.148401 
0.143701 0.143645 0.140957 0.138018 0.141809 0.145289 0.146582 
0.140847 0.143645 0.140816 0.140403 0.144266 0.144598 0.145426 
0.142395 0.144106 0.141405 0.134417 0.145008 0.146238 0.146430 
0.143829 0.143183 0.139958 0.144568 0.143807 0.138930 0.145725 
0.145090 0.146068 0.143125 0.136636 0.144430 0.135797 0.148853 
0.147035 0.147800 0.145001 0.128877 0.141914 0.138139 0.151235 
0.143269 0.142029 0.139201 0.133990 0.141811 0.154957 0.144744 
0.144077 0.146184 0.144050 0.142370 0.134883 0.139952 0.148484 
0.143638 0.141682 0.139567 0.137984 0.143164 0.149242 0.144721 
0.143306 0.141105 0.138583 0.136051 0.146541 0.151383 0.143030 
0.139319 0.139605 0.137895 0.136712 0.153349 0.150393 0.142727 
0.145417 0.145376 0.142178 0.131124 0.131185 0.157295 0.147426 
0.142955 0.143991 0.141219 0.138050 0.148951 0.137553 0.147281 
0.143942 0.145607 0.143378 0.132923 0.142449 0.143629 0.148072 
0.144913 0.144914 0.142196 0.138828 0.143554 0.138672 0.146922 
0.144572 0.143875 0.140771 0.133771 0.129544 0.161413 0.146052 
0.140995 0.142490 0.139681 0.135305 0.140208 0.156081 0.145239 
0.145195 0.144337 0.141746 0.145550 0.150226 0.125444 0.147502 
0.146928 0.145376 0.142466 0.135240 0.137758 0.144521 0.147713 
0.143212 0.144337 0.142204 0.139780 0.141992 0.142080 0.146395 
0.145293 0.144914 0.141962 0.136655 0.138194 0.146275 0.146707 
0.144233 0.141682 0.139057 0.136452 0.138746 0.156606 0.143223 
0.144092 0.145722 0.142417 0.130457 0.139047 0.149508 0.148757 
0.146048 0.146184 0.143809 0.125426 0.137312 0.150686 0.150536 
0.146132 0.145260 0.143435 0.138373 0.141323 0.137319 0.148157 
0.144774 0.146992 0.144109 0.132056 0.134433 0.148747 0.148890 
0.141727 0.142490 0.139724 0.140210 0.147238 0.144418 0.144193 
0.146119 0.143529 0.141817 0.130842 0.147857 0.143560 0.146276 
0.147165 0.145607 0.143892 0.135167 0.143028 0.136068 0.149074 
0.143572 0.142721 0.139765 0.140868 0.143104 0.144490 0.145480 
0.140613 0.142490 0.139426 0.142306 0.148028 0.141553 0.145584 
0.147803 0.149646 0.147208 0.127716 0.138449 0.136754 0.152423 
0.148187 0.147800 0.144554 0.132050 0.133476 0.143913 0.150019 
0.143533 0.142375 0.139352 0.133822 0.133673 0.162693 0.144552 
0.141296 0.140528 0.138375 0.139310 0.145403 0.152663 0.142424 
0.145313 0.147569 0.144843 0.132469 0.132252 0.147910 0.149644 
stomach
0.142765 0.141101 0.138350 0.138589 0.140606 0.155712 0.142876 
0.142794 0.142025 0.139409 0.137393 0.147371 0.146643 0.144365 
0.144656 0.146180 0.143152 0.130773 0.132559 0.153358 0.149324 
0.142289 0.140986 0.139046 0.140279 0.138491 0.156227 0.142682 
0.147319 0.147219 0.144248 0.128041 0.134735 0.146451 0.151987 
0.142873 0.142948 0.141208 0.133390 0.143923 0.148931 0.146726 
0.143564 0.144910 0.141583 0.141077 0.131276 0.150732 0.146858 
0.148126 0.146988 0.144216 0.131421 0.129599 0.151125 0.148525 
0.146451 0.143641 0.141512 0.131902 0.146347 0.144743 0.145403 
0.147957 0.145834 0.142941 0.130075 0.138784 0.145343 0.149066 
0.149219 0.149181 0.145907 0.135074 0.131046 0.138781 0.150793 
0.142693 0.142140 0.140226 0.137799 0.150110 0.142430 0.144603 
0.146554 0.147103 0.143827 0.133769 0.131965 0.146551 0.150231 
0.143564 0.145718 0.143933 0.137033 0.146149 0.135585 0.148017 
0.144592 0.140986 0.138396 0.138760 0.147469 0.146951 0.142846 
0.145540 0.144102 0.140975 0.131564 0.133660 0.158025 0.146134 
0.145772 0.145372 0.142642 0.134893 0.142757 0.140776 0.147787 
0.144577 0.144564 0.142305 0.137706 0.144602 0.139896 0.146351 
0.144388 0.147680 0.144490 0.147739 0.137984 0.127836 0.149882 
0.147287 0.146757 0.143947 0.137974 0.137416 0.137317 0.149302 
0.144747 0.144910 0.142193 0.137327 0.148981 0.135160 0.146682 
0.142962 0.146295 0.144026 0.140043 0.148374 0.129180 0.149119 
0.144931 0.144795 0.143325 0.138152 0.150231 0.131221 0.147346 
0.141900 0.143871 0.141329 0.134579 0.139763 0.151541 0.147016 
0.142471 0.143871 0.141586 0.139406 0.144398 0.141099 0.147169 
0.142669 0.143294 0.140424 0.142818 0.142949 0.142199 0.145646 
0.145045 0.146641 0.143696 0.134184 0.138361 0.143635 0.148437 
0.139743 0.142371 0.140753 0.136149 0.147992 0.147837 0.145154 
0.143179 0.143179 0.141525 0.134125 0.149137 0.142842 0.146014 
0.141833 0.145026 0.142727 0.145444 0.140869 0.136635 0.147467 
0.147160 0.148950 0.147369 0.135404 0.138535 0.131414 0.151168 
0.143413 0.145372 0.143527 0.135182 0.142619 0.140826 0.149062 
0.142744 0.142717 0.140041 0.135829 0.142598 0.151083 0.144988 
0.145572 0.147103 0.145323 0.128866 0.141504 0.142290 0.149342 
0.142552 0.143641 0.140467 0.140344 0.138304 0.148444 0.146249 
0.146056 0.147911 0.145729 0.128784 0.131124 0.150382 0.150014 
0.144204 0.147680 0.144780 0.138009 0.144789 0.130659 0.149879 
0.143394 0.143179 0.140863 0.138086 0.140463 0.148084 0.145932 
0.143668 0.145026 0.141968 0.139522 0.140848 0.140829 0.148140 
0.143411 0.143756 0.141019 0.139141 0.129264 0.156584 0.146825 
0.146491 0.147219 0.143676 0.140155 0.129357 0.143979 0.149123 
0.142103 0.140755 0.137833 0.142140 0.143425 0.150419 0.143325 
0.147004 0.145603 0.142786 0.136551 0.133995 0.144959 0.149102 
0.143753 0.142371 0.140666 0.135572 0.146946 0.146015 0.144677 
0.145756 0.148834 0.145771 0.136395 0.145155 0.127603 0.150486 
0.147619 0.148142 0.145093 0.126557 0.134737 0.146951 0.150901 
0.142965 0.144333 0.141707 0.134452 0.146116 0.143292 0.147133 
0.143793 0.142833 0.140658 0.136599 0.145441 0.144606 0.146070 
0.145674 0.148257 0.145582 0.136116 0.134458 0.138939 0.150973 
0.146383 0.145718 0.142953 0.132995 0.135753 0.148046 0.148151 
0.141598 0.143410 0.140584 0.135648 0.142347 0.150830 0.145583 
0.146713 0.146526 0.143469 0.132336 0.138687 0.144101 0.148168 
0.141383 0.138447 0.136194 0.140255 0.152178 0.149660 0.141883 
0.143769 0.146064 0.143865 0.133982 0.149037 0.134397 0.148885 
0.144823 0.144218 0.141169 0.131028 0.138031 0.152912 0.147819 
0.144489 0.145718 0.142551 0.136168 0.133677 0.148614 0.148784 
0.142078 0.143063 0.141371 0.138988 0.147482 0.141100 0.145918 
0.140658 0.141909 0.139571 0.134180 0.142252 0.157373 0.144056 
0.147269 0.144564 0.142154 0.135110 0.136172 0.147323 0.147408 
0.139460 0.140640 0.138301 0.135254 0.151183 0.152093 0.143069 
0.147465 0.147680 0.144788 0.131087 0.136275 0.143206 0.149499 
0.142824 0.142025 0.139240 0.131413 0.137825 0.162399 0.144275 
0.142720 0.145487 0.142604 0.133780 0.140109 0.148072 0.147228 
0.146182 0.143410 0.141550 0.131898 0.146841 0.144665 0.145454 
0.143078 0.145718 0.142775 0.136457 0.139548 0.144371 0.148054 
0.139009 0.140986 0.137843 0.138260 0.134167 0.165744 0.143990 
0.141568 0.142602 0.140926 0.133923 0.144510 0.151628 0.144844 
0.145315 0.145372 0.143253 0.129125 0.146173 0.142003 0.148759 
0.140854 0.143410 0.141050 0.133052 0.151498 0.144171 0.145965 
0.142964 0.141332 0.139017 0.133478 0.138602 0.161004 0.143603 
0.146543 0.146641 0.143772 0.133030 0.142856 0.137705 0.149451 
0.148351 0.147911 0.144733 0.129149 0.132854 0.147437 0.149565 
0.140740 0.144679 0.142475 0.143303 0.150901 0.130440 0.147461 
0.140290 0.140755 0.138676 0.138467 0.145997 0.152268 0.143547 
0.146536 0.144910 0.142049 0.133578 0.142423 0.142817 0.147688 
0.144569 0.142948 0.139930 0.133090 0.133065 0.159751 0.146647 
0.146509 0.146295 0.143849 0.135428 0.137050 0.141832 0.149036 
0.143958 0.146180 0.143928 0.140368 0.138255 0.139115 0.148197 
0.142111 0.144333 0.142368 0.141952 0.142506 0.140259 0.146472 
0.143048 0.145026 0.142131 0.136502 0.144703 0.141914 0.146675 
0.145865 0.147680 0.144837 0.133394 0.131509 0.147025 0.149690 
0.143309 0.143063 0.141068 0.139776 0.136974 0.150095 0.145714 
0.148927 0.148257 0.145646 0.127662 0.130800 0.148185 0.150523 
0.147568 0.148719 0.147082 0.131009 0.144667 0.129312 0.151642 
0.143435 0.142602 0.139877 0.132692 0.143367 0.153216 0.144811 
0.142467 0.139947 0.138210 0.138396 0.153570 0.145352 0.142058 
0.142665 0.145026 0.142611 0.137079 0.136789 0.148034 0.147797 
0.145217 0.146180 0.143578 0.131850 0.145407 0.138763 0.149006 
0.144745 0.145718 0.143035 0.132419 0.134047 0.151789 0.148247 
0.143678 0.144679 0.141816 0.138523 0.138703 0.145651 0.146951 
0.145078 0.147334 0.144764 0.138676 0.135820 0.138204 0.150123 
0.144225 0.144910 0.142522 0.134154 0.143969 0.143109 0.147110 
0.143515 0.144333 0.142032 0.133510 0.144253 0.145282 0.147075 
0.142660 0.144218 0.142236 0.136431 0.146122 0.141545 0.146789 
0.144391 0.143525 0.140443 0.142899 0.142502 0.140185 0.146055 
0.148379 0.147449 0.144811 0.135909 0.135135 0.137736 0.150581 
0.141277 0.141332 0.138933 0.128863 0.147394 0.158913 0.143288