-9785784.099173
0
0.000000 0.025825 0.000000 0.000000 0.014828 0.012680 0.000000 0.000000 0.000000 0.000000 0.000000 0.000000 0.000000 0.000000 0.000000 0.000000 0.030487 0.000000 0.073797 0.000000 0.000000 0.010817 0.003279 0.020494 0.000000 0.000000 0.000000 0.000000 0.000000 0.000000 0.000000 0.000000 0.000000 0.000000 0.021778 0.000000 0.007188 0.000000 0.000000 0.000000 0.000000 0.000000 0.000000 0.000000 0.000000 0.000000 0.000000 0.000000 0.000000 0.000000 0.000000 0.000000 0.000000 0.000000 0.000000 0.000000 0.000000 0.000000 0.000000 0.157247 0.000000 0.000000 0.000000 0.000000 0.060324 0.000000 0.000000 0.000000 0.007214 0.000000 0.032299 0.000000 0.000000 0.000000 0.000000 0.240967 0.000000 0.000000 0.000000 0.000000 0.000000 0.000000 0.000000 0.267829 0.000000 0.000483 0.000000 0.000000 0.000000 0.000000 0.000001 0.000000 0.000000 0.000000 0.012444 0.000000 
0.000000 0.000000 0.000000 0.000000 0.000000 0.000000 0.000000 0.000000 0.000000 0.000000 0.000000 0.000242 0.000000 0.000000 0.000000 0.000000 0.000000 0.000000 0.000251 0.000000 0.006023 0.000000 0.000000 0.000000 0.000000 0.000000 0.000000 0.030724 0.000000 0.013419 0.000000 0.000000 0.000000 0.255139 0.010241 0.000000 0.000000 0.000000 0.000000 0.000000 0.000000 0.000000 0.000268 0.000000 0.000000 0.000000 0.000000 0.000000 0.000000 0.000000 0.000000 0.055223 0.000000 0.000000 0.000000 0.000000 0.056526 0.000000 0.445289 0.000000 0.000000 0.000000 0.000000 0.000000 0.000000 0.000000 0.067601 0.000000 0.000000 0.000000 0.000000 0.020962 0.000000 0.000000 0.000000 0.000000 0.000000 0.028168 0.000000 0.000000 0.000000 0.000000 0.000383 0.000000 0.000000 0.000000 0.000000 0.000000 0.000000 0.000000 0.000681 0.000000 0.008843 0.000000 0.000000 0.000000 
0.030882 0.000000 0.000000 0.027827 0.000000 0.000000 0.010970 0.000000 0.060972 0.107610 0.000000 0.000000 0.000000 0.000000 0.000000 0.000000 0.000000 0.000000 0.000000 0.000000 0.000000 0.000000 0.000000 0.000000 0.000000 0.000000 0.044579 0.000000 0.000000 0.000000 0.000000 0.000000 0.000000 0.065407 0.117855 0.000000 0.000000 0.018497 0.028176 0.000000 0.000000 0.041896 0.046701 0.000000 0.000000 0.000000 0.000000 0.000000 0.000000 0.040698 0.024920 0.000000 0.000000 0.021123 0.014604 0.000000 0.000000 0.112213 0.000000 0.000000 0.000000 0.000000 0.014059 0.000000 0.000000 0.000000 0.000000 0.000000 0.000000 0.013784 0.000000 0.000000 0.056560 0.000000 0.000000 0.000000 0.000000 0.000000 0.000000 0.055673 0.000000 0.000000 0.018242 0.000000 0.000000 0.000000 0.000000 0.018519 0.000000 0.000000 0.008217 0.000000 0.000000 0.000000 0.000000 0.000000 
0.000000 0.000000 0.015857 0.000000 0.000000 0.000000 0.000000 0.000000 0.000000 0.000000 0.292672 0.000211 0.011341 0.000000 0.000000 0.000000 0.007923 0.034775 0.000000 0.000000 0.000000 0.000000 0.000000 0.000000 0.004838 0.064043 0.000000 0.082640 0.000000 0.000000 0.000000 0.016852 0.206277 0.000000 0.004132 0.000000 0.000000 0.000000 0.000000 0.000000 0.000000 0.000000 0.020480 0.047323 0.005186 0.016884 0.000000 0.000000 0.033113 0.000000 0.000000 0.000000 0.000000 0.000000 0.000000 0.015318 0.019129 0.000000 0.000000 0.000000 0.008514 0.000000 0.000000 0.000000 0.000000 0.003681 0.000000 0.000000 0.000000 0.000000 0.000000 0.000000 0.000000 0.000000 0.000000 0.000000 0.000000 0.000000 0.013071 0.000000 0.000000 0.000000 0.000000 0.000000 0.000000 0.011773 0.010305 0.000000 0.000000 0.000000 0.004551 0.031871 0.000000 0.017227 0.000000 0.000000 
0.000000 0.000000 0.000000 0.000000 0.000000 0.000000 0.000000 0.000000 0.000000 0.000000 0.000000 0.019851 0.000000 0.016895 0.000000 0.000000 0.000000 0.000000 0.000000 0.000000 0.000000 0.000000 0.004773 0.000000 0.000000 0.000000 0.000000 0.017835 0.000000 0.000000 0.000000 0.000000 0.000000 0.000000 0.000001 0.000000 0.000000 0.000000 0.000000 0.000000 0.000302 0.000000 0.000000 0.000000 0.000000 0.000000 0.000000 0.000000 0.000000 0.000000 0.000000 0.000000 0.012594 0.000000 0.000000 0.000000 0.000000 0.002718 0.000000 0.000000 0.000000 0.000000 0.000000 0.010543 0.000000 0.053318 0.000000 0.000000 0.000000 0.000000 0.000000 0.000000 0.000000 0.000000 0.000000 0.000000 0.000000 0.000000 0.000000 0.000000 0.301009 0.560142 0.000000 0.000000 0.000000 0.000000 0.000000 0.000000 0.000000 0.000000 0.000001 0.000000 0.000000 0.000000 0.000000 0.000000 
0.000000 0.000000 0.000000 0.000000 0.000000 0.000000 0.000000 0.000000 0.000000 0.000000 0.000000 0.000000 0.000000 0.000000 0.000000 0.000000 0.001262 0.000000 0.000000 0.033021 0.000000 0.000000 0.000000 0.000000 0.000000 0.000000 0.000000 0.000000 0.000000 0.000000 0.000000 0.000000 0.000000 0.000000 0.195592 0.000000 0.000000 0.000000 0.000000 0.000000 0.025748 0.000000 0.015251 0.000000 0.000000 0.000000 0.000000 0.000000 0.000000 0.000000 0.000000 0.000000 0.000000 0.000000 0.000000 0.000000 0.030163 0.000000 0.000000 0.000000 0.000000 0.013364 0.000000 0.000000 0.000000 0.000000 0.000000 0.000000 0.000000 0.000000 0.000000 0.000000 0.000000 0.000000 0.000000 0.000000 0.000000 0.000000 0.000000 0.000000 0.000000 0.000000 0.589195 0.000000 0.000000 0.000000 0.000000 0.000000 0.000000 0.000000 0.028418 0.000000 0.000000 0.000000 0.000000 0.067970 
0.000000 0.000000 0.000000 0.000000 0.000000 0.000000 0.000000 0.013181 0.000000 0.000000 0.000000 0.041717 0.000000 0.000000 0.015134 0.019264 0.000000 0.000000 0.000000 0.000000 0.000000 0.000000 0.004815 0.000000 0.055720 0.000000 0.000000 0.000873 0.014040 0.000000 0.015045 0.000000 0.000000 0.000000 0.023857 0.236885 0.000000 0.000000 0.000000 0.018929 0.000000 0.000000 0.000034 0.000000 0.000000 0.000000 0.026895 0.046437 0.000000 0.000000 0.000000 0.000190 0.000000 0.000000 0.000000 0.000000 0.000000 0.108130 0.000000 0.000000 0.000000 0.000000 0.000000 0.000000 0.000000 0.000000 0.000000 0.067287 0.000000 0.000000 0.000000 0.000000 0.000000 0.053155 0.020420 0.000000 0.044966 0.000000 0.000000 0.000000 0.000000 0.088911 0.009228 0.000000 0.007870 0.000000 0.000000 0.000000 0.027265 0.038774 0.000962 0.000000 0.000000 0.000000 0.000000 0.000000 
0.145079 0.141311 0.140899 0.146545 0.141714 0.140486 0.143965 
0.138693 0.147484 0.129272 0.161902 0.128924 0.154867 0.138858 
0.133104 0.173791 0.149424 0.143743 0.118230 0.127616 0.154093 
0.140085 0.138008 0.149474 0.144907 0.144889 0.138827 0.143809 
0.129566 0.159963 0.179646 0.131164 0.128440 0.141068 0.130153 
0.142514 0.143298 0.141862 0.143708 0.143076 0.144708 0.140835 
0.144333 0.142353 0.141164 0.144938 0.141455 0.141963 0.143794 
0.105951 0.163921 0.132499 0.112410 0.184668 0.123465 0.177086 
0.150284 0.137032 0.141965 0.134832 0.138879 0.140990 0.156018 
0.134918 0.164654 0.143914 0.132120 0.134558 0.149727 0.140109 
0.141108 0.159883 0.137659 0.145445 0.137609 0.141681 0.136616 
0.140102 0.142277 0.142404 0.144447 0.143803 0.143174 0.143791 
breast
0.163649 0.119794 0.201191 0.171234 0.080897 0.044206 0.219030 
0.125840 0.129800 0.224287 0.151921 0.097065 0.045877 0.225209 
0.184978 0.102117 0.141049 0.199978 0.090647 0.065006 0.216225 
0.184625 0.101922 0.138874 0.199597 0.092402 0.066767 0.215813 
0.144803 0.104559 0.192151 0.215379 0.096060 0.059901 0.187147 
0.136731 0.116428 0.188188 0.178565 0.110855 0.079753 0.189480 
0.138756 0.109242 0.211956 0.163774 0.098078 0.038277 0.239918 
0.144718 0.121661 0.197369 0.197024 0.075969 0.060765 0.202493 
0.265348 0.103818 0.187070 0.148530 0.065413 0.054781 0.175041 
0.151241 0.137298 0.209433 0.168631 0.101976 0.024600 0.206821 
0.163831 0.113853 0.181949 0.188135 0.144560 0.038689 0.168983 
0.152901 0.142001 0.188420 0.144386 0.126720 0.033982 0.211589 
0.126988 0.106809 0.277781 0.188420 0.079512 0.036040 0.184450 
0.119994 0.149277 0.204024 0.176504 0.132532 0.037613 0.180056 
0.170197 0.121320 0.205903 0.177177 0.105111 0.063425 0.156867 
0.110420 0.139331 0.220166 0.178844 0.115934 0.044120 0.191185 
0.133269 0.128894 0.209995 0.160008 0.088522 0.037070 0.242242 
0.155805 0.129955 0.196208 0.197222 0.090957 0.032538 0.197315 
0.120499 0.102161 0.209356 0.240687 0.115316 0.095877 0.116103 
0.137550 0.128083 0.222246 0.175925 0.098134 0.051582 0.186480 
0.134010 0.132030 0.173075 0.157251 0.115780 0.027636 0.260218 
0.165947 0.115448 0.210520 0.130871 0.089939 0.038148 0.249128 
0.190517 0.072200 0.187467 0.147755 0.082213 0.039482 0.280366 
0.165113 0.105106 0.192123 0.192558 0.123430 0.019113 0.202557 
0.150437 0.163233 0.203752 0.196614 0.079580 0.045972 0.160412 
0.264164 0.084446 0.082003 0.208663 0.023169 0.105071 0.232484 
0.096701 0.106409 0.260673 0.211088 0.069311 0.044272 0.211546 
0.138006 0.139810 0.205545 0.172936 0.099552 0.050894 0.193257 
0.147119 0.106225 0.180608 0.195538 0.092033 0.076064 0.202414 
0.312576 0.131549 0.050647 0.171855 0.029063 0.107502 0.196809 
0.144906 0.140213 0.200438 0.182347 0.104368 0.027833 0.199895 
0.171756 0.160031 0.175451 0.159316 0.115289 0.047848 0.170309 
0.191052 0.116149 0.214734 0.158924 0.098921 0.049630 0.170590 
0.170055 0.090337 0.208177 0.148722 0.126545 0.061144 0.195020 
0.164249 0.106325 0.194097 0.166881 0.122521 0.018182 0.227745 
0.166301 0.126583 0.182940 0.185663 0.087208 0.065831 0.185474 
0.172394 0.101372 0.178962 0.175294 0.112356 0.055861 0.203760 
0.122729 0.147144 0.218640 0.183741 0.091923 0.041055 0.194768 
0.131391 0.106813 0.211341 0.118465 0.154763 0.026676 0.250551 
0.109201 0.141644 0.211345 0.184564 0.124322 0.045229 0.183696 
0.158535 0.141166 0.176247 0.131661 0.127018 0.063787 0.201586 
0.123626 0.094554 0.183081 0.241040 0.119100 0.065701 0.172897 
0.173356 0.137677 0.150512 0.188066 0.139625 0.046738 0.164026 
0.168387 0.132619 0.200080 0.126040 0.108008 0.033774 0.231092 
0.125214 0.160481 0.218602 0.082324 0.125215 0.056561 0.231603 
0.168055 0.100420 0.167972 0.209199 0.105698 0.038508 0.210149 
0.163922 0.115286 0.184791 0.170693 0.097528 0.036163 0.231618 
0.145866 0.097482 0.223609 0.194630 0.113383 0.026885 0.198145 
0.143460 0.081697 0.162401 0.234307 0.055782 0.127200 0.195153 
0.145912 0.098667 0.186809 0.192517 0.112047 0.075815 0.188234 
0.147033 0.117946 0.180393 0.188020 0.143575 0.035886 0.187147 
0.126858 0.138683 0.274837 0.178922 0.131868 0.024414 0.124417 
0.129492 0.151105 0.181169 0.146694 0.138284 0.048208 0.205049 
0.157384 0.134055 0.181842 0.193679 0.081394 0.050898 0.200748 
endometrium
0.293876 0.066263 0.104816 0.056061 0.029933 0.367461 0.081590 
0.122404 0.143893 0.191954 0.194432 0.053994 0.151946 0.141376 
0.118134 0.177076 0.191100 0.233402 0.038009 0.135201 0.107078 
0.126754 0.219609 0.178822 0.207358 0.034819 0.125508 0.107129 
0.108748 0.217339 0.144322 0.237620 0.030843 0.155594 0.105533 
0.266917 0.099405 0.082307 0.076370 0.040382 0.328071 0.106547 
0.114479 0.205089 0.169494 0.216284 0.034144 0.170603 0.089908 
0.065413 0.250197 0.125167 0.275441 0.026659 0.193222 0.063900 
0.114737 0.225111 0.192444 0.211118 0.032466 0.147186 0.076939 
0.133225 0.282892 0.148972 0.208525 0.050373 0.075558 0.100454 
0.195197 0.147217 0.166646 0.190896 0.034427 0.111618 0.153999 
0.278652 0.103166 0.079278 0.082940 0.039521 0.323613 0.092831 
0.173663 0.216663 0.158056 0.181544 0.056215 0.107259 0.106600 
0.154953 0.142058 0.171445 0.205240 0.068538 0.128138 0.129628 
0.123917 0.174388 0.167344 0.238796 0.041359 0.144469 0.109727 
0.122171 0.202635 0.156466 0.218754 0.040835 0.132088 0.127051 
0.101135 0.123538 0.204200 0.157469 0.124810 0.066158 0.222690 
0.116723 0.197842 0.186110 0.194995 0.045935 0.133693 0.124702 
0.200958 0.197816 0.086611 0.121937 0.049991 0.254404 0.088283 
0.109271 0.165130 0.191991 0.240280 0.037027 0.158103 0.098197 
0.117683 0.216706 0.166014 0.189299 0.040076 0.151045 0.119177 
0.112121 0.203479 0.155819 0.203473 0.056732 0.155806 0.112571 
0.369791 0.060252 0.097973 0.063266 0.030084 0.297341 0.081294 
0.146574 0.172631 0.172865 0.196087 0.040054 0.129097 0.142690 
0.149432 0.149644 0.161624 0.184958 0.067944 0.117348 0.169049 
0.140800 0.169443 0.181770 0.227212 0.048572 0.110909 0.121294 
0.106453 0.225461 0.161803 0.196144 0.032970 0.150008 0.127162 
0.368265 0.061888 0.086923 0.077931 0.026302 0.292436 0.086254 
0.081636 0.393364 0.133230 0.182438 0.036155 0.081737 0.091440 
0.134822 0.199872 0.188556 0.197094 0.062021 0.098536 0.119099 
0.094057 0.187173 0.156068 0.247999 0.034279 0.188781 0.091642 
0.371932 0.081449 0.085546 0.069417 0.032378 0.272205 0.087073 
0.126935 0.186601 0.207042 0.207554 0.031135 0.143498 0.097236 
0.114943 0.179768 0.155878 0.244311 0.053172 0.126323 0.125604 
0.130497 0.155523 0.181214 0.205566 0.048616 0.142340 0.136244 
0.110087 0.207542 0.160294 0.203418 0.048091 0.147379 0.123189 
0.186067 0.205576 0.109970 0.131138 0.060816 0.201080 0.105354 
0.159071 0.166154 0.150189 0.215594 0.042969 0.100930 0.165093 
0.120221 0.196586 0.163689 0.237225 0.038420 0.150443 0.093415 
0.135309 0.202695 0.126632 0.219974 0.054814 0.160422 0.100155 
0.294367 0.075833 0.089172 0.066188 0.029150 0.365345 0.079945 
0.112538 0.157686 0.257274 0.223940 0.016102 0.066777 0.165683 
0.111975 0.054436 0.193509 0.041871 0.302347 0.091041 0.204821 
0.127883 0.214986 0.166856 0.220108 0.045753 0.151578 0.072837 
0.063937 0.258618 0.128494 0.269414 0.020825 0.197053 0.061660 
0.146754 0.159234 0.177402 0.206718 0.055933 0.131838 0.122121 
0.143893 0.150704 0.199815 0.215823 0.027331 0.155737 0.106697 
0.142343 0.176189 0.176300 0.234840 0.032674 0.138234 0.099421 
0.115734 0.195593 0.178379 0.196375 0.043701 0.175146 0.095072 
0.114260 0.197258 0.191050 0.216988 0.021052 0.144521 0.114871 
0.088658 0.211447 0.152472 0.223599 0.045189 0.157387 0.121249 
0.157522 0.138150 0.174404 0.184353 0.106132 0.110682 0.128757 
0.146498 0.197499 0.161597 0.182433 0.046575 0.139990 0.125407 
0.396741 0.069797 0.112741 0.078344 0.024212 0.252795 0.065371 
0.105878 0.190695 0.157124 0.199003 0.081608 0.093695 0.171997 
0.103646 0.196064 0.194265 0.200425 0.035932 0.153783 0.115885 
0.125319 0.242480 0.165399 0.185639 0.045820 0.139390 0.095953 
0.111463 0.284891 0.103683 0.189468 0.016370 0.230261 0.063864 
0.370473 0.078705 0.093054 0.076558 0.032584 0.265044 0.083582 
0.182178 0.097264 0.169945 0.187064 0.048933 0.134042 0.180574 
0.089369 0.211705 0.167637 0.237447 0.028668 0.172973 0.092202 
0.112838 0.192742 0.151902 0.221582 0.047314 0.152616 0.121006 
0.332737 0.079239 0.087249 0.081662 0.033737 0.312580 0.072796 
0.114467 0.195627 0.187002 0.217341 0.028924 0.152592 0.104047 
0.080458 0.234812 0.161072 0.241966 0.043490 0.144470 0.093731 
0.110601 0.234769 0.174687 0.217407 0.031219 0.134320 0.096997 
0.207561 0.210185 0.127942 0.148596 0.051267 0.161208 0.093242 
0.131395 0.203594 0.127226 0.184695 0.063297 0.153313 0.136480 
0.168463 0.163424 0.180028 0.191927 0.049572 0.118982 0.127604 
0.122669 0.189245 0.198453 0.216553 0.034141 0.129385 0.109554 
0.059411 0.252627 0.125021 0.273905 0.024856 0.204782 0.059398 
0.113803 0.226985 0.148871 0.237446 0.028501 0.134039 0.110354 
0.145874 0.073683 0.136021 0.108303 0.264594 0.124543 0.146983 
0.325586 0.057142 0.085726 0.060952 0.028906 0.374036 0.067652 
0.230513 0.097730 0.076763 0.081642 0.040216 0.387795 0.085341 
0.092760 0.230420 0.156853 0.241651 0.031118 0.158411 0.088787 
0.094125 0.167793 0.190604 0.237589 0.039447 0.144747 0.125696 
0.115589 0.239428 0.197395 0.189649 0.036159 0.128124 0.093656 
0.107805 0.233143 0.177439 0.208193 0.050807 0.130137 0.092475 
0.080667 0.199878 0.175893 0.241873 0.039636 0.159256 0.102797 
0.096428 0.194054 0.180412 0.210241 0.046640 0.131870 0.140355 
0.115009 0.162980 0.205748 0.206491 0.093742 0.109984 0.106046 
0.116956 0.190768 0.182779 0.206969 0.043132 0.149889 0.109507 
0.103885 0.250517 0.144933 0.236106 0.034517 0.112877 0.117164 
0.331697 0.071383 0.089810 0.081108 0.029228 0.314458 0.082317 
0.090558 0.199194 0.177252 0.203466 0.033012 0.181050 0.115468 
0.096691 0.163362 0.179411 0.241621 0.038075 0.157890 0.122951 
0.164070 0.145400 0.134015 0.180879 0.076600 0.127957 0.171079 
0.130721 0.094096 0.289857 0.104314 0.117639 0.052756 0.210617 
large_intestine
0.092584 0.249665 0.150082 0.216598 0.056523 0.120070 0.114478 
0.095140 0.287129 0.140035 0.195196 0.056562 0.122807 0.103130 
0.136778 0.118571 0.175648 0.189719 0.078889 0.122359 0.178036 
0.125069 0.133295 0.213655 0.183783 0.081227 0.130053 0.132919 
0.116223 0.162168 0.192392 0.157133 0.058169 0.167258 0.146657 
0.114623 0.254292 0.144538 0.200772 0.030687 0.141600 0.113489 
0.366831 0.081052 0.088098 0.046541 0.028715 0.320194 0.068569 
0.081150 0.283075 0.127572 0.224837 0.039478 0.146214 0.097673 
0.113373 0.239303 0.145245 0.208851 0.035886 0.162195 0.095147 
0.052863 0.273757 0.122567 0.274757 0.022892 0.192399 0.060764 
0.056260 0.246502 0.123773 0.277209 0.026410 0.205265 0.064580 
0.088753 0.312045 0.156004 0.178823 0.038158 0.113997 0.112221 
0.086321 0.306754 0.152427 0.183604 0.044306 0.110952 0.115636 
0.080903 0.267684 0.134067 0.236540 0.031850 0.165493 0.083464 
0.110507 0.348819 0.144054 0.134437 0.058492 0.094388 0.109303 
0.073879 0.257374 0.148836 0.242493 0.029031 0.148846 0.099541 
0.143349 0.213924 0.167722 0.160711 0.075905 0.093257 0.145133 
0.084061 0.236072 0.157571 0.233077 0.037924 0.140617 0.110677 
0.057152 0.290798 0.130873 0.254404 0.033534 0.157643 0.075597 
0.080106 0.224876 0.169267 0.258029 0.053027 0.107355 0.107340 
0.101564 0.294068 0.132960 0.205648 0.040186 0.119334 0.106241 
0.328185 0.087893 0.086742 0.063105 0.037621 0.295490 0.100964 
0.135246 0.138803 0.185713 0.226475 0.050987 0.141156 0.121619 
0.090095 0.248681 0.154438 0.207723 0.034831 0.163399 0.100833 
0.123654 0.178648 0.225352 0.162144 0.079222 0.123341 0.107639 
0.122671 0.237390 0.141633 0.230267 0.041412 0.118086 0.108543 
0.093619 0.233014 0.130025 0.260399 0.029647 0.160435 0.092862 
0.128125 0.152083 0.202463 0.235703 0.028394 0.121908 0.131325 
0.100443 0.203757 0.160080 0.251212 0.029107 0.155045 0.100357 
0.107266 0.210414 0.172149 0.213274 0.052174 0.089843 0.154880 
0.121195 0.166130 0.171806 0.223647 0.032025 0.135822 0.149375 
0.089656 0.197849 0.162417 0.264869 0.024404 0.171693 0.089111 
0.116824 0.120725 0.219463 0.139059 0.069402 0.148309 0.186218 
0.143330 0.198714 0.158861 0.193353 0.048129 0.126938 0.130675 
0.132677 0.101114 0.178881 0.164163 0.061234 0.211345 0.150586 
0.156717 0.163979 0.151272 0.205051 0.039378 0.120367 0.163237 
0.086972 0.264484 0.158173 0.215026 0.043834 0.121652 0.109859 
0.094465 0.226260 0.151282 0.243400 0.039534 0.124840 0.120219 
0.089189 0.229226 0.129210 0.241250 0.034137 0.176816 0.100173 
0.137022 0.199220 0.143884 0.228554 0.042166 0.152330 0.096823 
0.095384 0.150518 0.183604 0.204911 0.135312 0.110717 0.119553 
0.117969 0.148684 0.183403 0.204618 0.080463 0.131613 0.133250 
0.135637 0.210968 0.161913 0.206191 0.065835 0.082210 0.137246 
0.166304 0.157779 0.140387 0.172308 0.088432 0.101982 0.172808 
0.169176 0.155936 0.143712 0.173127 0.086280 0.098313 0.173455 
0.104821 0.158270 0.185993 0.177516 0.073695 0.160795 0.138909 
0.091390 0.256775 0.162601 0.201895 0.042005 0.145499 0.099835 
0.298942 0.073036 0.101575 0.072863 0.034239 0.315976 0.103370 
0.118005 0.223994 0.187598 0.193155 0.044841 0.126122 0.106284 
0.123056 0.227025 0.151980 0.230134 0.068629 0.073892 0.125284 
0.128924 0.211465 0.170722 0.183238 0.053842 0.125254 0.126556 
0.138418 0.216488 0.158282 0.214877 0.063023 0.078519 0.130393 
0.134670 0.236826 0.156820 0.203453 0.056655 0.087715 0.123861 
0.107817 0.123631 0.198141 0.154058 0.105285 0.150234 0.160834 
0.119903 0.146269 0.201283 0.197826 0.070074 0.105448 0.159198 
0.111358 0.119401 0.167866 0.250425 0.047206 0.177694 0.126051 
0.142031 0.180647 0.168842 0.226923 0.044613 0.099405 0.137539 
0.266791 0.152054 0.073558 0.067621 0.057769 0.295734 0.086473 
0.108371 0.156227 0.175206 0.194367 0.109406 0.114531 0.141891 
0.117511 0.053856 0.322694 0.183590 0.084980 0.070138 0.167231 
0.317824 0.104973 0.092716 0.095799 0.032268 0.275254 0.081166 
0.073055 0.257676 0.168489 0.222045 0.040344 0.148362 0.090029 
0.075927 0.259794 0.166277 0.217825 0.040461 0.146471 0.093245 
0.088826 0.237939 0.157067 0.216102 0.038764 0.153186 0.108116 
0.081307 0.246544 0.160591 0.211142 0.033058 0.148622 0.118737 
0.143003 0.151994 0.171442 0.219806 0.046987 0.144813 0.121955 
0.132491 0.157363 0.172652 0.218950 0.047578 0.145713 0.125253 
0.131550 0.168320 0.179422 0.208780 0.040642 0.142044 0.129242 
0.131920 0.180833 0.167778 0.205631 0.043106 0.145966 0.124767 
0.108293 0.159704 0.190256 0.194220 0.064204 0.129479 0.153844 
0.142223 0.258249 0.140138 0.160043 0.049157 0.119806 0.130385 
0.133457 0.180531 0.177604 0.160273 0.101823 0.087034 0.159277 
0.101309 0.230103 0.164626 0.205062 0.045537 0.133846 0.119517 
0.123069 0.318791 0.137264 0.139043 0.055589 0.112974 0.113268 
0.122011 0.264868 0.155735 0.155735 0.055297 0.112032 0.134321 
0.114357 0.283144 0.145285 0.187131 0.050388 0.098292 0.121403 
0.109993 0.222299 0.161294 0.210134 0.035959 0.159892 0.100428 
0.117621 0.250099 0.149591 0.184201 0.053997 0.109915 0.134576 
0.121001 0.256620 0.147887 0.186885 0.051345 0.109130 0.127130 
0.158847 0.186502 0.187108 0.193590 0.042463 0.100476 0.131014 
0.125939 0.183001 0.156333 0.224473 0.059318 0.123476 0.127460 
0.104548 0.144145 0.180775 0.179747 0.060918 0.177418 0.152450 
0.334749 0.160622 0.075175 0.085436 0.049895 0.211854 0.082270 
0.149737 0.166796 0.186111 0.191779 0.058666 0.103554 0.143357 
0.150484 0.150629 0.171758 0.217965 0.053983 0.142191 0.112990 
0.103387 0.348882 0.135977 0.164640 0.036662 0.117378 0.093075 
0.106047 0.120216 0.187877 0.209402 0.083744 0.160880 0.131833 
0.116384 0.114437 0.215644 0.204374 0.044528 0.150188 0.154445 
0.090431 0.245984 0.149603 0.220319 0.034820 0.158505 0.100340 
0.107897 0.220203 0.173299 0.203340 0.043427 0.128901 0.122932 
0.142508 0.123617 0.231936 0.217829 0.061031 0.097594 0.125485 
0.115001 0.091255 0.212953 0.230209 0.054866 0.152639 0.143078 
0.108994 0.154719 0.172929 0.195591 0.077638 0.150449 0.139679 
0.173013 0.122466 0.217530 0.206489 0.052742 0.085686 0.142075 
0.113914 0.228791 0.176967 0.176463 0.058898 0.113511 0.131456 
0.165646 0.146142 0.188906 0.181379 0.077245 0.084095 0.156586 
0.148284 0.153679 0.197322 0.154090 0.109138 0.083810 0.153677 
0.130923 0.118293 0.223583 0.196730 0.058877 0.110221 0.161372 
0.102037 0.240578 0.162687 0.190882 0.042815 0.138849 0.122151 
0.063804 0.122731 0.145776 0.210583 0.020294 0.343261 0.093550 
0.103993 0.173993 0.151523 0.223091 0.032118 0.214038 0.101244 
0.066805 0.119783 0.142721 0.264684 0.050768 0.275059 0.080180 
0.121808 0.206970 0.135432 0.205517 0.039103 0.177451 0.113718 
0.078264 0.244801 0.145103 0.243938 0.021736 0.191566 0.074592 
0.081144 0.158805 0.176789 0.212784 0.029736 0.240366 0.100376 
0.243942 0.116452 0.078741 0.081647 0.048626 0.329905 0.100688 
0.110133 0.213285 0.184723 0.177570 0.042270 0.127732 0.144286 
0.109381 0.260616 0.131370 0.217133 0.024572 0.160154 0.096773 
0.121548 0.223409 0.145927 0.232238 0.038141 0.129529 0.109208 
0.099176 0.244382 0.166215 0.209159 0.034163 0.131236 0.115669 
0.079558 0.258085 0.132586 0.244131 0.015145 0.183414 0.087080 
0.118805 0.221798 0.152553 0.210393 0.045165 0.153436 0.097851 
0.100921 0.228079 0.148491 0.221224 0.030827 0.165083 0.105374 
0.098945 0.266207 0.151796 0.176821 0.035246 0.136663 0.134322 
0.097835 0.263209 0.141215 0.205342 0.045229 0.143030 0.104139 
0.107179 0.237513 0.150739 0.215708 0.044373 0.139700 0.104788 
0.089873 0.232991 0.140483 0.245180 0.032470 0.167255 0.091748 
0.079693 0.233810 0.169344 0.231246 0.038280 0.128804 0.118823 
0.135657 0.186804 0.159786 0.227485 0.030955 0.160018 0.099295 
0.096428 0.250935 0.149134 0.221450 0.038116 0.152843 0.091093 
0.096110 0.240170 0.139455 0.214464 0.040869 0.162856 0.106076 
0.085402 0.210858 0.157219 0.226299 0.036133 0.184131 0.099958 
0.055613 0.140055 0.143554 0.262554 0.023375 0.301487 0.073362 
0.106289 0.213671 0.158078 0.212965 0.037311 0.155913 0.115773 
0.067995 0.288896 0.128429 0.240257 0.024569 0.178487 0.071367 
0.094188 0.225198 0.148752 0.213915 0.037669 0.177356 0.102922 
0.071508 0.149665 0.228708 0.245941 0.075021 0.054965 0.174192 
0.101773 0.154352 0.167430 0.224876 0.023895 0.203377 0.124297 
0.128009 0.223630 0.154544 0.195744 0.040842 0.132798 0.124432 
0.094130 0.232102 0.162662 0.228097 0.035572 0.162709 0.084729 
0.075862 0.244525 0.141453 0.232627 0.025315 0.195058 0.085160 
0.093603 0.243812 0.179413 0.186705 0.040866 0.123137 0.132465 
0.118101 0.254540 0.134728 0.154175 0.045269 0.171188 0.122000 
0.057909 0.128551 0.133343 0.253432 0.027876 0.332365 0.066524 
0.132265 0.231132 0.142140 0.212368 0.037515 0.136283 0.108297 
0.081540 0.253155 0.179630 0.199009 0.041428 0.146872 0.098365 
0.127772 0.202850 0.176543 0.201482 0.036332 0.132586 0.122436 
0.112088 0.234179 0.168914 0.205627 0.036211 0.149635 0.093346 
0.130766 0.234783 0.166237 0.176389 0.045781 0.128011 0.118033 
0.332659 0.095318 0.087125 0.067829 0.033420 0.308528 0.075121 
0.100503 0.205198 0.175945 0.190023 0.029548 0.174883 0.123898 
0.115426 0.143470 0.184625 0.176268 0.056894 0.102669 0.220648 
0.052326 0.084578 0.133649 0.271064 0.047660 0.308632 0.102091 
0.097306 0.241060 0.147314 0.244596 0.033375 0.143323 0.093026 
0.119400 0.235458 0.151111 0.204726 0.038059 0.130265 0.120982 
0.087670 0.106018 0.175864 0.231525 0.063926 0.170460 0.164537 
0.326916 0.093522 0.087825 0.066118 0.044515 0.299470 0.081635 
0.083132 0.200339 0.154298 0.226981 0.034772 0.177185 0.123292 
0.109267 0.208669 0.154848 0.235803 0.038640 0.134783 0.117990 
0.072694 0.231355 0.142275 0.252426 0.024080 0.191255 0.085915 
0.115044 0.253877 0.131604 0.212257 0.047194 0.140316 0.099707 
0.326701 0.095640 0.097944 0.043722 0.032343 0.343257 0.060393 
0.104127 0.151365 0.224731 0.199439 0.064651 0.126596 0.129091 
0.126593 0.211446 0.174188 0.190205 0.050864 0.112593 0.134110 
0.106837 0.277528 0.146722 0.196285 0.047494 0.106128 0.119008 
0.093492 0.205231 0.213510 0.177518 0.045489 0.107335 0.157425 
0.107259 0.175335 0.229583 0.157785 0.059107 0.102610 0.168321 
0.089508 0.298464 0.162158 0.182538 0.039374 0.119847 0.108112 
0.132139 0.252302 0.143664 0.162028 0.068100 0.110355 0.131413 
0.084378 0.277470 0.147229 0.221012 0.034103 0.135075 0.100732 
0.086601 0.251893 0.155596 0.216208 0.027879 0.158728 0.103095 
0.102666 0.231594 0.154570 0.192506 0.042551 0.125918 0.150195 
0.317863 0.122459 0.097182 0.067092 0.045288 0.254202 0.095914 
0.258460 0.108385 0.066495 0.063026 0.048947 0.376010 0.078678 
0.336646 0.131790 0.089032 0.087458 0.048384 0.219109 0.087581 
0.079157 0.259204 0.163662 0.214277 0.033295 0.149677 0.100729 
0.105394 0.249188 0.144566 0.219561 0.037076 0.135492 0.108723 
0.089501 0.223779 0.147847 0.195001 0.084066 0.132604 0.127203 
0.152574 0.201833 0.148881 0.181633 0.070637 0.104492 0.139950 
0.081718 0.195455 0.172966 0.246914 0.044575 0.166375 0.091996 
0.378959 0.100272 0.082757 0.057035 0.030181 0.268085 0.082711 
0.367119 0.090301 0.080863 0.071952 0.037168 0.279464 0.073134 
0.077766 0.210245 0.201381 0.160016 0.080488 0.108271 0.161833 
0.141321 0.160147 0.161718 0.199160 0.053101 0.137398 0.147156 
0.147491 0.133162 0.169270 0.204768 0.061068 0.149124 0.135118 
0.090948 0.240904 0.164010 0.200520 0.035126 0.163362 0.105130 
0.102934 0.187641 0.205169 0.198613 0.060736 0.106607 0.138301 
0.126018 0.212755 0.184595 0.192052 0.046673 0.129899 0.108008 
0.098783 0.212720 0.232289 0.184373 0.028253 0.130418 0.113163 
0.276184 0.130473 0.070028 0.070533 0.046566 0.317939 0.088277 
0.104635 0.208721 0.181194 0.213653 0.043133 0.142996 0.105668 
0.096531 0.298359 0.146554 0.189265 0.036737 0.132873 0.099682 
0.065988 0.281551 0.137824 0.253872 0.024604 0.163417 0.072744 
0.310308 0.080210 0.092207 0.090692 0.036977 0.284191 0.105415 
0.354014 0.079613 0.098572 0.063828 0.028290 0.297125 0.078558 
0.098623 0.182151 0.167626 0.171936 0.075569 0.105577 0.198518 
0.091728 0.166988 0.227636 0.174754 0.048314 0.106007 0.184573 
0.119549 0.214038 0.193328 0.148532 0.112048 0.093200 0.119304 
0.127236 0.152817 0.176759 0.201599 0.067994 0.118873 0.154723 
0.091791 0.230978 0.161604 0.225401 0.023938 0.161332 0.104957 
0.112870 0.233252 0.163125 0.209470 0.030038 0.156052 0.095195 
0.111173 0.220318 0.151877 0.241542 0.036407 0.140145 0.098539 
0.072611 0.267301 0.148341 0.236297 0.021348 0.174875 0.079226 
0.122343 0.209196 0.155767 0.199726 0.040798 0.123275 0.148895 
0.062317 0.226774 0.110910 0.289558 0.016949 0.240842 0.052649 
0.098578 0.236923 0.149420 0.238356 0.025505 0.163937 0.087281 
0.078051 0.228399 0.158230 0.253549 0.037643 0.171592 0.072536 
0.123758 0.216675 0.206588 0.167548 0.039810 0.130721 0.114900 
0.073302 0.310065 0.166984 0.177533 0.026755 0.150028 0.095331 
0.111547 0.251212 0.158296 0.207034 0.039289 0.145288 0.087334 
0.082785 0.304528 0.151505 0.183553 0.052807 0.120414 0.104408 
0.092342 0.379912 0.123080 0.162655 0.039040 0.114081 0.088889 
0.098397 0.213891 0.130363 0.187237 0.045298 0.120644 0.204170 
0.097522 0.169467 0.184124 0.203412 0.047419 0.091927 0.206130 
0.089557 0.307727 0.160321 0.171177 0.055240 0.105974 0.110003 
0.059134 0.282885 0.125420 0.242353 0.023437 0.187369 0.079402 
0.244422 0.107576 0.068473 0.036498 0.037419 0.453817 0.051795 
0.090959 0.245793 0.136873 0.212404 0.053913 0.144433 0.115625 
0.105288 0.237171 0.171560 0.174524 0.039792 0.140849 0.130816 
0.090932 0.357601 0.139783 0.163771 0.036271 0.121956 0.089686 
0.350938 0.078691 0.093726 0.070945 0.032740 0.294822 0.078138 
0.103813 0.215989 0.192352 0.205944 0.037314 0.119203 0.125386 
0.100804 0.208042 0.180494 0.205874 0.034532 0.163340 0.106913 
0.089887 0.252893 0.153128 0.226393 0.042794 0.113775 0.121130 
0.079411 0.214629 0.133673 0.286653 0.024679 0.186485 0.074470 
0.098253 0.194237 0.187769 0.167667 0.046711 0.121624 0.183738 
0.080994 0.244311 0.150783 0.225266 0.026037 0.168214 0.104395 
0.106699 0.204583 0.198069 0.192335 0.048535 0.120023 0.129756 
0.081819 0.236625 0.148858 0.243538 0.031137 0.165530 0.092492 
0.112110 0.243069 0.143195 0.218966 0.038883 0.118286 0.125492 
0.086287 0.296114 0.150467 0.199566 0.041295 0.125081 0.101190 
0.109966 0.242183 0.174615 0.197904 0.024324 0.148779 0.102229 
0.051179 0.225505 0.155606 0.261064 0.024031 0.192670 0.089945 
0.141100 0.158730 0.203670 0.168399 0.052793 0.106108 0.169199 
0.145153 0.143958 0.160938 0.188910 0.083829 0.121803 0.155409 
0.113894 0.312963 0.140868 0.181045 0.047505 0.099746 0.103978 
0.087865 0.273916 0.158768 0.187751 0.038306 0.107013 0.146382 
0.069436 0.259386 0.134530 0.240289 0.026005 0.199358 0.070995 
0.094962 0.255263 0.161841 0.205107 0.041387 0.136390 0.105049 
0.126856 0.122643 0.217746 0.231347 0.045230 0.119785 0.136392 
0.094922 0.250350 0.158681 0.216921 0.039633 0.142552 0.096941 
0.268180 0.110792 0.072330 0.083367 0.043701 0.304963 0.116667 
0.086880 0.252484 0.160991 0.213445 0.039996 0.138873 0.107332 
0.081909 0.243924 0.136483 0.247361 0.027457 0.174980 0.087886 
0.097689 0.235679 0.165875 0.218245 0.036231 0.127006 0.119276 
0.175898 0.250932 0.160845 0.182761 0.036393 0.076427 0.116744 
liver
0.079059 0.030948 0.355602 0.207444 0.034972 0.031180 0.260794 
0.081061 0.131420 0.421456 0.133186 0.046379 0.025354 0.161144 
0.138209 0.199987 0.230902 0.088089 0.075087 0.032633 0.235093 
0.087402 0.112429 0.244065 0.221874 0.065705 0.060975 0.207551 
0.085440 0.280784 0.135045 0.197218 0.056173 0.147725 0.097614 
0.093949 0.246165 0.120481 0.228664 0.022694 0.218109 0.069938 
0.087141 0.250138 0.127711 0.225615 0.023567 0.214317 0.071511 
0.117364 0.106087 0.239724 0.208478 0.039018 0.035213 0.254117 
0.189039 0.088726 0.199342 0.157022 0.035124 0.091784 0.238963 
0.082597 0.110070 0.440503 0.165979 0.015557 0.041617 0.143677 
0.108170 0.102342 0.207518 0.236580 0.102939 0.066662 0.175791 
0.136295 0.087488 0.222564 0.240185 0.075558 0.079150 0.158760 
0.085722 0.080718 0.259776 0.218267 0.085287 0.060661 0.209569 
0.111327 0.084542 0.394518 0.149425 0.031541 0.028447 0.200200 
0.137568 0.102688 0.235977 0.227281 0.058204 0.035996 0.202286 
0.133203 0.165920 0.200284 0.200424 0.056122 0.081592 0.162456 
0.155822 0.087401 0.296880 0.213115 0.031438 0.046147 0.169196 
0.128311 0.098140 0.234091 0.241554 0.058223 0.074923 0.164758 
0.082763 0.140562 0.416501 0.153836 0.038022 0.025522 0.142794 
0.086104 0.125864 0.329933 0.200808 0.052002 0.050965 0.154323 
0.132440 0.068030 0.229135 0.150211 0.093438 0.090205 0.236541 
0.136598 0.089099 0.266493 0.187068 0.030936 0.065696 0.224111 
0.060137 0.113678 0.400010 0.156550 0.033631 0.044671 0.191323 
0.160384 0.127531 0.198160 0.209176 0.061341 0.103045 0.140363 
0.163210 0.110890 0.204527 0.181315 0.052966 0.097096 0.189996 
0.160514 0.145846 0.185410 0.187463 0.051048 0.137094 0.132625 
0.175624 0.112031 0.154686 0.194504 0.063051 0.119555 0.180548 
0.141306 0.111402 0.227646 0.205756 0.074753 0.103798 0.135339 
0.123264 0.140759 0.235609 0.187335 0.054577 0.095865 0.162592 
0.181556 0.103291 0.174648 0.181549 0.038099 0.113838 0.207019 
0.195700 0.071107 0.244225 0.209843 0.059274 0.067009 0.152842 
0.181485 0.096802 0.235433 0.182405 0.051572 0.083678 0.168624 
0.141896 0.137196 0.192354 0.194938 0.056437 0.101337 0.175842 
0.179352 0.079481 0.271071 0.188716 0.062054 0.073551 0.145774 
0.254516 0.069634 0.166018 0.224381 0.042859 0.076614 0.165978 
0.122999 0.225536 0.228150 0.076236 0.056893 0.037304 0.252883 
0.097531 0.090068 0.333096 0.190617 0.063767 0.045555 0.179366 
0.093726 0.031599 0.404358 0.153877 0.040747 0.048316 0.227377 
0.117403 0.041395 0.355745 0.196017 0.039525 0.039895 0.210020 
0.078909 0.029771 0.419709 0.195611 0.041100 0.024062 0.210839 
0.101006 0.034642 0.422222 0.164269 0.020761 0.036421 0.220680 
0.099804 0.032688 0.417179 0.204866 0.039671 0.022666 0.183127 
0.090940 0.102437 0.387369 0.182894 0.027158 0.033075 0.176127 
0.096647 0.238224 0.170309 0.203029 0.044146 0.145926 0.101720 
0.090760 0.219884 0.202859 0.191669 0.043062 0.131877 0.119889 
0.117594 0.050698 0.269877 0.248509 0.048812 0.066553 0.197957 
0.112230 0.088723 0.316916 0.185836 0.071286 0.062908 0.162100 
0.105458 0.122271 0.297675 0.214489 0.043950 0.054207 0.161951 
0.112710 0.229929 0.194154 0.109245 0.056118 0.055198 0.242646 
0.118684 0.222847 0.194258 0.106858 0.057709 0.056085 0.243559 
0.124067 0.225104 0.160693 0.191266 0.034765 0.152230 0.111876 
0.130178 0.223021 0.160782 0.188663 0.037817 0.149063 0.110476 
0.143346 0.223029 0.147015 0.182724 0.043458 0.148973 0.111455 
0.083837 0.193790 0.134222 0.239910 0.054514 0.150680 0.143047 
0.105036 0.219979 0.166042 0.193399 0.060339 0.137394 0.117812 
0.162341 0.067551 0.318128 0.183645 0.051213 0.064028 0.153093 
0.165722 0.068399 0.315310 0.192095 0.041452 0.078191 0.138831 
0.148934 0.079243 0.192150 0.197132 0.106447 0.065072 0.211022 
0.057918 0.082349 0.311799 0.215907 0.077520 0.065631 0.188876 
0.067565 0.061380 0.290113 0.249100 0.070183 0.070420 0.191238 
0.117845 0.106257 0.269819 0.212322 0.079845 0.069002 0.144910 
0.098558 0.078599 0.277910 0.218303 0.062427 0.072652 0.191551 
0.101895 0.097886 0.262146 0.197067 0.090972 0.096923 0.153111 
0.167492 0.056436 0.369482 0.142929 0.045481 0.063288 0.154891 
lung
0.124549 0.093028 0.314277 0.151937 0.066198 0.036470 0.213541 
0.190224 0.081299 0.234709 0.163358 0.078817 0.040876 0.210717 
0.139453 0.108812 0.259705 0.160811 0.067065 0.096813 0.167342 
0.134855 0.069865 0.280218 0.193340 0.073377 0.027288 0.221057 
0.134944 0.076396 0.260916 0.176610 0.104204 0.041167 0.205763 
0.126998 0.099505 0.274734 0.181466 0.062585 0.047874 0.206839 
0.114985 0.096349 0.260493 0.212354 0.046710 0.040244 0.228864 
0.155371 0.091872 0.228186 0.212636 0.056770 0.053355 0.201811 
0.139776 0.083411 0.253452 0.209869 0.058765 0.039396 0.215330 
0.114967 0.083568 0.240759 0.210466 0.086659 0.034232 0.229349 
0.135586 0.123632 0.215915 0.168029 0.051623 0.164098 0.141117 
0.160699 0.087936 0.262481 0.195328 0.053131 0.050339 0.190086 
0.134075 0.089067 0.261321 0.214723 0.052839 0.046613 0.201362 
0.136854 0.112072 0.211771 0.240882 0.047838 0.055999 0.194584 
0.141058 0.096827 0.269260 0.176853 0.063301 0.043580 0.209121 
0.133016 0.088864 0.236993 0.213046 0.057651 0.060909 0.209521 
0.167841 0.112889 0.220136 0.228564 0.038008 0.043559 0.189003 
0.128824 0.068197 0.264630 0.142988 0.133013 0.079624 0.182724 
0.144556 0.248659 0.171696 0.175437 0.047090 0.111931 0.100630 
0.135515 0.083712 0.276126 0.175311 0.056057 0.050299 0.222981 
0.128502 0.123136 0.230641 0.199287 0.070364 0.045891 0.202179 
0.147291 0.113948 0.238487 0.223623 0.078797 0.045365 0.152489 
0.129469 0.093040 0.279153 0.213612 0.056280 0.022971 0.205475 
0.116734 0.144724 0.276444 0.159510 0.065518 0.053037 0.184032 
0.106983 0.107353 0.238438 0.168270 0.091247 0.055806 0.231904 
0.159449 0.081081 0.271467 0.186684 0.056049 0.060760 0.184510 
0.154196 0.070193 0.229927 0.168450 0.100021 0.090415 0.186798 
0.117435 0.071603 0.299872 0.230134 0.054379 0.035099 0.191478 
0.119218 0.072209 0.291452 0.221440 0.040471 0.033337 0.221873 
0.141977 0.095473 0.247322 0.218603 0.050289 0.062774 0.183562 
0.113334 0.099879 0.276385 0.211131 0.046748 0.038444 0.214078 
0.113531 0.107348 0.260697 0.225972 0.052708 0.033933 0.205810 
0.097357 0.093891 0.263792 0.231211 0.048787 0.047072 0.217890 
0.101125 0.084235 0.292164 0.200164 0.095783 0.043904 0.182625 
0.103880 0.096882 0.299276 0.227631 0.049985 0.030373 0.191974 
0.111530 0.090085 0.263659 0.214068 0.051692 0.052152 0.216816 
0.118196 0.079885 0.258249 0.238333 0.041821 0.046752 0.216765 
0.162983 0.108770 0.199096 0.126044 0.128559 0.077293 0.197256 
0.127830 0.091692 0.276155 0.216981 0.046432 0.041434 0.199476 
0.106180 0.091052 0.290872 0.232868 0.048761 0.034295 0.195972 
0.118550 0.114598 0.282100 0.219679 0.052416 0.026941 0.185717 
0.105057 0.105895 0.266540 0.188775 0.105554 0.052937 0.175241 
0.087940 0.082551 0.285356 0.231094 0.066361 0.052976 0.193723 
0.136133 0.081088 0.227932 0.167798 0.176571 0.063054 0.147424 
0.130392 0.089121 0.254756 0.192779 0.114549 0.042504 0.175899 
0.142001 0.106392 0.251711 0.202199 0.051389 0.045908 0.200399 
0.114162 0.104467 0.273005 0.203076 0.069448 0.041667 0.194175 
0.109928 0.081272 0.305332 0.175577 0.071190 0.050086 0.206615 
0.135448 0.099263 0.256104 0.201853 0.051007 0.049897 0.206429 
0.108672 0.082361 0.299692 0.218175 0.062193 0.052002 0.176905 
0.161036 0.078746 0.225394 0.154082 0.109798 0.043405 0.227540 
0.130176 0.090148 0.235204 0.189534 0.081225 0.045079 0.228634 
0.109313 0.108452 0.284802 0.201909 0.063183 0.038415 0.193926 
0.137101 0.065385 0.259278 0.212340 0.059635 0.036648 0.229614 
0.135987 0.065582 0.292643 0.207007 0.054376 0.037657 0.206748 
0.108698 0.079633 0.293911 0.200559 0.080575 0.035585 0.201038 
0.107663 0.093472 0.287610 0.188029 0.061626 0.041635 0.219965 
0.112903 0.096988 0.283104 0.246094 0.049280 0.047613 0.164018 
0.104681 0.112453 0.248451 0.217489 0.062746 0.042979 0.211201 
0.094561 0.086834 0.260157 0.132302 0.151354 0.072254 0.202537 
0.154176 0.082075 0.242978 0.185968 0.071706 0.050253 0.212843 
0.070196 0.261310 0.159400 0.223991 0.041765 0.161224 0.082114 
0.139921 0.093693 0.230407 0.204000 0.068802 0.043832 0.219344 
0.110584 0.095076 0.235713 0.245747 0.057801 0.049889 0.205189 
0.122716 0.091190 0.298663 0.200957 0.033867 0.039981 0.212626 
0.121592 0.079431 0.286713 0.233939 0.052431 0.039791 0.186102 
