-9964546.626743
0
0.000000 0.000000 0.000000 0.000000 0.019032 0.016275 0.000000 0.000000 0.000000 0.000000 0.000000 0.000000 0.000000 0.000000 0.000000 0.000000 0.000000 0.000000 0.095048 0.000000 0.000000 0.000000 0.015421 0.026304 0.000000 0.000000 0.000000 0.000000 0.000000 0.000000 0.000000 0.000000 0.000000 0.067579 0.000000 0.000000 0.000000 0.000000 0.000000 0.000000 0.000000 0.000000 0.000000 0.000000 0.000000 0.000000 0.000000 0.000000 0.000000 0.000000 0.000000 0.000000 0.000000 0.000000 0.000000 0.000000 0.000001 0.000000 0.000000 0.000000 0.000000 0.000000 0.000000 0.000000 0.000970 0.000000 0.000000 0.000000 0.009260 0.000000 0.041457 0.000000 0.000000 0.000000 0.000000 0.309285 0.000000 0.000000 0.000000 0.000000 0.000000 0.039543 0.000000 0.343764 0.000000 0.016040 0.000000 0.000000 0.000000 0.000000 0.000000 0.000000 0.000000 0.000000 0.000000 0.000000 
0.000000 0.000000 0.000000 0.000000 0.000000 0.000000 0.000000 0.000000 0.000000 0.000000 0.000000 0.000000 0.000000 0.000000 0.000000 0.000000 0.000000 0.000000 0.000000 0.000000 0.007867 0.000000 0.000000 0.000000 0.000000 0.000000 0.000000 0.000000 0.000000 0.000000 0.000000 0.000000 0.000000 0.256101 0.000000 0.000000 0.000000 0.000000 0.000000 0.000000 0.000000 0.000000 0.000000 0.000000 0.000000 0.000000 0.000000 0.000000 0.000000 0.000000 0.000000 0.000000 0.000000 0.000000 0.000000 0.000000 0.010562 0.000000 0.581583 0.000000 0.000000 0.000000 0.000000 0.000000 0.000000 0.000000 0.062237 0.000000 0.000000 0.000000 0.000000 0.026266 0.000000 0.000000 0.000000 0.000000 0.000000 0.036789 0.000000 0.000000 0.000000 0.018304 0.000268 0.000000 0.000000 0.000000 0.000000 0.000000 0.000000 0.000000 0.000000 0.000000 0.000000 0.000000 0.000000 0.000000 
0.000000 0.000000 0.000000 0.000000 0.000000 0.000000 0.000000 0.000000 0.078799 0.000000 0.000000 0.000000 0.000000 0.000000 0.000000 0.000000 0.000000 0.000000 0.000000 0.033237 0.000000 0.000000 0.000000 0.000000 0.000000 0.000000 0.057905 0.000000 0.000000 0.000000 0.000000 0.000000 0.000000 0.094310 0.000000 0.000000 0.000000 0.019005 0.000000 0.000000 0.000000 0.054420 0.000000 0.000000 0.000000 0.000000 0.000000 0.000000 0.000000 0.052864 0.032369 0.000000 0.000000 0.027437 0.016772 0.000000 0.000001 0.263002 0.000000 0.000000 0.000000 0.000000 0.018262 0.000000 0.000000 0.000000 0.000000 0.000000 0.000000 0.017904 0.000000 0.000000 0.073467 0.000000 0.000000 0.000000 0.000000 0.000000 0.000000 0.072315 0.000000 0.000298 0.063982 0.000000 0.000000 0.000000 0.000000 0.023631 0.000000 0.000000 0.000000 0.000000 0.000000 0.000000 0.000000 0.000000 
0.000000 0.000000 0.000000 0.000000 0.000000 0.000000 0.000000 0.000000 0.000000 0.000000 0.319256 0.000000 0.009332 0.000000 0.000000 0.000000 0.000000 0.043779 0.000000 0.000000 0.000000 0.000000 0.000000 0.000000 0.000201 0.000000 0.000000 0.000000 0.000000 0.000000 0.000000 0.021215 0.259686 0.000000 0.000000 0.000000 0.000000 0.000000 0.000000 0.000000 0.000000 0.000000 0.000000 0.000000 0.006529 0.021255 0.000000 0.000000 0.041686 0.000000 0.000000 0.000000 0.000000 0.000000 0.000000 0.019284 0.000001 0.000000 0.000000 0.000000 0.001969 0.000000 0.000000 0.000000 0.000000 0.000000 0.000000 0.000000 0.000000 0.000000 0.000000 0.000000 0.000000 0.000000 0.000000 0.000000 0.000000 0.000000 0.016456 0.000000 0.000000 0.185822 0.000000 0.000000 0.000000 0.000000 0.012973 0.000413 0.000000 0.000000 0.000000 0.040123 0.000000 0.000000 0.000000 0.000000 
0.000000 0.000000 0.000000 0.000000 0.000000 0.000000 0.000000 0.000000 0.000000 0.000000 0.051227 0.000000 0.000000 0.000000 0.000000 0.000000 0.000000 0.000000 0.000000 0.000000 0.000000 0.000000 0.001233 0.000000 0.000000 0.000000 0.000000 0.172426 0.000000 0.000000 0.000000 0.000000 0.000000 0.000000 0.000000 0.000000 0.000000 0.000000 0.000000 0.000000 0.001082 0.000000 0.000000 0.000000 0.000000 0.000000 0.000000 0.000000 0.000000 0.000000 0.000000 0.000000 0.000000 0.000000 0.000000 0.000000 0.000001 0.000645 0.000000 0.000000 0.000000 0.000000 0.000000 0.000305 0.000000 0.052942 0.000000 0.000000 0.000000 0.000000 0.000000 0.000000 0.000000 0.000000 0.000000 0.000000 0.000000 0.000000 0.000000 0.000000 0.385336 0.334781 0.000000 0.000000 0.000000 0.000000 0.000000 0.000000 0.000000 0.000000 0.000000 0.000000 0.000000 0.000000 0.000000 0.000000 
0.041217 0.000000 0.000000 0.012118 0.000000 0.000000 0.000000 0.000000 0.000000 0.000000 0.000000 0.000000 0.000000 0.000000 0.000000 0.000000 0.000000 0.000000 0.000000 0.001014 0.000000 0.000000 0.000000 0.000000 0.000000 0.000000 0.000000 0.000000 0.000000 0.000000 0.000000 0.000000 0.000000 0.000000 0.000000 0.000000 0.000000 0.000000 0.000000 0.000000 0.001558 0.000000 0.000000 0.000000 0.000000 0.000000 0.000000 0.000000 0.000000 0.000000 0.000000 0.000000 0.000000 0.000000 0.000000 0.000000 0.088069 0.000000 0.000000 0.000000 0.000000 0.000000 0.000000 0.000000 0.000000 0.000000 0.000000 0.000000 0.000000 0.000000 0.000000 0.001130 0.000000 0.000000 0.000000 0.000000 0.000000 0.000000 0.000000 0.000000 0.000000 0.061521 0.737182 0.000000 0.000000 0.000000 0.000000 0.000000 0.000000 0.000000 0.056166 0.000000 0.000000 0.000000 0.000000 0.000000 
0.000000 0.000000 0.000000 0.000000 0.000000 0.000000 0.000000 0.000000 0.000000 0.000000 0.000000 0.000000 0.000000 0.000000 0.019558 0.024895 0.000000 0.000000 0.000000 0.003365 0.000000 0.000000 0.000000 0.000000 0.078017 0.000000 0.000000 0.000000 0.018143 0.000000 0.019442 0.000000 0.000000 0.000000 0.000000 0.306122 0.000000 0.004640 0.000000 0.024462 0.024959 0.000000 0.000000 0.000000 0.000000 0.000000 0.034756 0.060010 0.000000 0.000000 0.000000 0.000000 0.008604 0.000000 0.000000 0.000000 0.037583 0.025457 0.000000 0.000000 0.008932 0.000000 0.000000 0.000000 0.035454 0.000000 0.000000 0.086954 0.000000 0.000000 0.000000 0.000000 0.000000 0.000000 0.026388 0.000000 0.056273 0.000000 0.000000 0.000000 0.000000 0.000455 0.000000 0.000000 0.010171 0.000000 0.000000 0.000000 0.035235 0.050107 0.000000 0.000000 0.000000 0.000000 0.000000 0.000000 
0.000000 0.000000 0.010050 0.000000 0.000000 0.000000 0.014069 0.016960 0.000000 0.138016 0.000000 0.000000 0.005027 0.000000 0.000000 0.000000 0.049944 0.000000 0.000000 0.003451 0.000000 0.013564 0.000000 0.000000 0.000000 0.081950 0.000000 0.000000 0.000000 0.017100 0.000000 0.000000 0.000000 0.000000 0.000000 0.000000 0.000000 0.000339 0.000000 0.000000 0.005146 0.000000 0.105541 0.060555 0.000000 0.000000 0.000000 0.000000 0.000000 0.000000 0.000000 0.070616 0.007169 0.000000 0.000000 0.000000 0.000407 0.000000 0.000000 0.000000 0.000000 0.014448 0.000000 0.012877 0.000000 0.019658 0.000000 0.000000 0.000000 0.000000 0.000000 0.000000 0.000000 0.068394 0.000000 0.000000 0.001827 0.000000 0.000000 0.000000 0.000000 0.182231 0.000111 0.000000 0.000000 0.000000 0.000000 0.000000 0.000000 0.000000 0.000000 0.000000 0.000000 0.000000 0.015605 0.084927 
0.000000 0.032810 0.010376 0.024362 0.000000 0.000000 0.000000 0.000000 0.000400 0.000000 0.000000 0.080099 0.000000 0.021390 0.000000 0.000000 0.000000 0.000000 0.000000 0.000674 0.000000 0.000000 0.000000 0.000000 0.000000 0.000000 0.000000 0.000000 0.000000 0.000000 0.000000 0.000000 0.000000 0.000000 0.478090 0.000000 0.009133 0.000000 0.036613 0.000000 0.000000 0.000000 0.000000 0.000000 0.000000 0.000000 0.000000 0.000000 0.000000 0.000000 0.000000 0.000000 0.000000 0.000000 0.002198 0.000000 0.001456 0.000793 0.000000 0.199782 0.000000 0.002279 0.000000 0.000000 0.039917 0.000000 0.025757 0.000000 0.000000 0.000000 0.000000 0.000000 0.000000 0.000000 0.000000 0.000000 0.000000 0.000000 0.000000 0.000000 0.000000 0.000100 0.000000 0.000000 0.000000 0.000000 0.000000 0.000000 0.000000 0.000000 0.000000 0.000000 0.011417 0.022334 0.000000 0.000000 
0.113194 0.110596 0.110406 0.114416 0.110953 0.110162 0.112647 0.108301 0.109326 
0.105047 0.119098 0.104965 0.115469 0.107590 0.107709 0.108609 0.118795 0.112719 
0.094245 0.100100 0.117371 0.116051 0.104310 0.098545 0.124955 0.116259 0.128163 
0.113080 0.112460 0.108326 0.114887 0.114224 0.108835 0.107910 0.111752 0.108525 
0.110016 0.112105 0.107632 0.114078 0.112726 0.117199 0.103257 0.107330 0.115656 
0.110550 0.112478 0.111041 0.111204 0.112157 0.109720 0.109733 0.112393 0.110724 
0.112626 0.109645 0.112879 0.113566 0.112345 0.109511 0.110552 0.108564 0.110311 
0.128156 0.115196 0.096266 0.140381 0.109556 0.090243 0.096605 0.120237 0.103361 
0.109070 0.116361 0.107362 0.110977 0.107414 0.109394 0.106724 0.118937 0.113760 
0.109633 0.115637 0.113959 0.114380 0.111804 0.110453 0.113491 0.105250 0.105393 
0.117217 0.112663 0.112765 0.112769 0.101174 0.108233 0.101015 0.116504 0.117660 
0.108331 0.109700 0.109157 0.111079 0.111234 0.110297 0.112202 0.112151 0.115849 
breast
0.116733 0.066384 0.131187 0.156958 0.047208 0.053424 0.153003 0.150075 0.125028 
0.085412 0.068604 0.189820 0.132071 0.048412 0.055329 0.186587 0.132360 0.101405 
0.107553 0.057088 0.112133 0.132205 0.060903 0.045143 0.191164 0.178972 0.114838 
0.107348 0.056980 0.110420 0.131954 0.062747 0.045140 0.191891 0.178901 0.114620 
0.109388 0.057201 0.177240 0.148494 0.047493 0.042277 0.156818 0.143153 0.117936 
0.086917 0.074355 0.154713 0.132496 0.074799 0.053504 0.163389 0.150520 0.109307 
0.088440 0.041423 0.171193 0.143493 0.050474 0.043798 0.181884 0.127989 0.151305 
0.090786 0.070859 0.158227 0.181481 0.054103 0.085112 0.176766 0.097944 0.084724 
0.215196 0.059838 0.165406 0.114540 0.037191 0.054520 0.150769 0.119857 0.082683 
0.122586 0.074263 0.154751 0.160452 0.059169 0.035225 0.176516 0.136437 0.080601 
0.097036 0.061287 0.148355 0.149349 0.086532 0.065159 0.135778 0.134619 0.121885 
0.113615 0.099228 0.166585 0.139934 0.083220 0.051242 0.158318 0.106670 0.081187 
0.090234 0.054404 0.206742 0.100551 0.077883 0.069394 0.150273 0.165136 0.085385 
0.080446 0.088552 0.176191 0.144636 0.082469 0.053237 0.113065 0.157050 0.104353 
0.112204 0.067662 0.172259 0.164339 0.062117 0.079126 0.117379 0.099861 0.125054 
0.073997 0.083099 0.169727 0.165530 0.081723 0.059848 0.142788 0.120361 0.102929 
0.126226 0.068148 0.189146 0.136134 0.049859 0.045131 0.206446 0.117333 0.061577 
0.103735 0.060310 0.156469 0.170953 0.069066 0.039544 0.144483 0.135889 0.119552 
0.105273 0.068817 0.150658 0.122567 0.088810 0.080629 0.087475 0.199453 0.096318 
0.110562 0.082620 0.197193 0.136798 0.043236 0.069073 0.148093 0.114266 0.098158 
0.130979 0.047043 0.128855 0.124573 0.052646 0.040152 0.213004 0.136229 0.126519 
0.084897 0.068214 0.177636 0.121606 0.048266 0.048004 0.184425 0.105449 0.161501 
0.163477 0.039705 0.166901 0.117296 0.050196 0.030478 0.183837 0.148396 0.099715 
0.124459 0.033727 0.144016 0.173463 0.060646 0.025108 0.168571 0.190691 0.079319 
0.095072 0.091813 0.126345 0.149719 0.060258 0.071431 0.150004 0.147180 0.108178 
0.195336 0.062407 0.080570 0.119485 0.008374 0.012127 0.215269 0.203187 0.103246 
0.074777 0.054962 0.204432 0.147093 0.031835 0.029147 0.190992 0.140672 0.126090 
0.116751 0.057502 0.153999 0.140303 0.055375 0.065976 0.153140 0.185394 0.071560 
0.089612 0.060884 0.148893 0.149504 0.066721 0.067501 0.164891 0.130068 0.121925 
0.228790 0.089863 0.049721 0.097752 0.007542 0.003068 0.170159 0.237333 0.115772 
0.118807 0.080062 0.165426 0.169502 0.058165 0.042736 0.157273 0.134434 0.073595 
0.124388 0.092939 0.142559 0.141524 0.057399 0.062074 0.130579 0.127578 0.120960 
0.123697 0.054843 0.147141 0.097153 0.096925 0.074750 0.119033 0.142732 0.143727 
0.097251 0.057031 0.177829 0.107792 0.081356 0.064214 0.149318 0.126817 0.138392 
0.138258 0.054880 0.162583 0.147102 0.063132 0.024353 0.160852 0.176467 0.072373 
0.105154 0.067625 0.135162 0.116237 0.070459 0.064454 0.166196 0.176245 0.098468 
0.099522 0.055472 0.157463 0.100376 0.081463 0.054116 0.151297 0.142281 0.158009 
0.090728 0.088141 0.183507 0.152729 0.071348 0.058334 0.157373 0.124875 0.072965 
0.099084 0.063454 0.181062 0.122643 0.098277 0.023240 0.208175 0.101668 0.102396 
0.082446 0.073660 0.188111 0.172157 0.070075 0.056514 0.153611 0.126586 0.076841 
0.085686 0.088618 0.128783 0.120854 0.086354 0.074304 0.163027 0.087241 0.165133 
0.066994 0.062578 0.127446 0.149447 0.090586 0.060909 0.145608 0.188348 0.108083 
0.110903 0.087294 0.127037 0.176764 0.097963 0.050336 0.117635 0.106720 0.125347 
0.117660 0.074594 0.168195 0.128500 0.053454 0.044628 0.186001 0.114386 0.112582 
0.068430 0.083499 0.165987 0.064826 0.073307 0.054511 0.139759 0.190556 0.159124 
0.099524 0.044658 0.140063 0.181610 0.067007 0.031502 0.173920 0.154905 0.106810 
0.118079 0.069963 0.144141 0.155051 0.057730 0.051852 0.193092 0.108195 0.101897 
0.115559 0.061899 0.185345 0.185561 0.049224 0.036200 0.153693 0.127419 0.085100 
0.085954 0.047250 0.135741 0.141588 0.039778 0.046079 0.216529 0.192591 0.094489 
0.108555 0.053603 0.144333 0.120870 0.094263 0.054475 0.168539 0.158211 0.097152 
0.116934 0.059470 0.164462 0.167051 0.094718 0.042124 0.156096 0.128857 0.070288 
0.116685 0.093816 0.222329 0.172803 0.076197 0.042179 0.102294 0.106299 0.067399 
0.090205 0.088087 0.146212 0.134402 0.099001 0.053898 0.168445 0.102567 0.117183 
0.091718 0.058251 0.124446 0.168524 0.065163 0.068382 0.158014 0.140354 0.125148 
endometrium
0.259049 0.055366 0.110370 0.043481 0.026816 0.287784 0.066901 0.091429 0.058804 
0.062629 0.105759 0.141570 0.103466 0.068960 0.102483 0.113376 0.135770 0.165987 
0.044049 0.139849 0.156862 0.117526 0.094140 0.103756 0.084072 0.109308 0.150439 
0.052703 0.170118 0.151702 0.108602 0.073823 0.081143 0.080596 0.092664 0.188649 
0.036671 0.166776 0.092084 0.150046 0.066154 0.112085 0.091646 0.105303 0.179235 
0.228518 0.083163 0.079253 0.051662 0.037522 0.262236 0.088902 0.095430 0.073314 
0.057426 0.159398 0.110592 0.142482 0.056144 0.109717 0.075137 0.098927 0.190178 
0.021772 0.224265 0.072572 0.203011 0.065842 0.109096 0.050859 0.048270 0.204314 
0.040964 0.164816 0.134827 0.134689 0.057522 0.113797 0.058556 0.101603 0.193226 
0.069978 0.172163 0.112533 0.105265 0.137176 0.063346 0.067701 0.131638 0.140200 
0.080080 0.114165 0.098353 0.095663 0.042065 0.048418 0.186919 0.201890 0.132447 
0.238909 0.080197 0.083438 0.050974 0.045193 0.248545 0.076308 0.102112 0.074323 
0.121182 0.107596 0.107468 0.083555 0.130471 0.098220 0.067773 0.140741 0.142993 
0.085495 0.101310 0.144428 0.103930 0.101091 0.090781 0.101471 0.121555 0.149938 
0.055648 0.127681 0.117132 0.137927 0.086595 0.078421 0.094606 0.113950 0.188040 
0.059084 0.147144 0.120833 0.116030 0.086011 0.102113 0.114246 0.094129 0.160411 
0.078699 0.098552 0.179858 0.102437 0.109709 0.044079 0.155864 0.145175 0.085626 
0.061369 0.144974 0.150632 0.101371 0.088539 0.092913 0.098052 0.088226 0.173923 
0.161197 0.158718 0.068156 0.077973 0.077093 0.193732 0.056550 0.078780 0.127801 
0.037501 0.118023 0.143007 0.162699 0.061303 0.098612 0.069653 0.111787 0.197415 
0.053821 0.159688 0.112056 0.110510 0.071332 0.109641 0.092422 0.098160 0.192370 
0.038977 0.160302 0.105833 0.130616 0.081267 0.104158 0.087343 0.107815 0.183688 
0.346585 0.039794 0.096689 0.039511 0.035939 0.229500 0.060228 0.095551 0.056203 
0.048218 0.125242 0.131118 0.100552 0.079322 0.082678 0.127533 0.131000 0.174336 
0.050589 0.101356 0.129695 0.100725 0.087017 0.078669 0.165162 0.116549 0.170239 
0.053425 0.125111 0.139961 0.125497 0.091619 0.089084 0.102161 0.137941 0.135201 
0.045353 0.180062 0.118747 0.123091 0.054864 0.094149 0.105674 0.082896 0.195163 
0.341374 0.042334 0.081571 0.047904 0.030882 0.204045 0.070922 0.119837 0.061130 
0.027923 0.330065 0.122355 0.130978 0.062879 0.065415 0.055347 0.066921 0.138117 
0.055114 0.157091 0.142834 0.112699 0.092333 0.074640 0.105148 0.123070 0.137071 
0.042325 0.141808 0.106631 0.163808 0.081375 0.129922 0.068148 0.072702 0.193280 
0.340711 0.053831 0.081816 0.039234 0.043737 0.212641 0.059128 0.101251 0.067651 
0.051255 0.125657 0.166629 0.120404 0.072443 0.113049 0.090428 0.102843 0.157293 
0.057629 0.138352 0.102197 0.133629 0.102235 0.094577 0.092448 0.125648 0.153285 
0.047330 0.100095 0.121433 0.118462 0.074380 0.111606 0.127743 0.094666 0.204285 
0.055285 0.156364 0.113475 0.123734 0.070894 0.096853 0.096331 0.104371 0.182692 
0.128602 0.146140 0.086405 0.075070 0.086472 0.146963 0.079971 0.107221 0.143155 
0.078285 0.139776 0.093184 0.120803 0.032222 0.048547 0.172914 0.169463 0.144806 
0.038060 0.155957 0.122851 0.154461 0.066529 0.104865 0.081255 0.102499 0.173522 
0.056248 0.158601 0.092113 0.121514 0.080829 0.135729 0.097043 0.083348 0.174574 
0.271526 0.061477 0.092161 0.049079 0.024644 0.284967 0.062890 0.096390 0.056867 
0.048184 0.084350 0.174619 0.139024 0.047762 0.095454 0.133956 0.144021 0.132630 
0.107008 0.048793 0.187922 0.047291 0.271653 0.078845 0.178398 0.049575 0.030515 
0.043731 0.163864 0.096236 0.133640 0.095092 0.091539 0.049704 0.091643 0.234552 
0.019655 0.233816 0.065414 0.200019 0.053470 0.100034 0.045508 0.056391 0.225693 
0.050167 0.121342 0.140042 0.130796 0.075650 0.092358 0.092046 0.129423 0.168175 
0.058896 0.103469 0.130300 0.109716 0.064610 0.097241 0.111079 0.178931 0.145757 
0.047836 0.127594 0.115736 0.137632 0.055131 0.078818 0.099760 0.125413 0.212080 
0.056248 0.144019 0.137567 0.107892 0.077693 0.117500 0.089401 0.095207 0.174472 
0.057861 0.155635 0.141868 0.139190 0.052940 0.090352 0.096708 0.105305 0.160141 
0.043775 0.144673 0.109437 0.121159 0.085241 0.124674 0.107956 0.094494 0.168590 
0.077659 0.100736 0.142067 0.117712 0.115417 0.085341 0.110269 0.102545 0.148253 
0.073523 0.152255 0.129765 0.090135 0.084808 0.095678 0.115231 0.111631 0.146975 
0.370220 0.052873 0.105591 0.057126 0.028980 0.190791 0.044246 0.092061 0.058111 
0.063357 0.142140 0.122644 0.129044 0.085793 0.059664 0.125991 0.106870 0.164497 
0.045956 0.144231 0.142734 0.118982 0.083637 0.104499 0.095706 0.083487 0.180767 
0.060174 0.202934 0.126943 0.107639 0.070651 0.074906 0.073474 0.095959 0.187319 
0.067160 0.259212 0.065160 0.137469 0.046781 0.160013 0.044520 0.066241 0.153445 
0.344930 0.049171 0.090639 0.042444 0.047385 0.197848 0.059663 0.104327 0.063594 
0.143636 0.070168 0.093145 0.090170 0.034312 0.075722 0.186644 0.223227 0.082976 
0.027776 0.171162 0.105545 0.153615 0.057988 0.093106 0.077799 0.094796 0.218212 
0.045259 0.143519 0.114521 0.133114 0.083930 0.099540 0.096813 0.109388 0.173918 
0.300870 0.059017 0.082566 0.056059 0.038910 0.257614 0.046254 0.082703 0.076006 
0.039362 0.146749 0.133298 0.122895 0.061262 0.109322 0.088953 0.101636 0.196523 
0.035798 0.176585 0.113702 0.147394 0.088747 0.094166 0.072341 0.097546 0.173721 
0.052931 0.177202 0.117007 0.121336 0.065831 0.098674 0.081798 0.119047 0.166174 
0.157081 0.157915 0.099684 0.096961 0.073928 0.121067 0.058773 0.107664 0.126927 
0.032421 0.162050 0.097784 0.125156 0.064797 0.089144 0.139814 0.096471 0.192363 
0.057507 0.104151 0.159450 0.104045 0.074519 0.091056 0.123932 0.113966 0.171374 
0.055594 0.140882 0.155509 0.128646 0.074633 0.084159 0.090987 0.105533 0.164058 
0.016648 0.213701 0.071160 0.196181 0.073446 0.114613 0.042568 0.050131 0.221552 
0.049916 0.188096 0.123153 0.156575 0.061445 0.091308 0.071984 0.091215 0.166307 
0.105381 0.059330 0.125111 0.104339 0.234247 0.118746 0.107888 0.072046 0.072912 
0.299079 0.044556 0.091166 0.045613 0.027077 0.286162 0.048035 0.096177 0.062135 
0.205992 0.080147 0.087015 0.059603 0.035672 0.306952 0.064487 0.092400 0.067731 
0.027378 0.174160 0.105394 0.148886 0.067943 0.103169 0.076363 0.084934 0.211773 
0.037736 0.124899 0.148760 0.142774 0.073148 0.097337 0.091948 0.092892 0.190505 
0.050298 0.187884 0.157804 0.104949 0.066847 0.088528 0.074721 0.113635 0.155334 
0.039869 0.180878 0.095409 0.125635 0.085502 0.078891 0.067086 0.155584 0.171146 
0.030243 0.164604 0.103058 0.159125 0.060345 0.095019 0.078615 0.118274 0.190716 
0.042514 0.144901 0.128334 0.113310 0.109972 0.088231 0.102375 0.111881 0.158483 
0.057288 0.090964 0.161524 0.144825 0.088292 0.111500 0.103500 0.111001 0.131107 
0.036626 0.133292 0.134593 0.115505 0.070223 0.118924 0.096273 0.107253 0.187310 
0.047954 0.208130 0.107609 0.154977 0.078020 0.065366 0.072047 0.099136 0.166761 
0.305294 0.051686 0.079669 0.052448 0.034312 0.251882 0.057246 0.097110 0.070353 
0.037909 0.155125 0.115369 0.125767 0.052068 0.106944 0.095605 0.095640 0.215572 
0.032081 0.118480 0.117157 0.136501 0.084330 0.106831 0.101376 0.125615 0.177630 
0.055595 0.098685 0.106279 0.097686 0.071484 0.086504 0.191284 0.136804 0.155679 
0.110856 0.076056 0.260010 0.090372 0.101365 0.050593 0.174014 0.082177 0.054558 
large_intestine
0.052828 0.195772 0.118411 0.123022 0.088837 0.061528 0.089701 0.117319 0.152583 
0.050775 0.223911 0.104843 0.096256 0.088042 0.069647 0.085727 0.130575 0.150222 
0.082447 0.098775 0.148095 0.153610 0.046706 0.048902 0.121926 0.131499 0.168039 
0.064835 0.090930 0.147557 0.119004 0.054842 0.081740 0.121434 0.153891 0.165766 
0.070597 0.117492 0.147285 0.100497 0.034251 0.090158 0.110317 0.178198 0.151204 
0.049964 0.211001 0.101221 0.114200 0.068893 0.076138 0.087990 0.116918 0.173675 
0.340181 0.058217 0.094326 0.028926 0.028999 0.251873 0.042386 0.103557 0.051534 
0.038805 0.245820 0.097882 0.141400 0.086999 0.080601 0.070945 0.077327 0.160220 
0.047023 0.185941 0.108136 0.122731 0.084751 0.093210 0.080212 0.091739 0.186257 
0.017943 0.247811 0.066633 0.203975 0.062805 0.098495 0.036686 0.052818 0.212834 
0.017508 0.211224 0.068655 0.192418 0.085611 0.111431 0.047635 0.059126 0.206393 
0.033051 0.289493 0.141825 0.120405 0.049526 0.055013 0.078116 0.085698 0.146873 
0.029257 0.262829 0.121432 0.102794 0.079706 0.059879 0.090642 0.106521 0.146941 
0.029777 0.210484 0.097374 0.164275 0.072335 0.089109 0.062064 0.078482 0.196100 
0.035875 0.294597 0.144729 0.077956 0.066395 0.053378 0.090220 0.107451 0.129399 
0.031851 0.216495 0.084685 0.150238 0.073837 0.076837 0.078716 0.102386 0.184955 
0.059506 0.158624 0.153387 0.083257 0.084204 0.065153 0.128535 0.117182 0.150151 
0.030088 0.189781 0.110845 0.133905 0.082578 0.088714 0.095332 0.107358 0.161400 
0.020199 0.250592 0.070587 0.163418 0.080894 0.079457 0.055346 0.084137 0.195369 
0.043349 0.145293 0.119441 0.094508 0.154568 0.059252 0.092252 0.161005 0.130332 
0.039080 0.240265 0.095949 0.111452 0.081286 0.070140 0.089043 0.124375 0.148410 
0.291542 0.063329 0.090935 0.034945 0.035176 0.161910 0.082228 0.175298 0.064637 
0.080854 0.102935 0.148589 0.160814 0.030611 0.049487 0.100260 0.139793 0.186656 
0.032749 0.210353 0.107795 0.140036 0.065958 0.097307 0.077449 0.080546 0.187807 
0.068667 0.141298 0.149300 0.114728 0.071982 0.087590 0.100215 0.109947 0.156274 
0.058935 0.158964 0.101938 0.129230 0.111817 0.103175 0.076206 0.133152 0.126583 
0.046495 0.202414 0.099799 0.191455 0.070322 0.114077 0.071044 0.037580 0.166813 
0.081987 0.104123 0.128017 0.149436 0.064379 0.083867 0.107181 0.154025 0.126984 
0.043485 0.146854 0.097939 0.147411 0.086571 0.104805 0.084625 0.122146 0.166165 
0.053301 0.149432 0.143038 0.123492 0.081241 0.071336 0.126683 0.131742 0.119735 
0.082259 0.115493 0.100216 0.172604 0.036211 0.072662 0.132505 0.126807 0.161243 
0.041670 0.136146 0.101061 0.189278 0.064788 0.115394 0.066835 0.094767 0.190061 
0.072792 0.093845 0.160340 0.111532 0.058786 0.065672 0.140294 0.114346 0.182393 
0.063798 0.154533 0.119527 0.108956 0.073664 0.068513 0.124035 0.134982 0.151991 
0.088020 0.062236 0.118549 0.127927 0.042577 0.119857 0.115973 0.122992 0.201868 
0.095598 0.129437 0.103242 0.168464 0.040354 0.060982 0.117091 0.119588 0.165244 
0.037761 0.199586 0.126047 0.112352 0.102470 0.076830 0.084757 0.100238 0.159959 
0.044507 0.185978 0.099399 0.157580 0.080761 0.070165 0.101957 0.084790 0.174862 
0.030551 0.186754 0.091023 0.161556 0.071226 0.109089 0.079273 0.083686 0.186842 
0.047977 0.163335 0.095488 0.139441 0.071143 0.068011 0.099655 0.125652 0.189297 
0.063789 0.122630 0.116983 0.167765 0.099293 0.091187 0.085218 0.131184 0.121952 
0.070347 0.124965 0.117795 0.156118 0.063852 0.074874 0.094834 0.134198 0.163018 
0.067488 0.124363 0.129658 0.080757 0.136627 0.061245 0.114836 0.146084 0.138942 
0.055178 0.118627 0.126720 0.101993 0.071679 0.051090 0.190751 0.131096 0.152866 
0.057129 0.115297 0.125275 0.103015 0.068929 0.052762 0.189865 0.131221 0.156506 
0.060682 0.122459 0.155218 0.133548 0.061018 0.066439 0.129536 0.114999 0.156101 
0.041428 0.213516 0.109936 0.116673 0.065657 0.093352 0.080526 0.100576 0.178335 
0.265109 0.051590 0.103412 0.048652 0.027611 0.200514 0.088817 0.147135 0.067161 
0.049974 0.170089 0.144897 0.106375 0.065576 0.079576 0.097664 0.120726 0.165123 
0.075894 0.123925 0.105880 0.081463 0.173232 0.055200 0.100809 0.152425 0.131171 
0.049527 0.165658 0.135304 0.113492 0.071154 0.079450 0.106342 0.105125 0.173948 
0.070588 0.126827 0.123482 0.084165 0.140547 0.055573 0.106221 0.148726 0.143871 
0.074272 0.148596 0.122334 0.083641 0.128655 0.055428 0.099151 0.150507 0.137416 
0.084515 0.092572 0.158423 0.132363 0.092764 0.089113 0.121623 0.087607 0.141020 
0.070066 0.107997 0.170615 0.110763 0.064179 0.059926 0.118185 0.175294 0.122976 
0.050924 0.091497 0.098824 0.185090 0.052532 0.101709 0.091594 0.111016 0.216815 
0.099139 0.130399 0.118040 0.172671 0.042642 0.068595 0.113373 0.107873 0.147269 
0.193036 0.125718 0.084452 0.045255 0.048965 0.227414 0.070971 0.105572 0.098619 
0.079007 0.101074 0.115145 0.138367 0.098791 0.084295 0.116565 0.152298 0.114458 
0.103608 0.029885 0.197508 0.080907 0.039793 0.030929 0.183334 0.121471 0.212566 
0.268046 0.078896 0.089479 0.058673 0.045488 0.176455 0.069662 0.129038 0.084263 
0.032294 0.211259 0.120946 0.136469 0.090792 0.075931 0.062695 0.079902 0.189712 
0.030644 0.212186 0.119647 0.134745 0.088053 0.075189 0.067171 0.077385 0.194979 
0.031046 0.192334 0.113782 0.142973 0.062319 0.088595 0.085373 0.101884 0.181695 
0.027181 0.197072 0.122869 0.136910 0.060027 0.088276 0.094469 0.102025 0.171172 
0.070782 0.122167 0.114206 0.154611 0.044099 0.057111 0.103519 0.143979 0.189525 
0.068484 0.127905 0.118464 0.155077 0.043664 0.058681 0.102701 0.139358 0.185664 
0.071051 0.136611 0.122268 0.149982 0.035957 0.068195 0.108696 0.129111 0.178129 
0.070055 0.150720 0.116458 0.147264 0.036748 0.067521 0.105405 0.124964 0.180865 
0.082277 0.124895 0.127699 0.142818 0.051131 0.078594 0.121180 0.125252 0.146154 
0.039686 0.209741 0.104339 0.093727 0.064357 0.065709 0.129886 0.115719 0.176836 
0.078134 0.129637 0.147972 0.104571 0.093659 0.070475 0.113597 0.114615 0.147340 
0.052373 0.183022 0.113031 0.132238 0.072092 0.073111 0.097705 0.114933 0.161495 
0.046233 0.274728 0.118760 0.091250 0.053568 0.069263 0.087543 0.089035 0.169620 
0.040294 0.218049 0.133058 0.095541 0.056110 0.066262 0.117898 0.106937 0.165852 
0.045084 0.219193 0.118946 0.106744 0.079507 0.055420 0.093078 0.120833 0.161194 
0.040749 0.173561 0.120329 0.126332 0.075343 0.096723 0.082924 0.088427 0.195612 
0.064810 0.203273 0.112924 0.108282 0.069548 0.058272 0.113928 0.123910 0.145052 
0.065062 0.207599 0.113676 0.112664 0.066566 0.059742 0.107194 0.121797 0.145700 
0.054964 0.125242 0.144298 0.105673 0.062251 0.081308 0.099228 0.129408 0.197628 
0.088868 0.138614 0.090936 0.163129 0.051695 0.087189 0.093289 0.132075 0.154206 
0.052992 0.102573 0.121724 0.132177 0.061252 0.100997 0.113299 0.136961 0.178024 
0.303441 0.139629 0.075051 0.060442 0.059121 0.169193 0.060228 0.068657 0.064238 
0.061764 0.118070 0.139684 0.101104 0.076797 0.067578 0.136525 0.153141 0.145339 
0.095151 0.119340 0.119925 0.164504 0.043074 0.087908 0.099798 0.109489 0.160812 
0.032119 0.298805 0.113904 0.106248 0.065930 0.071277 0.064937 0.072345 0.174435 
0.084468 0.080457 0.131361 0.175472 0.053367 0.093426 0.091898 0.109799 0.179753 
0.062264 0.087561 0.169344 0.137030 0.032920 0.092786 0.121208 0.133137 0.163749 
0.035493 0.196222 0.110290 0.133355 0.078454 0.093407 0.076684 0.086157 0.189937 
0.043181 0.159572 0.135516 0.112691 0.080995 0.086309 0.101464 0.124193 0.156078 
0.088936 0.087204 0.127467 0.164950 0.061483 0.079180 0.102197 0.138695 0.149890 
0.064438 0.061856 0.137806 0.154153 0.043302 0.108176 0.127598 0.135719 0.166952 
0.086181 0.132472 0.104695 0.170071 0.053185 0.069648 0.107955 0.062643 0.213149 
0.132056 0.069830 0.146706 0.137626 0.081006 0.074365 0.104301 0.109880 0.144229 
0.053960 0.169458 0.135782 0.107320 0.072333 0.080292 0.101357 0.103675 0.175824 
0.105162 0.102504 0.117533 0.135417 0.062159 0.057118 0.143643 0.130896 0.145568 
0.099808 0.112707 0.134218 0.118511 0.077013 0.070732 0.106585 0.152725 0.127701 
0.093583 0.082521 0.150308 0.154692 0.046250 0.064698 0.126635 0.135616 0.145697 
0.044076 0.198507 0.115650 0.114469 0.058991 0.068355 0.106286 0.121814 0.171851 
0.022672 0.107403 0.082243 0.176558 0.033029 0.237550 0.053952 0.037493 0.249101 
0.049615 0.139047 0.077779 0.185586 0.045356 0.132727 0.070879 0.066319 0.232694 
0.028246 0.099168 0.087591 0.217411 0.060485 0.182455 0.058566 0.068864 0.197215 
0.045570 0.167870 0.086009 0.144404 0.056005 0.104164 0.113585 0.070588 0.211806 
0.028787 0.206977 0.078958 0.168184 0.059838 0.103412 0.054519 0.083357 0.215969 
0.033775 0.135445 0.102648 0.173713 0.046073 0.143391 0.066711 0.062292 0.235952 
0.190159 0.098423 0.081335 0.059389 0.042335 0.249127 0.080378 0.107589 0.091264 
0.058918 0.183708 0.114812 0.105505 0.049943 0.056925 0.146832 0.143691 0.139666 
0.032281 0.241777 0.088415 0.170334 0.036007 0.092065 0.072998 0.068173 0.197951 
0.041012 0.172845 0.099848 0.143650 0.070409 0.083304 0.103296 0.112337 0.173300 
0.037083 0.194243 0.119868 0.127099 0.073870 0.074590 0.096380 0.102738 0.174129 
0.034351 0.229253 0.078947 0.167831 0.060263 0.097869 0.067656 0.072925 0.190905 
0.039121 0.180367 0.098865 0.133583 0.072300 0.085305 0.092903 0.098762 0.198794 
0.038317 0.185465 0.094431 0.144282 0.063242 0.107588 0.085725 0.086814 0.194137 
0.053267 0.223718 0.112997 0.132944 0.046097 0.066727 0.118602 0.083432 0.162215 
0.039888 0.219146 0.111096 0.140471 0.062587 0.081683 0.083986 0.094783 0.166361 
0.042129 0.189879 0.099617 0.126783 0.088923 0.089356 0.085603 0.097248 0.180462 
0.034634 0.198372 0.090911 0.165685 0.068837 0.086525 0.069435 0.081301 0.204299 
0.032793 0.178934 0.129436 0.126355 0.085410 0.081956 0.087021 0.117315 0.160780 
0.056974 0.136695 0.095123 0.141885 0.071188 0.093199 0.089581 0.123872 0.191483 
0.043826 0.214450 0.102184 0.140453 0.082843 0.079017 0.061952 0.078823 0.196451 
0.029151 0.198310 0.093121 0.144090 0.064111 0.099158 0.087631 0.079950 0.204478 
0.038720 0.166863 0.096638 0.155479 0.065206 0.106108 0.076597 0.096383 0.198006 
0.038943 0.113360 0.081630 0.212955 0.039579 0.165628 0.048334 0.074640 0.224931 
0.047221 0.165500 0.117000 0.130979 0.073589 0.084775 0.094141 0.101246 0.185550 
0.025797 0.253348 0.072675 0.164930 0.066839 0.094337 0.050347 0.068486 0.203240 
0.038800 0.177813 0.097602 0.133564 0.069109 0.099039 0.086471 0.096480 0.201123 
0.053261 0.082080 0.195225 0.117495 0.057628 0.040280 0.142756 0.216891 0.094384 
0.055116 0.118224 0.107536 0.149231 0.046314 0.092189 0.111230 0.109563 0.210597 
0.060919 0.177355 0.108134 0.110407 0.069594 0.088898 0.088568 0.119679 0.176446 
0.048516 0.193672 0.100985 0.149859 0.058244 0.084184 0.080067 0.117667 0.166806 
0.029684 0.214147 0.076131 0.164418 0.064318 0.088536 0.064378 0.061466 0.236921 
0.047506 0.191415 0.132711 0.117599 0.079638 0.088681 0.100729 0.102591 0.139129 
0.052810 0.218222 0.085659 0.105467 0.045882 0.104104 0.091443 0.084284 0.212128 
0.028724 0.107726 0.046310 0.216181 0.039353 0.221163 0.041972 0.051219 0.247353 
0.047865 0.182856 0.099084 0.117444 0.079634 0.072069 0.102734 0.131018 0.167296 
0.045396 0.202713 0.132151 0.114989 0.068279 0.094174 0.073298 0.115262 0.153738 
0.050040 0.161707 0.136855 0.118460 0.064629 0.072933 0.107797 0.127323 0.160255 
0.038676 0.189845 0.103118 0.130391 0.062267 0.092091 0.070094 0.111076 0.202441 
0.057706 0.179301 0.126900 0.103571 0.069495 0.082004 0.098533 0.105003 0.177486 
0.292349 0.071676 0.091208 0.044905 0.034571 0.220444 0.052324 0.112876 0.079648 
0.031046 0.170128 0.112710 0.120836 0.060081 0.102011 0.088056 0.100243 0.214890 
0.049987 0.087220 0.151660 0.139484 0.055683 0.034594 0.165557 0.143571 0.172245 
0.038538 0.066141 0.063870 0.234304 0.055864 0.199373 0.050679 0.046752 0.244479 
0.036699 0.193347 0.116940 0.150021 0.087066 0.083335 0.064063 0.086873 0.181654 
0.047866 0.187482 0.114086 0.130989 0.072873 0.068577 0.109515 0.096641 0.171971 
0.038355 0.083516 0.125109 0.182573 0.057995 0.099784 0.128987 0.080945 0.202736 
0.287476 0.075162 0.092620 0.049389 0.036637 0.222681 0.055072 0.097513 0.083450 
0.027686 0.160514 0.106139 0.160580 0.059949 0.092981 0.091639 0.088456 0.212056 
0.040798 0.158695 0.114595 0.141071 0.098387 0.063561 0.090792 0.106053 0.186048 
0.021651 0.196125 0.080158 0.176468 0.061715 0.087250 0.052609 0.063017 0.261006 
0.038548 0.208230 0.101687 0.134237 0.074571 0.087002 0.083371 0.092638 0.179717 
0.285368 0.079348 0.114889 0.030983 0.025944 0.280034 0.037587 0.083358 0.062489 
0.049058 0.121671 0.138984 0.137675 0.049226 0.055182 0.127316 0.139900 0.180988 
0.053356 0.153679 0.133038 0.097645 0.095341 0.063948 0.117267 0.129098 0.156628 
0.038382 0.222863 0.124330 0.114832 0.077171 0.065203 0.098551 0.106649 0.152018 
0.054671 0.151719 0.156545 0.106861 0.041505 0.064400 0.136903 0.136670 0.150727 
0.065982 0.126220 0.158035 0.111433 0.052307 0.050411 0.142751 0.157466 0.135396 
0.044600 0.250085 0.119550 0.120282 0.064620 0.063885 0.083049 0.094739 0.159191 
0.059770 0.200646 0.129712 0.088541 0.084764 0.066017 0.108685 0.115928 0.145936 
0.026262 0.232255 0.109844 0.147522 0.061212 0.077610 0.071208 0.087595 0.186492 
0.031600 0.201825 0.108899 0.135703 0.071018 0.079678 0.078050 0.106734 0.186493 
0.047064 0.184690 0.124096 0.113043 0.070783 0.067285 0.126509 0.123995 0.142535 
0.269534 0.088968 0.100091 0.047088 0.052671 0.191153 0.076118 0.098156 0.076221 
0.207729 0.094183 0.078684 0.045556 0.041113 0.300554 0.062169 0.093239 0.076774 
0.288123 0.096809 0.083274 0.050225 0.063956 0.170688 0.062500 0.101599 0.082825 
0.031497 0.212519 0.120446 0.125419 0.076581 0.091875 0.074961 0.102137 0.164566 
0.047971 0.192203 0.103362 0.120304 0.082211 0.091502 0.090753 0.095977 0.175719 
0.048334 0.186987 0.114942 0.137633 0.073831 0.083673 0.105533 0.091816 0.157250 
0.040911 0.158676 0.128723 0.114484 0.085185 0.056405 0.127142 0.093681 0.194794 
0.058564 0.171460 0.095182 0.206005 0.061018 0.093172 0.076277 0.066863 0.171458 
0.335245 0.076035 0.083290 0.038751 0.028333 0.190018 0.068747 0.113293 0.066290 
0.341178 0.063764 0.080705 0.041227 0.054607 0.230159 0.045758 0.085604 0.056996 
0.054797 0.178664 0.118752 0.125132 0.065470 0.052488 0.133292 0.112745 0.158659 
0.086452 0.127487 0.114027 0.138704 0.051815 0.066535 0.125532 0.127909 0.161537 
0.084685 0.099937 0.118410 0.143807 0.049471 0.076750 0.113059 0.133429 0.180452 
0.034435 0.200030 0.107275 0.131078 0.058965 0.097094 0.086328 0.097410 0.187386 
0.063782 0.129459 0.158398 0.145726 0.054470 0.053778 0.119485 0.145055 0.129847 
0.048316 0.164812 0.128759 0.099363 0.074614 0.069718 0.097040 0.144709 0.172669 
0.043892 0.158446 0.149191 0.131960 0.030937 0.058881 0.096067 0.157639 0.172987 
0.216649 0.109297 0.082361 0.045430 0.044435 0.249973 0.071723 0.097868 0.082264 
0.052949 0.156620 0.119620 0.131790 0.069078 0.080191 0.081118 0.113165 0.195470 
0.026862 0.249468 0.111766 0.112496 0.071691 0.072510 0.075953 0.095916 0.183338 
0.020316 0.236758 0.086226 0.174204 0.073613 0.088108 0.047551 0.063486 0.209737 
0.267768 0.055755 0.088876 0.053651 0.043510 0.188669 0.085606 0.136035 0.080130 
0.315233 0.055388 0.101412 0.037598 0.028592 0.199721 0.058867 0.129160 0.074031 
0.060390 0.146024 0.136691 0.091306 0.042950 0.042349 0.174765 0.163764 0.141761 
0.050947 0.134070 0.152066 0.139147 0.035248 0.071636 0.154831 0.093462 0.168594 
0.076409 0.173881 0.149184 0.108043 0.076598 0.078032 0.098447 0.103453 0.135954 
0.068235 0.116606 0.100104 0.160326 0.062692 0.037697 0.125074 0.102446 0.226820 
0.029347 0.183464 0.103639 0.137672 0.071449 0.078722 0.087267 0.091354 0.217087 
0.050272 0.190590 0.118923 0.139244 0.061862 0.088123 0.076296 0.088074 0.186615 
0.054410 0.165998 0.101916 0.142978 0.072212 0.078656 0.080400 0.116462 0.186968 
0.023453 0.237194 0.097670 0.168117 0.065744 0.082973 0.039443 0.053624 0.231781 
0.042518 0.160390 0.131351 0.107960 0.070707 0.076569 0.145607 0.124828 0.140069 
0.023397 0.203348 0.043865 0.219996 0.065972 0.130573 0.038019 0.031103 0.243727 
0.033227 0.193924 0.082819 0.162405 0.074720 0.077074 0.073819 0.067092 0.234922 
0.022462 0.199432 0.094721 0.186320 0.077212 0.092104 0.049297 0.067892 0.210560 
0.062974 0.153257 0.132607 0.115162 0.038576 0.070518 0.103235 0.137025 0.186646 
0.024219 0.255597 0.127893 0.098678 0.067376 0.097131 0.061547 0.101288 0.166270 
0.042857 0.208488 0.115705 0.116016 0.072299 0.081002 0.079817 0.095111 0.188707 
0.032514 0.265176 0.120865 0.113549 0.083360 0.069528 0.067418 0.078755 0.168835 
0.034455 0.328427 0.109821 0.113687 0.050635 0.072892 0.061333 0.066250 0.162500 
0.050848 0.187336 0.090715 0.109985 0.044157 0.060065 0.176016 0.129048 0.151831 
0.058614 0.132726 0.147206 0.139072 0.042004 0.052376 0.175650 0.101638 0.150714 
0.044299 0.257850 0.137780 0.106126 0.073291 0.065949 0.076291 0.080323 0.158090 
0.019785 0.259930 0.078117 0.184295 0.054825 0.085939 0.060547 0.058003 0.198558 
0.204053 0.094880 0.091049 0.026913 0.029457 0.404079 0.031444 0.059859 0.058267 
0.033584 0.197269 0.113565 0.127885 0.086287 0.091075 0.091895 0.077906 0.180534 
0.051133 0.200410 0.143616 0.106504 0.060303 0.074516 0.095554 0.096293 0.171673 
0.033709 0.320771 0.124326 0.111569 0.054851 0.070546 0.062628 0.065952 0.155649 
0.314271 0.056660 0.092192 0.044469 0.035129 0.211321 0.057833 0.120078 0.068047 
0.053238 0.159882 0.116614 0.147390 0.042586 0.067303 0.103456 0.131170 0.178360 
0.044153 0.157619 0.123553 0.128891 0.069836 0.094530 0.091032 0.102546 0.187839 
0.029032 0.211638 0.136706 0.143296 0.071919 0.071642 0.094154 0.082927 0.158685 
0.030121 0.178985 0.075243 0.222490 0.058369 0.088547 0.058934 0.062570 0.224741 
0.065617 0.133163 0.123497 0.118065 0.055359 0.049895 0.125760 0.142278 0.186365 
0.033372 0.201164 0.091879 0.156250 0.065804 0.099386 0.085782 0.054454 0.211908 
0.051866 0.162951 0.134403 0.137107 0.041116 0.045675 0.127148 0.112350 0.187384 
0.033170 0.191343 0.104073 0.167978 0.066037 0.088937 0.072027 0.091119 0.185316 
0.039385 0.192587 0.116059 0.130757 0.082063 0.069392 0.107801 0.101056 0.160900 
0.035566 0.233700 0.123564 0.109172 0.079765 0.088071 0.085915 0.075146 0.169100 
0.040702 0.191738 0.117773 0.134819 0.062879 0.080137 0.085985 0.080854 0.205113 
0.022850 0.184895 0.095676 0.187927 0.061399 0.085322 0.056598 0.074457 0.230876 
0.075760 0.125337 0.130836 0.107708 0.034575 0.091172 0.155891 0.145809 0.132912 
0.056965 0.106392 0.128298 0.145695 0.067879 0.092209 0.128903 0.105668 0.167992 
0.038784 0.267023 0.107915 0.115681 0.068474 0.048361 0.084414 0.102640 0.166709 
0.038296 0.225463 0.138084 0.096964 0.064967 0.060478 0.116277 0.116300 0.143172 
0.020662 0.226189 0.064120 0.176608 0.060640 0.096933 0.055571 0.056262 0.243015 
0.041761 0.214813 0.122882 0.122488 0.069616 0.079344 0.074596 0.088794 0.185706 
0.073361 0.089015 0.132345 0.164620 0.045263 0.087182 0.114707 0.124548 0.168959 
0.035575 0.197545 0.113072 0.130153 0.079745 0.086492 0.078736 0.086162 0.192519 
0.221680 0.089338 0.078688 0.053684 0.039885 0.222708 0.097201 0.114439 0.082378 
