-9007721.738208
0
0.000000 0.018550 0.000000 0.000000 0.010651 0.009108 0.000000 0.000000 0.000000 0.000000 0.000000 0.000000 0.000000 0.000000 0.000000 0.000000 0.028608 0.000000 0.050957 0.000000 0.000000 0.007770 0.000000 0.014720 0.000000 0.000000 0.000000 0.000000 0.000000 0.000000 0.000000 0.000000 0.000000 0.000000 0.138279 0.174590 0.005163 0.013589 0.000000 0.013639 0.000000 0.000000 0.000000 0.000000 0.000000 0.000000 0.000000 0.000000 0.000000 0.000000 0.000000 0.000000 0.000000 0.000000 0.000000 0.000000 0.000000 0.000000 0.000000 0.112949 0.000000 0.000000 0.000000 0.000000 0.043331 0.000000 0.000000 0.000000 0.005182 0.000000 0.023200 0.000000 0.000000 0.000000 0.015050 0.173084 0.000000 0.000000 0.000000 0.000000 0.000000 0.000000 0.000000 0.083983 0.000000 0.000000 0.000000 0.000000 0.000000 0.000000 0.000000 0.000000 0.000000 0.000000 0.008939 0.048647 
0.013047 0.000000 0.000000 0.000000 0.000000 0.000000 0.000000 0.009561 0.000000 0.000000 0.000000 0.000000 0.000000 0.009893 0.000000 0.000000 0.000000 0.000000 0.002199 0.000000 0.004327 0.000000 0.000000 0.000000 0.000000 0.000000 0.000000 0.000000 0.010184 0.009640 0.000000 0.000000 0.000000 0.134538 0.129929 0.000000 0.000000 0.000000 0.020373 0.000000 0.000000 0.000000 0.059499 0.000000 0.000000 0.000000 0.000000 0.033684 0.000000 0.000000 0.000000 0.039810 0.000000 0.000000 0.000000 0.000000 0.075654 0.000000 0.319898 0.000000 0.000000 0.009413 0.000000 0.000000 0.000000 0.000000 0.048565 0.000000 0.000000 0.000000 0.000000 0.015060 0.000000 0.000000 0.000000 0.000000 0.000000 0.020236 0.000000 0.000000 0.000000 0.000000 0.000000 0.000000 0.000000 0.000000 0.000000 0.000000 0.000000 0.028126 0.000000 0.000000 0.006353 0.000000 0.000000 0.000000 
0.000000 0.000000 0.000000 0.000000 0.000000 0.000000 0.007904 0.000000 0.043930 0.077533 0.000000 0.000000 0.000000 0.000000 0.000000 0.000000 0.000000 0.000000 0.000000 0.000000 0.000000 0.000000 0.000000 0.000000 0.000000 0.000000 0.032119 0.000000 0.000000 0.000000 0.010875 0.000000 0.000000 0.095710 0.000000 0.000000 0.000000 0.000000 0.000000 0.000000 0.000000 0.030186 0.000000 0.000000 0.000000 0.000000 0.000000 0.000000 0.000000 0.029323 0.017955 0.000000 0.000000 0.015219 0.010522 0.000000 0.000000 0.083679 0.000000 0.000000 0.000000 0.000000 0.000000 0.000000 0.000000 0.000000 0.000000 0.000000 0.000000 0.009931 0.000000 0.000000 0.040751 0.000000 0.000000 0.000000 0.000000 0.000000 0.000000 0.040112 0.000000 0.000000 0.433648 0.000000 0.000000 0.000000 0.000000 0.000000 0.000000 0.000000 0.020590 0.000000 0.000000 0.000000 0.000000 0.000000 
0.000000 0.000000 0.011198 0.000000 0.000000 0.000000 0.000000 0.000000 0.000000 0.000000 0.206689 0.000000 0.008010 0.001921 0.010747 0.013680 0.000000 0.024559 0.000000 0.018641 0.000000 0.000000 0.008980 0.000000 0.042984 0.045228 0.000000 0.000000 0.000000 0.000000 0.000000 0.011901 0.145676 0.000000 0.000000 0.000000 0.000000 0.000000 0.000000 0.000301 0.008930 0.000000 0.000000 0.033420 0.003663 0.011924 0.019099 0.000000 0.023385 0.000000 0.000000 0.000000 0.000000 0.000000 0.000000 0.010818 0.000000 0.000000 0.000000 0.000000 0.006013 0.000000 0.009952 0.000000 0.000000 0.000000 0.000000 0.047782 0.000000 0.000000 0.000000 0.000000 0.000000 0.036261 0.000000 0.000000 0.031931 0.000000 0.009231 0.000000 0.000000 0.000000 0.000000 0.104440 0.000000 0.008649 0.007277 0.013109 0.019362 0.000000 0.009559 0.022508 0.000000 0.012166 0.000000 0.000000 
0.009331 0.000000 0.000000 0.020227 0.000000 0.000000 0.000000 0.000000 0.000000 0.000000 0.000000 0.044806 0.000000 0.000048 0.000000 0.000000 0.000000 0.000000 0.000000 0.004241 0.000000 0.000000 0.000000 0.000000 0.000000 0.000000 0.000000 0.095385 0.000000 0.000000 0.000000 0.000000 0.000000 0.000000 0.000000 0.000000 0.000000 0.000000 0.000000 0.000000 0.009277 0.000000 0.000000 0.000000 0.000000 0.000000 0.000000 0.000000 0.000000 0.000000 0.000000 0.000000 0.008918 0.000000 0.000000 0.000000 0.000000 0.077920 0.000000 0.000000 0.000000 0.000000 0.000000 0.007466 0.000000 0.040428 0.000000 0.000000 0.000000 0.000000 0.000000 0.000000 0.000000 0.001526 0.000000 0.000000 0.000000 0.000000 0.000000 0.000000 0.213165 0.461510 0.000000 0.000000 0.005739 0.000000 0.000000 0.000000 0.000000 0.000000 0.000000 0.000000 0.000000 0.000000 0.000000 0.000000 
0.203814 0.196376 0.195009 0.207644 0.197157 
0.240523 0.178061 0.188385 0.215840 0.177191 
0.137752 0.327941 0.172397 0.178029 0.183881 
0.208369 0.204439 0.186924 0.192048 0.208220 
0.182163 0.172553 0.219962 0.209819 0.215503 
0.200149 0.199643 0.195623 0.202523 0.202061 
0.194572 0.200979 0.195512 0.206376 0.202562 
0.156916 0.208465 0.218494 0.284797 0.131329 
0.209558 0.196498 0.190325 0.211202 0.192417 
0.223735 0.175061 0.175114 0.237063 0.189028 
0.202911 0.189866 0.201744 0.206014 0.199465 
0.197562 0.190843 0.197094 0.200453 0.214048 
breast
0.195752 0.210561 0.216407 0.236305 0.140974 
0.159543 0.218602 0.244065 0.229718 0.148072 
0.222957 0.216793 0.142527 0.273249 0.144474 
0.220627 0.216380 0.142255 0.273690 0.147048 
0.173564 0.181327 0.199771 0.277138 0.168200 
0.184463 0.205540 0.177426 0.264194 0.168376 
0.184764 0.203970 0.239683 0.191136 0.180447 
0.224773 0.185871 0.228450 0.242016 0.118890 
0.258678 0.179638 0.167154 0.290766 0.103763 
0.188540 0.213276 0.218671 0.235740 0.143773 
0.201755 0.187694 0.178110 0.217942 0.214500 
0.186483 0.214010 0.185108 0.229449 0.184949 
0.185746 0.162043 0.242185 0.237852 0.172173 
0.153195 0.209794 0.235222 0.206222 0.195566 
0.195545 0.189196 0.223113 0.233082 0.159064 
0.151787 0.218457 0.224546 0.219372 0.185838 
0.174665 0.207090 0.247064 0.213474 0.157706 
0.183146 0.234743 0.192140 0.236164 0.153807 
0.153508 0.163124 0.195565 0.318517 0.169286 
0.139682 0.190367 0.247298 0.249305 0.173349 
0.161175 0.183487 0.122803 0.357978 0.174557 
0.196407 0.237986 0.219016 0.188437 0.158153 
0.220436 0.209582 0.191699 0.225648 0.152634 
0.194138 0.201650 0.197244 0.248514 0.158454 
0.222588 0.211345 0.218163 0.223617 0.124286 
0.344879 0.188222 0.085285 0.372325 0.009289 
0.150043 0.228976 0.197438 0.301836 0.121708 
0.150325 0.222040 0.225349 0.255845 0.146441 
0.215577 0.185803 0.156572 0.285633 0.156415 
0.400478 0.217294 0.049823 0.329356 0.003049 
0.173201 0.213657 0.214080 0.240545 0.158517 
0.160825 0.243802 0.188166 0.222015 0.185193 
0.221523 0.159194 0.178590 0.239274 0.201419 
0.206325 0.157508 0.185516 0.247679 0.202973 
0.184647 0.197994 0.216960 0.217621 0.182777 
0.217872 0.215551 0.165453 0.252314 0.148811 
0.201674 0.171397 0.196506 0.248191 0.182231 
0.140351 0.241721 0.232588 0.220884 0.164456 
0.185383 0.162272 0.222926 0.209233 0.220186 
0.141008 0.200187 0.247826 0.237049 0.173929 
0.265537 0.192876 0.190583 0.158451 0.192553 
0.171040 0.172229 0.164047 0.309993 0.182691 
0.197006 0.207291 0.168814 0.235172 0.191717 
0.190398 0.223206 0.213200 0.199429 0.173768 
0.171189 0.279623 0.229368 0.129880 0.189941 
0.195767 0.177475 0.167744 0.300712 0.158302 
0.217993 0.201329 0.162755 0.258517 0.159407 
0.165845 0.172342 0.244749 0.257243 0.159821 
0.184737 0.207543 0.108001 0.398374 0.101344 
0.176710 0.213421 0.144512 0.288349 0.177009 
0.190095 0.179258 0.199316 0.234596 0.196735 
0.142159 0.182762 0.262838 0.222134 0.190107 
0.201519 0.197925 0.203240 0.193274 0.204041 
0.207923 0.221370 0.196576 0.248585 0.125546 
endometrium
0.356371 0.103539 0.383294 0.101076 0.055720 
0.179830 0.249462 0.183617 0.243497 0.143594 
0.155174 0.258866 0.217960 0.231761 0.136239 
0.182723 0.318967 0.169644 0.199043 0.129624 
0.171640 0.327917 0.152660 0.255204 0.092579 
0.318716 0.153543 0.326076 0.132309 0.069356 
0.192819 0.325432 0.165043 0.221419 0.095287 
0.143885 0.357675 0.153159 0.273945 0.071337 
0.175013 0.358343 0.177926 0.195553 0.093165 
0.167921 0.327795 0.134072 0.171553 0.198659 
0.231310 0.304457 0.104453 0.275886 0.083893 
0.335796 0.144320 0.315508 0.125899 0.078478 
0.212474 0.254208 0.165651 0.157810 0.209858 
0.203588 0.231897 0.165807 0.213461 0.185247 
0.194954 0.283799 0.156578 0.243406 0.121263 
0.178969 0.298669 0.167143 0.225648 0.129570 
0.117207 0.177030 0.206944 0.353809 0.145010 
0.190854 0.293109 0.192709 0.196375 0.126953 
0.246540 0.246708 0.242184 0.145587 0.118981 
0.182430 0.272317 0.191073 0.245331 0.108849 
0.181531 0.322997 0.173467 0.207218 0.114786 
0.179796 0.310144 0.171397 0.214190 0.124473 
0.423221 0.090303 0.308681 0.105777 0.072018 
0.213391 0.272392 0.162003 0.217522 0.134693 
0.201950 0.254892 0.157896 0.238200 0.147062 
0.187642 0.261480 0.182043 0.224177 0.144658 
0.177765 0.353867 0.164819 0.212387 0.091162 
0.448240 0.104424 0.267833 0.119633 0.059870 
0.121075 0.457008 0.130640 0.170688 0.120590 
0.178199 0.280281 0.178017 0.199648 0.163856 
0.173915 0.290615 0.187437 0.245495 0.102539 
0.420669 0.111783 0.278010 0.108180 0.081357 
0.180351 0.286785 0.210303 0.208845 0.113716 
0.165547 0.260149 0.150817 0.253965 0.169521 
0.194598 0.260365 0.178208 0.237913 0.128916 
0.178953 0.317434 0.163762 0.221512 0.118339 
0.243265 0.258592 0.208673 0.148558 0.140912 
0.201399 0.304010 0.101075 0.314919 0.078597 
0.180974 0.303648 0.167799 0.242251 0.105327 
0.183505 0.286239 0.182446 0.225789 0.122021 
0.357324 0.111461 0.369399 0.110041 0.051776 
0.166311 0.225809 0.210046 0.300591 0.097242 
0.076533 0.077175 0.261785 0.269786 0.314721 
0.204666 0.344479 0.141052 0.189461 0.120341 
0.157343 0.384080 0.134318 0.274252 0.050006 
0.193056 0.264574 0.191017 0.220845 0.130509 
0.192931 0.288500 0.170701 0.231451 0.116418 
0.202161 0.286249 0.162168 0.255890 0.093533 
0.180155 0.293860 0.198937 0.201002 0.126046 
0.183298 0.320396 0.188686 0.222813 0.084807 
0.162243 0.329708 0.159007 0.220671 0.128372 
0.182011 0.220395 0.183724 0.246697 0.167173 
0.190466 0.291719 0.168240 0.199164 0.150412 
0.445008 0.093037 0.287068 0.117280 0.057607 
0.157620 0.288280 0.124796 0.246440 0.182865 
0.165874 0.320580 0.188537 0.202084 0.122925 
0.193535 0.348511 0.153316 0.187490 0.117149 
0.175932 0.354140 0.215086 0.203945 0.050896 
0.427590 0.104650 0.274629 0.111902 0.081229 
0.232992 0.278649 0.127288 0.284604 0.076467 
0.178162 0.331082 0.157169 0.245929 0.087658 
0.177563 0.290166 0.163789 0.235860 0.132620 
0.371554 0.109332 0.323177 0.124029 0.071908 
0.181841 0.303708 0.188634 0.230231 0.095587 
0.148182 0.346865 0.146163 0.230117 0.128673 
0.164191 0.342625 0.172749 0.220028 0.100407 
0.254180 0.250721 0.194118 0.165400 0.135582 
0.187060 0.321867 0.139110 0.245563 0.106399 
0.209028 0.266751 0.168359 0.212427 0.143435 
0.176220 0.305018 0.177465 0.221870 0.119427 
0.153628 0.361453 0.149284 0.261669 0.073965 
0.176124 0.316389 0.164042 0.249647 0.093798 
0.133924 0.099079 0.225416 0.252176 0.289406 
0.398125 0.090108 0.365635 0.094131 0.052001 
0.284940 0.139353 0.379230 0.129034 0.067442 
0.166091 0.342408 0.157719 0.236923 0.096859 
0.162178 0.260769 0.187634 0.257409 0.132010 
0.160897 0.345823 0.191788 0.191355 0.110138 
0.153386 0.344872 0.160001 0.204193 0.137548 
0.163648 0.320078 0.160973 0.262063 0.093239 
0.172538 0.292551 0.176838 0.198700 0.159373 
0.160957 0.272219 0.204810 0.209111 0.152902 
0.176098 0.303465 0.191312 0.205117 0.124009 
0.160960 0.330690 0.143104 0.252878 0.112368 
0.382461 0.109971 0.314977 0.121555 0.071036 
0.186533 0.325969 0.172370 0.222970 0.092158 
0.168519 0.288480 0.174976 0.249091 0.118933 
0.203856 0.254207 0.133618 0.277193 0.131126 
0.113070 0.138198 0.328195 0.286059 0.134478 
large_intestine
0.142968 0.356035 0.140679 0.220702 0.139616 
0.142132 0.395221 0.130074 0.193720 0.138852 
0.200949 0.211498 0.165596 0.282366 0.139590 
0.195128 0.247517 0.180876 0.251193 0.125285 
0.179648 0.272119 0.194021 0.243613 0.110598 
0.169458 0.374412 0.135933 0.211186 0.109011 
0.419849 0.102952 0.334381 0.083615 0.059203 
0.139274 0.367959 0.141109 0.238102 0.113556 
0.177533 0.345094 0.161450 0.197872 0.118052 
0.136568 0.379004 0.142209 0.272907 0.069311 
0.136596 0.358773 0.158539 0.262794 0.083299 
0.146035 0.390432 0.156813 0.205911 0.100808 
0.139966 0.413616 0.139906 0.180212 0.126300 
0.158209 0.374210 0.146149 0.231125 0.090307 
0.145989 0.428628 0.142441 0.154329 0.128613 
0.137284 0.385367 0.139458 0.244057 0.093834 
0.172497 0.306770 0.160961 0.202500 0.157271 
0.145968 0.341346 0.153228 0.241302 0.118157 
0.128879 0.404336 0.125562 0.243912 0.097312 
0.127511 0.313406 0.146599 0.207657 0.204826 
0.154884 0.377661 0.145256 0.209416 0.112783 
0.453250 0.134265 0.234061 0.106378 0.072046 
0.195489 0.250587 0.151474 0.310983 0.091467 
0.161739 0.356057 0.165616 0.218715 0.097872 
0.174711 0.246346 0.230611 0.226512 0.121821 
0.149493 0.314948 0.169574 0.231442 0.134543 
0.161355 0.308076 0.160032 0.276793 0.093745 
0.165907 0.278706 0.177327 0.269350 0.108710 
0.160495 0.285950 0.168668 0.263969 0.120919 
0.143377 0.296273 0.164738 0.247263 0.148349 
0.194191 0.280501 0.168640 0.299221 0.057447 
0.155955 0.303983 0.176479 0.283779 0.079804 
0.208525 0.214288 0.205143 0.257037 0.115008 
0.194818 0.308143 0.144006 0.225065 0.127969 
0.196762 0.253906 0.223802 0.253901 0.071629 
0.208030 0.244219 0.152242 0.311386 0.084123 
0.144723 0.344651 0.149388 0.206047 0.155192 
0.156848 0.320555 0.143865 0.264394 0.114339 
0.157674 0.342859 0.157071 0.242369 0.100027 
0.202167 0.318407 0.124789 0.254547 0.100090 
0.145699 0.225152 0.188438 0.252525 0.188186 
0.173657 0.242470 0.183107 0.281922 0.118844 
0.177513 0.271516 0.142667 0.202898 0.205407 
0.203293 0.250456 0.125121 0.277976 0.143154 
0.206922 0.251535 0.127974 0.273309 0.140260 
0.181783 0.271940 0.174678 0.256557 0.115042 
0.160438 0.361444 0.165833 0.209895 0.102389 
0.398776 0.127097 0.287803 0.127273 0.059051 
0.168268 0.347768 0.168781 0.201368 0.113816 
0.158439 0.276020 0.121011 0.201260 0.243269 
0.181279 0.316404 0.167941 0.209722 0.124654 
0.180708 0.272487 0.136221 0.204376 0.206208 
0.169013 0.295321 0.140935 0.205170 0.189561 
0.136313 0.219392 0.222127 0.292860 0.129308 
0.183326 0.207159 0.215897 0.264186 0.129431 
0.186586 0.234341 0.182789 0.311509 0.084775 
0.184944 0.278210 0.149119 0.307418 0.080308 
0.314438 0.191529 0.290860 0.108502 0.094670 
0.158330 0.245956 0.160408 0.272426 0.162880 
0.245618 0.236794 0.093851 0.339995 0.083743 
0.411696 0.142376 0.248925 0.126554 0.070449 
0.148395 0.360237 0.152562 0.208745 0.130061 
0.151566 0.362595 0.149317 0.207398 0.129124 
0.151547 0.357762 0.153450 0.240383 0.096858 
0.141709 0.356715 0.161959 0.245266 0.094350 
0.228726 0.259207 0.163328 0.276693 0.072046 
0.219941 0.261856 0.166470 0.275043 0.076691 
0.209704 0.276756 0.172333 0.268254 0.072953 
0.212612 0.290337 0.161264 0.265025 0.070762 
0.166289 0.268306 0.190222 0.278398 0.096785 
0.193279 0.373615 0.130379 0.194207 0.108520 
0.184479 0.255242 0.182423 0.178169 0.199686 
0.160560 0.347190 0.153041 0.225572 0.113636 
0.173751 0.404591 0.145421 0.155954 0.120284 
0.167645 0.364477 0.155480 0.195485 0.116914 
0.160889 0.374660 0.132581 0.203118 0.128751 
0.176735 0.334161 0.168723 0.208907 0.111474 
0.174274 0.354550 0.132714 0.216387 0.122076 
0.172760 0.359457 0.134553 0.220196 0.113035 
0.208152 0.295883 0.167986 0.194338 0.133641 
0.188820 0.276321 0.167948 0.278177 0.088733 
0.179017 0.263743 0.199500 0.248095 0.109645 
0.358872 0.190935 0.225342 0.132224 0.092627 
0.192852 0.279915 0.156477 0.229553 0.141204 
0.184628 0.251161 0.177690 0.287747 0.098774 
0.161585 0.427605 0.136958 0.160250 0.113601 
0.176936 0.232160 0.215050 0.277763 0.098090 
0.178351 0.223864 0.220401 0.298969 0.078415 
0.157388 0.343779 0.159599 0.223828 0.115406 
0.162166 0.327678 0.162931 0.211673 0.135551 
0.187670 0.235976 0.183166 0.286584 0.106604 
0.162629 0.199604 0.223141 0.319494 0.095131 
0.174982 0.262938 0.153117 0.293842 0.115122 
0.225791 0.186589 0.188166 0.261644 0.137810 
0.174114 0.326296 0.167407 0.191582 0.140602 
0.200970 0.252643 0.170013 0.252900 0.123474 
0.169754 0.234004 0.187344 0.226605 0.182292 
0.195573 0.245874 0.189933 0.263897 0.104723 
0.163029 0.376729 0.143421 0.218381 0.098440 
0.163565 0.226960 0.330776 0.226712 0.051986 
0.188440 0.296720 0.212783 0.247836 0.054221 
0.149804 0.238297 0.249560 0.285110 0.077229 
0.189651 0.322650 0.148286 0.247614 0.091799 
0.160717 0.378688 0.146687 0.241416 0.072491 
0.180749 0.290157 0.230113 0.244923 0.054058 
0.304802 0.162109 0.315201 0.138536 0.079352 
0.159707 0.369008 0.148626 0.221852 0.100807 
0.171916 0.360781 0.154434 0.239410 0.073459 
0.175978 0.338543 0.142700 0.245929 0.096850 
0.158342 0.349962 0.160191 0.217221 0.114284 
0.156295 0.371902 0.154429 0.250635 0.066739 
0.191615 0.332563 0.149493 0.229104 0.097225 
0.167504 0.340326 0.164362 0.231901 0.095908 
0.164351 0.385572 0.145332 0.227332 0.077414 
0.156477 0.372405 0.145204 0.224818 0.101096 
0.164130 0.340205 0.153427 0.216828 0.125411 
0.167175 0.344475 0.143032 0.252007 0.093311 
0.140396 0.343731 0.151979 0.228575 0.135320 
0.207338 0.305873 0.161709 0.235028 0.090052 
0.175695 0.355105 0.149145 0.208148 0.111907 
0.169863 0.354146 0.153118 0.231061 0.091812 
0.154545 0.333618 0.181345 0.239349 0.091143 
0.165331 0.256825 0.236745 0.295828 0.045271 
0.171802 0.324482 0.157568 0.233358 0.112789 
0.145125 0.402099 0.141666 0.233088 0.078022 
0.164884 0.344575 0.156612 0.226186 0.107744 
0.125137 0.199884 0.219356 0.326713 0.128910 
0.194519 0.273897 0.167166 0.283018 0.081399 
0.185871 0.334851 0.154817 0.197685 0.126775 
0.164128 0.357687 0.152576 0.240030 0.085578 
0.173294 0.381768 0.137446 0.233328 0.074165 
0.158136 0.341898 0.177837 0.194768 0.127361 
0.181729 0.370194 0.156129 0.192735 0.099213 
0.157687 0.249922 0.267350 0.270755 0.054287 
0.194137 0.341260 0.126139 0.220406 0.118059 
0.135378 0.366277 0.178786 0.201006 0.118553 
0.180599 0.323045 0.157402 0.218857 0.120098 
0.181397 0.372125 0.144357 0.201420 0.100701 
0.184876 0.353517 0.142099 0.193015 0.126493 
0.409483 0.124367 0.294905 0.105187 0.066058 
0.192551 0.319318 0.191496 0.199826 0.096809 
0.210854 0.247171 0.146455 0.294348 0.101172 
0.137868 0.207196 0.265843 0.310357 0.078736 
0.162354 0.333619 0.158521 0.228831 0.116675 
0.178665 0.328218 0.149827 0.233014 0.110277 
0.189379 0.196782 0.200162 0.293270 0.120407 
0.391729 0.119495 0.298663 0.111909 0.078205 
0.159698 0.325904 0.161500 0.252483 0.100416 
0.179583 0.303870 0.140316 0.237388 0.138843 
0.182226 0.356922 0.132761 0.245349 0.082742 
0.173927 0.348902 0.141704 0.221435 0.114032 
0.365595 0.111316 0.376877 0.081409 0.064803 
0.178086 0.308785 0.196378 0.230129 0.086622 
0.180282 0.311688 0.154280 0.203687 0.150062 
0.153576 0.363653 0.145393 0.210754 0.126624 
0.145884 0.323356 0.216577 0.235230 0.078952 
0.139050 0.299823 0.225630 0.248401 0.087097 
0.153072 0.392609 0.158116 0.201337 0.094866 
0.172675 0.348243 0.149767 0.183168 0.146146 
0.151215 0.391329 0.138573 0.228699 0.090184 
0.148660 0.373664 0.146194 0.222252 0.109229 
0.164173 0.345809 0.142317 0.226428 0.121272 
0.365060 0.170692 0.271036 0.100072 0.093140 
0.311449 0.139146 0.364001 0.107958 0.077446 
0.374622 0.164101 0.231923 0.115251 0.114103 
0.145228 0.355197 0.175217 0.217081 0.107277 
0.166528 0.352875 0.140424 0.219850 0.120323 
0.152475 0.318982 0.146188 0.242708 0.139648 
0.206817 0.285999 0.142368 0.207366 0.157450 
0.181823 0.314481 0.147308 0.276904 0.079485 
0.445960 0.133116 0.257222 0.103735 0.059966 
0.404692 0.105493 0.293125 0.102457 0.094232 
0.138791 0.326282 0.183071 0.238646 0.113210 
0.210795 0.271680 0.152638 0.267351 0.097535 
0.221977 0.237369 0.173054 0.264397 0.103203 
0.162331 0.353771 0.172901 0.213671 0.097326 
0.160204 0.275094 0.186520 0.269379 0.108803 
0.187437 0.329079 0.166054 0.196995 0.120435 
0.157822 0.344898 0.209161 0.220701 0.067418 
0.322007 0.167423 0.311581 0.116403 0.082586 
0.173590 0.334053 0.165729 0.224789 0.101839 
0.159250 0.398989 0.139815 0.186945 0.114999 
0.140325 0.381996 0.145410 0.247380 0.084890 
0.394804 0.121149 0.256447 0.142576 0.085024 
0.440121 0.112693 0.283372 0.105813 0.058000 
0.155896 0.290631 0.143128 0.290995 0.119351 
0.167601 0.261350 0.204025 0.264771 0.102252 
0.150959 0.308562 0.176981 0.203855 0.159642 
0.234364 0.282555 0.141692 0.240667 0.100722 
0.183493 0.346738 0.145019 0.228634 0.096117 
0.187047 0.341795 0.161267 0.213726 0.096165 
0.172845 0.323714 0.138432 0.251444 0.113565 
0.159894 0.381111 0.150264 0.225828 0.082903 
0.178543 0.299070 0.161443 0.244923 0.116021 
0.166031 0.349043 0.152305 0.282109 0.050511 
0.187685 0.346796 0.138978 0.240584 0.085957 
0.152605 0.338947 0.161893 0.248853 0.097702 
0.210670 0.355553 0.172721 0.194179 0.066879 
0.131457 0.402449 0.188164 0.175360 0.102571 
0.172654 0.364465 0.149470 0.200131 0.113281 
0.144632 0.380469 0.153368 0.194749 0.126782 
0.139728 0.457940 0.137278 0.170262 0.094793 
0.175773 0.358973 0.143452 0.241736 0.080066 
0.159941 0.269225 0.194008 0.278827 0.097998 
0.142995 0.391401 0.154943 0.178500 0.132161 
0.141227 0.396849 0.142683 0.254657 0.064583 
0.262149 0.122569 0.480525 0.071967 0.062789 
0.158445 0.337872 0.154045 0.220865 0.128773 
0.162955 0.337726 0.178161 0.189976 0.131183 
0.145473 0.434579 0.149514 0.172056 0.098379 
0.424882 0.107224 0.288996 0.107294 0.071605 
0.163929 0.347049 0.172229 0.243536 0.073258 
0.171587 0.323655 0.181911 0.219300 0.103547 
0.140817 0.330895 0.163874 0.239857 0.124556 
0.172106 0.344214 0.124064 0.297084 0.062531 
0.172217 0.305242 0.179398 0.255287 0.087855 
0.171628 0.351618 0.147363 0.238214 0.091178 
0.171333 0.322676 0.170705 0.252672 0.082615 
0.154661 0.347337 0.156013 0.249263 0.092726 
0.171933 0.338832 0.134327 0.231759 0.123148 
0.145466 0.386931 0.147961 0.189111 0.130531 
0.176459 0.352927 0.168455 0.205446 0.096713 
0.146048 0.377562 0.144518 0.255445 0.076427 
0.183036 0.250411 0.181470 0.284089 0.100994 
0.197765 0.233187 0.172349 0.271367 0.125333 
0.167969 0.411078 0.121606 0.189787 0.109560 
0.140505 0.397709 0.144473 0.199463 0.117850 
0.168229 0.381585 0.140495 0.247048 0.062643 
0.159156 0.359675 0.155327 0.205202 0.120640 
0.181440 0.251249 0.157179 0.317449 0.092683 
0.162112 0.355046 0.156020 0.207839 0.118983 
0.333739 0.174004 0.277419 0.138468 0.076370 
0.158032 0.370184 0.149139 0.223131 0.099514 
0.158135 0.361385 0.144829 0.252476 0.083175 
0.150919 0.364770 0.144183 0.217941 0.122187 
0.209489 0.364014 0.127755 0.230597 0.068145 
liver
0.236860 0.259942 0.019835 0.421909 0.061454 
0.113550 0.197778 0.341093 0.236938 0.110642 
0.247679 0.196277 0.271556 0.097783 0.186705 
0.171473 0.171898 0.193498 0.280858 0.182273 
0.160915 0.377919 0.152637 0.222027 0.086502 
0.194776 0.371586 0.135552 0.247095 0.050991 
0.183469 0.378195 0.144031 0.246433 0.047872 
0.167247 0.162628 0.202642 0.338585 0.128897 
0.236513 0.204555 0.160892 0.322461 0.075580 
0.128390 0.170634 0.381653 0.231473 0.087850 
0.177898 0.181052 0.193028 0.308176 0.139846 
0.196366 0.192832 0.168554 0.338781 0.103467 
0.126609 0.205443 0.230277 0.321902 0.115769 
0.157986 0.137605 0.374528 0.260867 0.069013 
0.187592 0.141920 0.190630 0.380260 0.099598 
0.208009 0.249122 0.149585 0.280459 0.112825 
0.177182 0.135808 0.265416 0.313912 0.107681 
0.183734 0.192449 0.177902 0.323211 0.122703 
0.109309 0.175176 0.376050 0.238026 0.101440 
0.126861 0.241943 0.267487 0.249453 0.114255 
0.228481 0.162143 0.182745 0.295480 0.131150 
0.219569 0.239601 0.164214 0.297427 0.079189 
0.114734 0.157972 0.398353 0.255977 0.072964 
0.206655 0.222552 0.184900 0.284013 0.101880 
0.206971 0.247269 0.168394 0.273256 0.104110 
0.226745 0.263096 0.160015 0.255309 0.094835 
0.252458 0.228737 0.128640 0.292361 0.097805 
0.191320 0.222511 0.187419 0.301487 0.097263 
0.194241 0.260065 0.203316 0.246538 0.095839 
0.262380 0.144486 0.199769 0.287158 0.106208 
0.239457 0.139443 0.198678 0.321427 0.100995 
0.262979 0.220326 0.122405 0.298696 0.095594 
0.219935 0.236454 0.155088 0.298944 0.089578 
0.225003 0.165747 0.189569 0.297041 0.122640 
0.325869 0.105075 0.125324 0.345627 0.098104 
0.263220 0.220646 0.269304 0.076828 0.170001 
0.181446 0.169905 0.235738 0.289632 0.123278 
0.218547 0.308179 0.047721 0.352284 0.073269 
0.237157 0.232919 0.050386 0.399107 0.080431 
0.194636 0.296403 0.062192 0.377829 0.068940 
0.243141 0.300222 0.070199 0.320621 0.065817 
0.203467 0.296827 0.061359 0.365091 0.073256 
0.153053 0.138331 0.351222 0.276215 0.081178 
0.171864 0.329338 0.178649 0.231476 0.088673 
0.165777 0.314210 0.192735 0.237066 0.090212 
0.208156 0.243763 0.079865 0.373519 0.094697 
0.207003 0.274029 0.097549 0.308700 0.112720 
0.166354 0.184141 0.256703 0.299582 0.093220 
0.246837 0.242178 0.230873 0.128179 0.151933 
0.256121 0.241189 0.225593 0.127359 0.149738 
0.202689 0.334260 0.147221 0.223987 0.091843 
0.204252 0.339971 0.145826 0.218679 0.091272 
0.217276 0.323717 0.140065 0.223209 0.095733 
0.148837 0.286174 0.158872 0.292651 0.113465 
0.156637 0.318122 0.171251 0.217767 0.136224 
0.225516 0.267613 0.141593 0.279689 0.085589 
0.224588 0.245545 0.145909 0.293463 0.090495 
0.221566 0.191808 0.148028 0.299288 0.139309 
0.123626 0.161102 0.297017 0.305419 0.112836 
0.098946 0.128238 0.266951 0.370475 0.135390 
0.143490 0.242803 0.222425 0.254341 0.136940 
0.157025 0.227903 0.214530 0.292099 0.108443 
0.122683 0.221604 0.221466 0.298713 0.135534 
0.253794 0.262774 0.114437 0.287162 0.081832 
lung
0.149957 0.168214 0.216354 0.305952 0.159523 
0.253085 0.149787 0.151040 0.278521 0.167567 
0.186620 0.212900 0.206484 0.279501 0.114495 
0.181869 0.130230 0.197198 0.344705 0.145998 
0.177372 0.164161 0.206851 0.295228 0.156388 
0.174927 0.181114 0.188870 0.322210 0.132880 
0.165151 0.147396 0.217827 0.353737 0.115889 
0.200676 0.161417 0.161527 0.355635 0.120744 
0.182580 0.152212 0.189195 0.340395 0.135619 
0.157764 0.149841 0.188610 0.345460 0.158326 
0.224426 0.260113 0.205411 0.221679 0.088372 
0.230001 0.157819 0.188509 0.301280 0.122391 
0.180164 0.180431 0.163558 0.358063 0.117784 
0.176963 0.169452 0.173502 0.380412 0.099670 
0.182883 0.163430 0.187758 0.315592 0.150338 
0.204864 0.147421 0.180691 0.342649 0.124375 
0.213789 0.180305 0.158939 0.341549 0.105417 
0.138303 0.116191 0.277973 0.280146 0.187387 
0.205482 0.351380 0.167164 0.165459 0.110514 
0.209304 0.162106 0.194472 0.306463 0.127655 
0.186905 0.175200 0.198850 0.310505 0.128541 
0.173174 0.152184 0.205060 0.311858 0.157725 
0.170983 0.147675 0.221890 0.328953 0.130499 
0.175894 0.239399 0.201284 0.268774 0.114648 
0.169241 0.188568 0.194903 0.289244 0.158043 
0.192192 0.174086 0.218343 0.280330 0.135048 
0.165632 0.128980 0.246035 0.321133 0.138220 
0.166441 0.144471 0.200578 0.352422 0.136088 
0.171964 0.143780 0.217722 0.348790 0.117744 
0.188574 0.167258 0.189671 0.326557 0.127940 
0.172317 0.165447 0.205227 0.327559 0.129450 
0.168785 0.175072 0.193902 0.334809 0.127431 
0.158844 0.188635 0.179281 0.354361 0.118878 
0.152783 0.159361 0.219063 0.298386 0.170407 
0.156752 0.163811 0.215031 0.340051 0.124355 
0.174143 0.170440 0.193272 0.317362 0.144784 
0.170845 0.161477 0.180370 0.367421 0.119886 
0.193637 0.175421 0.187373 0.263817 0.179753 
0.177800 0.155659 0.204538 0.332529 0.129475 
0.160534 0.171763 0.209132 0.342021 0.116550 
0.160429 0.189128 0.207618 0.307450 0.135375 
0.128758 0.182870 0.202722 0.310575 0.175074 
0.145182 0.146523 0.236399 0.336321 0.135574 
0.145409 0.128449 0.200204 0.289736 0.236203 
0.168074 0.164434 0.193263 0.306000 0.168229 
0.189136 0.186145 0.183448 0.315829 0.125442 
0.158996 0.163425 0.206586 0.320016 0.150977 
0.173166 0.165906 0.216227 0.317198 0.127503 
0.198339 0.173170 0.176536 0.327899 0.124055 
0.149250 0.149849 0.229641 0.322370 0.148891 
0.199085 0.142474 0.185227 0.300699 0.172515 
0.161677 0.139685 0.178778 0.373174 0.146686 
0.168669 0.175794 0.186086 0.329717 0.139735 
0.177462 0.148796 0.187539 0.365407 0.120796 
0.196578 0.129848 0.221728 0.327515 0.124330 
0.161372 0.127951 0.230200 0.332329 0.148148 
0.167456 0.171173 0.192799 0.318270 0.150302 
0.155157 0.168217 0.150963 0.360195 0.165468 
0.148823 0.175329 0.190347 0.337604 0.147896 
0.127435 0.147044 0.242898 0.272020 0.210602 
0.201195 0.165684 0.193487 0.303573 0.136060 
0.148922 0.378528 0.159602 0.222418 0.090529 
0.199751 0.150953 0.175559 0.341562 0.132175 
0.154118 0.143953 0.195488 0.382676 0.123765 
0.180830 0.164532 0.213963 0.318847 0.121828 
0.167110 0.146990 0.209304 0.335962 0.140634 
0.137401 0.144830 0.217883 0.300454 0.199432 
0.178250 0.171497 0.182529 0.310406 0.157317 
0.166863 0.173098 0.189304 0.320593 0.150142 
0.169773 0.171156 0.220339 0.326922 0.111810 
0.154675 0.156243 0.219820 0.308898 0.160365 
0.138384 0.130875 0.251793 0.316027 0.162921 
0.122619 0.118981 0.226659 0.246944 0.284797 
0.205187 0.198860 0.227869 0.243474 0.124610 
0.166271 0.202759 0.215852 0.308720 0.106398 
0.176839 0.148406 0.189389 0.345040 0.140326 
0.158759 0.156069 0.226857 0.315910 0.142404 
0.167044 0.196045 0.174234 0.308580 0.154098 
0.148481 0.160661 0.212469 0.344410 0.133979 
0.164461 0.177771 0.191800 0.312112 0.153855 
0.129406 0.119847 0.242664 0.333300 0.174784 
0.162816 0.129175 0.221863 0.336720 0.149426 
0.144683 0.151270 0.230733 0.318864 0.154451 
0.170780 0.159458 0.177029 0.356617 0.136117 
0.155359 0.169929 0.193765 0.338811 0.142136 
0.172319 0.143565 0.209489 0.351295 0.123332 
0.180691 0.199566 0.163481 0.319831 0.136431 
0.190369 0.280163 0.166484 0.237212 0.125772 
0.227240 0.156677 0.191690 0.285275 0.139119 
0.117944 0.476110 0.134588 0.153602 0.117756 
0.192719 0.166659 0.195487 0.305076 0.140059 
0.221788 0.174210 0.150459 0.323402 0.130142 
0.172800 0.112834 0.203956 0.171291 0.339118 
0.189761 0.139027 0.128568 0.369896 0.172749 
0.183639 0.160601 0.169834 0.330372 0.155554 
0.197566 0.118582 0.191979 0.332828 0.159045 
0.136653 0.216279 0.191534 0.289807 0.165727 
0.214308 0.140201 0.128091 0.353290 0.164110 
0.169200 0.164264 0.148508 0.344238 0.173790 
0.175300 0.152329 0.182783 0.382138 0.107450 
0.186668 0.145866 0.215322 0.322416 0.129728 
0.177892 0.180089 0.194507 0.313946 0.133566 
0.242209 0.136600 0.165304 0.344045 0.111843 
0.194683 0.138459 0.222076 0.294636 0.150146 
0.176551 0.191321 0.185076 0.322687 0.124366 
0.170367 0.164189 0.194454 0.332247 0.138743 
0.163331 0.178881 0.175765 0.350031 0.131993 
0.169178 0.184799 0.160080 0.310819 0.175123 
0.146716 0.199266 0.210931 0.286538 0.156548 
0.205146 0.214188 0.162390 0.291795 0.126480 
0.183600 0.170815 0.192913 0.335903 0.116768 
0.122918 0.137689 0.137839 0.506587 0.094967 
0.148112 0.164231 0.200194 0.299110 0.188352 
0.129089 0.144595 0.242111 0.297968 0.186237 
0.168184 0.187790 0.202709 0.275317 0.166000 
0.169759 0.176776 0.202017 0.295027 0.156422 
0.165798 0.149579 0.193252 0.369771 0.121601 
0.190956 0.163289 0.196879 0.307498 0.141378 
0.203105 0.176709 0.209632 0.312554 0.098000 
0.127581 0.137980 0.242173 0.282293 0.209973 
0.109846 0.197120 0.173354 0.361303 0.158377 
0.151435 0.112101 0.264778 0.258970 0.212715 
0.195619 0.170780 0.227437 0.283028 0.123136 
0.153018 0.190909 0.184534 0.313036 0.158503 
0.135832 0.164069 0.244954 0.291335 0.163810 
0.114029 0.138223 0.245013 0.295712 0.207023 
0.170535 0.120155 0.141623 0.370768 0.196918 
0.175593 0.234532 0.176752 0.298516 0.114607 
0.204361 0.181942 0.206605 0.300582 0.106509 
0.199279 0.188788 0.172191 0.304815 0.134927 
0.172724 0.155276 0.203975 0.346707 0.121318 
0.200470 0.178474 0.185415 0.308875 0.126766 
0.110475 0.128227 0.267516 0.327837 0.165945 
0.204843 0.171272 0.198713 0.292685 0.132486 
0.126104 0.313561 0.157533 0.253585 0.149217 
0.140129 0.082602 0.236436 0.310525 0.230308 
0.143394 0.170939 0.221154 0.315527 0.148986 
0.193148 0.162746 0.205537 0.332337 0.106232 
0.167422 0.135221 0.190761 0.344383 0.162213 
0.163676 0.173539 0.246293 0.287753 0.128739 
0.153627 0.185116 0.224938 0.312971 0.123348 
0.187052 0.102916 0.161805 0.394081 0.154146 
0.197311 0.130754 0.177000 0.377519 0.117416 
0.153739 0.138960 0.209128 0.344610 0.153563 
0.169240 0.170352 0.200084 0.314281 0.146043 
0.159811 0.207643 0.191331 0.316869 0.124346 
0.134579 0.160250 0.209230 0.336115 0.159826 
0.228987 0.166387 0.177628 0.335139 0.091860 
0.120434 0.120129 0.259596 0.320047 0.179794 
0.156752 0.172004 0.169905 0.354005 0.147334 
0.203784 0.164393 0.215603 0.276119 0.140101 
0.164259 0.204118 0.189320 0.318838 0.123465 
0.191410 0.127566 0.198399 0.362467 0.120158 
0.206302 0.199700 0.153184 0.308542 0.132272 
0.209097 0.180437 0.183735 0.307088 0.119643 
0.200341 0.186169 0.191708 0.285804 0.135978 
0.201665 0.121479 0.148244 0.401789 0.126824 
0.160879 0.181586 0.168947 0.327168 0.161420 
0.197187 0.183604 0.217936 0.269946 0.131328 
0.188476 0.184761 0.190145 0.328863 0.107755 
0.152011 0.165215 0.228269 0.316652 0.137853 
0.203729 0.165721 0.167353 0.336599 0.126598 
0.163308 0.138017 0.203932 0.317413 0.177330 
0.179973 0.199601 0.232024 0.271156 0.117246 
0.117394 0.102619 0.280598 0.284233 0.215155 
0.144090 0.167222 0.261687 0.280173 0.146828 
0.098350 0.132588 0.244228 0.352820 0.172013 
0.173255 0.164585 0.185486 0.346334 0.130340 
0.226181 0.157304 0.191449 0.297717 0.127349 
0.181171 0.143648 0.217927 0.319157 0.138097 
0.192747 0.181416 0.173441 0.324735 0.127662 
0.171567 0.143005 0.182409 0.344566 0.158453 
0.157623 0.180656 0.160786 0.355690 0.145245 
0.176925 0.208211 0.172680 0.331716 0.110469 
0.346650 0.085291 0.162796 0.286206 0.119057 
oesophagus
0.134270 0.160710 0.233270 0.257559 0.214191 
0.118896 0.122584 0.232471 0.289493 0.236557 
0.170285 0.194884 0.311025 0.285823 0.037984 
0.135426 0.090346 0.231934 0.293564 0.248729 
0.183267 0.347451 0.180136 0.167493 0.121653 
0.154200 0.114662 0.205700 0.300070 0.225367 
0.115819 0.201334 0.264315 0.261252 0.157279 
0.140578 0.138343 0.262329 0.317626 0.141124 
0.124305 0.132143 0.254423 0.251684 0.237444 
0.103070 0.192104 0.294185 0.205468 0.205174 
0.157091 0.106374 0.244770 0.281498 0.210266 
0.122483 0.118368 0.248027 0.290757 0.220364 
0.117782 0.170924 0.256536 0.288978 0.165780 
0.148395 0.171841 0.187822 0.357097 0.134845 
0.142911 0.362686 0.152487 0.212620 0.129297 
0.081056 0.081434 0.302687 0.269319 0.265505 
0.185790 0.459011 0.069524 0.233340 0.052335 
0.170168 0.294068 0.165466 0.255294 0.115003 
0.177449 0.305678 0.174915 0.238954 0.103003 
0.148144 0.408855 0.122734 0.259405 0.060863 
0.145238 0.187814 0.232520 0.275050 0.159378 
0.195564 0.352132 0.143279 0.207902 0.101122 
0.141408 0.253968 0.163517 0.298796 0.142310 
0.182543 0.323723 0.155888 0.242062 0.095784 
0.158907 0.244771 0.171930 0.304841 0.119551 
0.148919 0.182007 0.216276 0.233636 0.219162 
0.189417 0.184470 0.174134 0.319646 0.132332 
0.153533 0.243423 0.172568 0.321337 0.109139 
prostate
0.173264 0.338900 0.141022 0.220816 0.125998 
0.176245 0.323753 0.142019 0.229150 0.128832 
0.182888 0.339684 0.113644 0.225031 0.138752 
0.172114 0.347691 0.133443 0.235684 0.111069 
0.180325 0.264027 0.177455 0.265041 0.113153 
0.172469 0.299936 0.169996 0.229910 0.127689 
0.149650 0.356491 0.156951 0.258781 0.078128 
0.178701 0.344244 0.151537 0.242297 0.083220 
0.167693 0.334681 0.159343 0.250705 0.087578 
0.167342 0.335376 0.160155 0.245022 0.092105 
0.156138 0.335142 0.173316 0.247116 0.088288 
0.141483 0.329415 0.184289 0.221262 0.123551 
0.204433 0.182699 0.170517 0.281885 0.160466 
0.168244 0.355387 0.154563 0.214419 0.107387 
0.233988 0.236954 0.147490 0.288204 0.093364 
0.166673 0.351951 0.162767 0.268230 0.050378 
0.143668 0.133104 0.201171 0.279387 0.242671 
0.160253 0.163872 0.212754 0.242974 0.220147 
0.165107 0.343099 0.146038 0.231220 0.114537 
0.235011 0.285880 0.104284 0.260523 0.114302 
0.167715 0.354228 0.156580 0.235042 0.086436 
0.189056 0.200418 0.185627 0.318361 0.106537 
0.160425 0.360222 0.119191 0.291444 0.068718 
0.031918 0.048046 0.166781 0.610226 0.143029 
0.046849 0.010255 0.499881 0.346066 0.096949 
0.135590 0.353070 0.181858 0.203238 0.126244 
0.022673 0.014884 0.572830 0.313791 0.075823 
0.157125 0.348351 0.154810 0.305900 0.033814 
0.170636 0.366913 0.146610 0.265726 0.050116 
0.147066 0.356590 0.153189 0.288055 0.055101 
skin
0.210140 0.214039 0.171424 0.264175 0.140223 
0.137427 0.114619 0.260517 0.176874 0.310562 
0.159782 0.094365 0.209327 0.166018 0.370507 
0.179617 0.101861 0.176811 0.147639 0.394072 
0.143325 0.083827 0.205825 0.166826 0.400197 
0.153755 0.094494 0.191934 0.204820 0.354997 
0.156673 0.112933 0.209213 0.185138 0.336044 
0.147891 0.102148 0.220185 0.172174 0.357601 
0.156949 0.130245 0.193571 0.162675 0.356561 
0.159000 0.127651 0.194461 0.167255 0.351633 
0.202261 0.111568 0.207313 0.208956 0.269902 
0.183176 0.122374 0.198075 0.179516 0.316859 
0.180694 0.125274 0.200674 0.178402 0.314956 
0.181431 0.123261 0.198826 0.179873 0.316609 
0.180904 0.124715 0.200568 0.178812 0.315002 
0.155557 0.101248 0.196700 0.161171 0.385323 
0.155301 0.098216 0.197398 0.164656 0.384428 
0.156279 0.098534 0.194526 0.166077 0.384584 
0.167266 0.098127 0.201612 0.171105 0.361891 
0.164989 0.098536 0.202557 0.175796 0.358122 
0.165803 0.098355 0.201253 0.174253 0.360336 
0.166169 0.098112 0.201377 0.172997 0.361344 
0.153015 0.091662 0.221055 0.155933 0.378335 
0.152973 0.091417 0.221294 0.157271 0.377046 
0.153646 0.090619 0.221919 0.155959 0.377857 
0.152835 0.091620 0.220714 0.157523 0.377308 
0.142585 0.118083 0.273085 0.160063 0.306184 
0.140699 0.126705 0.270383 0.158492 0.303721 
0.157375 0.118297 0.264811 0.159425 0.300092 
0.191414 0.143471 0.238920 0.141120 0.285076 
0.197627 0.139503 0.232682 0.167477 0.262711 
0.180363 0.098253 0.162659 0.267241 0.291484 
0.115477 0.098982 0.212649 0.152689 0.420203 
0.134330 0.153334 0.254485 0.204741 0.253110 
0.175341 0.115921 0.182242 0.202744 0.323752 
0.128611 0.133826 0.216631 0.154788 0.366143 
0.160526 0.119228 0.217958 0.187930 0.314357 
0.168901 0.079889 0.206294 0.157085 0.387831 
0.168189 0.112177 0.215453 0.154270 0.349912 
0.187129 0.127075 0.152336 0.217784 0.315675 
0.154508 0.089823 0.203960 0.144808 0.406901 
0.160418 0.101736 0.212323 0.202357 0.323165 
0.150184 0.057388 0.226743 0.123231 0.442453 
0.165115 0.095872 0.225712 0.162493 0.350808 
0.165332 0.127425 0.208687 0.184934 0.313622 
0.173868 0.138402 0.190925 0.221336 0.275469 
0.140084 0.083435 0.206606 0.155569 0.414306 
0.149444 0.123002 0.251222 0.200107 0.276226 
0.180365 0.138583 0.210318 0.225881 0.244853 
0.168416 0.097535 0.214301 0.204847 0.314900 
0.158996 0.077135 0.214798 0.137890 0.411181 
0.134345 0.069563 0.210744 0.142308 0.443039 
0.172705 0.116211 0.193857 0.182327 0.334901 
0.158191 0.099387 0.240973 0.151156 0.350292 
0.176110 0.099377 0.207834 0.197415 0.319265 
0.189110 0.130853 0.194179 0.186489 0.299369 
0.154636 0.099543 0.205099 0.177069 0.363654 
0.185265 0.108003 0.167952 0.200280 0.338500 
0.160153 0.132203 0.189907 0.177924 0.339813 
0.187118 0.124012 0.185302 0.190704 0.312864 
0.174354 0.131080 0.179000 0.194027 0.321539 
0.171092 0.173417 0.180321 0.197482 0.277688 
0.205965 0.119946 0.185199 0.199943 0.288948 
0.190810 0.137063 0.172614 0.211438 0.288074 
0.165472 0.125964 0.194740 0.187893 0.325930 
0.170326 0.182881 0.174118 0.201547 0.271128 
0.220129 0.082039 0.207001 0.140408 0.350424 
0.178037 0.138626 0.179508 0.180449 0.323380 
