-10146160.722710
0
0.000000 0.029270 0.000000 0.000000 0.004467 0.014371 0.000000 0.000000 0.000000 0.000000 0.000000 0.000000 0.000000 0.000000 0.000000 0.000000 0.000000 0.000000 0.000658 0.000000 0.000000 0.000000 0.000000 0.023227 0.000000 0.000000 0.000000 0.000000 0.000000 0.000000 0.000000 0.000000 0.000000 0.161182 0.000743 0.000000 0.000000 0.000000 0.000000 0.000000 0.000000 0.000000 0.000000 0.000000 0.000000 0.000000 0.000000 0.000000 0.000000 0.000000 0.000000 0.000000 0.000000 0.000000 0.000000 0.000000 0.000000 0.000000 0.000000 0.178223 0.000000 0.000000 0.000000 0.000000 0.002785 0.000000 0.000000 0.000000 0.008177 0.000000 0.036607 0.000000 0.000000 0.000000 0.000000 0.236714 0.000000 0.000000 0.000000 0.000000 0.000000 0.000001 0.000000 0.303555 0.000000 0.000000 0.000000 0.000000 0.000000 0.000000 0.000000 0.000000 0.000000 0.000000 0.000000 0.000000 
0.000000 0.000000 0.000000 0.000000 0.000000 0.000000 0.000000 0.000000 0.000000 0.000000 0.000000 0.000000 0.000000 0.000000 0.000000 0.000000 0.000000 0.000000 0.000109 0.000000 0.006926 0.000000 0.000000 0.000000 0.000000 0.000000 0.000000 0.000000 0.000000 0.000000 0.000000 0.000000 0.000000 0.159773 0.000001 0.000000 0.000000 0.000000 0.000000 0.000000 0.000000 0.000000 0.000000 0.000000 0.000000 0.000000 0.000000 0.000000 0.000000 0.000000 0.000000 0.063725 0.000000 0.000000 0.000000 0.000000 0.000000 0.000000 0.512075 0.000000 0.000000 0.000000 0.000000 0.000000 0.000000 0.000000 0.077740 0.000000 0.000000 0.000000 0.000000 0.024106 0.000000 0.000000 0.000000 0.000000 0.000000 0.032393 0.000000 0.000000 0.000000 0.112460 0.000503 0.000000 0.000000 0.000000 0.000000 0.000000 0.000000 0.000000 0.000000 0.000000 0.010169 0.000000 0.000000 0.000000 
0.000000 0.000000 0.000000 0.000000 0.000000 0.000000 0.000000 0.000000 0.071036 0.000000 0.000000 0.000000 0.000000 0.000000 0.000000 0.000000 0.000000 0.000000 0.000000 0.006518 0.000000 0.000000 0.000000 0.000000 0.000000 0.000000 0.051937 0.000000 0.000000 0.000000 0.000000 0.000000 0.000000 0.048725 0.023749 0.000000 0.000000 0.000000 0.000000 0.000000 0.000000 0.048811 0.000000 0.000000 0.000000 0.000000 0.000000 0.000000 0.000000 0.047416 0.029033 0.000000 0.000000 0.024609 0.017014 0.000000 0.013050 0.121968 0.000000 0.000000 0.000000 0.000000 0.000000 0.000000 0.000000 0.000000 0.000000 0.000000 0.000000 0.016059 0.000000 0.000000 0.065896 0.000000 0.000000 0.000000 0.000000 0.000000 0.000000 0.064862 0.000000 0.000001 0.347984 0.000000 0.000000 0.000000 0.000000 0.001313 0.000000 0.000000 0.000000 0.000000 0.000000 0.000000 0.000000 0.000000 
0.000000 0.000000 0.000000 0.000000 0.000000 0.000000 0.000000 0.000000 0.000000 0.000000 0.002647 0.000000 0.012922 0.000000 0.000000 0.006479 0.000000 0.039622 0.000000 0.028811 0.000000 0.000000 0.000000 0.000000 0.069349 0.072969 0.000000 0.000000 0.000000 0.000000 0.000000 0.019200 0.235028 0.000000 0.000552 0.000000 0.000000 0.021124 0.032177 0.000000 0.000000 0.000000 0.000000 0.053919 0.005909 0.019237 0.000000 0.000000 0.037728 0.000000 0.000000 0.000000 0.000000 0.000000 0.000000 0.017453 0.004129 0.000000 0.000000 0.000000 0.009701 0.000000 0.016056 0.000000 0.000000 0.000000 0.000000 0.000000 0.000000 0.000000 0.000000 0.000000 0.000000 0.000000 0.000000 0.035855 0.000000 0.000000 0.014893 0.000000 0.136301 0.006424 0.000000 0.000000 0.000000 0.013953 0.011741 0.019863 0.000000 0.000000 0.000000 0.036313 0.000000 0.019628 0.000000 0.000000 
0.036073 0.000000 0.000000 0.000000 0.000000 0.000000 0.000000 0.000000 0.000000 0.000000 0.338377 0.072003 0.000000 0.019228 0.000000 0.000000 0.000000 0.000000 0.000000 0.000000 0.000000 0.000000 0.014818 0.000000 0.000000 0.000000 0.000000 0.153285 0.000000 0.000000 0.000000 0.000000 0.000000 0.000000 0.000001 0.000000 0.000000 0.000000 0.000000 0.000000 0.029644 0.000000 0.000000 0.000000 0.000000 0.000000 0.000000 0.000000 0.000000 0.000000 0.000000 0.000000 0.014332 0.000000 0.000000 0.000000 0.000000 0.134879 0.000000 0.000000 0.000000 0.000000 0.000000 0.011998 0.000000 0.064968 0.000000 0.000000 0.000000 0.000000 0.000000 0.000000 0.000000 0.000000 0.000000 0.000000 0.000000 0.000000 0.000000 0.000000 0.110348 0.000027 0.000000 0.000000 0.000000 0.000000 0.000000 0.000000 0.000000 0.000000 0.000000 0.000000 0.000000 0.000000 0.000000 0.000000 
0.000000 0.000000 0.000000 0.032628 0.000000 0.000000 0.000000 0.000000 0.000000 0.000000 0.000000 0.000000 0.000000 0.000000 0.000000 0.000000 0.000000 0.000000 0.000000 0.001054 0.000000 0.000000 0.000000 0.000000 0.000000 0.000000 0.000000 0.000000 0.000000 0.000000 0.000000 0.000000 0.000000 0.000000 0.405374 0.000000 0.000000 0.000000 0.000000 0.000000 0.000000 0.000000 0.000000 0.000000 0.000000 0.000000 0.000000 0.000000 0.000000 0.000000 0.000000 0.000000 0.000000 0.000000 0.000000 0.000000 0.104553 0.000000 0.000000 0.000000 0.000000 0.000000 0.000000 0.000000 0.000000 0.000000 0.000000 0.000000 0.000000 0.000000 0.000000 0.000000 0.000000 0.000000 0.000000 0.000000 0.000000 0.000000 0.000000 0.000000 0.000000 0.052040 0.354989 0.000000 0.000000 0.000000 0.000000 0.000000 0.000000 0.000000 0.049342 0.000000 0.000000 0.000000 0.000000 0.000000 
0.000000 0.000000 0.000000 0.000000 0.000000 0.000000 0.000000 0.000000 0.000000 0.000000 0.000000 0.000000 0.000000 0.000000 0.017519 0.015754 0.000000 0.000000 0.082780 0.000517 0.000000 0.000000 0.000000 0.000000 0.000000 0.000000 0.000000 0.000000 0.016252 0.000000 0.017416 0.000000 0.000000 0.000000 0.000794 0.274216 0.000000 0.000000 0.000000 0.021912 0.000000 0.000000 0.000000 0.000000 0.000000 0.000000 0.031134 0.053755 0.000000 0.000000 0.000000 0.000000 0.000000 0.000000 0.000000 0.000000 0.000748 0.003672 0.000000 0.000000 0.000000 0.000000 0.000000 0.000000 0.065285 0.000000 0.000000 0.077891 0.000000 0.000000 0.000000 0.000000 0.000000 0.000000 0.023638 0.000000 0.052052 0.000000 0.000000 0.000000 0.000000 0.159090 0.000000 0.000000 0.009111 0.000000 0.000000 0.000000 0.031562 0.044885 0.000000 0.000000 0.000000 0.000000 0.000000 0.000000 
0.000000 0.000000 0.017887 0.000000 0.012035 0.000000 0.012402 0.014951 0.000000 0.121664 0.000000 0.000000 0.000000 0.000000 0.000000 0.000000 0.044026 0.000000 0.000000 0.000000 0.000000 0.011957 0.000000 0.000000 0.000000 0.000000 0.000000 0.000000 0.000000 0.015074 0.000000 0.000000 0.000000 0.000000 0.000000 0.000000 0.007946 0.000000 0.000000 0.000000 0.000000 0.000000 0.093037 0.000000 0.000000 0.000000 0.000000 0.000000 0.000000 0.000000 0.000000 0.000000 0.000000 0.000000 0.000000 0.000000 0.000000 0.000000 0.000000 0.000000 0.000000 0.014719 0.000000 0.000000 0.000000 0.000000 0.000000 0.000000 0.000000 0.000000 0.000000 0.000000 0.000000 0.060291 0.000000 0.000000 0.000000 0.000000 0.000000 0.000000 0.089820 0.395551 0.000000 0.000000 0.000000 0.000000 0.000000 0.000000 0.000000 0.000000 0.000000 0.000000 0.000000 0.000000 0.013756 0.074865 
0.127280 0.124039 0.123740 0.129019 0.124759 0.123547 0.126208 0.121409 
0.126147 0.117799 0.138652 0.117671 0.133101 0.121819 0.121827 0.122985 
0.132193 0.130369 0.103985 0.111734 0.148925 0.143480 0.120083 0.109230 
0.125076 0.127723 0.121950 0.125979 0.124358 0.120396 0.126950 0.127568 
0.105300 0.124336 0.108908 0.135129 0.130366 0.134688 0.123432 0.137842 
0.126768 0.123314 0.124213 0.126555 0.124701 0.123947 0.126189 0.124313 
0.126063 0.123249 0.123262 0.127136 0.124696 0.123525 0.128062 0.124008 
0.156760 0.138628 0.103449 0.115328 0.096630 0.110445 0.118853 0.159906 
0.121188 0.131293 0.125191 0.119741 0.121346 0.127090 0.123616 0.130535 
0.132610 0.119174 0.124868 0.119449 0.123347 0.118070 0.134521 0.127961 
0.123662 0.126996 0.126618 0.127002 0.125506 0.124017 0.126126 0.120073 
0.120283 0.128407 0.127452 0.127335 0.126777 0.122303 0.125138 0.122304 
breast
0.133192 0.065736 0.124928 0.163082 0.121264 0.068316 0.137024 0.186459 
0.125141 0.064691 0.180409 0.155248 0.107422 0.083298 0.142754 0.141037 
0.148004 0.054770 0.096720 0.178996 0.145378 0.054057 0.178144 0.143930 
0.147723 0.054666 0.096536 0.177551 0.147610 0.053954 0.177805 0.144153 
0.119708 0.056828 0.151262 0.225192 0.124724 0.067119 0.137738 0.117428 
0.110208 0.079887 0.119786 0.197281 0.119176 0.074479 0.160722 0.138461 
0.115856 0.070884 0.162479 0.161695 0.145003 0.082636 0.145170 0.116277 
0.146292 0.064428 0.154997 0.202435 0.075378 0.087550 0.146795 0.122126 
0.216386 0.066066 0.128770 0.190294 0.083873 0.045981 0.136865 0.131765 
0.132210 0.078044 0.147791 0.165960 0.101083 0.053521 0.151533 0.169859 
0.149638 0.069292 0.138595 0.171710 0.113950 0.077245 0.124766 0.154804 
0.150157 0.098102 0.131330 0.164465 0.087067 0.071673 0.146632 0.150573 
0.123534 0.072960 0.195775 0.183743 0.157499 0.056725 0.095870 0.113893 
0.129807 0.086063 0.165750 0.157648 0.141644 0.064102 0.095895 0.159091 
0.180406 0.063765 0.155462 0.176414 0.114833 0.099202 0.096927 0.112990 
0.111417 0.081650 0.154708 0.175547 0.100935 0.089698 0.131310 0.154735 
0.142815 0.063234 0.176100 0.146003 0.116069 0.058240 0.181496 0.116042 
0.135667 0.069961 0.148253 0.181861 0.115208 0.068780 0.124933 0.155339 
0.092117 0.089593 0.115646 0.256436 0.098210 0.097933 0.111319 0.138747 
0.148833 0.076128 0.191151 0.171772 0.126002 0.079436 0.113810 0.092869 
0.111954 0.102288 0.110461 0.224516 0.119579 0.031067 0.174591 0.125544 
0.165886 0.064057 0.163274 0.137516 0.112089 0.075312 0.159001 0.122864 
0.149033 0.054260 0.141402 0.143463 0.121528 0.045892 0.172418 0.172004 
0.135726 0.061997 0.148505 0.191373 0.106226 0.029571 0.153246 0.173355 
0.129011 0.092391 0.118711 0.192529 0.091728 0.076048 0.147097 0.152485 
0.146819 0.084165 0.077256 0.211011 0.055410 0.010779 0.217535 0.197025 
0.091736 0.072864 0.166753 0.296852 0.090958 0.045250 0.150286 0.085301 
0.132851 0.088010 0.142134 0.162945 0.132619 0.048788 0.130928 0.161725 
0.130410 0.074721 0.117488 0.214903 0.112981 0.075992 0.160450 0.113055 
0.163602 0.131367 0.049205 0.171688 0.074377 0.001469 0.171324 0.236968 
0.134286 0.082657 0.153661 0.182075 0.102339 0.052661 0.140207 0.152114 
0.160049 0.091676 0.138093 0.158597 0.138085 0.074693 0.096675 0.142132 
0.184515 0.078068 0.134139 0.169958 0.146719 0.071119 0.091214 0.124268 
0.151441 0.066809 0.141285 0.171368 0.124379 0.075597 0.152540 0.116582 
0.140942 0.061650 0.151103 0.164397 0.114139 0.033465 0.142402 0.191902 
0.121081 0.084965 0.114176 0.186769 0.093518 0.078318 0.169038 0.152135 
0.140968 0.062075 0.134964 0.187218 0.128443 0.077361 0.146169 0.122802 
0.107264 0.091843 0.161654 0.178931 0.121553 0.080002 0.123834 0.134919 
0.114429 0.073543 0.163442 0.133572 0.117013 0.052380 0.195267 0.150353 
0.116205 0.074217 0.176039 0.181890 0.114099 0.070910 0.126290 0.140349 
0.173833 0.078497 0.114591 0.132483 0.102133 0.117556 0.157041 0.123866 
0.101404 0.072471 0.100392 0.254718 0.107018 0.080198 0.140961 0.142839 
0.163319 0.085631 0.124717 0.193474 0.121104 0.064671 0.103027 0.144056 
0.163664 0.076217 0.150671 0.135928 0.096571 0.065234 0.168474 0.143241 
0.092815 0.107856 0.170903 0.087378 0.143433 0.088841 0.111727 0.197047 
0.139095 0.061459 0.123783 0.204237 0.100780 0.046084 0.172241 0.152321 
0.156668 0.075017 0.123485 0.160662 0.105747 0.070742 0.188533 0.119148 
0.114534 0.065327 0.182672 0.206664 0.103967 0.039277 0.133511 0.154049 
0.057207 0.063658 0.080985 0.288877 0.097404 0.065496 0.223561 0.122812 
0.109490 0.062847 0.107889 0.234907 0.127567 0.061279 0.165087 0.130934 
0.138598 0.064978 0.150811 0.182206 0.120563 0.058795 0.129081 0.154967 
0.132664 0.100885 0.211113 0.186799 0.114146 0.042952 0.090503 0.120938 
0.131574 0.088914 0.136242 0.146685 0.125902 0.078747 0.153282 0.138653 
0.164639 0.059429 0.130219 0.159017 0.104899 0.097347 0.141408 0.143043 
endometrium
0.246889 0.065874 0.227961 0.059600 0.057616 0.180750 0.070620 0.090690 
0.063410 0.116089 0.137391 0.142287 0.176242 0.152179 0.114745 0.097657 
0.069526 0.145897 0.167613 0.117368 0.203783 0.135236 0.087935 0.072642 
0.079534 0.175315 0.139105 0.095737 0.214181 0.166194 0.074339 0.055596 
0.075968 0.166704 0.106343 0.081989 0.207564 0.198223 0.080880 0.082330 
0.218614 0.094957 0.180908 0.071752 0.070098 0.174147 0.095387 0.094137 
0.061757 0.165647 0.123820 0.082180 0.195428 0.213964 0.078721 0.078483 
0.034848 0.225206 0.105458 0.046815 0.281704 0.222065 0.047549 0.036356 
0.076028 0.163164 0.142245 0.078859 0.194741 0.214913 0.042836 0.087213 
0.108119 0.229455 0.098211 0.053498 0.265483 0.124830 0.057046 0.063358 
0.040459 0.133908 0.079980 0.151281 0.118640 0.075889 0.246878 0.152964 
0.227663 0.097622 0.177004 0.075728 0.081857 0.168189 0.081742 0.090195 
0.151354 0.163900 0.111397 0.064486 0.229059 0.148436 0.056978 0.074392 
0.104008 0.104037 0.130501 0.097991 0.242407 0.132865 0.096401 0.091790 
0.059009 0.143327 0.118885 0.100514 0.214850 0.173501 0.102486 0.087428 
0.061425 0.157353 0.128429 0.101795 0.205354 0.169777 0.112155 0.063713 
0.078748 0.108577 0.189019 0.148224 0.110376 0.065541 0.140251 0.159264 
0.085383 0.144826 0.149354 0.076175 0.212204 0.180625 0.087553 0.063880 
0.166032 0.182443 0.136142 0.049646 0.152031 0.193971 0.057203 0.062531 
0.066511 0.122975 0.143349 0.105374 0.207439 0.197431 0.071773 0.085148 
0.075286 0.160471 0.121079 0.074095 0.195325 0.203112 0.081861 0.088771 
0.079729 0.164146 0.117446 0.066759 0.223119 0.182201 0.073294 0.093307 
0.315530 0.055632 0.182689 0.077705 0.067294 0.151621 0.060572 0.088955 
0.079145 0.134847 0.119329 0.094823 0.189018 0.153099 0.130024 0.099715 
0.068373 0.115964 0.114441 0.121675 0.188055 0.134849 0.170354 0.086289 
0.081327 0.130168 0.135305 0.072671 0.223296 0.134211 0.108011 0.115012 
0.059055 0.187849 0.132159 0.076380 0.186553 0.190631 0.098350 0.069022 
0.308942 0.057864 0.157101 0.094437 0.060393 0.138065 0.074277 0.108922 
0.073023 0.351685 0.099100 0.021661 0.240649 0.133933 0.037582 0.042367 
0.064066 0.165686 0.131004 0.097894 0.208770 0.117069 0.119469 0.096043 
0.061961 0.144183 0.134241 0.066351 0.249451 0.231747 0.055537 0.056530 
0.316431 0.074939 0.160143 0.078512 0.074539 0.147816 0.061787 0.085832 
0.090354 0.129616 0.163840 0.079869 0.198050 0.183715 0.074671 0.079887 
0.066582 0.147951 0.107258 0.119717 0.238177 0.128501 0.093835 0.097978 
0.090492 0.101879 0.125517 0.092668 0.199049 0.202937 0.111443 0.076014 
0.061770 0.174718 0.117409 0.079869 0.213633 0.181110 0.105282 0.066210 
0.148751 0.178959 0.126502 0.063446 0.158737 0.167476 0.081320 0.074810 
0.062731 0.151448 0.073626 0.183426 0.094506 0.113306 0.213025 0.107932 
0.063602 0.160305 0.119442 0.083606 0.229165 0.179631 0.087175 0.077075 
0.090440 0.157442 0.120023 0.099007 0.213520 0.177833 0.084084 0.057651 
0.250849 0.073746 0.210343 0.065355 0.059411 0.179507 0.067864 0.092926 
0.077554 0.133271 0.187309 0.193968 0.144481 0.098283 0.080649 0.084486 
0.107754 0.056252 0.217211 0.133882 0.104293 0.065448 0.192841 0.122320 
0.072601 0.168520 0.114035 0.072143 0.198904 0.220412 0.072924 0.080461 
0.032040 0.236029 0.096880 0.052105 0.261030 0.240977 0.045088 0.035850 
0.088295 0.128589 0.133364 0.099628 0.212933 0.138527 0.092521 0.106143 
0.058615 0.116772 0.117355 0.111702 0.191804 0.143817 0.128115 0.131820 
0.073850 0.141423 0.124752 0.121920 0.185785 0.167476 0.103403 0.081391 
0.069929 0.143507 0.154026 0.091015 0.184789 0.204148 0.070824 0.081762 
0.081785 0.163770 0.139896 0.083671 0.213568 0.156471 0.085101 0.075737 
0.057588 0.147860 0.125733 0.087689 0.217428 0.217422 0.080088 0.066193 
0.113210 0.106480 0.142251 0.116874 0.178964 0.126406 0.114290 0.101524 
0.076133 0.159194 0.121055 0.094062 0.201686 0.147237 0.120436 0.080198 
0.344913 0.067267 0.179818 0.079429 0.074828 0.125604 0.041352 0.086789 
0.069308 0.156983 0.104494 0.146631 0.199379 0.119311 0.113531 0.090362 
0.063272 0.147917 0.151186 0.075352 0.211851 0.203147 0.081259 0.066017 
0.071022 0.203264 0.121983 0.081398 0.194514 0.171285 0.077538 0.078996 
0.072894 0.265379 0.126288 0.043992 0.178160 0.206791 0.048803 0.057693 
0.317312 0.071824 0.165192 0.084574 0.077217 0.132681 0.061139 0.090062 
0.078844 0.090318 0.078666 0.164033 0.094892 0.096117 0.237823 0.159307 
0.052610 0.175566 0.122490 0.086140 0.216100 0.216303 0.064044 0.066748 
0.066552 0.155168 0.120981 0.094474 0.221870 0.169285 0.093455 0.078215 
0.283368 0.074352 0.182213 0.073995 0.076837 0.182844 0.052112 0.074278 
0.082586 0.146594 0.141406 0.093879 0.188154 0.206480 0.076524 0.064376 
0.053355 0.178995 0.115727 0.092792 0.241123 0.192278 0.055780 0.069950 
0.075893 0.181105 0.125856 0.087888 0.192285 0.180146 0.070017 0.086809 
0.176216 0.188785 0.122026 0.057222 0.182736 0.139046 0.057185 0.076786 
0.058185 0.175436 0.098144 0.083023 0.201125 0.163368 0.148519 0.072201 
0.092707 0.105860 0.144895 0.085447 0.203393 0.148220 0.130325 0.089155 
0.072891 0.146504 0.146565 0.068316 0.236097 0.161345 0.095628 0.072654 
0.040291 0.215716 0.105601 0.050727 0.271118 0.255754 0.028918 0.031875 
0.071644 0.191094 0.121083 0.076033 0.234541 0.165520 0.070513 0.069572 
0.132179 0.074798 0.171242 0.130732 0.141994 0.095512 0.119779 0.133765 
0.276812 0.054675 0.209684 0.065904 0.053688 0.186837 0.055318 0.097083 
0.189996 0.097577 0.211312 0.069608 0.072896 0.195379 0.071254 0.091979 
0.063774 0.180855 0.120089 0.080873 0.235226 0.211404 0.054846 0.052933 
0.061415 0.127085 0.146388 0.104130 0.227977 0.201059 0.072748 0.059197 
0.062617 0.199932 0.152462 0.082577 0.181670 0.165087 0.077363 0.078291 
0.073665 0.199982 0.100066 0.070157 0.225691 0.149209 0.057283 0.123946 
0.049953 0.176040 0.122378 0.099743 0.210155 0.198431 0.057647 0.085653 
0.056498 0.145704 0.133611 0.077618 0.228496 0.169065 0.087726 0.101281 
0.094279 0.090362 0.158712 0.115420 0.159528 0.186883 0.086715 0.108101 
0.073018 0.142215 0.147019 0.088162 0.204973 0.185999 0.086021 0.072594 
0.059020 0.221444 0.110879 0.069090 0.241386 0.141009 0.079320 0.077852 
0.279941 0.066671 0.175045 0.083586 0.068026 0.177478 0.061638 0.087614 
0.040060 0.158332 0.127139 0.110368 0.165063 0.238698 0.084346 0.075994 
0.065302 0.124946 0.127136 0.105053 0.208028 0.180136 0.088535 0.100863 
0.064380 0.110214 0.084877 0.132131 0.176054 0.126935 0.203885 0.101524 
0.109032 0.094673 0.272096 0.129301 0.061359 0.041999 0.185859 0.105681 
large_intestine
0.044567 0.216087 0.106016 0.095898 0.217045 0.154545 0.099390 0.066453 
0.048911 0.249525 0.093202 0.095766 0.194633 0.154609 0.090003 0.073352 
0.062169 0.109244 0.126565 0.152697 0.186854 0.097772 0.147357 0.117342 
0.064367 0.110079 0.129435 0.156447 0.162987 0.139477 0.121722 0.115487 
0.052838 0.138542 0.135286 0.122816 0.153145 0.139829 0.118370 0.139174 
0.043908 0.221049 0.098564 0.063378 0.213446 0.171207 0.107458 0.080991 
0.314184 0.078770 0.193608 0.071335 0.049549 0.154783 0.042232 0.095539 
0.048605 0.256953 0.104244 0.072105 0.242305 0.170395 0.060568 0.044825 
0.062031 0.198656 0.112955 0.080066 0.212558 0.190488 0.088546 0.054700 
0.026966 0.253724 0.096456 0.059443 0.268930 0.233832 0.031513 0.029136 
0.029006 0.218509 0.104875 0.058240 0.269128 0.243247 0.040892 0.036103 
0.049064 0.299378 0.115954 0.074649 0.199093 0.124220 0.078843 0.058799 
0.055010 0.274305 0.103668 0.077201 0.202066 0.133924 0.079081 0.074745 
0.052132 0.231717 0.108371 0.042246 0.261763 0.208620 0.051276 0.043875 
0.065558 0.321994 0.114643 0.074560 0.181588 0.097075 0.086024 0.058558 
0.041465 0.231175 0.097770 0.083582 0.219327 0.189757 0.078720 0.058203 
0.075611 0.178438 0.127948 0.103742 0.190148 0.116492 0.132953 0.074667 
0.041726 0.198317 0.112179 0.093469 0.223351 0.176471 0.088905 0.065583 
0.031828 0.257736 0.085707 0.065783 0.258090 0.207255 0.046802 0.046799 
0.049784 0.165598 0.105906 0.112309 0.280116 0.130324 0.072298 0.083666 
0.055893 0.267283 0.100914 0.083183 0.198846 0.136361 0.087874 0.069645 
0.269519 0.085523 0.142868 0.082007 0.061332 0.104488 0.087943 0.166320 
0.060984 0.123689 0.115711 0.163622 0.171912 0.123468 0.121714 0.118900 
0.056187 0.214396 0.114659 0.066614 0.213791 0.200753 0.070271 0.063329 
0.078439 0.156786 0.162917 0.111489 0.128513 0.150751 0.110539 0.100566 
0.082609 0.197257 0.114659 0.085952 0.241729 0.133085 0.067094 0.077614 
0.064093 0.209415 0.103244 0.086230 0.263082 0.181474 0.068131 0.024332 
0.049279 0.129520 0.123244 0.109924 0.215075 0.139144 0.130992 0.102822 
0.065666 0.180911 0.114182 0.117735 0.223739 0.169276 0.064908 0.063582 
0.055635 0.177861 0.123034 0.127892 0.210249 0.107597 0.112235 0.085496 
0.075939 0.130840 0.102983 0.179044 0.114791 0.146011 0.144374 0.106017 
0.062053 0.161177 0.122605 0.093411 0.236087 0.220711 0.045365 0.058592 
0.085159 0.098054 0.160451 0.133640 0.114909 0.167409 0.128284 0.112095 
0.053814 0.166751 0.103249 0.086598 0.205090 0.133006 0.153282 0.098211 
0.096412 0.080457 0.143539 0.138058 0.123697 0.204432 0.116316 0.097089 
0.104019 0.144539 0.098632 0.134700 0.136492 0.138074 0.123955 0.119589 
0.058365 0.216484 0.113375 0.095961 0.229619 0.165716 0.064850 0.055631 
0.058970 0.195477 0.101646 0.094667 0.236191 0.157953 0.099821 0.055277 
0.046133 0.195108 0.105641 0.059300 0.246219 0.208298 0.082161 0.057140 
0.039735 0.176090 0.090665 0.103881 0.220404 0.154777 0.131002 0.083446 
0.088215 0.139160 0.116376 0.137416 0.167148 0.116016 0.093180 0.142489 
0.081924 0.127971 0.117543 0.154743 0.154868 0.141405 0.096506 0.125041 
0.095446 0.160151 0.108823 0.123370 0.218606 0.112609 0.105596 0.075400 
0.058501 0.137043 0.091275 0.146943 0.177245 0.083833 0.216061 0.089099 
0.065884 0.133542 0.092926 0.145380 0.172914 0.085690 0.212840 0.090824 
0.068168 0.136215 0.137962 0.147754 0.162506 0.146853 0.114443 0.086099 
0.058391 0.220037 0.113663 0.082759 0.198139 0.188147 0.069650 0.069214 
0.245135 0.069725 0.175172 0.088405 0.052080 0.130070 0.095687 0.143726 
0.063783 0.180505 0.128081 0.108223 0.178437 0.158832 0.104833 0.077307 
0.083992 0.171471 0.092371 0.125696 0.251493 0.119368 0.087053 0.068556 
0.077687 0.176631 0.125735 0.096401 0.184936 0.152118 0.108215 0.078276 
0.102124 0.166319 0.104400 0.123726 0.222976 0.110393 0.095847 0.074215 
0.094894 0.192595 0.106427 0.105981 0.223135 0.109664 0.092982 0.074322 
0.081852 0.108385 0.170945 0.118988 0.127373 0.162581 0.132380 0.097496 
0.089670 0.122588 0.154001 0.180147 0.128023 0.101767 0.108386 0.115418 
0.069247 0.103479 0.122157 0.133657 0.192771 0.210297 0.082739 0.085654 
0.117365 0.153890 0.105053 0.194237 0.113721 0.125702 0.108498 0.081535 
0.216176 0.146172 0.165465 0.061559 0.087856 0.151884 0.082865 0.088023 
0.092877 0.127043 0.104714 0.186415 0.143084 0.110531 0.098085 0.137251 
0.048425 0.040575 0.083225 0.410770 0.113135 0.043420 0.148578 0.111871 
0.254419 0.098652 0.150126 0.082785 0.090883 0.136886 0.077707 0.108540 
0.049430 0.223582 0.116796 0.080391 0.238294 0.190023 0.050170 0.051313 
0.052131 0.224438 0.115312 0.080375 0.234191 0.191303 0.051608 0.050643 
0.047837 0.207533 0.113849 0.080486 0.221384 0.183907 0.082045 0.062958 
0.045980 0.214900 0.118205 0.088078 0.214433 0.175704 0.082379 0.060321 
0.071801 0.128291 0.114919 0.135953 0.141394 0.149552 0.130644 0.127446 
0.065432 0.132966 0.116689 0.136236 0.147627 0.149518 0.128300 0.123232 
0.065504 0.145346 0.122591 0.130703 0.144396 0.146387 0.133159 0.111913 
0.065401 0.157299 0.117242 0.122203 0.147336 0.151179 0.130710 0.108631 
0.068209 0.140239 0.130818 0.121165 0.166533 0.129375 0.126285 0.117376 
0.054238 0.230853 0.095232 0.066929 0.175092 0.139363 0.154375 0.083917 
0.124857 0.130414 0.117989 0.112352 0.164715 0.122518 0.116258 0.110898 
0.055559 0.197069 0.106149 0.088461 0.203876 0.157022 0.105193 0.086671 
0.088255 0.288211 0.105239 0.060562 0.170581 0.133140 0.088076 0.065935 
0.068919 0.237671 0.115180 0.083861 0.181242 0.125285 0.117295 0.070547 
0.073360 0.246593 0.102647 0.096140 0.194960 0.132917 0.083835 0.069549 
0.061420 0.180622 0.124278 0.076340 0.216110 0.195496 0.087568 0.058165 
0.063545 0.223540 0.098764 0.101597 0.183126 0.121508 0.127208 0.080713 
0.066994 0.228967 0.098633 0.105165 0.179439 0.123396 0.117462 0.079944 
0.115197 0.136648 0.134156 0.105178 0.186243 0.142545 0.094404 0.085629 
0.082613 0.169887 0.104636 0.155904 0.162536 0.134241 0.087340 0.102843 
0.074108 0.121807 0.126887 0.134698 0.154685 0.152350 0.118730 0.116736 
0.286719 0.154025 0.132854 0.078553 0.106121 0.127001 0.059188 0.055540 
0.071785 0.132020 0.116072 0.136598 0.175800 0.112037 0.145528 0.110160 
0.089390 0.122683 0.125580 0.150234 0.147329 0.139698 0.118104 0.106982 
0.076385 0.313671 0.101144 0.051202 0.198595 0.155586 0.058299 0.045118 
0.059606 0.092008 0.140478 0.109431 0.192025 0.183527 0.114570 0.108354 
0.077370 0.100366 0.163072 0.165047 0.152722 0.136852 0.110066 0.094505 
0.057996 0.207377 0.113490 0.083717 0.225888 0.196795 0.064878 0.049858 
0.068459 0.172524 0.121649 0.099446 0.202806 0.156149 0.089926 0.089042 
0.098370 0.106453 0.124687 0.169324 0.179482 0.121359 0.095359 0.104966 
0.090019 0.072097 0.155988 0.175013 0.163944 0.138009 0.098220 0.106711 
0.083891 0.142611 0.108009 0.158105 0.161665 0.188779 0.096939 0.059999 
0.142895 0.101795 0.147404 0.190886 0.174882 0.098883 0.070038 0.073217 
0.092814 0.176730 0.119791 0.094906 0.184826 0.160437 0.090367 0.080131 
0.115319 0.118436 0.108923 0.168349 0.143188 0.088710 0.141830 0.115245 
0.120035 0.127664 0.122870 0.133369 0.128150 0.108141 0.109556 0.150216 
0.089797 0.101550 0.146150 0.181549 0.117916 0.111379 0.110845 0.140813 
0.042545 0.218814 0.110183 0.101493 0.172354 0.162018 0.115890 0.076703 
0.051163 0.106249 0.184262 0.041301 0.212587 0.314504 0.052121 0.037813 
0.090786 0.158812 0.127088 0.038337 0.217510 0.245184 0.072823 0.049461 
0.048216 0.102187 0.152212 0.075465 0.261300 0.249892 0.053236 0.057492 
0.049338 0.172198 0.102759 0.070012 0.209350 0.220929 0.122772 0.052641 
0.043830 0.212800 0.100765 0.050159 0.241524 0.237708 0.052116 0.061097 
0.049940 0.136519 0.151287 0.065970 0.190627 0.279010 0.055382 0.071263 
0.196049 0.113708 0.174881 0.063736 0.085898 0.173544 0.090407 0.101776 
0.041065 0.191913 0.105631 0.119179 0.163005 0.112398 0.154927 0.111881 
0.062315 0.247124 0.104596 0.094568 0.183080 0.175237 0.080046 0.053035 
0.053716 0.192828 0.103664 0.092594 0.206668 0.159044 0.129075 0.062411 
0.055526 0.208908 0.114971 0.097692 0.201970 0.158912 0.091110 0.070910 
0.031232 0.233707 0.099653 0.063650 0.230433 0.211296 0.077462 0.052567 
0.053677 0.191907 0.107073 0.076872 0.209128 0.185602 0.106294 0.069447 
0.060245 0.195883 0.112544 0.077290 0.213492 0.210040 0.071947 0.058560 
0.062692 0.244537 0.109491 0.085043 0.156531 0.164985 0.122104 0.054617 
0.050917 0.233586 0.105925 0.071044 0.214204 0.172234 0.086669 0.065421 
0.061272 0.196816 0.102862 0.073249 0.236293 0.175800 0.086565 0.067143 
0.053994 0.202860 0.102313 0.080667 0.231273 0.207947 0.064129 0.056815 
0.044282 0.189674 0.115543 0.096964 0.229795 0.170881 0.075954 0.076908 
0.070656 0.154231 0.110353 0.098395 0.196064 0.183399 0.105626 0.081274 
0.052159 0.221120 0.106371 0.069179 0.230417 0.193223 0.070861 0.056670 
0.057225 0.209301 0.105707 0.071051 0.209485 0.203726 0.088499 0.055007 
0.046244 0.183542 0.119529 0.067463 0.225668 0.213894 0.080037 0.063623 
0.032172 0.122696 0.135912 0.089081 0.224609 0.285024 0.056174 0.054333 
0.072518 0.176544 0.113632 0.087200 0.216368 0.188057 0.074097 0.071585 
0.035213 0.260180 0.096476 0.057908 0.232413 0.223082 0.048218 0.046511 
0.055682 0.186567 0.110363 0.074416 0.214369 0.216216 0.076544 0.065842 
0.059262 0.110571 0.184490 0.228650 0.151122 0.058408 0.102059 0.105436 
0.064286 0.138700 0.114245 0.135133 0.179593 0.204614 0.071712 0.091717 
0.092602 0.183563 0.103068 0.085857 0.210968 0.159603 0.075708 0.088631 
0.033700 0.206123 0.109663 0.090686 0.203845 0.180209 0.095153 0.080622 
0.044498 0.218888 0.099115 0.068169 0.218011 0.250034 0.056915 0.044369 
0.050189 0.211363 0.125969 0.073722 0.213877 0.141886 0.101391 0.081603 
0.073499 0.233654 0.097955 0.074773 0.157040 0.202244 0.092965 0.067870 
0.038005 0.117575 0.137874 0.042152 0.274860 0.313699 0.029293 0.046541 
0.061187 0.198534 0.093511 0.093997 0.204894 0.152605 0.109457 0.085814 
0.056336 0.214884 0.130455 0.096645 0.187293 0.173868 0.066128 0.074390 
0.054024 0.172392 0.120941 0.090288 0.202691 0.147270 0.117356 0.095039 
0.078483 0.195427 0.102554 0.092692 0.190209 0.198772 0.055780 0.086083 
0.070930 0.192526 0.111398 0.076301 0.196924 0.167201 0.106544 0.078176 
0.280618 0.091422 0.174070 0.064039 0.082629 0.153075 0.053165 0.100981 
0.051843 0.175553 0.117406 0.071635 0.200381 0.214496 0.095700 0.072987 
0.082350 0.127491 0.109057 0.181322 0.129195 0.106251 0.158886 0.105449 
0.048618 0.065130 0.145758 0.053242 0.295223 0.300466 0.042966 0.048597 
0.068954 0.204252 0.123255 0.076628 0.241923 0.185131 0.055779 0.044077 
0.056220 0.209432 0.108840 0.083887 0.220447 0.142549 0.115785 0.062841 
0.066873 0.091214 0.145552 0.121572 0.214226 0.167630 0.121124 0.071808 
0.283536 0.093004 0.175974 0.074065 0.079403 0.143988 0.053802 0.096226 
0.046001 0.170663 0.114872 0.069278 0.242837 0.217358 0.074830 0.064162 
0.052913 0.172643 0.104608 0.092313 0.241654 0.164176 0.095409 0.076283 
0.047092 0.198590 0.099246 0.045518 0.264781 0.261073 0.043551 0.040149 
0.069124 0.220794 0.101852 0.079787 0.224100 0.159095 0.086964 0.058286 
0.281654 0.093345 0.219639 0.054011 0.062792 0.169518 0.040259 0.078783 
0.066818 0.131145 0.139847 0.123823 0.155306 0.154189 0.119351 0.109520 
0.063324 0.172866 0.115787 0.102268 0.197337 0.135391 0.122619 0.090409 
0.061442 0.243092 0.111812 0.083290 0.210969 0.128240 0.101638 0.059516 
0.063024 0.168993 0.155684 0.101845 0.124303 0.138450 0.138844 0.108858 
0.083222 0.151395 0.156399 0.113949 0.107063 0.110281 0.140342 0.137349 
0.058937 0.271114 0.115397 0.082587 0.185136 0.149086 0.074983 0.062759 
0.080047 0.226065 0.108025 0.094588 0.188518 0.108008 0.117025 0.077723 
0.053018 0.244483 0.109702 0.082855 0.213787 0.177597 0.061432 0.057125 
0.051650 0.222260 0.107929 0.080475 0.212550 0.188654 0.063644 0.072837 
0.053213 0.205054 0.107501 0.088147 0.211717 0.130654 0.119057 0.084656 
0.273746 0.116635 0.164412 0.068655 0.096577 0.128837 0.073586 0.077554 
0.207861 0.106835 0.197643 0.059368 0.072919 0.191899 0.072716 0.090759 
0.286408 0.122544 0.135552 0.071219 0.120917 0.124678 0.063918 0.074764 
0.044855 0.224173 0.124114 0.087550 0.210207 0.178389 0.065262 0.065450 
0.062106 0.200750 0.102879 0.096831 0.215012 0.188097 0.080928 0.053398 
0.062651 0.197288 0.099376 0.121906 0.204212 0.146869 0.089580 0.078119 
0.105434 0.164289 0.102052 0.093491 0.219360 0.114252 0.121793 0.079327 
0.051905 0.178282 0.110631 0.133400 0.189844 0.198862 0.069277 0.067799 
0.322160 0.096089 0.151476 0.071938 0.067423 0.125020 0.068568 0.097325 
0.318305 0.081731 0.165867 0.073992 0.086323 0.153912 0.045864 0.074007 
0.050614 0.187408 0.111383 0.116138 0.161069 0.137335 0.145149 0.090904 
0.073246 0.136362 0.104447 0.125889 0.165069 0.132920 0.149638 0.112428 
0.068542 0.111169 0.115258 0.134147 0.161458 0.146564 0.144360 0.118501 
0.048418 0.209008 0.118631 0.070268 0.209446 0.190517 0.083866 0.069846 
0.061007 0.151889 0.140129 0.154655 0.145953 0.101582 0.125535 0.119250 
0.064831 0.177571 0.118683 0.100809 0.183698 0.148216 0.107832 0.098360 
0.061098 0.182709 0.139279 0.124441 0.134636 0.127828 0.099893 0.130116 
0.228211 0.124741 0.171952 0.066745 0.078907 0.162359 0.078710 0.088374 
0.052847 0.170129 0.121641 0.095012 0.190856 0.189432 0.094696 0.085388 
0.061598 0.261590 0.107162 0.068908 0.205658 0.166192 0.067663 0.061229 
0.047934 0.245165 0.102922 0.060126 0.260155 0.218699 0.029722 0.035277 
0.253567 0.075210 0.152714 0.094105 0.077691 0.131723 0.090896 0.124094 
0.292406 0.075357 0.173309 0.076716 0.059458 0.133435 0.062934 0.126385 
0.071659 0.159123 0.110120 0.165368 0.146010 0.075328 0.144834 0.127559 
0.062646 0.146587 0.148674 0.111309 0.181785 0.136266 0.133666 0.079068 
0.093440 0.182036 0.117607 0.158141 0.140230 0.114890 0.083639 0.110018 
0.108134 0.141078 0.101678 0.093307 0.183148 0.179570 0.125675 0.067410 
0.043499 0.195610 0.111138 0.081780 0.223435 0.214404 0.067291 0.062844 
0.053062 0.197594 0.120934 0.060603 0.206502 0.207412 0.083637 0.070256 
0.065623 0.188607 0.101870 0.091584 0.233745 0.174469 0.089084 0.055017 
0.050419 0.244937 0.108432 0.049266 0.241538 0.236026 0.036656 0.032726 
0.052875 0.172727 0.120870 0.104764 0.196104 0.137975 0.141814 0.072870 
0.030500 0.203303 0.097338 0.033766 0.283716 0.291974 0.040309 0.019094 
0.054988 0.206509 0.099666 0.075624 0.227657 0.219106 0.070906 0.045544 
0.052508 0.201936 0.110341 0.059337 0.261384 0.213163 0.044342 0.056989 
0.063892 0.192497 0.135923 0.098679 0.146036 0.166643 0.113689 0.082640 
0.048664 0.275194 0.136244 0.062885 0.189058 0.175977 0.050642 0.061336 
0.064575 0.212695 0.116497 0.086197 0.196655 0.186767 0.076541 0.060073 
0.059921 0.272741 0.115978 0.067725 0.209059 0.159994 0.058820 0.055761 
0.078458 0.349455 0.105509 0.064390 0.181897 0.147193 0.038496 0.034603 
0.090385 0.199070 0.096400 0.141244 0.117852 0.118009 0.159706 0.077334 
0.079107 0.141614 0.139338 0.160670 0.152633 0.108688 0.159730 0.058220 
0.061764 0.271855 0.117928 0.082477 0.210221 0.150064 0.057122 0.048568 
0.038839 0.269701 0.096842 0.057633 0.241804 0.205843 0.052584 0.036753 
0.211271 0.105098 0.257842 0.038818 0.053402 0.240255 0.034783 0.058531 
0.059920 0.209759 0.113268 0.092453 0.226376 0.175371 0.081155 0.041699 
0.060911 0.205689 0.128380 0.083528 0.194273 0.159851 0.095094 0.072274 
0.064243 0.327529 0.111369 0.052656 0.189600 0.144295 0.060873 0.049435 
0.298400 0.075772 0.171295 0.076676 0.071167 0.136289 0.060852 0.109548 
0.086058 0.183156 0.119098 0.115228 0.157913 0.136727 0.103717 0.098103 
0.060829 0.172454 0.130737 0.086632 0.196871 0.193377 0.089287 0.069814 
0.061690 0.215776 0.120194 0.102321 0.220510 0.138512 0.090147 0.050850 
0.046325 0.186879 0.087694 0.051831 0.293115 0.243613 0.047399 0.043144 
0.074187 0.173144 0.119494 0.121168 0.144765 0.163040 0.109570 0.094632 
0.065745 0.203655 0.108269 0.072663 0.222591 0.231167 0.055350 0.040560 
0.068856 0.169501 0.127007 0.119103 0.155266 0.150730 0.131187 0.078349 
0.042909 0.206353 0.114553 0.077734 0.236996 0.193664 0.071915 0.055874 
0.065648 0.204638 0.102844 0.097838 0.212389 0.148884 0.102833 0.064928 
0.073044 0.233444 0.116834 0.078600 0.216114 0.182937 0.053098 0.045930 
0.056644 0.201626 0.120381 0.048726 0.225787 0.200853 0.082452 0.063531 
0.023901 0.196071 0.110311 0.066850 0.252619 0.265019 0.047912 0.037317 
0.090403 0.132368 0.117555 0.157854 0.128188 0.124931 0.143257 0.105444 
0.112928 0.122630 0.119448 0.171019 0.148202 0.120447 0.118851 0.086476 
0.070542 0.290344 0.092807 0.069453 0.201375 0.125562 0.089009 0.060909 
0.057576 0.240936 0.116804 0.092702 0.188852 0.130710 0.106358 0.066061 
0.033658 0.232924 0.094631 0.052625 0.236522 0.258458 0.054084 0.037098 
0.052984 0.218240 0.117373 0.077005 0.217698 0.184806 0.075824 0.056069 
0.082141 0.100280 0.120587 0.172979 0.162155 0.140913 0.110658 0.110287 
0.063195 0.203887 0.113163 0.072447 0.228294 0.192552 0.073643 0.052820 
0.215738 0.106026 0.156147 0.080976 0.077650 0.154222 0.107478 0.101764 
0.062620 0.216721 0.109248 0.075328 0.215131 0.185140 0.073536 0.062276 
0.055717 0.206618 0.101721 0.074607 0.230715 0.226646 0.055245 0.048731 
0.054729 0.198994 0.107377 0.092892 0.215979 0.144040 0.097669 0.088322 
0.058784 0.236269 0.092157 0.139417 0.101361 0.072872 0.184479 0.114661 
liver
0.020860 0.026916 0.015436 0.549207 0.045694 0.008471 0.250443 0.082971 
0.070536 0.100575 0.329004 0.161567 0.109210 0.040397 0.072839 0.115873 
0.215875 0.114291 0.149201 0.077930 0.140427 0.068233 0.135031 0.099012 
0.072971 0.079275 0.157256 0.206134 0.175339 0.055006 0.151926 0.102093 
0.036807 0.257274 0.108060 0.067520 0.220452 0.176928 0.081131 0.051828 
0.041523 0.236289 0.085572 0.058353 0.206865 0.243216 0.075486 0.052697 
0.038258 0.240646 0.096876 0.064107 0.200369 0.236612 0.069342 0.053790 
0.076988 0.078260 0.153728 0.217261 0.097009 0.055092 0.133706 0.187957 
0.080365 0.065313 0.115128 0.173536 0.093177 0.095562 0.215908 0.161010 
0.031057 0.084945 0.365187 0.169108 0.093212 0.047730 0.105072 0.103690 
0.060936 0.089079 0.161473 0.235227 0.135265 0.054068 0.139374 0.124579 
0.065398 0.059060 0.146570 0.281292 0.113519 0.052832 0.130799 0.150529 
0.047445 0.066722 0.190945 0.227740 0.131976 0.052363 0.139573 0.143237 
0.078947 0.072070 0.361539 0.138882 0.054317 0.045889 0.088133 0.160222 
0.102889 0.088255 0.165454 0.284118 0.073388 0.048115 0.109282 0.128498 
0.089721 0.128308 0.128386 0.211718 0.140566 0.074085 0.125553 0.101662 
0.089097 0.070463 0.224271 0.209951 0.127066 0.029573 0.113196 0.136383 
0.063250 0.056152 0.146503 0.257844 0.113171 0.090637 0.124757 0.147686 
0.067992 0.119000 0.360597 0.143159 0.060889 0.050732 0.059104 0.138528 
0.066840 0.078887 0.241624 0.201171 0.114764 0.103487 0.119178 0.074048 
0.091394 0.055297 0.162757 0.239970 0.080576 0.044764 0.163362 0.161880 
0.071528 0.074996 0.114889 0.227553 0.068838 0.056217 0.184799 0.201180 
0.056613 0.089346 0.383734 0.187059 0.054878 0.057184 0.074944 0.096243 
0.094984 0.102788 0.147600 0.145912 0.154837 0.091540 0.108923 0.153416 
0.065050 0.082423 0.139024 0.199925 0.100558 0.074763 0.170606 0.167652 
0.070028 0.119905 0.110850 0.138882 0.139826 0.136107 0.149047 0.135356 
0.072718 0.095618 0.100639 0.186753 0.101492 0.043311 0.181149 0.218319 
0.075349 0.090025 0.159183 0.218864 0.133973 0.088465 0.117874 0.116267 
0.060203 0.105561 0.136341 0.148629 0.141960 0.106745 0.142340 0.158220 
0.121530 0.060691 0.134429 0.170665 0.091539 0.141290 0.173152 0.106703 
0.072765 0.060928 0.171547 0.256748 0.076551 0.035076 0.142725 0.183660 
0.091674 0.080059 0.103485 0.240946 0.111497 0.083470 0.161880 0.126989 
0.074298 0.117458 0.110498 0.245623 0.071040 0.062989 0.188758 0.129335 
0.089019 0.065412 0.158154 0.246939 0.106402 0.056225 0.100206 0.177643 
0.094667 0.057737 0.094371 0.275308 0.062415 0.037137 0.203269 0.175097 
0.211809 0.127178 0.143476 0.060390 0.141370 0.079456 0.147789 0.088531 
0.051761 0.068701 0.215246 0.217680 0.121956 0.039613 0.143029 0.142013 
0.024747 0.019320 0.037824 0.489967 0.057501 0.030604 0.211616 0.128421 
0.031850 0.033088 0.030963 0.498266 0.052804 0.021605 0.199157 0.132267 
0.020410 0.022266 0.056223 0.547596 0.048312 0.016116 0.202847 0.086232 
0.020850 0.025274 0.065634 0.510798 0.037510 0.021853 0.208099 0.109983 
0.031438 0.024967 0.052606 0.565971 0.053708 0.013425 0.180938 0.076948 
0.049847 0.092657 0.336232 0.173386 0.086006 0.022567 0.076763 0.162541 
0.059831 0.197459 0.137487 0.115667 0.169253 0.179671 0.077617 0.063014 
0.056460 0.177866 0.158451 0.140246 0.142694 0.161811 0.088060 0.074411 
0.053374 0.043328 0.065011 0.453239 0.072787 0.028595 0.186168 0.097497 
0.036062 0.077055 0.089570 0.368493 0.099858 0.045191 0.156124 0.127647 
0.066578 0.102003 0.246724 0.241537 0.099816 0.034344 0.107014 0.101984 
0.193798 0.133054 0.137338 0.097435 0.130464 0.087361 0.142399 0.078151 
0.192115 0.129950 0.134054 0.097435 0.129296 0.089702 0.149330 0.078118 
0.053100 0.204840 0.105166 0.081314 0.179617 0.183301 0.122344 0.070319 
0.052616 0.202703 0.113120 0.079571 0.176869 0.177789 0.131597 0.065735 
0.068339 0.201358 0.109837 0.081961 0.177928 0.168736 0.133764 0.058077 
0.039598 0.171021 0.111960 0.087457 0.265140 0.156661 0.106016 0.062146 
0.057014 0.187597 0.127850 0.094200 0.211203 0.150745 0.097876 0.073516 
