-10100843.073845
0
0.000000 0.000000 0.000000 0.000000 0.027848 0.000000 0.000000 0.000000 0.000000 0.000000 0.000000 0.000000 0.000000 0.000000 0.000000 0.000000 0.000000 0.017938 0.070963 0.000000 0.000000 0.000000 0.000000 0.038488 0.000000 0.000000 0.000000 0.000000 0.000000 0.000000 0.000000 0.000000 0.000000 0.000000 0.000000 0.000000 0.000000 0.000000 0.000000 0.000000 0.000000 0.000000 0.000000 0.000000 0.000000 0.000000 0.000000 0.000000 0.000000 0.000000 0.000000 0.000000 0.000000 0.000000 0.000000 0.000000 0.000000 0.000000 0.000000 0.000000 0.000000 0.000000 0.000000 0.000000 0.113292 0.000000 0.000000 0.000000 0.013549 0.000000 0.000000 0.000000 0.000000 0.000000 0.000000 0.452546 0.000000 0.000000 0.000000 0.000000 0.000000 0.000000 0.116563 0.148782 0.000000 0.000000 0.000000 0.000000 0.000000 0.000000 0.000000 0.000000 0.000000 0.000000 0.000000 0.000000 
0.000000 0.000000 0.000000 0.000000 0.000000 0.000000 0.000000 0.000000 0.000000 0.000000 0.000000 0.000000 0.000000 0.000000 0.000000 0.000000 0.000000 0.000000 0.000000 0.000000 0.011691 0.000000 0.000000 0.000000 0.000000 0.000000 0.000000 0.000000 0.000000 0.000000 0.000000 0.000000 0.000000 0.000000 0.000000 0.000000 0.000000 0.000000 0.000000 0.000000 0.000000 0.000000 0.000000 0.000000 0.006299 0.000000 0.000000 0.000000 0.000000 0.000000 0.000000 0.000000 0.000000 0.000000 0.000000 0.000000 0.000000 0.000000 0.842841 0.000000 0.000000 0.000000 0.027466 0.000000 0.000000 0.000000 0.070931 0.000000 0.000000 0.000000 0.000000 0.040688 0.000000 0.000000 0.000000 0.000000 0.000000 0.000000 0.000000 0.000000 0.000000 0.000000 0.000052 0.000000 0.000000 0.000000 0.000000 0.000000 0.000000 0.000000 0.000000 0.000000 0.000000 0.000000 0.000000 0.000000 
0.000000 0.000000 0.000000 0.000000 0.000000 0.000000 0.000000 0.000000 0.000000 0.000000 0.000000 0.000000 0.000000 0.000000 0.000000 0.000000 0.000000 0.000000 0.000000 0.000000 0.000000 0.000000 0.000000 0.000000 0.000000 0.000000 0.082023 0.000000 0.000000 0.000000 0.000000 0.000000 0.000000 0.586778 0.000000 0.000000 0.000000 0.000000 0.000000 0.000000 0.000000 0.077086 0.000000 0.000000 0.000000 0.000000 0.000000 0.000000 0.000000 0.074883 0.000000 0.000000 0.000000 0.038864 0.000000 0.000000 0.000000 0.000000 0.000000 0.000000 0.000000 0.000000 0.000000 0.000000 0.000000 0.000000 0.000000 0.000000 0.000000 0.000000 0.000000 0.000000 0.104068 0.000000 0.000000 0.000000 0.000000 0.000000 0.000000 0.000000 0.000000 0.000000 0.011118 0.000000 0.000000 0.000000 0.000000 0.025150 0.000000 0.000000 0.000000 0.000000 0.000000 0.000000 0.000000 0.000000 
0.000000 0.000000 0.000000 0.000000 0.000000 0.000000 0.000000 0.000000 0.000000 0.000000 0.398427 0.000000 0.000000 0.000000 0.000000 0.000000 0.000000 0.046365 0.000000 0.000000 0.000000 0.000000 0.000000 0.000000 0.000000 0.000000 0.000000 0.000000 0.000000 0.000000 0.000000 0.030743 0.376314 0.000000 0.000000 0.000000 0.000000 0.000000 0.000000 0.000000 0.000000 0.000000 0.000000 0.000000 0.003566 0.030801 0.000000 0.000000 0.000000 0.000000 0.000000 0.000000 0.000000 0.000000 0.000000 0.027944 0.000000 0.000000 0.000000 0.000000 0.000000 0.000000 0.000000 0.000000 0.000000 0.000000 0.000000 0.000000 0.000000 0.000000 0.000000 0.000000 0.000000 0.000000 0.000000 0.000000 0.000000 0.000000 0.000000 0.000000 0.000000 0.000000 0.000001 0.000000 0.000000 0.000000 0.018799 0.008870 0.000000 0.000000 0.000000 0.058142 0.000000 0.000000 0.000000 0.000000 
0.057510 0.000000 0.000000 0.000000 0.000000 0.000000 0.000000 0.000000 0.000000 0.000000 0.138000 0.000000 0.000000 0.000000 0.000000 0.000000 0.000000 0.000000 0.000000 0.000000 0.000000 0.000000 0.023624 0.000000 0.000000 0.000000 0.000000 0.244380 0.000000 0.000000 0.000000 0.000000 0.000000 0.000000 0.000000 0.000000 0.000000 0.000000 0.000000 0.000000 0.046019 0.000000 0.000000 0.000000 0.000000 0.000000 0.000000 0.000000 0.000000 0.000000 0.000000 0.000000 0.000000 0.000000 0.000000 0.000000 0.000000 0.247604 0.000000 0.000000 0.000000 0.000000 0.000000 0.019129 0.000000 0.097868 0.000000 0.000000 0.000000 0.000000 0.000000 0.000000 0.000000 0.000000 0.000000 0.000000 0.000000 0.000000 0.000000 0.000000 0.125837 0.000000 0.000001 0.000000 0.000000 0.000000 0.000000 0.000000 0.000000 0.000000 0.000000 0.000000 0.000000 0.000000 0.000000 0.000000 
0.000000 0.000000 0.000000 0.000000 0.000000 0.000000 0.000000 0.000000 0.000000 0.000000 0.000000 0.000000 0.000000 0.000000 0.000000 0.000000 0.000000 0.000000 0.000000 0.000000 0.000000 0.000000 0.000000 0.000000 0.000000 0.000000 0.000000 0.000000 0.000000 0.000000 0.000000 0.000000 0.000000 0.000000 0.000000 0.000000 0.000000 0.000000 0.000000 0.000000 0.000000 0.000000 0.000000 0.000000 0.000000 0.000000 0.000000 0.000000 0.000000 0.000000 0.000000 0.000000 0.000000 0.000000 0.000000 0.000000 0.000000 0.000000 0.000000 0.000000 0.000000 0.000000 0.000000 0.000000 0.000000 0.000000 0.000000 0.000000 0.000000 0.000000 0.000000 0.000000 0.000000 0.000000 0.000000 0.000000 0.000000 0.000000 0.000000 0.000000 0.000000 0.000000 0.999966 0.000000 0.000000 0.000000 0.000000 0.000000 0.000000 0.000000 0.000000 0.000000 0.000000 0.000000 0.000000 0.000000 
0.000000 0.000000 0.000000 0.000000 0.000000 0.000000 0.000000 0.024178 0.000000 0.000000 0.000000 0.000000 0.000000 0.000000 0.027760 0.035336 0.000000 0.000000 0.000000 0.000000 0.000000 0.000000 0.000000 0.000000 0.111029 0.000000 0.000000 0.000000 0.025752 0.000000 0.027596 0.000000 0.000000 0.000000 0.000000 0.000000 0.000000 0.033819 0.000000 0.034721 0.000000 0.000000 0.000000 0.000000 0.000000 0.000000 0.049333 0.085177 0.000000 0.000000 0.000000 0.000000 0.000000 0.000000 0.000000 0.000000 0.000000 0.165252 0.000000 0.000000 0.015531 0.000000 0.000000 0.000000 0.000000 0.000000 0.000000 0.123422 0.000000 0.000000 0.000000 0.000000 0.000000 0.000000 0.037455 0.000000 0.082478 0.000000 0.000000 0.000000 0.000000 0.000000 0.000001 0.000000 0.000000 0.000000 0.000000 0.000000 0.050012 0.071122 0.000000 0.000000 0.000000 0.000000 0.000000 0.000000 
0.000000 0.000000 0.000000 0.000000 0.000000 0.000000 0.000000 0.000000 0.000000 0.200313 0.000000 0.000000 0.021063 0.000000 0.000000 0.000000 0.072487 0.000000 0.000000 0.000000 0.000000 0.019687 0.000000 0.000000 0.000000 0.118940 0.000000 0.000000 0.000000 0.024818 0.000000 0.000000 0.000000 0.000000 0.000000 0.000000 0.000000 0.000000 0.000000 0.000000 0.000000 0.000000 0.153181 0.087888 0.000000 0.000000 0.000000 0.000000 0.000000 0.000000 0.000000 0.102490 0.000000 0.000000 0.000000 0.000000 0.000000 0.000000 0.000000 0.000000 0.000000 0.016369 0.000000 0.000000 0.000000 0.005708 0.000000 0.000000 0.000000 0.000000 0.000000 0.000000 0.000000 0.000000 0.000000 0.000000 0.000000 0.000000 0.000000 0.000000 0.000000 0.000000 0.031119 0.000000 0.000000 0.000000 0.000000 0.000000 0.000000 0.000000 0.000000 0.000000 0.000000 0.000000 0.022649 0.123261 
0.000000 0.046227 0.028964 0.000000 0.000000 0.022698 0.000000 0.000000 0.111628 0.000000 0.000000 0.112853 0.000000 0.030136 0.000000 0.000000 0.000000 0.000000 0.000000 0.058895 0.000000 0.000000 0.000000 0.000000 0.000000 0.000000 0.000000 0.000000 0.000000 0.000000 0.000000 0.000000 0.000000 0.000000 0.000456 0.000000 0.012867 0.000000 0.051585 0.000000 0.000000 0.000000 0.000000 0.000000 0.000000 0.000000 0.000000 0.000000 0.000000 0.000000 0.045623 0.000000 0.022463 0.000000 0.026736 0.000000 0.000000 0.000000 0.000000 0.000000 0.000000 0.007736 0.000000 0.000000 0.000000 0.000000 0.049431 0.000000 0.000000 0.000000 0.000000 0.000000 0.000000 0.097630 0.000000 0.000000 0.000000 0.051239 0.023876 0.101927 0.000000 0.000000 0.000001 0.000000 0.000000 0.000000 0.000000 0.000000 0.000000 0.000000 0.049451 0.000000 0.016085 0.031467 0.000000 0.000000 
0.000000 0.000000 0.000000 0.000000 0.000000 0.000000 0.000000 0.000000 0.000000 0.000000 0.000000 0.000000 0.000000 0.000000 0.000000 0.000000 0.000000 0.000000 0.000000 0.000000 0.000000 0.000000 0.000000 0.000000 0.000000 0.000000 0.000000 0.000000 0.000000 0.000000 0.000000 0.000000 0.000000 0.000000 0.325050 0.443681 0.000000 0.000000 0.000000 0.000000 0.000000 0.000000 0.000000 0.000000 0.000000 0.000000 0.000000 0.000000 0.000000 0.000000 0.000000 0.000000 0.000000 0.000000 0.000000 0.000000 0.000000 0.000000 0.000000 0.000000 0.000000 0.000000 0.000000 0.000000 0.000000 0.000000 0.000000 0.000000 0.000000 0.000000 0.000000 0.000000 0.000000 0.000000 0.000000 0.000000 0.000000 0.000000 0.000000 0.000000 0.203099 0.000000 0.000001 0.000000 0.000000 0.000000 0.000000 0.000000 0.000000 0.000000 0.028138 0.000000 0.000000 0.000000 0.000000 0.000000 
0.000000 0.000000 0.000000 0.000000 0.000000 0.000000 0.000000 0.000000 0.000000 0.000000 0.000000 0.000000 0.000000 0.000000 0.000000 0.000000 0.000000 0.000000 0.067926 0.000000 0.000000 0.000000 0.000000 0.000000 0.000000 0.000000 0.000000 0.000000 0.000000 0.000000 0.000000 0.000000 0.000000 0.000000 0.000000 0.000000 0.000000 0.000000 0.000000 0.000000 0.001278 0.000000 0.000000 0.000000 0.000000 0.000000 0.000000 0.000000 0.000000 0.000000 0.000000 0.000000 0.000000 0.000000 0.000000 0.000000 0.000000 0.000000 0.021058 0.000000 0.000000 0.000000 0.000000 0.000000 0.000000 0.000000 0.000000 0.000000 0.000000 0.026405 0.060494 0.000000 0.000000 0.000000 0.000000 0.000000 0.000000 0.000000 0.000000 0.000000 0.223948 0.598860 0.000001 0.000000 0.000000 0.000000 0.000000 0.000000 0.000000 0.000000 0.000000 0.000000 0.000000 0.000000 0.000000 0.000000 
0.000000 0.000000 0.000000 0.000000 0.000000 0.000000 0.019923 0.000000 0.000000 0.000000 0.000000 0.000000 0.000000 0.000000 0.000000 0.000000 0.000000 0.000000 0.000000 0.000000 0.000000 0.000000 0.000000 0.000000 0.000000 0.000000 0.000000 0.000000 0.000000 0.000000 0.000000 0.000000 0.000000 0.000000 0.351554 0.000000 0.000000 0.000000 0.000000 0.000000 0.000000 0.000000 0.000000 0.000000 0.000000 0.000000 0.000000 0.000000 0.060001 0.000000 0.000000 0.000000 0.000000 0.000000 0.000000 0.000000 0.190033 0.000000 0.000000 0.000000 0.000000 0.000000 0.000000 0.000000 0.000000 0.000000 0.007011 0.000000 0.000000 0.000000 0.000000 0.000000 0.000000 0.000000 0.000000 0.000000 0.000000 0.000000 0.000000 0.000000 0.000000 0.000000 0.000001 0.334918 0.014340 0.022191 0.000000 0.000000 0.000000 0.000000 0.000000 0.000000 0.000000 0.000000 0.000000 0.000000 
0.000000 0.000000 0.000000 0.055224 0.000000 0.000000 0.000000 0.000000 0.000000 0.000000 0.000000 0.000000 0.000000 0.000000 0.000000 0.000000 0.000000 0.000000 0.000000 0.000000 0.000000 0.000000 0.000000 0.000000 0.000000 0.000000 0.000000 0.000000 0.000000 0.000000 0.000000 0.000000 0.000000 0.000000 0.000000 0.000000 0.000000 0.000000 0.000000 0.000000 0.000000 0.000000 0.000000 0.000000 0.000000 0.000000 0.000000 0.000000 0.000000 0.000000 0.000000 0.000000 0.000000 0.000000 0.000000 0.000000 0.000000 0.000000 0.000000 0.305114 0.000000 0.000000 0.000000 0.000000 0.000000 0.000000 0.000000 0.000000 0.000000 0.000000 0.000000 0.000000 0.000000 0.000000 0.000000 0.000000 0.000000 0.000000 0.000000 0.000000 0.000001 0.639628 0.000001 0.000000 0.000000 0.000000 0.000000 0.000000 0.000000 0.000000 0.000000 0.000000 0.000000 0.000000 0.000000 0.000000 
0.078105 0.076833 0.076715 0.078967 0.077206 0.076586 0.077981 0.075435 0.076162 0.076926 0.075323 0.078466 0.075294 
0.075324 0.075375 0.075848 0.081624 0.078193 0.076982 0.073481 0.075047 0.079064 0.078366 0.076013 0.074662 0.080022 
0.085311 0.073323 0.079793 0.079196 0.069543 0.081651 0.085803 0.070559 0.068731 0.076128 0.069926 0.081657 0.078378 
0.076031 0.077580 0.077718 0.079237 0.074898 0.075900 0.078530 0.076716 0.075858 0.077626 0.076134 0.076501 0.077270 
0.063220 0.085089 0.074118 0.065956 0.089941 0.070432 0.088765 0.091498 0.087505 0.069687 0.075951 0.063435 0.074402 
0.077619 0.077214 0.076349 0.077940 0.076933 0.076008 0.076374 0.077341 0.076768 0.077604 0.076377 0.077419 0.076055 
0.075648 0.076075 0.075462 0.077047 0.076598 0.077225 0.077138 0.077879 0.077572 0.077559 0.077250 0.077214 0.077334 
0.069656 0.058981 0.091691 0.083582 0.082471 0.083020 0.067430 0.076499 0.067145 0.090334 0.092400 0.077370 0.059421 
0.072454 0.074555 0.074505 0.073861 0.075182 0.075428 0.078894 0.083572 0.082726 0.073444 0.075139 0.085548 0.074694 
0.073666 0.079515 0.081409 0.076272 0.076430 0.077458 0.075275 0.071435 0.072419 0.073639 0.080863 0.084458 0.077160 
0.079647 0.077132 0.073633 0.074010 0.075069 0.077400 0.077869 0.077095 0.078217 0.074662 0.080009 0.079163 0.076094 
0.083621 0.072725 0.087100 0.067172 0.066999 0.094490 0.074168 0.078152 0.094015 0.063458 0.066377 0.078535 0.073187 
breast
0.064233 0.007256 0.062744 0.122467 0.048048 0.017370 0.143756 0.084675 0.212889 0.058136 0.022959 0.094161 0.061307 
0.038785 0.010083 0.086255 0.105716 0.040008 0.009588 0.145200 0.054720 0.243874 0.063036 0.025732 0.117671 0.059331 
0.062573 0.019663 0.063829 0.110818 0.069889 0.011582 0.142342 0.127233 0.176020 0.068721 0.032226 0.069750 0.045354 
0.062454 0.019626 0.063707 0.110607 0.072067 0.011559 0.140167 0.126991 0.175685 0.069309 0.032942 0.069617 0.045268 
0.054119 0.017710 0.105325 0.114577 0.043277 0.009654 0.104856 0.111980 0.195544 0.055707 0.029105 0.118505 0.039641 
0.048940 0.035875 0.088810 0.109976 0.072939 0.007254 0.115921 0.116837 0.144141 0.072585 0.049940 0.074603 0.062179 
0.039240 0.008736 0.088872 0.133441 0.056923 0.004367 0.133531 0.070612 0.204206 0.061171 0.028668 0.102357 0.067876 
0.042319 0.031565 0.071354 0.139101 0.054140 0.031282 0.103098 0.068106 0.157246 0.096811 0.030021 0.104276 0.070681 
0.094931 0.027600 0.066475 0.109740 0.061805 0.014045 0.149564 0.089908 0.157367 0.023244 0.058195 0.105550 0.041576 
0.052726 0.017353 0.074309 0.137212 0.033885 0.005213 0.132333 0.091078 0.220852 0.066730 0.033767 0.084753 0.049788 
0.035352 0.036540 0.038938 0.112498 0.065578 0.012579 0.070300 0.085731 0.181217 0.080208 0.061067 0.101691 0.118299 
0.041709 0.038862 0.078119 0.114023 0.065994 0.005532 0.138395 0.050561 0.140099 0.074396 0.056114 0.109379 0.086817 
0.041207 0.007713 0.129923 0.064326 0.106729 0.007252 0.085378 0.105570 0.209943 0.063494 0.022938 0.099685 0.055842 
0.037166 0.030719 0.112960 0.120012 0.058646 0.014736 0.090982 0.086457 0.188738 0.066874 0.046702 0.075455 0.070551 
0.040612 0.011413 0.083978 0.148488 0.067288 0.028374 0.086973 0.063640 0.157285 0.068701 0.036580 0.120248 0.086419 
0.029399 0.023067 0.076354 0.128024 0.066599 0.011561 0.119728 0.071666 0.164488 0.075390 0.048530 0.101453 0.083741 
0.044042 0.007311 0.110218 0.092185 0.052765 0.013193 0.150592 0.064864 0.224642 0.070443 0.026439 0.100265 0.043042 
0.055192 0.007890 0.083285 0.144727 0.054460 0.007253 0.151374 0.080704 0.176781 0.045937 0.029234 0.086821 0.076342 
0.036031 0.059421 0.052694 0.097762 0.071627 0.004052 0.054471 0.172242 0.150521 0.069193 0.062004 0.086588 0.083395 
0.022355 0.019045 0.094812 0.110380 0.047621 0.026491 0.105563 0.068393 0.257752 0.048681 0.023988 0.123299 0.051620 
0.039017 0.023872 0.033644 0.103610 0.064546 0.004428 0.174251 0.096994 0.226505 0.055174 0.039474 0.080075 0.058410 
0.031313 0.014359 0.051842 0.092446 0.044023 0.010389 0.173791 0.055053 0.238599 0.059671 0.027072 0.108164 0.093278 
0.080440 0.017039 0.048012 0.100458 0.061781 0.015276 0.192453 0.071346 0.182084 0.064773 0.033254 0.078615 0.054469 
0.057529 0.006930 0.066926 0.148416 0.031501 0.009584 0.136212 0.118405 0.241830 0.049693 0.032846 0.033351 0.066777 
0.057351 0.027048 0.125666 0.120260 0.062485 0.017233 0.068370 0.098348 0.102165 0.100123 0.042928 0.108755 0.069268 
0.063838 0.075898 0.008628 0.104097 0.054305 0.001112 0.208374 0.200018 0.114711 0.008408 0.154562 0.004078 0.001971 
0.036583 0.027341 0.114197 0.119401 0.043990 0.009255 0.138478 0.117374 0.212126 0.056926 0.017688 0.082985 0.023655 
0.044701 0.021255 0.070922 0.120428 0.062067 0.026213 0.141298 0.116687 0.211326 0.029303 0.040748 0.060259 0.054793 
0.043067 0.030340 0.091176 0.119568 0.073698 0.011620 0.102814 0.101505 0.119045 0.090134 0.045334 0.099244 0.072453 
0.095897 0.106820 0.003034 0.081392 0.073087 0.000452 0.168684 0.236910 0.114788 0.001641 0.114502 0.000815 0.001978 
0.050846 0.018444 0.084533 0.139376 0.047310 0.008557 0.125060 0.077639 0.218156 0.059191 0.035509 0.079766 0.055614 
0.060138 0.015266 0.096304 0.101458 0.052534 0.016390 0.110338 0.073489 0.217889 0.036589 0.032738 0.123656 0.063211 
0.069509 0.022863 0.105037 0.067408 0.107828 0.008181 0.079198 0.102022 0.151574 0.058054 0.050201 0.093479 0.084645 
0.046626 0.027720 0.087527 0.081317 0.079806 0.008372 0.101654 0.086768 0.150543 0.076514 0.058708 0.100138 0.094308 
0.063647 0.012292 0.058083 0.115054 0.043552 0.007430 0.149780 0.094472 0.244712 0.052221 0.038429 0.062693 0.057635 
0.054503 0.030182 0.082846 0.088516 0.073115 0.011544 0.091130 0.152344 0.113221 0.085222 0.059453 0.095461 0.062463 
0.044904 0.016771 0.071766 0.085865 0.074503 0.008620 0.117256 0.120077 0.191567 0.075835 0.046042 0.079121 0.067673 
0.048475 0.023255 0.073858 0.125789 0.084634 0.007194 0.134243 0.078024 0.170776 0.060212 0.028945 0.121237 0.043358 
0.055820 0.024833 0.094219 0.096657 0.050140 0.004882 0.139805 0.058443 0.156552 0.097573 0.060515 0.075244 0.085318 
0.034172 0.021008 0.080793 0.152617 0.045453 0.020397 0.112002 0.079108 0.180005 0.066629 0.044304 0.097289 0.066223 
0.027259 0.034745 0.089104 0.101529 0.050491 0.016114 0.045222 0.069108 0.099398 0.148774 0.057012 0.142515 0.118730 
0.035119 0.027549 0.076754 0.128934 0.074544 0.004830 0.105321 0.158444 0.111747 0.072262 0.059230 0.061707 0.083559 
0.048344 0.028891 0.057524 0.164880 0.052041 0.025542 0.081646 0.062471 0.185977 0.090974 0.045353 0.092894 0.063463 
0.038061 0.013898 0.088083 0.095839 0.045612 0.009522 0.143019 0.066658 0.171566 0.070376 0.041659 0.137673 0.078034 
0.054403 0.033117 0.031497 0.056678 0.051360 0.024977 0.162142 0.076028 0.262003 0.071103 0.033858 0.068634 0.074198 
0.052448 0.026340 0.038633 0.158503 0.052133 0.009271 0.152018 0.093639 0.201050 0.048332 0.037633 0.069156 0.060843 
0.044041 0.015083 0.088927 0.110138 0.070681 0.005443 0.125069 0.068670 0.130200 0.095225 0.043449 0.111361 0.091715 
0.069959 0.010389 0.063250 0.160003 0.030127 0.011400 0.134833 0.056923 0.266327 0.045275 0.033335 0.060327 0.057852 
0.075177 0.034728 0.078276 0.120974 0.084682 0.005537 0.185111 0.160642 0.113303 0.026556 0.035723 0.049674 0.029617 
0.062463 0.035466 0.075681 0.112281 0.098056 0.016479 0.147647 0.130362 0.101890 0.049985 0.042006 0.078969 0.048715 
0.052726 0.010114 0.080611 0.133530 0.059871 0.008190 0.107138 0.066685 0.184205 0.080658 0.056727 0.090683 0.068862 
0.037540 0.028174 0.139060 0.153573 0.053645 0.007463 0.056918 0.064298 0.218791 0.057202 0.046268 0.088978 0.048090 
0.040266 0.013043 0.079584 0.097510 0.064196 0.016326 0.091337 0.069163 0.201405 0.117310 0.051804 0.091634 0.066422 
0.032463 0.027833 0.077074 0.140751 0.045280 0.015550 0.098293 0.081045 0.149391 0.094632 0.031411 0.140231 0.066044 
endometrium
0.270910 0.053116 0.065625 0.034260 0.033294 0.258978 0.065528 0.088668 0.028999 0.013810 0.016984 0.034052 0.035776 
0.055763 0.101362 0.036869 0.082332 0.107896 0.060715 0.110053 0.114176 0.110270 0.050580 0.034042 0.087353 0.048589 
0.037395 0.128647 0.051566 0.095019 0.127781 0.061078 0.082284 0.101975 0.111477 0.045815 0.031319 0.072059 0.053586 
0.050159 0.157813 0.040952 0.093669 0.134766 0.037095 0.083275 0.083860 0.079540 0.055015 0.020758 0.105556 0.057543 
0.039965 0.146070 0.030359 0.126716 0.098472 0.047718 0.075211 0.089723 0.078338 0.061898 0.020936 0.122572 0.062021 
0.239887 0.075584 0.042735 0.039182 0.047426 0.229189 0.080863 0.084691 0.045252 0.021203 0.018772 0.042154 0.033063 
0.047946 0.140359 0.044053 0.105835 0.094814 0.046113 0.053456 0.081482 0.106909 0.080352 0.026974 0.139834 0.031871 
0.030320 0.212012 0.018645 0.172497 0.111401 0.079609 0.042721 0.042580 0.053841 0.080845 0.015020 0.113476 0.027034 
0.030170 0.143787 0.043998 0.112066 0.099911 0.035803 0.048137 0.089443 0.090004 0.065438 0.024756 0.163825 0.052662 
0.068821 0.155437 0.038472 0.086194 0.180049 0.019555 0.063617 0.112540 0.066116 0.036099 0.018401 0.083777 0.070923 
0.120494 0.102617 0.045338 0.073724 0.084882 0.016057 0.138567 0.188236 0.099460 0.031140 0.036363 0.043619 0.019504 
0.251101 0.075579 0.040439 0.039959 0.057061 0.220793 0.070188 0.094296 0.041866 0.020195 0.017083 0.039336 0.032107 
0.105963 0.092761 0.034228 0.067505 0.155833 0.046765 0.050289 0.119268 0.085008 0.044947 0.021167 0.095260 0.081007 
0.068166 0.086220 0.047233 0.080045 0.170814 0.038040 0.094029 0.093925 0.096139 0.049864 0.028591 0.089320 0.057615 
0.059605 0.113127 0.043458 0.115050 0.125478 0.049027 0.081671 0.103375 0.075008 0.071202 0.024392 0.104774 0.033833 
0.047408 0.128829 0.038569 0.096996 0.121095 0.045852 0.093698 0.085959 0.086693 0.061299 0.035818 0.106896 0.050888 
0.043284 0.056419 0.072426 0.074500 0.066107 0.028715 0.148105 0.041906 0.270563 0.057542 0.046495 0.072857 0.021080 
0.040487 0.125248 0.055053 0.082123 0.134819 0.037425 0.078931 0.076985 0.084376 0.078690 0.025730 0.127800 0.052333 
0.164579 0.148504 0.020735 0.061031 0.096070 0.167840 0.053769 0.062606 0.036420 0.047081 0.021949 0.073920 0.045495 
0.028462 0.104051 0.030103 0.124514 0.111666 0.047529 0.058219 0.093574 0.106142 0.074984 0.026471 0.128855 0.065430 
0.031168 0.138046 0.039607 0.093146 0.105056 0.040544 0.076956 0.079751 0.094190 0.071799 0.029693 0.140935 0.059109 
0.022339 0.146621 0.028983 0.105235 0.122434 0.061309 0.062869 0.090744 0.072921 0.077697 0.023196 0.126726 0.058926 
0.348539 0.037345 0.058972 0.029506 0.043470 0.203887 0.058360 0.087602 0.039831 0.012574 0.014188 0.032914 0.032813 
0.063338 0.115707 0.043090 0.081480 0.129825 0.034541 0.090911 0.110425 0.087511 0.064997 0.021906 0.106710 0.049560 
0.074005 0.087005 0.034251 0.082020 0.137776 0.028838 0.129385 0.100025 0.099698 0.060946 0.029484 0.087064 0.049501 
0.052060 0.101584 0.052408 0.104729 0.142714 0.036593 0.083531 0.113527 0.074145 0.052545 0.030622 0.085107 0.070435 
0.047883 0.167445 0.031453 0.097491 0.099921 0.047166 0.098397 0.060198 0.090688 0.069434 0.023282 0.122744 0.043899 
0.343622 0.041444 0.051067 0.038560 0.041727 0.176357 0.068232 0.111798 0.043843 0.012925 0.012470 0.028083 0.029870 
0.023935 0.308970 0.019931 0.110267 0.130397 0.020693 0.054818 0.058903 0.046546 0.046481 0.019244 0.101254 0.058562 
0.064592 0.140943 0.052506 0.091155 0.135134 0.030606 0.077935 0.106264 0.092305 0.042777 0.031320 0.081616 0.052848 
0.036519 0.129475 0.036096 0.134694 0.126772 0.074577 0.057432 0.054208 0.080664 0.084718 0.019402 0.137683 0.027761 
0.341782 0.050414 0.044512 0.029841 0.052654 0.186700 0.054445 0.086936 0.044018 0.019414 0.014735 0.037868 0.036681 
0.045738 0.113035 0.048371 0.096141 0.119102 0.044025 0.073180 0.097349 0.094007 0.053224 0.018304 0.133585 0.063941 
0.043357 0.128544 0.034742 0.099830 0.138034 0.046087 0.076961 0.104836 0.094054 0.052319 0.031774 0.092570 0.056892 
0.038803 0.082437 0.046904 0.094483 0.100703 0.030636 0.099502 0.085987 0.124782 0.073205 0.028324 0.135741 0.058493 
0.050215 0.143340 0.035501 0.100250 0.115110 0.047206 0.081422 0.088150 0.084091 0.075292 0.029046 0.109741 0.040635 
0.132915 0.129582 0.036642 0.059760 0.106054 0.114336 0.064434 0.089611 0.057410 0.051297 0.024361 0.077752 0.055845 
0.080563 0.127381 0.051060 0.098706 0.072401 0.011332 0.146893 0.144787 0.072217 0.052615 0.036069 0.072662 0.033314 
0.047260 0.141795 0.039390 0.128322 0.120448 0.043868 0.066845 0.091612 0.070626 0.065924 0.025949 0.101783 0.056179 
0.050719 0.136162 0.042816 0.098636 0.115502 0.075230 0.079365 0.073801 0.074505 0.060451 0.028249 0.103129 0.061435 
0.278591 0.057551 0.054867 0.037647 0.032134 0.257493 0.059628 0.093141 0.033285 0.013747 0.015517 0.038502 0.027895 
0.049502 0.074057 0.114316 0.065329 0.098717 0.027797 0.121363 0.100349 0.153107 0.030294 0.016715 0.109607 0.038846 
0.040015 0.011345 0.013958 0.021391 0.067743 0.066749 0.178432 0.017539 0.229340 0.105548 0.126417 0.085963 0.035560 
0.041497 0.146682 0.041060 0.112610 0.107086 0.038063 0.033307 0.077006 0.073648 0.089522 0.036125 0.134563 0.068830 
0.027965 0.222957 0.021628 0.170530 0.099468 0.071447 0.035068 0.052382 0.035232 0.099073 0.014593 0.122122 0.027534 
0.051915 0.109527 0.040484 0.107874 0.121890 0.048112 0.088037 0.112348 0.085885 0.055057 0.028858 0.088477 0.061537 
0.067477 0.085686 0.051579 0.094330 0.137246 0.035191 0.079224 0.163715 0.082956 0.051135 0.029132 0.080656 0.041674 
0.058220 0.107092 0.043479 0.114166 0.100545 0.038555 0.072446 0.110969 0.095232 0.061064 0.027904 0.113525 0.056802 
0.051772 0.117695 0.047197 0.092656 0.109172 0.054720 0.054526 0.080704 0.118080 0.071430 0.028720 0.135870 0.037458 
0.045490 0.138955 0.053194 0.118269 0.118941 0.046131 0.084533 0.097937 0.072899 0.066562 0.022561 0.094681 0.039846 
0.038529 0.122449 0.038452 0.097211 0.123898 0.047834 0.070073 0.079487 0.074423 0.081934 0.021682 0.165441 0.038588 
0.051845 0.072380 0.041627 0.089742 0.106406 0.038580 0.090668 0.081712 0.134451 0.068184 0.051024 0.114272 0.059110 
0.068793 0.139230 0.031543 0.070965 0.143947 0.035156 0.090383 0.090265 0.091919 0.051405 0.043704 0.091013 0.051678 
0.370485 0.050645 0.070607 0.045050 0.041248 0.168539 0.042783 0.080484 0.037754 0.010899 0.013247 0.032046 0.036211 
0.039812 0.121825 0.037684 0.093033 0.125989 0.016677 0.102748 0.078182 0.125276 0.063611 0.036013 0.110742 0.048410 
0.036492 0.132530 0.041167 0.099663 0.129983 0.043957 0.083457 0.069185 0.092527 0.070352 0.023380 0.131288 0.046021 
0.042480 0.183842 0.039478 0.091180 0.122409 0.042500 0.076079 0.083981 0.060279 0.063953 0.031779 0.114888 0.047153 
0.073483 0.245260 0.022823 0.113631 0.074433 0.136158 0.036236 0.054213 0.045984 0.064865 0.017529 0.091999 0.023385 
0.343225 0.046358 0.057613 0.032916 0.053807 0.175718 0.056453 0.093364 0.045753 0.014663 0.013734 0.033265 0.033131 
0.120715 0.057844 0.068798 0.074998 0.069992 0.009809 0.151617 0.197303 0.114209 0.052291 0.043761 0.022369 0.016294 
0.031290 0.158284 0.044545 0.125863 0.105805 0.051507 0.062574 0.084646 0.051245 0.083170 0.018757 0.137996 0.044318 
0.049887 0.126072 0.032533 0.107983 0.126181 0.055045 0.088092 0.090331 0.095355 0.060322 0.024518 0.096616 0.047065 
0.301816 0.054672 0.045028 0.044475 0.045135 0.227309 0.042307 0.071492 0.038783 0.025541 0.017133 0.048263 0.038045 
0.032335 0.130103 0.045930 0.106804 0.103235 0.047062 0.069639 0.085893 0.091791 0.072628 0.018454 0.134627 0.061499 
0.030862 0.162480 0.047934 0.119306 0.134866 0.041686 0.052016 0.078936 0.052319 0.075812 0.023098 0.144198 0.036487 
0.036451 0.154405 0.042042 0.105254 0.103070 0.039353 0.058331 0.101234 0.094906 0.058570 0.026049 0.129280 0.051055 
0.151213 0.146676 0.040656 0.077446 0.104377 0.088117 0.050209 0.090080 0.057665 0.039874 0.020740 0.068175 0.064771 
0.067375 0.147391 0.030861 0.103302 0.110876 0.050250 0.111627 0.078504 0.075274 0.061923 0.019851 0.096154 0.046611 
0.060786 0.087691 0.052369 0.092064 0.131812 0.021721 0.091653 0.100681 0.092161 0.039968 0.031613 0.125198 0.072284 
0.043526 0.119284 0.058627 0.107988 0.145763 0.033180 0.082527 0.093731 0.073286 0.059138 0.027957 0.102425 0.052569 
0.018929 0.201281 0.020181 0.166583 0.113755 0.078420 0.031824 0.045005 0.034628 0.099204 0.015169 0.142029 0.032991 
0.041754 0.164871 0.043089 0.134301 0.118155 0.045665 0.086248 0.066935 0.067270 0.058320 0.028292 0.090328 0.054772 
0.055562 0.033757 0.047615 0.062509 0.078253 0.091075 0.101997 0.021534 0.139447 0.090947 0.113881 0.092325 0.071099 
0.312192 0.041355 0.051820 0.034826 0.031187 0.259277 0.043385 0.090665 0.029646 0.019595 0.016497 0.038928 0.030626 
0.213476 0.075742 0.039960 0.043436 0.048354 0.279632 0.065011 0.088658 0.035668 0.017653 0.016715 0.048586 0.027109 
0.031585 0.155138 0.042537 0.124441 0.112016 0.049122 0.060335 0.077425 0.077553 0.074601 0.014689 0.134211 0.046346 
0.044313 0.111268 0.038378 0.118027 0.128431 0.044519 0.088123 0.079531 0.080662 0.069743 0.023341 0.123605 0.050060 
0.043005 0.175862 0.062624 0.080586 0.117472 0.034332 0.072591 0.102031 0.070528 0.054037 0.027653 0.112363 0.046918 
0.034090 0.159563 0.042597 0.102304 0.143845 0.037379 0.057170 0.120867 0.062970 0.059361 0.017010 0.111724 0.051120 
0.023820 0.157391 0.042763 0.125746 0.095023 0.057106 0.076486 0.108265 0.055577 0.073119 0.021550 0.120773 0.042383 
0.029396 0.133518 0.041151 0.094578 0.142857 0.043428 0.081769 0.085131 0.086053 0.075340 0.025401 0.113586 0.047791 
0.038464 0.054026 0.074150 0.107187 0.091014 0.026935 0.069637 0.091594 0.082474 0.066082 0.047935 0.177781 0.072723 
0.043665 0.112220 0.054457 0.089127 0.121294 0.052379 0.069501 0.092844 0.090031 0.066206 0.024510 0.125201 0.058566 
0.038591 0.195367 0.043605 0.132927 0.114402 0.039546 0.062933 0.072857 0.085703 0.061242 0.027244 0.085732 0.039852 
0.310525 0.048844 0.041769 0.042028 0.041891 0.219236 0.051937 0.087247 0.044883 0.023320 0.015296 0.037546 0.035479 
0.049574 0.143074 0.027010 0.103442 0.091021 0.056772 0.073829 0.086141 0.066548 0.099647 0.020104 0.157326 0.025513 
0.033540 0.108338 0.032095 0.107778 0.120302 0.060134 0.086842 0.104437 0.087420 0.069918 0.020054 0.114218 0.054922 
0.089786 0.081544 0.031942 0.076004 0.119202 0.021665 0.144186 0.118323 0.115502 0.047721 0.026578 0.082538 0.045006 
0.057200 0.021896 0.081214 0.041420 0.038209 0.036586 0.174692 0.037764 0.302872 0.046454 0.055819 0.075776 0.030097 
large_intestine
0.051332 0.172267 0.045875 0.102083 0.140564 0.032302 0.090911 0.101189 0.058794 0.059552 0.026961 0.095995 0.022173 
0.052489 0.201532 0.036248 0.076709 0.130612 0.030707 0.083239 0.115391 0.067484 0.054917 0.026297 0.097177 0.027196 
0.055568 0.086625 0.061890 0.113513 0.075207 0.028872 0.107133 0.095151 0.186383 0.053104 0.039316 0.058343 0.038895 
0.040989 0.075382 0.060738 0.100875 0.076839 0.038355 0.093099 0.128321 0.153222 0.064273 0.045027 0.084830 0.038051 
0.044425 0.092956 0.053507 0.084408 0.074501 0.051869 0.091269 0.141804 0.158506 0.059664 0.039595 0.074114 0.033382 
0.067092 0.193548 0.030563 0.098000 0.126577 0.047855 0.083770 0.100530 0.052100 0.059135 0.021617 0.101368 0.017844 
0.354316 0.054947 0.052711 0.020563 0.037431 0.230578 0.044322 0.089384 0.035803 0.008520 0.011884 0.028874 0.030665 
0.036081 0.237226 0.022340 0.118887 0.139726 0.053831 0.073607 0.063209 0.046087 0.064211 0.022699 0.092690 0.029405 
0.053560 0.168870 0.035648 0.095891 0.128236 0.059302 0.068846 0.080410 0.057627 0.069664 0.024580 0.116685 0.040682 
0.031777 0.237475 0.014808 0.175381 0.108642 0.077420 0.036864 0.049087 0.034161 0.089828 0.014883 0.114658 0.015014 
0.031346 0.201402 0.018096 0.166113 0.122868 0.088888 0.045667 0.057418 0.026526 0.090336 0.013428 0.120962 0.016949 
0.034612 0.279652 0.039432 0.100984 0.114940 0.035558 0.080599 0.075538 0.055465 0.060132 0.021756 0.067996 0.033335 
0.033156 0.248297 0.036971 0.079196 0.130235 0.031986 0.094170 0.094223 0.051281 0.049933 0.019074 0.092203 0.039275 
0.038388 0.195410 0.027125 0.139363 0.129482 0.057400 0.058863 0.069077 0.044282 0.077484 0.012803 0.121520 0.028802 
0.048368 0.278092 0.045371 0.065690 0.135144 0.025155 0.092217 0.087081 0.054157 0.030754 0.031490 0.060101 0.046381 
0.037567 0.202689 0.033069 0.127347 0.112704 0.054882 0.081283 0.092210 0.042935 0.069222 0.015165 0.100821 0.030107 
0.077172 0.138610 0.054531 0.065065 0.138558 0.024433 0.114436 0.094393 0.091866 0.041900 0.026481 0.085276 0.047279 
0.042315 0.173333 0.040902 0.110473 0.129668 0.051399 0.085504 0.097711 0.049988 0.064048 0.020136 0.099556 0.034968 
0.032043 0.235996 0.029480 0.141270 0.124905 0.052438 0.052766 0.070339 0.044022 0.075138 0.010965 0.110725 0.019913 
0.041834 0.124025 0.062676 0.079543 0.213780 0.024314 0.084837 0.145309 0.052946 0.047421 0.015608 0.081183 0.026524 
0.040937 0.224623 0.036582 0.093613 0.126005 0.042620 0.074972 0.102772 0.058072 0.057980 0.022920 0.076919 0.041984 
0.302301 0.060790 0.049425 0.025811 0.049730 0.141957 0.081167 0.163296 0.052001 0.007855 0.017677 0.018214 0.029778 
0.063344 0.075341 0.057587 0.125891 0.061094 0.015395 0.086985 0.103064 0.207435 0.056396 0.033231 0.083233 0.031006 
0.036998 0.195368 0.032988 0.117750 0.113643 0.059414 0.067811 0.067270 0.057479 0.077650 0.015361 0.119892 0.038376 
0.048496 0.111824 0.099221 0.088466 0.057268 0.061203 0.079336 0.092367 0.112472 0.070467 0.042128 0.083052 0.053699 
0.055758 0.148984 0.053120 0.090002 0.153196 0.060001 0.077344 0.106714 0.056517 0.038728 0.019871 0.099497 0.040269 
0.055784 0.186692 0.026169 0.164435 0.124220 0.088463 0.084812 0.030264 0.036988 0.057171 0.014766 0.087776 0.042461 
0.077868 0.094798 0.048979 0.115708 0.123667 0.044455 0.101792 0.127646 0.069322 0.046003 0.038377 0.081829 0.029557 
0.046352 0.138674 0.048808 0.104097 0.122852 0.062303 0.076973 0.103766 0.090375 0.054668 0.016855 0.089804 0.044473 
0.059835 0.141742 0.044036 0.092312 0.139986 0.026242 0.120606 0.104745 0.103674 0.034752 0.021317 0.083935 0.026819 
0.041625 0.099503 0.063362 0.134254 0.044073 0.044823 0.096841 0.103951 0.111378 0.084497 0.034462 0.106970 0.034261 
0.048883 0.125023 0.042385 0.145743 0.104963 0.066451 0.059258 0.076586 0.070823 0.073033 0.014576 0.138622 0.033654 
0.052506 0.056660 0.080657 0.068219 0.051544 0.045862 0.106554 0.072007 0.185324 0.104786 0.033535 0.115607 0.026737 
0.070777 0.139639 0.041959 0.092898 0.136373 0.029517 0.099802 0.117372 0.068417 0.054919 0.031215 0.077802 0.039309 
0.046255 0.045542 0.066484 0.091296 0.058124 0.089465 0.089457 0.094269 0.126119 0.095966 0.023168 0.150474 0.023380 
0.062971 0.105457 0.052537 0.111878 0.047156 0.041444 0.096345 0.082526 0.138060 0.074151 0.032053 0.124246 0.031176 
0.036233 0.183210 0.040895 0.092386 0.153645 0.033755 0.081964 0.087558 0.057139 0.061963 0.021462 0.109791 0.040000 
0.044396 0.173080 0.040016 0.129975 0.127402 0.038387 0.085280 0.071134 0.061351 0.069267 0.020044 0.100688 0.038980 
0.040252 0.168006 0.029189 0.137276 0.124197 0.068338 0.071860 0.071322 0.051418 0.075684 0.018203 0.110655 0.033599 
0.073780 0.150342 0.030014 0.118216 0.118550 0.042218 0.077453 0.110896 0.073246 0.062975 0.029657 0.081472 0.031182 
0.034002 0.094959 0.080260 0.120952 0.086378 0.047343 0.064172 0.086494 0.097888 0.068765 0.067918 0.079504 0.071365 
0.049044 0.098412 0.065325 0.117775 0.057438 0.045621 0.066906 0.081280 0.173397 0.075815 0.044287 0.094243 0.030457 
0.065627 0.106009 0.054571 0.063971 0.171069 0.017174 0.098347 0.124967 0.087461 0.046207 0.024926 0.079077 0.060594 
0.096044 0.103449 0.044699 0.081666 0.126708 0.018656 0.146567 0.109718 0.100299 0.042045 0.028387 0.067776 0.033987 
0.092548 0.098372 0.049692 0.080175 0.120679 0.018459 0.146065 0.112755 0.099779 0.043395 0.027923 0.073399 0.036759 
0.051471 0.095620 0.057389 0.120558 0.067951 0.037131 0.083770 0.082052 0.168533 0.093427 0.030898 0.082372 0.028828 
0.040631 0.199630 0.036426 0.098084 0.113077 0.052383 0.071463 0.087270 0.058173 0.072849 0.020974 0.112874 0.036166 
0.263006 0.050142 0.063889 0.035947 0.038165 0.176209 0.083587 0.139909 0.053468 0.013929 0.019274 0.033258 0.029217 
0.062386 0.146470 0.053550 0.089655 0.110376 0.033357 0.089563 0.109904 0.085326 0.053732 0.026461 0.102219 0.037000 
0.081619 0.107726 0.047543 0.064284 0.202963 0.018566 0.093238 0.128498 0.079856 0.037603 0.020172 0.069595 0.048336 
0.050157 0.147489 0.044808 0.094320 0.112829 0.034910 0.091753 0.087628 0.091450 0.062425 0.026107 0.097336 0.058787 
0.066939 0.108001 0.051379 0.067217 0.172292 0.016842 0.089620 0.128293 0.088433 0.048216 0.022920 0.076070 0.063777 
0.069916 0.130615 0.056231 0.065629 0.166806 0.020714 0.087463 0.131627 0.079701 0.043235 0.022193 0.072384 0.053487 
0.052308 0.062071 0.051096 0.083606 0.054918 0.058896 0.122197 0.052849 0.171506 0.083443 0.049475 0.133298 0.024337 
0.035767 0.090227 0.082132 0.066327 0.080784 0.041155 0.101257 0.132338 0.145069 0.071656 0.027360 0.076028 0.049900 
0.045132 0.080819 0.041648 0.146385 0.072408 0.067038 0.061825 0.084549 0.119955 0.091942 0.023440 0.134413 0.030446 
0.055588 0.096423 0.075002 0.116242 0.044740 0.032254 0.096878 0.076391 0.142319 0.060607 0.027697 0.126542 0.049317 
0.205933 0.118798 0.028744 0.033905 0.067574 0.203466 0.063832 0.095564 0.034992 0.016974 0.022333 0.047650 0.060237 
0.049215 0.086571 0.066858 0.090103 0.087923 0.041081 0.094427 0.115567 0.098473 0.064017 0.054939 0.093956 0.056871 
0.031281 0.053660 0.074032 0.061656 0.061603 0.013896 0.220644 0.100933 0.226823 0.023996 0.024204 0.092849 0.014425 
0.284824 0.072075 0.050534 0.046222 0.059862 0.156421 0.063988 0.123597 0.041422 0.024087 0.014507 0.031850 0.030612 
0.031237 0.196497 0.039133 0.109916 0.141079 0.044655 0.065688 0.072246 0.057684 0.076842 0.021643 0.111536 0.031843 
0.029899 0.197048 0.040443 0.109307 0.137568 0.042679 0.068785 0.069839 0.055048 0.076834 0.021767 0.114177 0.036604 
0.038048 0.186599 0.035197 0.120529 0.110761 0.051776 0.083126 0.082889 0.066586 0.064093 0.020513 0.102541 0.037344 
0.035216 0.189397 0.039050 0.116014 0.111825 0.051550 0.094838 0.084825 0.064738 0.060981 0.019721 0.097435 0.034411 
0.049742 0.100206 0.072113 0.123811 0.053819 0.031778 0.076933 0.115324 0.121351 0.085680 0.040346 0.097191 0.031708 
0.047810 0.101969 0.077286 0.124522 0.055138 0.032782 0.078526 0.111081 0.123702 0.085801 0.038769 0.095206 0.027409 
0.049780 0.112086 0.069398 0.117716 0.056128 0.039117 0.085580 0.104743 0.126803 0.077430 0.041804 0.091672 0.027742 
0.048136 0.125556 0.060087 0.117911 0.055389 0.038171 0.081310 0.096599 0.129860 0.081250 0.045423 0.091839 0.028469 
0.041984 0.105644 0.064737 0.120990 0.072703 0.052733 0.099649 0.092119 0.126664 0.068370 0.035959 0.086206 0.032242 
0.076812 0.190008 0.034088 0.077768 0.114561 0.031709 0.108719 0.101486 0.059471 0.053087 0.025082 0.085449 0.041761 
0.039392 0.081455 0.081786 0.081239 0.115830 0.022331 0.085694 0.093122 0.075425 0.076139 0.054299 0.107526 0.085761 
0.044061 0.167197 0.034985 0.110355 0.121081 0.040082 0.091363 0.100336 0.060106 0.063897 0.028086 0.097732 0.040719 
0.039526 0.249423 0.037611 0.068928 0.097080 0.034012 0.077500 0.073914 0.080336 0.051074 0.030344 0.094546 0.065707 
0.045335 0.201382 0.038979 0.078744 0.118718 0.032441 0.108635 0.090244 0.079490 0.046482 0.025248 0.080025 0.054276 
0.036896 0.201929 0.040461 0.090179 0.131922 0.021282 0.091778 0.099915 0.062297 0.053292 0.027278 0.090733 0.052036 
0.044107 0.158503 0.037898 0.106163 0.121689 0.053968 0.073956 0.078834 0.066578 0.069843 0.024733 0.117679 0.046048 
0.050316 0.185572 0.041286 0.087739 0.120174 0.026870 0.099856 0.103619 0.064812 0.056923 0.041973 0.083118 0.037741 
0.050231 0.188841 0.042957 0.092060 0.113050 0.024277 0.097589 0.101864 0.073324 0.055436 0.039602 0.082558 0.038211 
0.044111 0.109753 0.048006 0.085035 0.101990 0.019471 0.075794 0.111276 0.117002 0.056330 0.023894 0.113457 0.093883 
0.072565 0.117023 0.037182 0.118152 0.074387 0.060796 0.092542 0.105769 0.110004 0.058454 0.029344 0.092301 0.031481 
0.029267 0.086474 0.063968 0.106769 0.074147 0.080021 0.107857 0.106823 0.118943 0.066672 0.037459 0.074596 0.047005 
0.304944 0.137481 0.041706 0.045154 0.076713 0.150113 0.055289 0.048386 0.023577 0.017631 0.018216 0.042903 0.037887 
0.068491 0.105716 0.055101 0.080962 0.124266 0.020960 0.109504 0.133218 0.091292 0.047671 0.030006 0.082096 0.050716 
0.072215 0.105817 0.039536 0.122593 0.052735 0.047857 0.066993 0.082653 0.184352 0.055251 0.034108 0.092399 0.043491 
0.032958 0.279667 0.030742 0.088097 0.123962 0.035965 0.060696 0.060937 0.043859 0.062647 0.020941 0.097408 0.062122 
