-8101472.602379
0
0.000001 0.000000 0.000044 0.000001 0.035936 0.000001 0.000000 0.000001 0.000001 0.000001 0.001067 0.000705 0.000159 0.000001 0.016663 0.002282 0.002597 0.031545 0.066166 0.000001 0.000000 0.001826 0.029932 0.010758 0.000329 0.000001 0.000000 0.004105 0.000094 0.000000 0.000001 0.000001 0.000521 0.063533 0.000001 0.003275 0.000000 0.000085 0.000008 0.000001 0.000001 0.000001 0.000001 0.000001 0.000249 0.001590 0.000035 0.000001 0.000496 0.000000 0.000001 0.000001 0.000001 0.006225 0.000001 0.000192 0.000001 0.002518 0.000001 0.000001 0.000001 0.000001 0.000001 0.000144 0.144144 0.001001 0.000001 0.000001 0.017484 0.000001 0.000001 0.000291 0.000000 0.001228 0.000001 0.218185 0.000161 0.002522 0.000502 0.000001 0.015424 0.030719 0.000001 0.284881 0.000000 0.000001 0.000015 0.000001 0.000001 0.000001 0.000001 0.000334 0.000000 0.000001 0.000000 0.000001 
0.000001 0.000000 0.000171 0.000001 0.000000 0.000001 0.000000 0.000001 0.000001 0.000001 0.002204 0.001391 0.000425 0.000001 0.000001 0.001587 0.000001 0.000635 0.000110 0.000001 0.014763 0.000100 0.000001 0.010553 0.000826 0.000001 0.000000 0.003590 0.000822 0.000011 0.000001 0.037692 0.001311 0.487613 0.000178 0.001006 0.000000 0.000000 0.000095 0.000001 0.000001 0.000002 0.000001 0.000001 0.005395 0.000001 0.000198 0.000076 0.000972 0.000000 0.000049 0.006227 0.000001 0.012876 0.000001 0.000664 0.000192 0.004637 0.069193 0.000000 0.000001 0.000001 0.030829 0.000346 0.000001 0.002337 0.064385 0.000001 0.000000 0.000001 0.000001 0.001619 0.000000 0.002620 0.000001 0.089764 0.000365 0.005014 0.001196 0.000006 0.028442 0.098456 0.000930 0.000001 0.000000 0.000001 0.000152 0.000011 0.000001 0.000001 0.000000 0.007892 0.000049 0.000001 0.000000 0.000001 
0.000001 0.000000 0.000001 0.000001 0.000000 0.000001 0.000000 0.000001 0.015808 0.000001 0.000001 0.000001 0.000001 0.000001 0.000001 0.000001 0.000001 0.000001 0.000001 0.000001 0.000000 0.000001 0.000001 0.000265 0.000001 0.000001 0.110594 0.000001 0.000001 0.000000 0.004740 0.000001 0.000001 0.236901 0.000001 0.000001 0.000000 0.000000 0.000001 0.000001 0.000001 0.097397 0.000001 0.000001 0.000001 0.000001 0.000001 0.000001 0.000001 0.100967 0.009269 0.000001 0.000001 0.000502 0.000514 0.008494 0.000001 0.126325 0.000001 0.000001 0.000001 0.000001 0.000001 0.000001 0.000001 0.000001 0.000001 0.000001 0.000000 0.000300 0.000001 0.000001 0.140318 0.000001 0.000001 0.004180 0.000001 0.000003 0.004410 0.138080 0.000876 0.000002 0.000001 0.000001 0.000000 0.000001 0.000001 0.000009 0.000001 0.000001 0.000001 0.000001 0.000000 0.000001 0.000000 0.000001 
0.000001 0.000000 0.000001 0.000001 0.000000 0.000000 0.000000 0.000001 0.000001 0.000001 0.285338 0.000001 0.008070 0.000001 0.000001 0.000635 0.000001 0.051621 0.000001 0.000000 0.000000 0.000001 0.000000 0.000001 0.002750 0.000169 0.000000 0.000001 0.000001 0.000000 0.000001 0.000434 0.494768 0.000001 0.000001 0.000001 0.000000 0.000000 0.000001 0.000000 0.000001 0.000001 0.000001 0.000556 0.005822 0.039298 0.000001 0.000001 0.000001 0.000000 0.000001 0.000001 0.000001 0.000001 0.000001 0.026855 0.000001 0.000002 0.000001 0.000000 0.007116 0.000001 0.000000 0.000001 0.000001 0.000001 0.000001 0.000001 0.000000 0.000001 0.000000 0.000001 0.000000 0.000001 0.000001 0.000128 0.000001 0.000001 0.023176 0.000001 0.000002 0.000002 0.000001 0.000001 0.000000 0.000001 0.000001 0.000001 0.000001 0.000001 0.000000 0.053212 0.000000 0.000001 0.000000 0.000001 
0.000001 0.000000 0.000001 0.000001 0.000000 0.000001 0.000000 0.000001 0.000001 0.000001 0.275116 0.000001 0.000001 0.000001 0.000048 0.000001 0.000001 0.000001 0.000001 0.000001 0.000000 0.000001 0.001492 0.000001 0.031488 0.000063 0.000000 0.304195 0.000001 0.000000 0.000001 0.000001 0.000001 0.000001 0.000001 0.000001 0.000000 0.000000 0.000001 0.000000 0.000058 0.000001 0.000001 0.000001 0.000001 0.000001 0.000001 0.000001 0.000001 0.000000 0.000001 0.000001 0.010138 0.000001 0.000001 0.000001 0.000001 0.271687 0.000001 0.000000 0.000001 0.000001 0.000001 0.000001 0.000001 0.105555 0.000001 0.000001 0.000000 0.000001 0.000001 0.000001 0.000000 0.000001 0.000001 0.000034 0.000001 0.000001 0.000001 0.000001 0.000073 0.000002 0.000001 0.000001 0.000000 0.000001 0.000001 0.000001 0.000001 0.000001 0.000000 0.000001 0.000000 0.000001 0.000000 0.000001 
0.077939 0.000000 0.000001 0.036913 0.000000 0.000001 0.000000 0.010830 0.000001 0.000001 0.000813 0.000620 0.000055 0.000001 0.000001 0.000001 0.053908 0.000008 0.000001 0.080216 0.000000 0.000001 0.000001 0.005232 0.000158 0.000001 0.000000 0.001378 0.000032 0.000000 0.000001 0.000001 0.000235 0.000001 0.000001 0.000274 0.000000 0.046610 0.041948 0.000001 0.010512 0.006630 0.206007 0.002272 0.000081 0.000001 0.000001 0.000001 0.000466 0.000000 0.000001 0.000001 0.000001 0.005625 0.000001 0.000001 0.070420 0.002452 0.000001 0.000001 0.000001 0.000001 0.000001 0.000081 0.000001 0.000815 0.000001 0.000001 0.000000 0.008376 0.000001 0.049439 0.000000 0.000983 0.000001 0.049321 0.000093 0.002263 0.000274 0.000001 0.014910 0.018128 0.000001 0.000001 0.000000 0.000001 0.000001 0.038840 0.000001 0.000001 0.106114 0.000133 0.000001 0.000189 0.000000 0.048378 
0.000001 0.000000 0.000001 0.000001 0.000000 0.000001 0.000000 0.000044 0.000001 0.000001 0.000001 0.000001 0.000001 0.000001 0.020890 0.043292 0.000001 0.000001 0.000001 0.000001 0.000000 0.000001 0.000001 0.000127 0.112904 0.000001 0.000000 0.000001 0.000123 0.000000 0.030832 0.000001 0.000001 0.000001 0.000001 0.354699 0.000000 0.000000 0.000001 0.000001 0.000001 0.000001 0.000001 0.000001 0.000001 0.000001 0.065209 0.115120 0.000001 0.000000 0.000001 0.000001 0.000001 0.000127 0.000001 0.000001 0.000001 0.016194 0.000001 0.000001 0.008128 0.000001 0.000001 0.000001 0.000001 0.000001 0.000001 0.104561 0.000000 0.000001 0.000001 0.000001 0.000000 0.000001 0.028807 0.001515 0.004472 0.000026 0.000001 0.000001 0.000392 0.000163 0.000001 0.000001 0.000012 0.000001 0.000001 0.000001 0.000060 0.092259 0.000001 0.000001 0.000000 0.000001 0.000000 0.000001 
0.000001 0.000000 0.000045 0.000001 0.000000 0.000001 0.000000 0.022768 0.015735 0.273452 0.000224 0.000203 0.018693 0.000001 0.000001 0.000001 0.039222 0.000001 0.000001 0.000001 0.000000 0.024854 0.000001 0.002173 0.000001 0.162909 0.000000 0.000457 0.000001 0.034032 0.000001 0.000001 0.000150 0.000001 0.000001 0.000182 0.000000 0.000001 0.000001 0.000001 0.000001 0.000001 0.001757 0.117675 0.000001 0.000001 0.000001 0.000001 0.000147 0.000000 0.000001 0.050155 0.000001 0.002273 0.000001 0.000001 0.000001 0.000963 0.000001 0.000001 0.000001 0.017783 0.000001 0.000001 0.000001 0.022319 0.000001 0.000001 0.000000 0.000001 0.000001 0.000083 0.000000 0.000322 0.000001 0.021232 0.006455 0.000864 0.000040 0.000001 0.006214 0.005369 0.000001 0.000001 0.000001 0.000001 0.000001 0.000001 0.000001 0.000001 0.000001 0.000001 0.000001 0.000001 0.031068 0.120148 
0.000001 0.062022 0.001491 0.000034 0.000000 0.000001 0.000000 0.000001 0.118983 0.000001 0.003354 0.147899 0.000733 0.019933 0.000016 0.000049 0.000001 0.000986 0.000001 0.000001 0.000000 0.000162 0.000001 0.015512 0.001270 0.000001 0.000000 0.005342 0.000406 0.000000 0.000001 0.000001 0.002006 0.000001 0.009438 0.001531 0.017264 0.000000 0.005538 0.000001 0.000001 0.000024 0.000001 0.000001 0.001038 0.000001 0.000354 0.000171 0.001466 0.000000 0.000095 0.000001 0.000005 0.018621 0.035321 0.001025 0.000001 0.119926 0.000061 0.000000 0.000001 0.014300 0.000001 0.000537 0.001993 0.003430 0.000001 0.000001 0.000000 0.000001 0.000001 0.000890 0.000001 0.003876 0.000006 0.133287 0.000578 0.007341 0.001828 0.000032 0.042381 0.130436 0.001317 0.000001 0.000000 0.000001 0.000263 0.000036 0.000001 0.003051 0.000000 0.001326 0.021533 0.039460 0.000000 0.000001 
0.000001 0.000000 0.000001 0.000001 0.000000 0.000001 0.000000 0.000001 0.000001 0.000001 0.000001 0.000001 0.000001 0.000001 0.000001 0.000001 0.000001 0.000001 0.000011 0.000001 0.000000 0.000001 0.000001 0.000001 0.000001 0.000001 0.000000 0.000001 0.000001 0.000000 0.000001 0.000001 0.000001 0.000001 0.646595 0.228584 0.000000 0.000001 0.000001 0.000001 0.000001 0.000001 0.000001 0.000001 0.000001 0.000001 0.000682 0.000001 0.000001 0.000000 0.000001 0.000001 0.000001 0.000001 0.000001 0.000001 0.000001 0.000002 0.000001 0.000001 0.000001 0.000001 0.000001 0.000001 0.000001 0.000001 0.000001 0.000001 0.000000 0.000001 0.000001 0.000001 0.000000 0.122831 0.000001 0.000040 0.000001 0.000001 0.000001 0.000001 0.001050 0.000002 0.000001 0.000001 0.000000 0.000001 0.000001 0.000001 0.000029 0.000001 0.000121 0.000001 0.000000 0.000001 0.000000 0.000001 
0.000012 0.000000 0.000001 0.000001 0.000000 0.002401 0.000000 0.000001 0.000001 0.000001 0.000428 0.000280 0.000047 0.000001 0.000001 0.000001 0.000001 0.000058 0.113631 0.000001 0.000000 0.000001 0.000001 0.002465 0.000119 0.000001 0.000000 0.000748 0.000020 0.000000 0.000001 0.003388 0.000196 0.000308 0.000001 0.000169 0.000000 0.000001 0.000001 0.000001 0.052980 0.000001 0.000001 0.000001 0.000082 0.000001 0.000001 0.000001 0.000197 0.000000 0.000001 0.025807 0.000001 0.002926 0.000043 0.000057 0.000001 0.001069 0.625372 0.000001 0.000001 0.000001 0.000001 0.000041 0.000001 0.000444 0.000001 0.000001 0.000000 0.014161 0.077022 0.000112 0.000000 0.000542 0.004401 0.021731 0.000044 0.001100 0.000190 0.000001 0.011201 0.018852 0.000001 0.000001 0.000000 0.000001 0.000001 0.000001 0.000001 0.000001 0.000001 0.014698 0.000000 0.002622 0.000000 0.000001 
0.000001 0.000000 0.000198 0.000001 0.000000 0.000001 0.027341 0.000001 0.000001 0.000001 0.000227 0.000195 0.000234 0.000001 0.000001 0.000001 0.000001 0.000001 0.000001 0.000001 0.000000 0.000001 0.000001 0.001744 0.000007 0.000001 0.000000 0.000389 0.000001 0.000000 0.001827 0.000001 0.000006 0.000001 0.259988 0.000046 0.000000 0.000001 0.000001 0.000001 0.000001 0.000001 0.000001 0.000001 0.000001 0.000001 0.000001 0.000001 0.005191 0.000000 0.000001 0.000001 0.000001 0.001699 0.000001 0.000001 0.191072 0.000842 0.000001 0.000001 0.000001 0.000001 0.000001 0.000002 0.000001 0.000138 0.000001 0.063013 0.000000 0.000001 0.000001 0.000073 0.000000 0.000259 0.008231 0.017757 0.000009 0.000751 0.000030 0.000001 0.005243 0.002141 0.000001 0.361716 0.019668 0.029925 0.000001 0.000001 0.000001 0.000001 0.000001 0.000001 0.000000 0.000001 0.000000 0.000001 
0.000011 0.000000 0.000001 0.032114 0.000000 0.027843 0.000000 0.000001 0.000001 0.000740 0.142121 0.000001 0.000001 0.000001 0.000001 0.000001 0.002871 0.000001 0.000001 0.000000 0.000000 0.000001 0.000000 0.000073 0.000001 0.000001 0.000000 0.000001 0.000001 0.000000 0.000001 0.000001 0.000001 0.000001 0.000001 0.000001 0.000000 0.000000 0.000001 0.000000 0.000001 0.000001 0.000001 0.000001 0.000001 0.000000 0.000001 0.000001 0.000001 0.000000 0.000001 0.016983 0.000001 0.000074 0.000001 0.000001 0.000001 0.001460 0.000001 0.374240 0.000001 0.000568 0.000001 0.000001 0.000001 0.000869 0.000001 0.000001 0.000000 0.011396 0.000001 0.000001 0.000000 0.000001 0.000001 0.000935 0.008983 0.000014 0.000001 0.000001 0.000239 0.377936 0.000001 0.000001 0.000000 0.000483 0.000001 0.000001 0.000001 0.000001 0.000000 0.000001 0.000000 0.000001 0.000000 0.000001 
0.000000 0.000000 0.000001 0.000001 0.000000 0.000000 0.000000 0.000001 0.000001 0.000490 0.000001 0.000001 0.000001 0.000000 0.000001 0.000001 0.000001 0.000001 0.000013 0.000000 0.000000 0.000001 0.000000 0.000001 0.000001 0.000001 0.000000 0.000455 0.000001 0.000000 0.000001 0.000001 0.000001 0.000001 0.000066 0.000001 0.000000 0.000000 0.000001 0.000000 0.000001 0.000001 0.000000 0.000001 0.000001 0.000000 0.000317 0.000001 0.000155 0.000000 0.000001 0.000001 0.000001 0.000001 0.000000 0.000001 0.000001 0.000001 0.000001 0.000000 0.000505 0.000001 0.000000 0.000001 0.000001 0.000001 0.000000 0.000000 0.000000 0.000001 0.001774 0.000001 0.000000 0.000001 0.000001 0.000003 0.000001 0.011902 0.000137 0.000000 0.000002 0.000001 0.984038 0.000001 0.000000 0.000000 0.000001 0.000001 0.000000 0.000001 0.000000 0.000096 0.000000 0.000001 0.000000 0.000000 
0.000001 0.000000 0.000001 0.000001 0.000000 0.000000 0.000000 0.000001 0.000001 0.000001 0.000001 0.000144 0.000001 0.000001 0.000001 0.000001 0.000001 0.000001 0.000001 0.000000 0.000000 0.000001 0.000000 0.000414 0.000040 0.000001 0.000000 0.000090 0.000001 0.000000 0.000001 0.000001 0.000001 0.000001 0.000001 0.000001 0.000000 0.000000 0.000001 0.000645 0.000001 0.000001 0.000001 0.000001 0.000001 0.000000 0.000001 0.000001 0.000013 0.000000 0.000001 0.000001 0.000001 0.000938 0.000001 0.000001 0.000001 0.000522 0.000001 0.000000 0.000001 0.000001 0.000001 0.000001 0.000001 0.000001 0.100001 0.000001 0.000000 0.000001 0.000001 0.000005 0.000000 0.000001 0.000001 0.022093 0.000001 0.000001 0.000001 0.000001 0.010507 0.864537 0.000001 0.000001 0.000000 0.000001 0.000001 0.000001 0.000001 0.000001 0.000000 0.000001 0.000000 0.000001 0.000000 0.000001 
0.000001 0.000000 0.037683 0.000001 0.000000 0.000001 0.000000 0.000001 0.000001 0.000001 0.000001 0.000001 0.000001 0.020925 0.000001 0.000001 0.000001 0.000001 0.000001 0.000989 0.000000 0.000001 0.000001 0.000001 0.000001 0.000001 0.000000 0.000001 0.033798 0.000000 0.000001 0.000001 0.000001 0.000001 0.000001 0.000001 0.000000 0.000001 0.023228 0.046948 0.000001 0.000001 0.000001 0.000001 0.000001 0.000001 0.000001 0.000001 0.073624 0.000000 0.052967 0.039100 0.000388 0.000001 0.000001 0.000001 0.000001 0.000002 0.411749 0.000001 0.005162 0.000001 0.000001 0.024587 0.000043 0.000001 0.000001 0.000001 0.000000 0.000001 0.000001 0.000001 0.000000 0.000001 0.000001 0.000439 0.091722 0.036882 0.000001 0.000001 0.000002 0.000002 0.000001 0.000001 0.000000 0.000035 0.023385 0.007804 0.068492 0.000001 0.000001 0.000001 0.000000 0.000001 0.000000 0.000001 
0.000000 0.000000 0.000001 0.000001 0.000000 0.000000 0.000000 0.000001 0.000001 0.000001 0.000051 0.000026 0.000001 0.000000 0.000001 0.000001 0.000001 0.000001 0.000480 0.000000 0.000000 0.000001 0.000000 0.000332 0.000009 0.000001 0.000000 0.000099 0.000001 0.000000 0.000001 0.000001 0.000020 0.000001 0.000001 0.000015 0.000000 0.000000 0.000001 0.000000 0.000001 0.000001 0.000000 0.000001 0.000002 0.000000 0.000001 0.000001 0.000017 0.000000 0.000001 0.000001 0.018531 0.000412 0.000001 0.000002 0.000001 0.000137 0.000001 0.000028 0.000001 0.000001 0.003635 0.000001 0.000001 0.000058 0.000000 0.000000 0.000000 0.000001 0.000000 0.000005 0.000000 0.000069 0.008816 0.002929 0.000001 0.000144 0.000018 0.000000 0.553654 0.003444 0.400043 0.004206 0.000000 0.000001 0.001816 0.000001 0.000000 0.000936 0.000000 0.000027 0.000000 0.000001 0.000000 0.000000 
0.059738 0.058995 0.058813 0.059877 0.059150 0.058844 0.059444 0.057803 0.058388 0.058971 0.057705 0.059769 0.057679 0.059423 0.058402 0.058417 0.058583 
0.059159 0.058885 0.056990 0.057927 0.059425 0.059332 0.058487 0.057715 0.059912 0.059384 0.059958 0.058093 0.059227 0.059003 0.057188 0.059557 0.059758 
0.038426 0.056721 0.041948 0.064111 0.061605 0.066442 0.055527 0.067280 0.066316 0.074682 0.044962 0.055071 0.069438 0.059785 0.053219 0.067813 0.056652 
0.059594 0.057319 0.057333 0.059692 0.058492 0.057626 0.060147 0.058111 0.059962 0.060283 0.059813 0.058028 0.058704 0.057356 0.058536 0.058879 0.060125 
0.057605 0.062589 0.059653 0.056256 0.057633 0.060992 0.058969 0.061746 0.057713 0.061020 0.056448 0.058530 0.056578 0.058004 0.055934 0.060776 0.059552 
0.058962 0.059214 0.059128 0.059139 0.059085 0.058989 0.059101 0.058498 0.058513 0.058184 0.059021 0.058862 0.058858 0.058863 0.058444 0.058703 0.058437 
0.059311 0.058956 0.058392 0.058542 0.058479 0.058654 0.058648 0.058596 0.058704 0.058732 0.058989 0.059324 0.059237 0.058562 0.058704 0.059500 0.058668 
0.051151 0.064287 0.068820 0.057407 0.057803 0.060700 0.055107 0.045100 0.047788 0.051064 0.068727 0.071916 0.060087 0.054470 0.071721 0.063636 0.050216 
0.057025 0.060705 0.060827 0.059951 0.061137 0.056394 0.063770 0.062467 0.058672 0.053075 0.059891 0.056148 0.061180 0.054251 0.054192 0.063681 0.056634 
0.062035 0.055295 0.055939 0.058642 0.057450 0.061071 0.060183 0.058487 0.057587 0.060080 0.058937 0.056249 0.058363 0.060682 0.057463 0.059825 0.061714 
0.059264 0.058785 0.055957 0.064584 0.055099 0.060798 0.061041 0.057242 0.060353 0.057864 0.059980 0.057395 0.058444 0.063580 0.056226 0.057798 0.055590 
0.058408 0.058200 0.058713 0.058255 0.057589 0.058259 0.058278 0.058726 0.058596 0.058903 0.059420 0.059920 0.058923 0.058190 0.059707 0.059685 0.060230 
breast
0.074793 0.059188 0.052181 0.091308 0.034342 0.042605 0.037016 0.112970 0.108716 0.034261 0.015562 0.070551 0.089995 0.021187 0.012919 0.101020 0.041386 
0.049019 0.074794 0.112343 0.066056 0.037081 0.039309 0.056925 0.073637 0.100350 0.037219 0.015519 0.088612 0.069944 0.012416 0.013944 0.098778 0.054055 
0.071646 0.056711 0.050827 0.070522 0.050897 0.092698 0.076693 0.110420 0.094862 0.025743 0.040822 0.056746 0.065566 0.011700 0.012810 0.068515 0.042822 
0.071543 0.056676 0.050729 0.070384 0.050798 0.090913 0.076543 0.110219 0.094791 0.025695 0.042415 0.056649 0.065438 0.011677 0.012814 0.068380 0.044335 
0.062525 0.070325 0.064199 0.089024 0.037197 0.064523 0.066799 0.099384 0.132522 0.031412 0.020391 0.084720 0.049427 0.007500 0.023413 0.050413 0.046225 
0.058943 0.063349 0.064932 0.083592 0.045924 0.105287 0.078402 0.087344 0.084936 0.036183 0.039036 0.057979 0.058314 0.007698 0.033237 0.054000 0.040845 
0.055071 0.066568 0.121357 0.078950 0.043858 0.028376 0.073001 0.061767 0.106869 0.047269 0.022499 0.080720 0.094789 0.002946 0.014733 0.061336 0.039888 
0.045067 0.090909 0.079619 0.102186 0.034905 0.034918 0.069172 0.077731 0.075022 0.044857 0.027956 0.080733 0.082307 0.026897 0.016103 0.059231 0.052387 
0.105797 0.055544 0.038341 0.065953 0.029641 0.079515 0.063202 0.096768 0.104302 0.006678 0.054545 0.087786 0.068886 0.013326 0.011411 0.086431 0.031874 
0.068054 0.065836 0.084316 0.092675 0.033688 0.029914 0.056893 0.105366 0.094894 0.034263 0.019335 0.063552 0.072042 0.010147 0.024156 0.099513 0.045357 
0.046785 0.040434 0.079769 0.087205 0.050147 0.050871 0.050111 0.076568 0.091467 0.038525 0.031732 0.074027 0.118120 0.010514 0.048899 0.052544 0.052280 
0.060390 0.087452 0.054609 0.072603 0.042049 0.046275 0.046545 0.067722 0.079407 0.043393 0.030506 0.078447 0.091051 0.007807 0.043256 0.097206 0.051283 
0.036427 0.041833 0.116733 0.032852 0.073505 0.062956 0.072456 0.098717 0.095487 0.052366 0.017980 0.062206 0.078762 0.009839 0.013966 0.098390 0.035524 
0.045902 0.075949 0.101972 0.090620 0.046797 0.037629 0.040598 0.108846 0.110011 0.036037 0.023340 0.057258 0.072317 0.013704 0.035008 0.048081 0.055932 
0.049782 0.108929 0.076561 0.073676 0.051035 0.041113 0.033357 0.071188 0.088559 0.042184 0.015454 0.089980 0.097811 0.025191 0.025888 0.059698 0.049594 
0.042441 0.086644 0.079695 0.081902 0.045401 0.041588 0.042405 0.088990 0.090138 0.037527 0.023767 0.069892 0.081957 0.014222 0.034411 0.089686 0.049332 
0.049916 0.089890 0.104494 0.056415 0.045851 0.038138 0.064279 0.075687 0.097357 0.030641 0.018805 0.067889 0.078416 0.013535 0.020812 0.108900 0.038977 
0.063850 0.067690 0.081530 0.093718 0.044175 0.040030 0.032910 0.099542 0.092544 0.024968 0.014490 0.055333 0.100166 0.009523 0.015941 0.117017 0.046573 
0.049273 0.052400 0.056629 0.077445 0.038330 0.132194 0.044066 0.152693 0.073266 0.031173 0.045500 0.069802 0.068468 0.000170 0.055972 0.020584 0.032036 
0.041939 0.066058 0.093472 0.086336 0.043427 0.036398 0.036171 0.074572 0.134373 0.026388 0.015699 0.093028 0.072384 0.027727 0.014758 0.083715 0.053554 
0.051120 0.021310 0.039274 0.093498 0.030290 0.050401 0.066531 0.085565 0.147522 0.034594 0.023365 0.063632 0.070222 0.002877 0.049204 0.158529 0.012069 
0.039123 0.050619 0.092106 0.063483 0.035079 0.038056 0.038241 0.080239 0.129931 0.031758 0.013783 0.066084 0.108926 0.012623 0.015095 0.140836 0.044018 
0.093212 0.059900 0.053975 0.047303 0.058442 0.041327 0.052261 0.101625 0.100475 0.046496 0.022891 0.054617 0.083698 0.013620 0.022170 0.115984 0.032004 
0.059321 0.094214 0.058704 0.069275 0.030096 0.034564 0.052542 0.118791 0.102183 0.029108 0.025494 0.022912 0.112840 0.009232 0.019572 0.096249 0.064901 
0.064457 0.092651 0.070644 0.099004 0.031626 0.040146 0.064823 0.092058 0.067389 0.060925 0.041341 0.083647 0.066083 0.015206 0.015568 0.052051 0.042381 
0.087399 0.042160 0.007659 0.101390 0.003330 0.104349 0.203175 0.169720 0.113804 0.002429 0.124117 0.004220 0.023111 0.002654 0.003211 0.005917 0.001355 
0.044089 0.084597 0.097714 0.080417 0.035650 0.092054 0.109521 0.081638 0.111769 0.025442 0.019800 0.057921 0.029293 0.008348 0.012013 0.079036 0.030699 
0.044574 0.074534 0.081781 0.070628 0.047968 0.055444 0.066255 0.118147 0.084180 0.030834 0.030831 0.049123 0.084092 0.021359 0.032841 0.066921 0.040487 
0.051375 0.051229 0.072289 0.094632 0.044172 0.102176 0.093451 0.065328 0.079191 0.052553 0.040151 0.070453 0.064869 0.009053 0.039139 0.034747 0.035193 
0.132872 0.072630 0.002912 0.079716 0.004029 0.091799 0.166631 0.202661 0.128179 0.001040 0.093224 0.002450 0.017201 0.002104 0.001031 0.000254 0.001267 
0.063437 0.084375 0.079418 0.090124 0.039691 0.036913 0.044773 0.093667 0.099912 0.029963 0.022543 0.059520 0.074150 0.013389 0.026472 0.096688 0.044964 
0.078356 0.080411 0.056103 0.073817 0.043317 0.043726 0.029736 0.083811 0.125590 0.024888 0.016017 0.093086 0.060833 0.020793 0.025965 0.091525 0.052024 
0.060114 0.052627 0.082556 0.063995 0.057053 0.082909 0.069122 0.082113 0.121809 0.046442 0.029595 0.062457 0.070673 0.007006 0.026498 0.045019 0.040012 
0.058662 0.041362 0.081188 0.073933 0.043372 0.093241 0.075111 0.064860 0.096870 0.042884 0.036038 0.082889 0.079900 0.006729 0.038222 0.041875 0.042866 
0.067820 0.064524 0.080278 0.080946 0.045060 0.025740 0.042649 0.127860 0.100398 0.023191 0.017765 0.049228 0.086613 0.009746 0.032206 0.098760 0.047216 
0.070900 0.049625 0.057584 0.079702 0.038615 0.107299 0.086710 0.096748 0.073735 0.039766 0.050214 0.068785 0.053002 0.009350 0.036103 0.047939 0.033922 
0.068754 0.059943 0.052405 0.071364 0.049481 0.067469 0.085606 0.103389 0.140114 0.037889 0.020091 0.058104 0.067377 0.005763 0.030568 0.043115 0.038568 
0.067274 0.045412 0.089195 0.120894 0.062281 0.042005 0.042710 0.091152 0.080587 0.029533 0.022805 0.093345 0.043026 0.012046 0.013404 0.093273 0.051059 
0.072307 0.080648 0.100911 0.054587 0.045116 0.011726 0.070480 0.061696 0.097519 0.051135 0.017465 0.053536 0.069762 0.003189 0.051810 0.101023 0.057090 
0.046651 0.082350 0.091365 0.101609 0.044867 0.032247 0.053144 0.086371 0.097236 0.030951 0.016780 0.074744 0.063945 0.019335 0.033558 0.067679 0.057166 
0.038199 0.067736 0.052380 0.088174 0.031621 0.028973 0.080180 0.071797 0.106584 0.070288 0.023720 0.105972 0.103061 0.012909 0.038226 0.028510 0.051669 
0.041498 0.050234 0.058341 0.100097 0.046717 0.102931 0.076712 0.126113 0.075262 0.034832 0.039950 0.048264 0.066744 0.004443 0.049123 0.039787 0.038949 
0.066875 0.077079 0.087411 0.107724 0.037628 0.030731 0.035166 0.077499 0.099872 0.031227 0.022891 0.068579 0.058481 0.026592 0.019501 0.065541 0.087202 
0.059293 0.067107 0.048167 0.064358 0.038590 0.032035 0.050949 0.082206 0.129964 0.034397 0.016320 0.097043 0.076280 0.012717 0.040363 0.118600 0.031611 
0.048059 0.036672 0.069053 0.031954 0.045790 0.050442 0.037087 0.135478 0.152342 0.039861 0.019856 0.047431 0.071098 0.024932 0.029892 0.076075 0.083977 
0.054521 0.081136 0.061951 0.089477 0.044079 0.046122 0.045777 0.094385 0.102509 0.026672 0.024544 0.055115 0.073345 0.009804 0.026427 0.121841 0.042296 
0.064971 0.066444 0.082018 0.073647 0.043330 0.050392 0.071878 0.061526 0.064748 0.054368 0.021796 0.074713 0.094687 0.007073 0.033837 0.105848 0.028722 
0.078452 0.112112 0.108159 0.079300 0.026880 0.029797 0.039296 0.081150 0.108169 0.019881 0.018640 0.049100 0.070727 0.014520 0.025953 0.086320 0.051543 
0.077124 0.035037 0.057371 0.087752 0.038238 0.182626 0.100407 0.099517 0.041370 0.023700 0.074102 0.041137 0.026903 0.004441 0.018025 0.081880 0.010369 
0.065755 0.049288 0.063474 0.071019 0.056633 0.114491 0.074954 0.089920 0.069455 0.023260 0.037002 0.065079 0.041218 0.012693 0.028131 0.086319 0.051309 
0.063906 0.082159 0.089666 0.090284 0.054030 0.033919 0.058427 0.076063 0.077028 0.033361 0.017518 0.066711 0.085935 0.009773 0.035631 0.058380 0.067209 
0.061391 0.094880 0.130546 0.105097 0.036481 0.042940 0.023415 0.059558 0.107263 0.020240 0.027496 0.067992 0.057358 0.009081 0.036535 0.064349 0.055377 
0.052162 0.073179 0.061123 0.076668 0.041302 0.027633 0.062243 0.075302 0.116974 0.050734 0.017183 0.066490 0.073506 0.019632 0.030267 0.083383 0.072220 
0.040954 0.083108 0.055724 0.087610 0.032267 0.042836 0.060584 0.100914 0.100919 0.056256 0.026274 0.102167 0.080780 0.011061 0.018741 0.058569 0.041235 
endometrium
0.106617 0.045726 0.066850 0.019647 0.030508 0.060250 0.045526 0.065583 0.072264 0.015152 0.044042 0.035863 0.034536 0.217203 0.019907 0.027073 0.093254 
0.041217 0.029801 0.043681 0.052243 0.089881 0.095300 0.065444 0.071786 0.080684 0.063633 0.079904 0.055755 0.056596 0.050876 0.020768 0.069271 0.033159 
0.025917 0.020434 0.066335 0.064910 0.123095 0.077190 0.035548 0.065207 0.081254 0.050299 0.096562 0.048110 0.071774 0.052546 0.007512 0.080771 0.032537 
0.037716 0.031702 0.052741 0.059261 0.130501 0.074398 0.038625 0.048665 0.075045 0.072331 0.105874 0.069941 0.073400 0.030713 0.011640 0.070645 0.016803 
0.031809 0.025141 0.032859 0.077302 0.108788 0.088869 0.042752 0.054599 0.047970 0.081339 0.099575 0.085978 0.083934 0.040318 0.011781 0.069362 0.017625 
0.102343 0.048239 0.038302 0.025125 0.041848 0.062426 0.063802 0.061153 0.071325 0.025899 0.053275 0.041142 0.032609 0.190989 0.024496 0.035244 0.081783 
0.031567 0.025536 0.050797 0.071021 0.090017 0.102634 0.030958 0.036372 0.065182 0.097019 0.105922 0.091359 0.051007 0.038998 0.019914 0.071047 0.020651 
0.020700 0.023993 0.022028 0.096973 0.128358 0.042816 0.019730 0.024649 0.039161 0.113757 0.131487 0.070453 0.069526 0.066400 0.009528 0.089413 0.031028 
0.022020 0.027422 0.041836 0.068866 0.096557 0.089816 0.012048 0.062187 0.079584 0.082612 0.101680 0.108282 0.074543 0.029435 0.011446 0.069451 0.022216 
0.039925 0.036394 0.043919 0.050630 0.177941 0.051955 0.032468 0.069251 0.069725 0.050147 0.105277 0.060347 0.086525 0.016339 0.016310 0.081499 0.011349 
0.112375 0.042945 0.045425 0.053177 0.060668 0.180478 0.082978 0.073672 0.038645 0.029137 0.094338 0.045209 0.025840 0.013116 0.037710 0.056151 0.008137 
0.105470 0.047558 0.040231 0.026526 0.052648 0.061138 0.052294 0.068261 0.075385 0.023799 0.055068 0.039218 0.033355 0.182773 0.023980 0.034104 0.078190 
0.054381 0.036429 0.037995 0.041708 0.149631 0.060644 0.032580 0.078862 0.088840 0.053837 0.072273 0.070551 0.083374 0.038878 0.017783 0.058326 0.023906 
0.051574 0.028160 0.053606 0.048624 0.142136 0.096434 0.047460 0.057759 0.070226 0.052977 0.076767 0.063199 0.076015 0.031408 0.018700 0.062535 0.022421 
0.047151 0.029116 0.046541 0.069594 0.127174 0.075856 0.043450 0.054250 0.046389 0.091393 0.081142 0.066193 0.058372 0.041298 0.018149 0.078792 0.025139 
0.039143 0.034313 0.042453 0.057931 0.122628 0.077369 0.058806 0.050439 0.061957 0.063392 0.103045 0.074481 0.068216 0.038418 0.020880 0.064235 0.022295 
0.044613 0.052361 0.149737 0.045192 0.028122 0.025433 0.045945 0.043225 0.044251 0.083013 0.042320 0.055980 0.027750 0.030554 0.015492 0.182009 0.084001 
0.035208 0.027228 0.059734 0.048133 0.130595 0.065729 0.047981 0.059206 0.070419 0.081105 0.088316 0.085866 0.072632 0.030950 0.011820 0.063118 0.021962 
0.074188 0.041679 0.022009 0.035971 0.094857 0.038470 0.034228 0.041444 0.055222 0.067833 0.095791 0.055084 0.051746 0.138915 0.025404 0.065669 0.061491 
0.021860 0.022728 0.045722 0.084287 0.113813 0.079320 0.028607 0.064200 0.060042 0.092557 0.082289 0.079459 0.090215 0.040423 0.011294 0.062808 0.020375 
0.029057 0.027278 0.040396 0.058046 0.102017 0.078576 0.041269 0.053932 0.070522 0.086927 0.104155 0.098589 0.076047 0.033632 0.011520 0.064226 0.023812 
0.022375 0.028967 0.033280 0.062718 0.114801 0.066425 0.042070 0.051207 0.053446 0.085598 0.093556 0.082513 0.089108 0.051838 0.014382 0.070515 0.037203 
0.137474 0.058457 0.058126 0.018222 0.039756 0.068066 0.044213 0.067808 0.098006 0.018330 0.037727 0.037236 0.029459 0.168817 0.022706 0.021653 0.073945 
0.054124 0.034367 0.049250 0.055111 0.116224 0.093359 0.049604 0.063446 0.063963 0.078352 0.079101 0.077298 0.061798 0.028807 0.021515 0.057028 0.016653 
0.072945 0.037880 0.044783 0.053998 0.116091 0.087472 0.076335 0.061313 0.064888 0.057266 0.066194 0.065385 0.060500 0.023901 0.033346 0.056123 0.021579 
0.044554 0.023303 0.064428 0.061086 0.141843 0.102887 0.047009 0.052798 0.051212 0.053644 0.081838 0.062453 0.087538 0.031516 0.016622 0.062817 0.014454 
0.036091 0.024849 0.043766 0.062423 0.095172 0.064550 0.052341 0.042514 0.064747 0.089619 0.118920 0.080200 0.059771 0.039252 0.013714 0.093093 0.018978 
0.134301 0.060922 0.051069 0.026036 0.034217 0.083814 0.050634 0.084273 0.098897 0.017089 0.041369 0.033979 0.027859 0.145982 0.022117 0.024176 0.063266 
0.017145 0.036468 0.034293 0.061984 0.132799 0.032052 0.020447 0.039983 0.061211 0.053859 0.186161 0.070596 0.084244 0.017164 0.013039 0.126831 0.011722 
0.058017 0.031389 0.058545 0.060896 0.122150 0.087596 0.043768 0.066519 0.065376 0.041482 0.104823 0.058113 0.060709 0.025423 0.022127 0.070566 0.022501 
0.024460 0.024346 0.037978 0.079316 0.130227 0.053429 0.030512 0.037937 0.060764 0.113946 0.088096 0.085726 0.061152 0.062558 0.006386 0.069403 0.033765 
0.137053 0.059802 0.045196 0.019284 0.047590 0.065745 0.040996 0.065362 0.096660 0.028479 0.045321 0.039240 0.034307 0.154495 0.024585 0.028063 0.067823 
0.032722 0.025392 0.059627 0.061736 0.119393 0.091518 0.030696 0.058833 0.077846 0.060838 0.078753 0.094263 0.080127 0.036534 0.009911 0.062376 0.019435 
0.032976 0.026387 0.039964 0.057590 0.123029 0.097341 0.042361 0.060318 0.067006 0.055037 0.097303 0.054301 0.071695 0.038350 0.012666 0.091977 0.031700 
0.028550 0.019630 0.053362 0.061444 0.099111 0.090877 0.050233 0.061131 0.083415 0.077421 0.069616 0.095023 0.075848 0.025653 0.011207 0.072867 0.024614 
0.035491 0.029356 0.046018 0.060773 0.108475 0.075005 0.048025 0.051497 0.057102 0.088946 0.104545 0.071267 0.060904 0.039244 0.018629 0.078965 0.025758 
0.068220 0.044547 0.034482 0.038149 0.100722 0.050194 0.044115 0.059244 0.064688 0.061978 0.085048 0.058959 0.060389 0.094722 0.027441 0.061143 0.045958 
0.084390 0.051452 0.044024 0.081462 0.046190 0.117833 0.090341 0.083040 0.032356 0.059692 0.100832 0.061355 0.037140 0.008868 0.034062 0.060612 0.006352 
0.040095 0.027102 0.043348 0.076158 0.118870 0.101850 0.030995 0.043776 0.054313 0.070716 0.102128 0.065494 0.080887 0.036357 0.014504 0.072784 0.020624 
0.039626 0.035120 0.038825 0.058089 0.110981 0.077211 0.032442 0.041047 0.057840 0.056544 0.103367 0.065337 0.081421 0.063680 0.007141 0.090406 0.040922 
0.111352 0.049662 0.054838 0.022782 0.029011 0.057985 0.046199 0.069188 0.078563 0.017642 0.044512 0.038517 0.027905 0.214292 0.020699 0.025765 0.091089 
0.030420 0.023616 0.123623 0.043983 0.075891 0.078012 0.078258 0.060254 0.065106 0.064462 0.064344 0.038820 0.042259 0.022492 0.013720 0.161917 0.012823 
0.053146 0.024132 0.170446 0.020095 0.009846 0.013460 0.015876 0.024366 0.035170 0.025399 0.014613 0.068655 0.036269 0.061687 0.036490 0.161344 0.229007 
0.033593 0.028656 0.040839 0.067361 0.114146 0.082665 0.016354 0.037831 0.049632 0.116138 0.102459 0.084733 0.086751 0.031355 0.018817 0.061609 0.027060 
0.019753 0.024419 0.021243 0.096819 0.118431 0.049754 0.020076 0.024098 0.027497 0.134435 0.139151 0.072051 0.069441 0.059444 0.006569 0.091627 0.025192 
0.045026 0.023601 0.054672 0.065589 0.113143 0.092072 0.046806 0.064533 0.067519 0.057033 0.084485 0.057509 0.079452 0.040022 0.014656 0.059178 0.034703 
0.058593 0.029510 0.054555 0.064117 0.104790 0.165604 0.040736 0.068499 0.040963 0.057620 0.089658 0.057929 0.056960 0.029443 0.021499 0.045048 0.014475 
0.053578 0.030758 0.048595 0.074792 0.092052 0.072409 0.035287 0.073996 0.063466 0.080646 0.084991 0.075884 0.076318 0.032396 0.025582 0.060249 0.019001 
0.037422 0.026708 0.045586 0.060989 0.099626 0.086628 0.028291 0.053549 0.078562 0.084723 0.093195 0.092722 0.058312 0.047282 0.014784 0.061463 0.030160 
0.036330 0.028166 0.064245 0.069121 0.110834 0.095614 0.046455 0.042873 0.054662 0.074933 0.104515 0.061373 0.072703 0.038841 0.005361 0.070428 0.023547 
0.026419 0.032423 0.041761 0.057028 0.123228 0.091964 0.041897 0.045377 0.051521 0.087650 0.081796 0.109108 0.058672 0.039803 0.014872 0.067143 0.029339 
0.055502 0.028096 0.083341 0.059172 0.084216 0.075324 0.035081 0.046815 0.064480 0.053428 0.059780 0.082690 0.070701 0.034434 0.022486 0.078710 0.065744 
0.054520 0.026799 0.039748 0.046198 0.116995 0.101869 0.045847 0.053072 0.066890 0.056570 0.128791 0.062476 0.063243 0.029402 0.017071 0.068090 0.022419 
0.146662 0.062367 0.073987 0.026908 0.040638 0.061606 0.030503 0.066367 0.102444 0.018427 0.045730 0.035660 0.038512 0.140460 0.021017 0.028830 0.059883 
0.036646 0.036628 0.049960 0.070345 0.101986 0.072241 0.061850 0.041732 0.085112 0.069263 0.093448 0.078126 0.050288 0.014466 0.023851 0.089133 0.024925 
0.029637 0.017759 0.054299 0.062293 0.120775 0.078386 0.047359 0.039096 0.067475 0.091402 0.100161 0.086994 0.068404 0.036455 0.007505 0.064610 0.027389 
0.035412 0.036235 0.042832 0.058026 0.111583 0.073754 0.023461 0.040246 0.056425 0.086290 0.129670 0.074443 0.063954 0.035235 0.012319 0.094157 0.025959 
0.037167 0.031636 0.024545 0.067118 0.085987 0.034276 0.018787 0.031199 0.029179 0.091597 0.155042 0.059755 0.052755 0.113746 0.007507 0.107098 0.052606 
0.137661 0.060863 0.057586 0.021196 0.049674 0.065235 0.042348 0.071960 0.102413 0.020977 0.042201 0.036852 0.031151 0.145452 0.023095 0.026689 0.064646 
0.081790 0.047902 0.061214 0.057302 0.037561 0.223356 0.115841 0.081085 0.043900 0.031636 0.081551 0.021814 0.015755 0.008116 0.037420 0.047172 0.006585 
0.023457 0.020557 0.048189 0.075228 0.103782 0.060092 0.039433 0.053841 0.045785 0.111757 0.108925 0.083168 0.071014 0.042905 0.009766 0.079669 0.022433 
0.040652 0.034319 0.039072 0.064920 0.121820 0.077651 0.047828 0.056505 0.065797 0.077614 0.085603 0.065714 0.070330 0.045929 0.014077 0.062320 0.029849 
0.122358 0.052682 0.043519 0.027974 0.043035 0.058898 0.030023 0.052462 0.083283 0.034203 0.046773 0.045171 0.038141 0.188100 0.022764 0.028073 0.082541 
0.023449 0.032840 0.051438 0.063804 0.102289 0.077731 0.041761 0.055204 0.063928 0.087801 0.089335 0.091584 0.081103 0.039064 0.009573 0.067625 0.021470 
0.025317 0.040726 0.050214 0.070517 0.132335 0.067951 0.030436 0.046586 0.049044 0.090433 0.104540 0.090759 0.059969 0.034530 0.014912 0.066168 0.025564 
0.029832 0.034745 0.045660 0.064616 0.102028 0.081420 0.034856 0.058693 0.061853 0.077698 0.110453 0.089013 0.070746 0.033013 0.016848 0.066589 0.021937 
0.070234 0.042053 0.044773 0.045267 0.102191 0.053415 0.029953 0.062730 0.075884 0.048685 0.098299 0.052605 0.072034 0.073001 0.022178 0.071753 0.034945 
0.061808 0.039785 0.032799 0.063528 0.101012 0.066742 0.057150 0.045990 0.046615 0.075083 0.092709 0.070518 0.065256 0.041694 0.027901 0.085003 0.026408 
0.050792 0.021167 0.064295 0.063610 0.113925 0.089049 0.044795 0.065576 0.077298 0.042935 0.082508 0.099118 0.083980 0.017526 0.017050 0.051241 0.015136 
0.039801 0.031367 0.058753 0.066634 0.128256 0.087704 0.035965 0.051051 0.059119 0.074582 0.096518 0.067582 0.074779 0.027762 0.013708 0.066985 0.019435 
0.010470 0.022572 0.022657 0.095250 0.132306 0.034742 0.016658 0.028726 0.031220 0.133423 0.124202 0.086764 0.074163 0.065146 0.006462 0.082361 0.032877 
0.030750 0.036258 0.044147 0.080903 0.128575 0.068064 0.032846 0.050029 0.044929 0.078166 0.114825 0.060832 0.089299 0.038401 0.013372 0.068711 0.019894 
0.048677 0.030310 0.097426 0.034574 0.029093 0.028757 0.026542 0.017987 0.053025 0.040956 0.029736 0.064365 0.067110 0.080215 0.050787 0.106381 0.194059 
0.119739 0.051618 0.052776 0.020742 0.029234 0.058147 0.032623 0.069204 0.083674 0.024854 0.038397 0.037766 0.029719 0.215566 0.023339 0.020039 0.092563 
0.093279 0.041625 0.039044 0.028096 0.040531 0.053231 0.044223 0.058908 0.066746 0.022284 0.048501 0.041559 0.026860 0.233655 0.025441 0.035338 0.100677 
0.025810 0.032245 0.039581 0.073443 0.115238 0.060356 0.034982 0.053198 0.061383 0.096845 0.099491 0.085160 0.073727 0.040769 0.012434 0.070268 0.025069 
0.034251 0.023240 0.052871 0.072295 0.131216 0.061847 0.040004 0.062047 0.068935 0.091831 0.077980 0.080784 0.068962 0.037231 0.010389 0.065339 0.020777 
0.034206 0.025665 0.074508 0.051055 0.106419 0.084441 0.030670 0.056387 0.053735 0.065981 0.128528 0.070126 0.063644 0.028546 0.011103 0.093439 0.021547 
0.032306 0.040914 0.046408 0.058296 0.128856 0.094724 0.025645 0.058452 0.038810 0.076865 0.106299 0.069808 0.067462 0.030820 0.021934 0.080971 0.021429 
0.017408 0.020536 0.047670 0.076466 0.109614 0.077239 0.039579 0.061435 0.050307 0.098432 0.099696 0.072255 0.062224 0.047885 0.013488 0.084073 0.021692 
0.020162 0.027301 0.051094 0.056820 0.141839 0.078204 0.050386 0.044736 0.066337 0.086157 0.095056 0.078336 0.063782 0.036051 0.010868 0.062980 0.029890 
0.034378 0.044478 0.069530 0.073512 0.077888 0.082091 0.041643 0.066010 0.073775 0.056831 0.037810 0.122927 0.079008 0.021776 0.034638 0.037439 0.046267 
0.033216 0.028296 0.059138 0.056894 0.107001 0.082974 0.044256 0.053713 0.070888 0.074130 0.083808 0.078737 0.074444 0.043764 0.018342 0.062777 0.027622 
0.028693 0.024729 0.048421 0.079350 0.124214 0.055926 0.035727 0.036427 0.060631 0.088963 0.136221 0.054666 0.068417 0.032729 0.006069 0.095844 0.022973 
0.122769 0.055181 0.041078 0.027446 0.038974 0.072895 0.039044 0.062303 0.087721 0.029573 0.043941 0.038441 0.032394 0.181550 0.023975 0.025096 0.077619 
0.044088 0.019351 0.033430 0.065616 0.093350 0.073855 0.043781 0.050038 0.060054 0.124008 0.096686 0.100856 0.038936 0.047618 0.003385 0.075420 0.029527 
0.024914 0.024637 0.038725 0.066268 0.117087 0.089125 0.050572 0.061653 0.060883 0.085222 0.073255 0.069936 0.070921 0.050964 0.013062 0.073010 0.029765 
0.089149 0.037091 0.033408 0.056079 0.090415 0.118531 0.070351 0.071277 0.055721 0.039846 0.071879 0.072280 0.050533 0.018352 0.032020 0.075277 0.017789 
0.062116 0.029988 0.250108 0.051413 0.011405 0.030671 0.042458 0.028052 0.045243 0.034782 0.017619 0.060886 0.034342 0.038371 0.031546 0.149811 0.081189 
large_intestine
0.040991 0.039133 0.046894 0.065719 0.130164 0.064301 0.051932 0.065793 0.049953 0.080122 0.115231 0.061272 0.037283 0.027318 0.024354 0.082343 0.017200 
0.041981 0.039652 0.038375 0.049723 0.118916 0.075770 0.045670 0.071241 0.048443 0.070016 0.132794 0.062299 0.039891 0.025601 0.027048 0.094284 0.018296 
0.056080 0.061515 0.052944 0.075179 0.053404 0.097491 0.060565 0.075509 0.104943 0.056191 0.072069 0.032887 0.054759 0.024126 0.022045 0.078643 0.021651 
0.039537 0.052202 0.055293 0.059816 0.060922 0.112683 0.060325 0.083915 0.079376 0.071194 0.069607 0.058858 0.049756 0.033243 0.022841 0.059222 0.031210 
0.044171 0.038829 0.051076 0.048523 0.052074 0.114640 0.047578 0.104336 0.075604 0.069502 0.088290 0.050398 0.043849 0.046091 0.018804 0.084177 0.022058 
0.054779 0.034157 0.037401 0.058274 0.124470 0.072200 0.041065 0.050159 0.043109 0.092199 0.127925 0.066734 0.039188 0.039731 0.018561 0.082128 0.017919 
0.138727 0.059102 0.055371 0.012500 0.033092 0.057445 0.028150 0.066037 0.098332 0.018484 0.045984 0.033205 0.027672 0.191764 0.022704 0.029002 0.082429 
