-10266030.061600
0
0.000000 0.000000 0.000000 0.000000 0.025503 0.000000 0.000000 0.000000 0.000000 0.000000 0.000000 0.000000 0.000000 0.000000 0.000000 0.000000 0.000000 0.000000 0.015796 0.000000 0.000000 0.000000 0.022315 0.035247 0.000000 0.000000 0.000000 0.000000 0.000000 0.000000 0.000000 0.000000 0.000000 0.002508 0.000000 0.000000 0.000000 0.000000 0.000000 0.000000 0.000000 0.000000 0.000000 0.000000 0.000000 0.000000 0.000000 0.000000 0.000000 0.000000 0.000000 0.000000 0.000000 0.000000 0.000000 0.000000 0.000000 0.000001 0.000000 0.000000 0.000000 0.000000 0.000000 0.000000 0.090790 0.000000 0.000000 0.000000 0.012408 0.000000 0.000000 0.000000 0.000000 0.000000 0.000000 0.414437 0.000000 0.000000 0.000000 0.000000 0.000000 0.005455 0.065124 0.310388 0.000000 0.000000 0.000000 0.000000 0.000000 0.000000 0.000000 0.000000 0.000000 0.000000 0.000000 0.000000 
0.000000 0.000000 0.000000 0.000000 0.000000 0.000000 0.000000 0.000000 0.000000 0.000000 0.000000 0.000000 0.000000 0.000000 0.000000 0.000000 0.000000 0.000000 0.000000 0.000000 0.010530 0.000000 0.000000 0.000000 0.000000 0.000000 0.000000 0.000000 0.000000 0.000000 0.000000 0.000000 0.000000 0.332798 0.000000 0.000000 0.000000 0.000000 0.000000 0.000000 0.000000 0.000000 0.000000 0.000000 0.000000 0.000000 0.000000 0.000000 0.000000 0.000000 0.000000 0.000000 0.000000 0.000000 0.000000 0.000000 0.000000 0.000001 0.079164 0.000000 0.000000 0.000000 0.024739 0.000000 0.000000 0.000000 0.011239 0.000000 0.000000 0.000000 0.000000 0.036649 0.000000 0.000000 0.000000 0.000000 0.000000 0.000000 0.000000 0.000000 0.000000 0.487928 0.016923 0.000000 0.000000 0.000000 0.000000 0.000000 0.000000 0.000000 0.000000 0.000000 0.000000 0.000000 0.000000 0.000000 
0.000000 0.000000 0.000000 0.000000 0.000000 0.000000 0.000000 0.000000 0.015187 0.000000 0.000000 0.000000 0.000000 0.000000 0.000000 0.000000 0.000000 0.000000 0.000000 0.000000 0.000000 0.000000 0.000000 0.000000 0.000000 0.000000 0.074827 0.000000 0.000000 0.000000 0.000000 0.000000 0.000000 0.215445 0.000000 0.000000 0.000000 0.000000 0.000000 0.000000 0.000000 0.070323 0.000000 0.000000 0.000000 0.000000 0.000000 0.000000 0.000000 0.068313 0.041829 0.000000 0.000000 0.035455 0.000000 0.024176 0.000000 0.042944 0.000000 0.000000 0.000000 0.000000 0.000000 0.000000 0.000000 0.000000 0.000000 0.000000 0.000000 0.000000 0.000000 0.000000 0.094938 0.000000 0.000000 0.000000 0.000000 0.000000 0.021871 0.093449 0.000000 0.166564 0.003567 0.000000 0.000000 0.000000 0.000000 0.031085 0.000000 0.000000 0.000000 0.000000 0.000000 0.000000 0.000000 0.000000 
0.000000 0.000000 0.000000 0.000000 0.000000 0.000000 0.000000 0.000000 0.000000 0.000000 0.026357 0.000000 0.019573 0.000000 0.000000 0.000000 0.000000 0.060015 0.000000 0.000000 0.000000 0.000000 0.000000 0.000000 0.000000 0.000000 0.000000 0.000000 0.000000 0.000000 0.000000 0.029083 0.355997 0.000000 0.000000 0.000000 0.000000 0.000000 0.000000 0.000000 0.000000 0.000000 0.000000 0.000239 0.008950 0.029138 0.000000 0.000000 0.000000 0.000000 0.000000 0.000000 0.000000 0.000000 0.000000 0.001522 0.000000 0.000001 0.000000 0.000000 0.000000 0.000000 0.000000 0.000000 0.000000 0.000000 0.000000 0.000000 0.000000 0.000000 0.000000 0.000000 0.000000 0.000000 0.000000 0.000000 0.000000 0.000000 0.000020 0.000000 0.000000 0.396290 0.000001 0.000000 0.000000 0.000000 0.017784 0.000000 0.000000 0.000000 0.000000 0.055003 0.000000 0.000000 0.000000 0.000000 
0.000000 0.000000 0.000000 0.000000 0.000000 0.000000 0.000000 0.000000 0.000000 0.000000 0.484567 0.000000 0.000000 0.000000 0.000000 0.000000 0.000000 0.000000 0.000000 0.000000 0.000000 0.000000 0.000000 0.000000 0.000000 0.000000 0.000000 0.229757 0.000000 0.000000 0.000000 0.000000 0.000000 0.000000 0.000000 0.000000 0.000000 0.000000 0.000000 0.000000 0.000000 0.000000 0.000000 0.000000 0.000000 0.000000 0.000000 0.000000 0.000000 0.000000 0.000000 0.000000 0.000000 0.000000 0.000000 0.000000 0.000000 0.252423 0.000000 0.000000 0.000000 0.000000 0.000000 0.000000 0.000000 0.002606 0.000000 0.000000 0.000000 0.000000 0.000000 0.000000 0.000000 0.000000 0.000000 0.000000 0.000000 0.000000 0.000000 0.000000 0.000000 0.030617 0.000001 0.000000 0.000000 0.000000 0.000000 0.000000 0.000000 0.000000 0.000000 0.000000 0.000000 0.000000 0.000000 0.000000 
0.000000 0.000000 0.000000 0.000000 0.000000 0.000000 0.000000 0.000000 0.000000 0.000000 0.000000 0.000000 0.000000 0.000000 0.000000 0.000000 0.000000 0.000000 0.000000 0.000000 0.000000 0.000000 0.000000 0.000000 0.000000 0.000000 0.000000 0.000000 0.000000 0.000000 0.000000 0.000000 0.000000 0.000000 0.000000 0.000000 0.000000 0.000000 0.000000 0.000000 0.000000 0.000000 0.000000 0.000000 0.000000 0.000000 0.000000 0.000000 0.000000 0.000000 0.000000 0.000000 0.000000 0.000000 0.000000 0.000000 0.000000 0.000001 0.000000 0.000000 0.000000 0.000000 0.000000 0.000000 0.000000 0.000000 0.000000 0.000000 0.000000 0.000000 0.000000 0.000000 0.000000 0.000000 0.000000 0.000000 0.000000 0.000000 0.000000 0.000000 0.000000 0.015558 0.984410 0.000000 0.000000 0.000000 0.000000 0.000000 0.000000 0.000000 0.000000 0.000000 0.000000 0.000000 0.000000 0.000000 
0.038474 0.000000 0.000000 0.000000 0.000000 0.000000 0.000000 0.000000 0.000000 0.000000 0.000000 0.000000 0.000000 0.000000 0.025843 0.032895 0.000000 0.000000 0.000000 0.053740 0.000000 0.000000 0.000000 0.000000 0.103360 0.000000 0.000000 0.000000 0.023974 0.000000 0.025690 0.000000 0.000000 0.000000 0.000000 0.063899 0.000000 0.031483 0.000000 0.032323 0.000000 0.000000 0.000000 0.000000 0.000000 0.000000 0.045925 0.079294 0.000000 0.000000 0.000000 0.000000 0.000000 0.000000 0.000000 0.000000 0.000000 0.090224 0.000000 0.000000 0.014458 0.000000 0.000000 0.000000 0.000000 0.000000 0.000000 0.114897 0.000000 0.000000 0.000000 0.000000 0.000000 0.000000 0.033949 0.000000 0.076781 0.000000 0.000000 0.000000 0.000000 0.000001 0.000001 0.000000 0.000000 0.000000 0.000000 0.000000 0.046557 0.066209 0.000000 0.000000 0.000000 0.000000 0.000000 0.000000 
0.000000 0.000000 0.000000 0.000000 0.000000 0.000000 0.000000 0.022918 0.003967 0.186498 0.000000 0.000000 0.000000 0.000000 0.000000 0.000000 0.067488 0.000000 0.000000 0.000812 0.000000 0.018329 0.000000 0.000000 0.000000 0.110737 0.000000 0.000000 0.000000 0.023107 0.000000 0.000000 0.000000 0.000000 0.000000 0.000000 0.000000 0.000000 0.000000 0.000000 0.000000 0.000000 0.142616 0.081587 0.000000 0.000000 0.000000 0.000000 0.000000 0.000000 0.000000 0.095422 0.000000 0.000000 0.000000 0.000000 0.000000 0.000001 0.000000 0.000000 0.000000 0.016418 0.000000 0.000000 0.000000 0.093814 0.000000 0.000000 0.000000 0.000000 0.000000 0.000000 0.000000 0.000000 0.000000 0.000000 0.000000 0.000000 0.000000 0.000000 0.000000 0.000001 0.000415 0.000000 0.000000 0.000000 0.000000 0.000000 0.000000 0.000000 0.000000 0.000000 0.000000 0.000000 0.021087 0.114760 
0.000000 0.043256 0.000000 0.047671 0.000000 0.000000 0.000000 0.000000 0.085032 0.000000 0.000000 0.105599 0.000000 0.028199 0.000000 0.000000 0.000000 0.000000 0.000000 0.000219 0.000000 0.000000 0.000000 0.000000 0.000000 0.000000 0.000000 0.000000 0.000000 0.000000 0.000000 0.000000 0.000000 0.000000 0.155124 0.000000 0.012040 0.000000 0.048269 0.000000 0.000000 0.000000 0.000000 0.000000 0.000000 0.000000 0.000000 0.000000 0.000000 0.000000 0.000000 0.000000 0.000740 0.000000 0.025018 0.000000 0.000000 0.000986 0.000000 0.263384 0.000000 0.006074 0.000000 0.017596 0.012624 0.000000 0.098179 0.000000 0.000000 0.000000 0.000000 0.000000 0.000000 0.000000 0.000000 0.000000 0.000000 0.000000 0.000000 0.000000 0.000000 0.000001 0.000001 0.000000 0.000000 0.000000 0.000000 0.000000 0.000000 0.000000 0.030755 0.000000 0.015051 0.004157 0.000000 0.000000 
0.000000 0.000000 0.000000 0.000000 0.000000 0.000000 0.000000 0.000000 0.000000 0.000000 0.000000 0.000000 0.000000 0.000000 0.000000 0.000000 0.000000 0.000000 0.000000 0.000000 0.000000 0.000000 0.000000 0.000000 0.000000 0.000000 0.000000 0.000000 0.000000 0.000000 0.000000 0.000000 0.000000 0.000000 0.010729 0.346787 0.000000 0.000000 0.000000 0.000000 0.000000 0.000000 0.000000 0.000000 0.000000 0.000000 0.000000 0.000000 0.000000 0.000000 0.000000 0.000000 0.000000 0.000000 0.000000 0.000000 0.000000 0.000001 0.000000 0.000000 0.000000 0.000000 0.000000 0.000000 0.000000 0.000000 0.000000 0.000000 0.000000 0.000000 0.000000 0.000000 0.000000 0.092415 0.000000 0.000000 0.000000 0.000000 0.000000 0.000000 0.508222 0.000001 0.000001 0.000000 0.000000 0.000000 0.000000 0.000000 0.000000 0.000000 0.041816 0.000000 0.000000 0.000000 0.000000 0.000000 
0.000000 0.000000 0.000000 0.000000 0.000000 0.022139 0.000000 0.000000 0.000000 0.000000 0.000000 0.000000 0.000000 0.000000 0.000000 0.000000 0.000000 0.000000 0.113258 0.000000 0.000000 0.000000 0.000000 0.000000 0.000000 0.000000 0.000000 0.000000 0.000000 0.000000 0.000000 0.000000 0.000000 0.000000 0.000000 0.000000 0.000000 0.000000 0.000000 0.000000 0.045318 0.000000 0.000000 0.000000 0.000000 0.000000 0.000000 0.000000 0.000000 0.000000 0.000000 0.000000 0.000000 0.000000 0.000000 0.000000 0.000000 0.000001 0.709735 0.000000 0.000000 0.000000 0.000000 0.000000 0.000000 0.000000 0.000000 0.000000 0.000000 0.024615 0.056393 0.000000 0.000000 0.000000 0.000000 0.000000 0.000000 0.000000 0.000000 0.000000 0.000009 0.000001 0.002143 0.000000 0.000000 0.000000 0.000000 0.000000 0.000000 0.000000 0.000000 0.000000 0.000000 0.026360 0.000000 0.000000 
0.013952 0.000000 0.026665 0.000000 0.000000 0.000000 0.018489 0.000000 0.000000 0.000000 0.000000 0.000000 0.000000 0.000000 0.000000 0.000000 0.000000 0.000000 0.000000 0.000000 0.000000 0.000000 0.000000 0.000000 0.000000 0.000000 0.000000 0.000000 0.000000 0.000000 0.000000 0.000000 0.000000 0.000000 0.457073 0.000000 0.000000 0.000000 0.000000 0.000000 0.000000 0.000000 0.000000 0.000000 0.000000 0.000000 0.000000 0.000000 0.055683 0.000000 0.000000 0.000000 0.019952 0.000000 0.000000 0.000000 0.176357 0.000000 0.000000 0.000000 0.000000 0.000000 0.000000 0.000000 0.000000 0.000000 0.005850 0.000000 0.000000 0.000000 0.000000 0.000000 0.000000 0.000000 0.000910 0.000000 0.000000 0.047172 0.000000 0.000000 0.000000 0.000001 0.000001 0.143966 0.013308 0.020594 0.000000 0.000000 0.000000 0.000000 0.000000 0.000000 0.000000 0.000000 0.000000 0.000000 
0.084556 0.083161 0.083005 0.085220 0.083383 0.082820 0.084306 0.081562 0.082334 0.083199 0.081441 0.085012 
0.104956 0.068634 0.069162 0.075086 0.115720 0.094567 0.087846 0.041625 0.064616 0.100687 0.098846 0.078256 
0.093633 0.088285 0.094805 0.076700 0.087734 0.084890 0.068966 0.091202 0.093678 0.071183 0.067144 0.081781 
0.084712 0.083310 0.086233 0.079921 0.086559 0.085745 0.091196 0.073943 0.079698 0.087709 0.082348 0.078626 
0.081994 0.082397 0.086951 0.078281 0.078315 0.084405 0.081834 0.079061 0.089403 0.080371 0.086390 0.090599 
0.082864 0.083211 0.082554 0.083136 0.083336 0.084188 0.084098 0.082928 0.084605 0.083500 0.082626 0.082954 
0.083216 0.084176 0.082883 0.083983 0.082539 0.083087 0.082573 0.082986 0.082412 0.083836 0.083511 0.084798 
0.091598 0.090904 0.091984 0.090070 0.083608 0.088227 0.073354 0.073554 0.067771 0.087483 0.079760 0.081685 
0.082448 0.084260 0.082523 0.087572 0.088058 0.084023 0.080964 0.081793 0.081429 0.082422 0.082382 0.082125 
0.080487 0.083101 0.087311 0.085937 0.078878 0.080219 0.090848 0.079922 0.080453 0.078853 0.085359 0.088632 
0.082607 0.083269 0.082076 0.080052 0.080557 0.081181 0.086461 0.087363 0.083302 0.081889 0.086791 0.084453 
0.079627 0.081243 0.085185 0.084993 0.084013 0.085339 0.080675 0.087733 0.086552 0.082997 0.077450 0.084193 
breast
0.073238 0.024884 0.138777 0.084458 0.042981 0.018843 0.119527 0.117998 0.132773 0.061096 0.034906 0.150520 
0.051496 0.034893 0.160119 0.088567 0.037101 0.010485 0.125279 0.079450 0.128165 0.085805 0.028240 0.170399 
0.068818 0.027879 0.079009 0.086953 0.053764 0.012476 0.133366 0.165284 0.140466 0.081861 0.057167 0.092957 
0.068687 0.027826 0.078858 0.086787 0.053661 0.012452 0.131204 0.164969 0.140198 0.083612 0.058966 0.092780 
0.063350 0.040429 0.129901 0.097009 0.039642 0.010560 0.122593 0.119001 0.138927 0.062297 0.035858 0.140434 
0.055598 0.056142 0.094505 0.111417 0.045022 0.008262 0.133089 0.135867 0.135305 0.092599 0.049055 0.083138 
0.049567 0.024500 0.165351 0.104728 0.040815 0.004773 0.124898 0.085798 0.144136 0.064804 0.041047 0.149583 
0.054021 0.037929 0.149633 0.122924 0.040610 0.034061 0.106879 0.076788 0.104443 0.110479 0.046213 0.116021 
0.121090 0.029980 0.103853 0.093833 0.029206 0.015243 0.149490 0.107474 0.099315 0.032389 0.103944 0.114183 
0.071224 0.037299 0.148919 0.106421 0.039757 0.006073 0.123310 0.108028 0.105076 0.078766 0.044802 0.130326 
0.051520 0.047236 0.162765 0.081467 0.054313 0.014434 0.073536 0.094648 0.123656 0.098223 0.072105 0.126096 
0.061660 0.064854 0.103764 0.127146 0.052214 0.006693 0.130632 0.067458 0.092396 0.101472 0.055084 0.136626 
0.047378 0.019861 0.167014 0.055293 0.076304 0.007910 0.111057 0.103430 0.115239 0.101855 0.040288 0.154372 
0.048026 0.066682 0.163134 0.096131 0.063650 0.016468 0.065432 0.118128 0.131223 0.092230 0.038081 0.100815 
0.061890 0.056718 0.118678 0.130207 0.061910 0.030954 0.079288 0.078000 0.139092 0.079439 0.029923 0.133902 
0.039413 0.053025 0.142125 0.120172 0.055723 0.013087 0.103605 0.093250 0.115421 0.084360 0.037687 0.142132 
0.057265 0.050223 0.167981 0.078502 0.050993 0.014506 0.138660 0.084150 0.092462 0.072529 0.058045 0.134685 
0.062560 0.032458 0.158997 0.091055 0.054211 0.008007 0.121188 0.115226 0.132283 0.056040 0.035197 0.132778 
0.041084 0.070838 0.079730 0.117948 0.044422 0.004967 0.088157 0.182726 0.145050 0.091076 0.049963 0.084040 
0.044488 0.038600 0.151925 0.097473 0.038948 0.028823 0.099435 0.073589 0.142959 0.061714 0.045552 0.176494 
0.051091 0.033729 0.090021 0.124563 0.013004 0.005304 0.201892 0.113095 0.174710 0.050613 0.045267 0.096711 
0.044553 0.031162 0.125878 0.074317 0.038652 0.011371 0.148263 0.083452 0.188347 0.068692 0.034630 0.150683 
0.097343 0.024103 0.107743 0.087064 0.066437 0.016791 0.149027 0.118601 0.108204 0.066587 0.055294 0.102806 
0.061617 0.020484 0.167818 0.096309 0.019977 0.010554 0.122087 0.147866 0.117976 0.079751 0.061235 0.094326 
0.053367 0.057876 0.124943 0.116241 0.035937 0.018797 0.092394 0.094760 0.100643 0.116460 0.053377 0.135206 
0.111002 0.061743 0.009119 0.118860 0.001476 0.001162 0.215022 0.201439 0.040129 0.010316 0.225996 0.003734 
0.040458 0.042999 0.145118 0.125574 0.030386 0.009981 0.141726 0.115503 0.157143 0.053403 0.029830 0.107878 
0.053121 0.055466 0.120544 0.099486 0.067768 0.028873 0.144843 0.130799 0.097446 0.058638 0.060337 0.082679 
0.050445 0.046475 0.087504 0.130697 0.052154 0.012954 0.131910 0.107860 0.138901 0.109834 0.038713 0.092552 
0.166986 0.090805 0.003155 0.097023 0.001037 0.000466 0.169799 0.237489 0.053427 0.002255 0.176689 0.000869 
0.065324 0.046195 0.151018 0.118570 0.042481 0.009729 0.109801 0.099187 0.106990 0.073551 0.048486 0.128667 
0.084546 0.046496 0.148272 0.091328 0.039430 0.018050 0.101838 0.087506 0.132228 0.043510 0.020976 0.185822 
0.092090 0.056853 0.095751 0.079643 0.060783 0.009268 0.107751 0.104609 0.162401 0.100719 0.035445 0.094688 
0.061917 0.050052 0.106975 0.099715 0.038080 0.009623 0.123303 0.103029 0.161824 0.104149 0.041592 0.099741 
0.077300 0.038011 0.144688 0.107040 0.042774 0.008570 0.110440 0.140127 0.100919 0.064623 0.054135 0.111373 
0.062137 0.046503 0.081045 0.106327 0.040001 0.012795 0.114345 0.157483 0.122885 0.101723 0.060263 0.094492 
0.061851 0.050766 0.087861 0.090899 0.045255 0.009608 0.123456 0.133571 0.201907 0.094971 0.028239 0.071616 
0.064146 0.025741 0.155740 0.115160 0.063956 0.007846 0.115891 0.095230 0.075166 0.076097 0.030170 0.174856 
0.071463 0.063079 0.154259 0.106824 0.050518 0.005934 0.148736 0.060296 0.110056 0.108191 0.019028 0.101616 
0.050737 0.059283 0.151901 0.126084 0.055383 0.022543 0.102188 0.091274 0.110598 0.081993 0.022274 0.125741 
0.044327 0.080244 0.070289 0.116780 0.047574 0.018048 0.057415 0.070815 0.177013 0.150754 0.033676 0.133064 
0.036784 0.055832 0.078129 0.144319 0.051730 0.005997 0.115953 0.170915 0.136301 0.098355 0.040702 0.064981 
0.071345 0.036081 0.133598 0.131510 0.046358 0.027909 0.061178 0.088033 0.124229 0.120483 0.031681 0.127594 
0.066171 0.047479 0.128698 0.099344 0.039691 0.010902 0.137282 0.079011 0.130053 0.064520 0.027909 0.168940 
0.053520 0.019251 0.096655 0.018109 0.046186 0.027094 0.091236 0.151608 0.239238 0.091984 0.026657 0.138461 
0.061855 0.036846 0.120590 0.144403 0.043153 0.010417 0.141713 0.115765 0.118779 0.062478 0.038379 0.105620 
0.059678 0.055977 0.114807 0.114060 0.059252 0.006498 0.136374 0.073594 0.114967 0.099169 0.038795 0.126828 
0.078529 0.035804 0.179268 0.142847 0.019721 0.012693 0.114910 0.086002 0.121600 0.055285 0.031947 0.121395 
0.055732 0.033867 0.084250 0.124935 0.022432 0.006018 0.221253 0.184627 0.098402 0.035142 0.079248 0.054095 
0.072723 0.041833 0.093435 0.101663 0.051735 0.017973 0.160013 0.147105 0.123789 0.080166 0.038971 0.070594 
0.067645 0.055449 0.144609 0.120532 0.059558 0.009496 0.088984 0.089717 0.088858 0.101621 0.040373 0.133160 
0.057498 0.057543 0.189323 0.162465 0.035896 0.008563 0.064509 0.070476 0.100590 0.070422 0.051738 0.130975 
0.052215 0.053437 0.133291 0.080971 0.053328 0.018076 0.096557 0.075367 0.127726 0.134152 0.031465 0.143416 
0.050769 0.038296 0.103029 0.126097 0.054866 0.017001 0.088805 0.107447 0.131492 0.105004 0.040702 0.136492 
endometrium
0.269269 0.019109 0.068165 0.021839 0.043018 0.276586 0.068788 0.087974 0.049869 0.013457 0.055469 0.026456 
0.039006 0.026938 0.057038 0.045086 0.130288 0.065161 0.110972 0.119253 0.151154 0.032018 0.118649 0.104437 
0.021546 0.025819 0.074948 0.039390 0.176132 0.065723 0.080366 0.103715 0.140049 0.034229 0.146048 0.092033 
0.037328 0.028521 0.053292 0.034361 0.185873 0.039712 0.076093 0.087677 0.154344 0.017113 0.159351 0.126336 
0.029783 0.027598 0.038324 0.043065 0.183435 0.051347 0.077016 0.095034 0.128580 0.029266 0.150530 0.146021 
0.239319 0.028574 0.044041 0.028954 0.047009 0.244501 0.082549 0.092038 0.053902 0.022659 0.078293 0.038161 
0.034792 0.023147 0.064170 0.037303 0.159132 0.049690 0.056820 0.077910 0.134437 0.036074 0.157813 0.168712 
0.021822 0.031274 0.024374 0.027656 0.249888 0.084952 0.040008 0.044741 0.104511 0.014027 0.205968 0.150780 
0.024820 0.025412 0.057016 0.034459 0.166134 0.038602 0.040928 0.097101 0.144975 0.027920 0.154858 0.187775 
0.065330 0.034032 0.044587 0.023524 0.238630 0.021018 0.055812 0.123992 0.128510 0.026425 0.145216 0.092923 
0.082558 0.027690 0.051610 0.063032 0.067119 0.017230 0.150857 0.206876 0.127846 0.021172 0.131915 0.052094 
0.247943 0.026188 0.044184 0.029381 0.059956 0.235150 0.071481 0.102102 0.054297 0.017267 0.077735 0.034317 
0.110691 0.029950 0.040704 0.026736 0.196019 0.050041 0.048205 0.124638 0.142403 0.042540 0.091058 0.097014 
0.062598 0.024530 0.065056 0.037916 0.184447 0.041311 0.094745 0.106212 0.125956 0.031469 0.116905 0.108856 
0.045511 0.027655 0.062579 0.039409 0.188884 0.052685 0.078788 0.109922 0.105676 0.024216 0.121260 0.143414 
0.029850 0.030432 0.049404 0.036537 0.177155 0.049302 0.085724 0.092963 0.139193 0.031733 0.151297 0.126410 
0.063144 0.026548 0.186307 0.049292 0.049506 0.031277 0.144958 0.046624 0.061064 0.152703 0.054048 0.134529 
0.038395 0.027029 0.062940 0.020992 0.184450 0.040295 0.075416 0.088838 0.134071 0.042364 0.137895 0.147315 
0.164908 0.035089 0.024890 0.023709 0.129623 0.178903 0.051288 0.070953 0.074767 0.024618 0.140089 0.081163 
0.014977 0.026310 0.062819 0.044796 0.178019 0.051303 0.060525 0.109127 0.138361 0.028228 0.122195 0.163340 
0.024119 0.030972 0.044799 0.030810 0.159495 0.043546 0.072141 0.084139 0.151632 0.043216 0.154782 0.160350 
0.021676 0.032468 0.035284 0.027898 0.183666 0.065883 0.057618 0.099279 0.130719 0.046106 0.150987 0.148417 
0.350218 0.019768 0.061711 0.020452 0.052277 0.217185 0.062170 0.085757 0.046732 0.015985 0.040557 0.027187 
0.051804 0.033789 0.053870 0.040260 0.157661 0.037163 0.083945 0.119602 0.138057 0.043390 0.116025 0.124434 
0.061071 0.030472 0.050181 0.055503 0.135557 0.031058 0.123975 0.120117 0.152468 0.044060 0.095082 0.100457 
0.041406 0.029433 0.065399 0.037573 0.205663 0.039788 0.079752 0.123824 0.115529 0.037756 0.120834 0.103042 
0.034489 0.027643 0.053759 0.037124 0.152186 0.050715 0.083350 0.075869 0.131508 0.020405 0.177814 0.155138 
0.341871 0.018993 0.053467 0.032184 0.040583 0.187798 0.071880 0.114664 0.052172 0.015546 0.046591 0.024251 
0.024519 0.045686 0.029838 0.017904 0.220586 0.022231 0.041867 0.067873 0.109576 0.019777 0.286965 0.113176 
0.054256 0.028335 0.069365 0.044646 0.158074 0.032969 0.073345 0.126457 0.129241 0.038138 0.156059 0.089114 
0.028271 0.028710 0.045000 0.026894 0.222499 0.079926 0.054620 0.058741 0.111199 0.039099 0.135692 0.169347 
0.343491 0.021010 0.048088 0.022448 0.057821 0.198850 0.054861 0.087819 0.057156 0.026681 0.050940 0.030834 
0.040582 0.026785 0.066873 0.033634 0.181407 0.047346 0.075945 0.099322 0.140354 0.020481 0.116296 0.150974 
0.032506 0.030535 0.048132 0.036227 0.178887 0.049671 0.091264 0.107647 0.123468 0.043953 0.145293 0.112416 
0.027877 0.020332 0.059721 0.037442 0.154600 0.033085 0.110461 0.086106 0.158071 0.046208 0.102776 0.163321 
0.037649 0.026603 0.049710 0.032423 0.169666 0.050565 0.083524 0.095805 0.125441 0.039796 0.153877 0.134941 
0.131701 0.039985 0.038427 0.032382 0.124418 0.121990 0.063157 0.104127 0.104606 0.031297 0.122132 0.085778 
0.059589 0.044457 0.052561 0.095412 0.052229 0.012449 0.142239 0.163830 0.115956 0.030375 0.145517 0.085387 
0.029929 0.031106 0.045676 0.041852 0.198978 0.047057 0.065240 0.098122 0.134863 0.031722 0.152777 0.122678 
0.038292 0.030839 0.040219 0.028101 0.165271 0.080808 0.074077 0.082375 0.143724 0.043124 0.155109 0.118063 
0.277756 0.026405 0.057213 0.024816 0.042503 0.274526 0.060808 0.092713 0.041602 0.012321 0.057998 0.031340 
0.039340 0.014269 0.160089 0.033218 0.095070 0.030151 0.152259 0.098394 0.106511 0.044147 0.080083 0.146470 
0.074066 0.030442 0.190014 0.031504 0.019242 0.072196 0.180058 0.014952 0.020548 0.261420 0.016173 0.089385 
0.026844 0.037829 0.044107 0.042896 0.185034 0.041353 0.027363 0.077460 0.151843 0.045784 0.152954 0.166533 
0.018530 0.029392 0.025779 0.025895 0.231937 0.076271 0.033827 0.061774 0.101146 0.017183 0.216173 0.162092 
0.039852 0.020010 0.058198 0.043606 0.172079 0.051655 0.084851 0.120483 0.142334 0.044594 0.121417 0.100922 
0.044382 0.023365 0.057846 0.051147 0.144811 0.037726 0.093041 0.172318 0.117804 0.030635 0.124719 0.102206 
0.047005 0.027377 0.053353 0.047127 0.153279 0.041455 0.067643 0.115115 0.165076 0.022861 0.125043 0.134665 
0.043295 0.028754 0.054969 0.041285 0.149115 0.059144 0.062883 0.085352 0.123453 0.036343 0.143956 0.171451 
0.039558 0.023796 0.061714 0.034850 0.186917 0.049588 0.090398 0.099747 0.103732 0.028184 0.159587 0.121930 
0.031981 0.025686 0.045444 0.022831 0.176449 0.051451 0.070760 0.096529 0.116469 0.048582 0.122279 0.191539 
0.056488 0.030290 0.094084 0.050447 0.127435 0.041626 0.088649 0.086624 0.120957 0.089486 0.087645 0.126267 
0.048653 0.028306 0.041647 0.037237 0.153083 0.037883 0.090330 0.100129 0.126035 0.038989 0.186424 0.111284 
0.372307 0.018050 0.074088 0.024412 0.061321 0.179839 0.043164 0.080558 0.051270 0.016240 0.052118 0.026633 
0.035666 0.032022 0.063499 0.071631 0.133871 0.018378 0.107424 0.082144 0.136185 0.056867 0.131361 0.130951 
0.026244 0.018927 0.055288 0.033177 0.183281 0.047076 0.079647 0.073978 0.137889 0.035845 0.152471 0.156177 
0.030748 0.040742 0.044527 0.033980 0.161240 0.045657 0.067796 0.091623 0.127005 0.020870 0.196067 0.139745 
0.064230 0.033333 0.030900 0.020558 0.165742 0.145254 0.034867 0.052033 0.069923 0.023139 0.240631 0.119389 
0.345735 0.020548 0.060284 0.025284 0.059144 0.187161 0.058014 0.094977 0.055109 0.020966 0.047110 0.025668 
0.089185 0.028222 0.066316 0.077768 0.032015 0.010609 0.171399 0.215808 0.120483 0.060014 0.101897 0.026284 
0.019941 0.023222 0.055047 0.034755 0.183486 0.055327 0.058423 0.085341 0.124026 0.019313 0.164093 0.177027 
0.037175 0.036947 0.042098 0.038158 0.188253 0.059132 0.089826 0.095678 0.127933 0.034379 0.131576 0.118844 
0.302540 0.022726 0.047611 0.027540 0.061098 0.242090 0.043001 0.071587 0.056266 0.026311 0.057212 0.042018 
0.024055 0.028387 0.067746 0.033044 0.164746 0.050427 0.064804 0.086729 0.152749 0.033035 0.136406 0.157872 
0.022037 0.038382 0.052368 0.031218 0.200289 0.044874 0.044280 0.092210 0.112439 0.036501 0.157768 0.167635 
0.026427 0.031816 0.051647 0.037290 0.163262 0.042196 0.054123 0.103362 0.141016 0.035280 0.164363 0.149219 
0.153606 0.034644 0.047778 0.027715 0.150449 0.094098 0.047616 0.098744 0.104570 0.029512 0.140213 0.071055 
0.054363 0.033913 0.035294 0.040997 0.144987 0.053710 0.110919 0.100664 0.143035 0.029731 0.136632 0.115755 
0.046285 0.018353 0.071364 0.044172 0.157959 0.023554 0.092847 0.111772 0.152663 0.024593 0.117994 0.138442 
0.033788 0.028936 0.068399 0.028978 0.201139 0.035652 0.085539 0.099500 0.126299 0.023280 0.140213 0.128276 
0.012449 0.028674 0.023660 0.026726 0.250926 0.083631 0.028680 0.045843 0.102561 0.022072 0.193885 0.180893 
0.029428 0.034002 0.042219 0.030481 0.214471 0.049195 0.070398 0.086856 0.119970 0.029821 0.178905 0.114253 
0.078249 0.042282 0.118146 0.046693 0.068046 0.098964 0.106318 0.019402 0.069273 0.224615 0.038794 0.089219 
0.308549 0.020100 0.054386 0.023301 0.044200 0.276405 0.043569 0.087723 0.044049 0.017909 0.045030 0.034778 
0.216344 0.029911 0.043597 0.031772 0.054033 0.298446 0.063899 0.089781 0.045150 0.015002 0.071676 0.040390 
0.024856 0.031131 0.045294 0.027278 0.196496 0.052526 0.059395 0.081366 0.142523 0.021039 0.149316 0.168780 
0.035074 0.024226 0.060327 0.035772 0.201257 0.047815 0.079744 0.089778 0.128404 0.028096 0.117747 0.151760 
0.028986 0.023954 0.078727 0.029920 0.153635 0.036765 0.065021 0.110770 0.119690 0.027248 0.191405 0.133879 
0.035479 0.029541 0.047398 0.038593 0.173228 0.040399 0.050837 0.140136 0.123950 0.032007 0.153750 0.134682 
0.019656 0.031035 0.056698 0.033861 0.185726 0.061676 0.071057 0.117153 0.106401 0.016465 0.152780 0.147491 
0.020965 0.025998 0.056849 0.029089 0.198959 0.046673 0.074152 0.094024 0.121696 0.053372 0.143811 0.134412 
0.035604 0.057410 0.082194 0.063378 0.137145 0.029734 0.069904 0.093005 0.122204 0.064167 0.055977 0.189278 
0.032474 0.026626 0.061012 0.031823 0.161563 0.056152 0.067969 0.096917 0.154109 0.036025 0.123446 0.151886 
0.028419 0.030812 0.052041 0.032883 0.210794 0.042478 0.061376 0.073962 0.108632 0.043157 0.203672 0.111773 
0.308083 0.021512 0.044697 0.032424 0.052323 0.233518 0.055053 0.086294 0.056216 0.024470 0.052205 0.033205 
0.039414 0.022305 0.034801 0.050305 0.145483 0.061204 0.073598 0.087950 0.103020 0.039238 0.149060 0.193622 
0.026100 0.026535 0.044610 0.037232 0.180139 0.064547 0.086604 0.112613 0.128475 0.037680 0.109376 0.146088 
0.073837 0.027729 0.040823 0.062704 0.101254 0.023356 0.152871 0.137734 0.146251 0.043337 0.096001 0.094103 
0.079839 0.030675 0.283786 0.048809 0.025823 0.040035 0.180774 0.028132 0.046799 0.110275 0.022634 0.102419 
large_intestine
0.038277 0.046125 0.055015 0.046925 0.176191 0.034592 0.081869 0.120312 0.095671 0.017714 0.165742 0.121567 
0.039202 0.042083 0.044560 0.038727 0.153028 0.032886 0.075468 0.131793 0.106688 0.019467 0.196016 0.120082 
0.046777 0.049978 0.082221 0.079140 0.082117 0.030989 0.126099 0.116006 0.162081 0.043787 0.105602 0.075203 
0.030066 0.042841 0.088164 0.066047 0.074050 0.041159 0.112104 0.147810 0.133854 0.042881 0.102519 0.118504 
0.038973 0.039306 0.083295 0.046029 0.078136 0.055648 0.117506 0.162892 0.107048 0.033644 0.129004 0.108519 
0.052427 0.030125 0.037342 0.025639 0.183901 0.050995 0.073723 0.113599 0.098829 0.017098 0.193575 0.122747 
0.352152 0.019333 0.056605 0.016986 0.037510 0.245706 0.041051 0.091942 0.041798 0.019031 0.054767 0.023121 
0.028831 0.039344 0.032975 0.030863 0.212029 0.057433 0.066165 0.076143 0.090525 0.020089 0.229283 0.116321 
0.038990 0.034742 0.042342 0.026779 0.187998 0.063342 0.063072 0.089711 0.111265 0.019340 0.178861 0.143559 
0.025729 0.030855 0.025049 0.031779 0.243279 0.082537 0.033160 0.049685 0.090454 0.012592 0.222435 0.152446 
0.023735 0.028770 0.025469 0.033403 0.250733 0.094767 0.041030 0.062240 0.083062 0.014720 0.184245 0.157828 
0.027186 0.050837 0.056806 0.034636 0.173015 0.037995 0.071620 0.084133 0.090915 0.023139 0.263264 0.086455 
0.025723 0.045675 0.051317 0.025356 0.171906 0.034152 0.086037 0.107378 0.096929 0.018322 0.228140 0.109065 
0.034501 0.029627 0.035336 0.024444 0.237655 0.061181 0.051319 0.075352 0.105688 0.014946 0.177790 0.152161 
0.038356 0.056643 0.058358 0.034473 0.132316 0.026868 0.083225 0.117521 0.103545 0.014403 0.263825 0.070469 
0.027314 0.038718 0.039225 0.037459 0.193710 0.058511 0.072784 0.104863 0.098731 0.009959 0.185363 0.133364 
0.066642 0.037171 0.070488 0.041984 0.135854 0.026231 0.103868 0.122895 0.131824 0.031295 0.136501 0.095246 
0.030663 0.034329 0.053272 0.033976 0.194687 0.054865 0.077350 0.107435 0.093835 0.026474 0.172320 0.120795 
0.026398 0.040860 0.031346 0.026449 0.223418 0.055910 0.048306 0.083760 0.097519 0.012029 0.212229 0.141776 
0.032227 0.038340 0.059645 0.034889 0.238997 0.025941 0.078487 0.155319 0.100089 0.016112 0.121986 0.097969 
0.029182 0.037277 0.046772 0.037395 0.164653 0.045512 0.064257 0.119067 0.107661 0.029887 0.220068 0.098268 
0.299733 0.026161 0.054080 0.025703 0.039790 0.151254 0.081690 0.174536 0.051585 0.014713 0.066213 0.014542 
0.046096 0.039117 0.086511 0.065033 0.105015 0.016562 0.127867 0.115659 0.149064 0.023112 0.099903 0.126062 
0.032211 0.035001 0.039939 0.035457 0.186881 0.063367 0.062625 0.080208 0.107251 0.025491 0.185951 0.145617 
0.046473 0.051099 0.132071 0.047568 0.081515 0.065666 0.090203 0.098817 0.096796 0.056872 0.112824 0.120098 
0.051028 0.029048 0.061495 0.018401 0.208154 0.064194 0.073247 0.118208 0.088040 0.031244 0.145639 0.111304 
0.047683 0.036701 0.035552 0.041921 0.237057 0.094700 0.078048 0.030468 0.099316 0.011571 0.170229 0.116753 
0.052423 0.021744 0.070067 0.040608 0.182076 0.047518 0.098577 0.129786 0.077912 0.030008 0.143534 0.105747 
0.036288 0.028980 0.061427 0.022575 0.185694 0.066600 0.085951 0.109425 0.120844 0.028851 0.137844 0.115520 
0.048905 0.031783 0.069664 0.059637 0.157801 0.028154 0.122190 0.118857 0.097158 0.022562 0.140617 0.102671 
0.028371 0.036804 0.087009 0.067692 0.082802 0.048048 0.120638 0.118071 0.096469 0.046244 0.133879 0.133973 
0.043064 0.024307 0.050810 0.036361 0.211084 0.070896 0.056178 0.077635 0.105820 0.029920 0.124312 0.169613 
0.058059 0.040376 0.135756 0.037729 0.065633 0.049232 0.118592 0.076750 0.100190 0.092720 0.061700 0.163264 
0.049930 0.028968 0.050445 0.042478 0.153263 0.031498 0.098353 0.140542 0.116416 0.027769 0.165803 0.094534 
0.061461 0.034279 0.081235 0.053883 0.057192 0.095826 0.108216 0.111159 0.125936 0.061193 0.047931 0.161691 
0.063877 0.051092 0.073374 0.050464 0.107954 0.044531 0.110201 0.085141 0.104095 0.054907 0.108651 0.145715 
0.030175 0.034667 0.047595 0.036738 0.199113 0.036045 0.073573 0.095268 0.109977 0.025608 0.181147 0.130095 
0.037508 0.034883 0.051526 0.043260 0.196160 0.041020 0.081349 0.080531 0.111680 0.026430 0.172621 0.123033 
0.028310 0.034295 0.034047 0.032098 0.216247 0.072897 0.062786 0.084134 0.111188 0.020790 0.163191 0.140018 
0.047838 0.025850 0.034437 0.042333 0.169294 0.045005 0.084074 0.129721 0.123268 0.023088 0.171648 0.103445 
0.040340 0.080333 0.102909 0.090908 0.116507 0.051823 0.082454 0.090629 0.085345 0.063998 0.097883 0.096871 
0.044259 0.040715 0.082093 0.067383 0.092231 0.048901 0.085222 0.092580 0.127224 0.080019 0.106769 0.132604 
0.060369 0.035191 0.061699 0.044589 0.177631 0.018472 0.096722 0.135975 0.134004 0.042018 0.104806 0.088523 
0.080788 0.038122 0.050782 0.067357 0.092846 0.020038 0.154426 0.146180 0.139586 0.036258 0.099749 0.073868 
0.079539 0.036947 0.054557 0.066973 0.090053 0.019827 0.151742 0.144390 0.143666 0.037069 0.095851 0.079387 
0.045692 0.031834 0.106701 0.068104 0.089344 0.039727 0.105152 0.093459 0.093828 0.078948 0.121357 0.125855 
0.037497 0.036542 0.044647 0.033518 0.167046 0.055895 0.065263 0.093984 0.110848 0.027585 0.188472 0.138704 
0.265258 0.025643 0.068525 0.037800 0.032657 0.187710 0.086333 0.143006 0.055457 0.015709 0.055450 0.026452 
0.047584 0.039661 0.057326 0.044829 0.141604 0.035641 0.083458 0.119767 0.132298 0.023658 0.152496 0.121678 
0.075963 0.033894 0.052516 0.045195 0.211295 0.019912 0.087749 0.138625 0.119164 0.034602 0.099435 0.081651 
0.040079 0.031262 0.055406 0.047009 0.139928 0.037315 0.088474 0.107745 0.149358 0.034509 0.153270 0.115646 
0.063332 0.035620 0.057673 0.043898 0.186647 0.018107 0.088535 0.137528 0.136553 0.042177 0.104647 0.085283 
0.066967 0.036162 0.061625 0.035751 0.183132 0.022174 0.085501 0.142137 0.121785 0.034687 0.128465 0.081614 
0.062248 0.027836 0.146248 0.045644 0.081373 0.063305 0.126571 0.060058 0.073213 0.092264 0.063023 0.158218 
0.037107 0.037650 0.134770 0.056891 0.080009 0.044146 0.106068 0.141381 0.097634 0.075542 0.093422 0.095380 
0.042925 0.016578 0.058700 0.048347 0.139772 0.071778 0.075963 0.097397 0.133305 0.056252 0.091245 0.167738 
0.059405 0.039231 0.092555 0.069912 0.088397 0.034653 0.102389 0.084494 0.113083 0.052848 0.113521 0.149513 
0.205477 0.032814 0.034486 0.030913 0.052904 0.216758 0.061783 0.116209 0.077868 0.015521 0.115506 0.039761 
0.054554 0.071840 0.076736 0.079506 0.094485 0.044661 0.113458 0.121818 0.085522 0.066806 0.082353 0.108261 
0.045750 0.045801 0.096093 0.065444 0.028216 0.014930 0.230497 0.093857 0.207373 0.029823 0.044523 0.097693 
0.276608 0.022018 0.054287 0.025218 0.069792 0.166774 0.067486 0.132416 0.054753 0.015917 0.076265 0.038465 
0.024325 0.034950 0.049461 0.033724 0.210685 0.047662 0.061902 0.079813 0.108934 0.019218 0.185222 0.144105 
0.023055 0.034920 0.049921 0.034635 0.205774 0.045552 0.063955 0.077170 0.113469 0.019583 0.185664 0.146301 
0.028433 0.039246 0.048847 0.032625 0.184999 0.055274 0.079160 0.093154 0.114573 0.019309 0.176285 0.128096 
0.026065 0.039249 0.050647 0.032686 0.184986 0.054987 0.090498 0.093360 0.109715 0.019468 0.176940 0.121400 
0.035706 0.034380 0.089793 0.064714 0.098309 0.034012 0.088383 0.126548 0.117694 0.048713 0.132570 0.129178 
0.033749 0.037414 0.092549 0.063710 0.100920 0.035081 0.089398 0.122090 0.115351 0.049130 0.132523 0.128083 
0.038776 0.036527 0.090386 0.061285 0.094828 0.041835 0.098241 0.113464 0.114770 0.038158 0.148485 0.123245 
0.035025 0.038080 0.082679 0.059058 0.097436 0.040840 0.092454 0.110688 0.113867 0.039898 0.162723 0.127251 
0.044401 0.040760 0.091273 0.054495 0.103998 0.056549 0.107643 0.103444 0.117975 0.048569 0.116586 0.114307 
0.059528 0.035554 0.042927 0.031888 0.135602 0.033867 0.102173 0.125413 0.132234 0.019152 0.176869 0.104794 
0.043577 0.076689 0.070379 0.078109 0.127646 0.024625 0.078664 0.102546 0.130337 0.064673 0.093179 0.109575 
0.031541 0.033280 0.051992 0.044473 0.166971 0.042806 0.088333 0.115998 0.106807 0.025449 0.172888 0.119462 
0.031926 0.052112 0.048874 0.034506 0.126141 0.036495 0.068707 0.081758 0.135730 0.022984 0.246263 0.114504 
0.036953 0.035791 0.055216 0.039192 0.127906 0.034678 0.103248 0.115032 0.131060 0.019126 0.203972 0.097826 
0.031480 0.039986 0.052816 0.042084 0.157806 0.022748 0.080424 0.120480 0.124795 0.026564 0.192233 0.108583 
0.029988 0.027478 0.047406 0.032353 0.183744 0.057526 0.070811 0.089024 0.129584 0.021727 0.168217 0.142144 
0.035554 0.053127 0.049305 0.045626 0.136183 0.028751 0.098701 0.126576 0.110714 0.027449 0.187780 0.100235 
0.035903 0.050882 0.050905 0.046472 0.134934 0.025941 0.096517 0.122597 0.115855 0.030445 0.189409 0.100141 
0.033860 0.024277 0.063600 0.043488 0.132330 0.020817 0.070782 0.123838 0.196409 0.039374 0.125769 0.125456 
0.074670 0.039509 0.061296 0.055527 0.105524 0.065262 0.100252 0.122679 0.084082 0.039586 0.135190 0.116423 
0.029691 0.034052 0.097976 0.059103 0.100594 0.085884 0.104014 0.123926 0.135337 0.037550 0.099655 0.092219 
0.306961 0.033961 0.050093 0.031149 0.071224 0.160410 0.052185 0.065110 0.043711 0.021309 0.126524 0.037363 
0.052219 0.029932 0.067848 0.054531 0.122105 0.022440 0.109192 0.154706 0.131730 0.038620 0.123578 0.093098 
0.058833 0.038732 0.086138 0.075858 0.093522 0.051333 0.083043 0.085796 0.148441 0.045296 0.128098 0.104909 
0.027050 0.043162 0.038626 0.026148 0.174893 0.038386 0.053434 0.073149 0.118008 0.022712 0.266682 0.117750 
0.045060 0.042959 0.075323 0.067550 0.129790 0.067801 0.075160 0.086399 0.126191 0.063560 0.088682 0.131526 
0.045874 0.032855 0.114047 0.053351 0.086882 0.065568 0.124868 0.110361 0.140092 0.041455 0.077461 0.107187 
0.033153 0.031672 0.040589 0.035932 0.197087 0.057459 0.063748 0.082596 0.115383 0.024338 0.175876 0.142166 
0.026053 0.032450 0.055792 0.040278 0.165437 0.034472 0.082587 0.118748 0.133633 0.038732 0.148481 0.123337 
0.047703 0.024003 0.088550 0.060087 0.110108 0.038097 0.104137 0.119447 0.121353 0.052488 0.091767 0.142260 
0.048074 0.021799 0.090314 0.066413 0.082884 0.074857 0.138815 0.110177 0.133289 0.045460 0.059736 0.128183 
0.065566 0.051333 0.070066 0.084417 0.093191 0.053774 0.104103 0.041846 0.125068 0.045759 0.118741 0.146136 
0.117263 0.025096 0.122699 0.044185 0.108190 0.034069 0.097704 0.076378 0.113446 0.064585 0.066098 0.130286 
0.034890 0.045635 0.054350 0.048372 0.141496 0.028788 0.076523 0.098019 0.153287 0.044743 0.136260 0.137639 
0.067487 0.033217 0.054446 0.092927 0.074289 0.024226 0.125754 0.108499 0.145555 0.051819 0.110664 0.111117 
0.063935 0.069199 0.079810 0.084950 0.080443 0.030639 0.097364 0.117285 0.124470 0.053872 0.085104 0.112931 
0.068343 0.040558 0.109040 0.091574 0.070296 0.034731 0.125403 0.105613 0.111920 0.039353 0.076702 0.126466 
0.034636 0.035488 0.056284 0.039699 0.132100 0.038491 0.098874 0.129922 0.108957 0.022777 0.185872 0.116902 
0.032953 0.028132 0.029358 0.035171 0.173050 0.231482 0.044784 0.035445 0.133414 0.018250 0.083559 0.154402 
0.038551 0.035051 0.039844 0.028231 0.189315 0.116038 0.045921 0.061633 0.134982 0.045784 0.113553 0.151097 
0.038004 0.019510 0.046698 0.039311 0.208612 0.168895 0.051032 0.059156 0.099714 0.034863 0.087621 0.146584 
0.062522 0.033514 0.033793 0.041813 0.159518 0.061782 0.076285 0.072292 0.125594 0.021642 0.152341 0.158905 
0.018883 0.029836 0.028606 0.025555 0.217844 0.071827 0.040059 0.076730 0.111508 0.024171 0.193851 0.161131 
0.030225 0.025967 0.063222 0.022230 0.165463 0.124379 0.052871 0.046066 0.107035 0.045934 0.117022 0.199586 
0.202938 0.030707 0.039129 0.032205 0.058016 0.237608 0.071547 0.108567 0.064661 0.020945 0.090957 0.042720 
0.043610 0.032014 0.072677 0.059790 0.093508 0.028086 0.122611 0.140633 0.110357 0.025733 0.192636 0.078345 
0.029502 0.037483 0.044708 0.051908 0.146392 0.076573 0.060312 0.066302 0.120341 0.025072 0.219340 0.122066 
0.032665 0.035799 0.041953 0.053096 0.167125 0.043907 0.084679 0.124039 0.129457 0.021095 0.158676 0.107508 
0.034805 0.033499 0.055791 0.043546 0.170194 0.043588 0.079904 0.102708 0.122182 0.025644 0.168668 0.119471 
0.021871 0.039119 0.031075 0.030839 0.216017 0.076505 0.055799 0.067134 0.093881 0.023458 0.216150 0.128153 
0.041408 0.030729 0.043979 0.035810 0.167739 0.053679 0.070759 0.105845 0.122970 0.027787 0.163940 0.135354 
0.035336 0.031208 0.042767 0.031002 0.183281 0.066476 0.068208 0.084648 0.118454 0.024026 0.170342 0.144253 
