-7329334.743617
0
0.000001 0.000001 0.000001 0.000001 0.040298 0.000001 0.000001 0.000001 0.000001 0.000002 0.020563 0.000021 0.000001 0.000004 0.023702 0.003353 0.004197 0.005035 0.000009 0.000001 0.000001 0.003272 0.000315 0.009525 0.000066 0.000001 0.000001 0.003323 0.000001 0.000001 0.000014 0.000001 0.000001 0.063802 0.000431 0.005585 0.000001 0.000141 0.000001 0.003915 0.000001 0.000001 0.000001 0.000001 0.000016 0.000290 0.000149 0.000001 0.000164 0.000001 0.000001 0.000001 0.000470 0.006101 0.000001 0.000001 0.001737 0.000001 0.000001 0.007099 0.000433 0.000001 0.000001 0.000143 0.160872 0.000001 0.000001 0.000001 0.019606 0.000001 0.000073 0.003094 0.000001 0.003465 0.000001 0.206244 0.000073 0.002502 0.000001 0.000001 0.003829 0.000001 0.017446 0.375628 0.000001 0.002962 0.000001 0.000001 0.000001 0.000001 0.000001 0.000001 0.000001 0.000001 0.000001 0.000001 
0.000001 0.000001 0.000001 0.000001 0.000001 0.000001 0.000001 0.000001 0.000001 0.000034 0.043564 0.000143 0.000024 0.000056 0.000001 0.002741 0.000001 0.000001 0.000001 0.000001 0.014039 0.000541 0.000001 0.011410 0.000294 0.000001 0.000006 0.003884 0.000267 0.000011 0.000106 0.006095 0.000001 0.569916 0.001153 0.000860 0.000001 0.000001 0.000001 0.008288 0.000001 0.000001 0.000001 0.000001 0.001232 0.000137 0.000408 0.000001 0.000417 0.000001 0.000032 0.009187 0.001306 0.012985 0.000001 0.000001 0.004258 0.000001 0.084783 0.015506 0.001080 0.000001 0.037630 0.000355 0.000001 0.000207 0.000001 0.000001 0.000001 0.000001 0.000207 0.007391 0.000008 0.007450 0.000001 0.090542 0.000196 0.005605 0.000001 0.000001 0.010341 0.000001 0.037305 0.000001 0.000001 0.006632 0.000001 0.000001 0.000001 0.000088 0.000001 0.001185 0.000068 0.000001 0.000001 0.000001 
0.000001 0.000001 0.000001 0.000001 0.000001 0.000001 0.000001 0.000001 0.020084 0.000001 0.000894 0.000001 0.000001 0.000001 0.000001 0.000001 0.000001 0.000001 0.000001 0.000001 0.000001 0.000001 0.000001 0.000281 0.000001 0.000001 0.125739 0.000001 0.000001 0.000001 0.008514 0.000001 0.000001 0.258702 0.000001 0.000001 0.000001 0.000001 0.000001 0.000199 0.000001 0.113117 0.000001 0.000001 0.000001 0.000001 0.000001 0.000001 0.000001 0.112835 0.011214 0.000001 0.000001 0.000545 0.000345 0.000001 0.000001 0.112896 0.000001 0.000001 0.000001 0.000001 0.000001 0.000001 0.000001 0.000001 0.000001 0.000001 0.000001 0.000001 0.000001 0.000045 0.159536 0.000001 0.000001 0.003673 0.000001 0.000001 0.000001 0.071313 0.000001 0.000001 0.000002 0.000001 0.000001 0.000001 0.000001 0.000012 0.000001 0.000001 0.000001 0.000001 0.000001 0.000001 0.000001 0.000001 
0.000001 0.000001 0.000001 0.000001 0.000001 0.000001 0.000001 0.000001 0.000001 0.000001 0.080700 0.000001 0.028160 0.000001 0.000002 0.010087 0.000001 0.092287 0.000001 0.000001 0.000001 0.000001 0.000001 0.000106 0.032140 0.003724 0.000001 0.000001 0.000001 0.000001 0.000001 0.000658 0.577583 0.000001 0.000001 0.000001 0.000001 0.000001 0.000001 0.000070 0.000001 0.000001 0.000001 0.010659 0.013126 0.046622 0.000001 0.000001 0.000001 0.000001 0.000001 0.000001 0.000001 0.000122 0.000001 0.000001 0.000001 0.000001 0.000001 0.000001 0.016720 0.000001 0.000024 0.000001 0.000001 0.000001 0.000001 0.000001 0.000001 0.000001 0.000001 0.000022 0.000001 0.000006 0.000001 0.001359 0.000001 0.000001 0.000001 0.000001 0.000001 0.000001 0.000081 0.000001 0.000001 0.000001 0.000001 0.000001 0.000001 0.000001 0.000001 0.085692 0.000001 0.000001 0.000001 0.000001 
0.000001 0.000001 0.000001 0.000001 0.000001 0.000001 0.000001 0.000001 0.000001 0.000001 0.013143 0.000001 0.000001 0.000001 0.000177 0.000001 0.000001 0.000001 0.000001 0.000001 0.000001 0.000001 0.000003 0.000001 0.062167 0.000262 0.000001 0.347635 0.000001 0.000001 0.000001 0.000001 0.000001 0.000001 0.000001 0.000001 0.000001 0.000001 0.000001 0.000001 0.000140 0.000001 0.000001 0.000001 0.000001 0.000001 0.000001 0.000001 0.000001 0.000001 0.000001 0.000001 0.021260 0.000001 0.000001 0.000001 0.000001 0.410162 0.000001 0.000001 0.000001 0.000001 0.000001 0.000001 0.000001 0.144450 0.000001 0.000001 0.000001 0.000001 0.000001 0.000001 0.000001 0.000001 0.000001 0.000071 0.000001 0.000001 0.000001 0.000001 0.000470 0.000001 0.000002 0.000001 0.000001 0.000001 0.000001 0.000001 0.000001 0.000001 0.000001 0.000001 0.000001 0.000001 0.000001 0.000001 
0.087047 0.000001 0.000001 0.032386 0.000001 0.000001 0.000001 0.013786 0.000001 0.000001 0.013434 0.000001 0.000001 0.000001 0.000001 0.000001 0.062937 0.000001 0.000001 0.089231 0.000001 0.000111 0.000001 0.003585 0.000001 0.000001 0.000001 0.000851 0.000001 0.000001 0.000001 0.000001 0.000001 0.000001 0.000001 0.000001 0.000001 0.052039 0.041091 0.002615 0.008232 0.005082 0.221849 0.002847 0.000001 0.000001 0.000001 0.000001 0.000038 0.000001 0.000001 0.000001 0.000001 0.004039 0.000001 0.000001 0.063061 0.000001 0.000001 0.003721 0.000090 0.000001 0.000001 0.000020 0.000001 0.000001 0.000001 0.000001 0.000001 0.000103 0.000001 0.024684 0.000001 0.002089 0.000001 0.030465 0.000001 0.001350 0.000001 0.000001 0.000064 0.000001 0.010544 0.000001 0.000001 0.001534 0.000001 0.040903 0.000001 0.000001 0.118622 0.000001 0.000001 0.000149 0.000001 0.061358 
0.000001 0.000001 0.000001 0.000001 0.000001 0.000001 0.000001 0.000045 0.000001 0.000001 0.000290 0.000001 0.000001 0.000001 0.018276 0.037347 0.000001 0.000001 0.000001 0.000001 0.000001 0.000001 0.000001 0.000063 0.073917 0.000001 0.000001 0.000001 0.000040 0.000001 0.030826 0.000001 0.000001 0.000001 0.000001 0.415556 0.000001 0.000001 0.000001 0.000040 0.000001 0.000001 0.000001 0.000001 0.000001 0.000001 0.072599 0.129119 0.000001 0.000001 0.000001 0.000001 0.000001 0.000075 0.000001 0.000001 0.000001 0.008085 0.000001 0.000001 0.001045 0.000001 0.000001 0.000001 0.000001 0.000001 0.000001 0.108722 0.000001 0.000001 0.000001 0.000018 0.000001 0.000012 0.000001 0.000780 0.001679 0.000001 0.000001 0.000001 0.000001 0.000001 0.000133 0.000001 0.000001 0.000001 0.000001 0.000001 0.000030 0.101253 0.000001 0.000001 0.000001 0.000001 0.000001 0.000001 
0.000001 0.000001 0.000001 0.000001 0.000001 0.000001 0.000001 0.023833 0.011002 0.306024 0.004579 0.000001 0.003546 0.000001 0.000001 0.000001 0.037876 0.000001 0.000001 0.000001 0.000001 0.024937 0.000001 0.001226 0.000001 0.178991 0.000001 0.000170 0.000001 0.038187 0.000001 0.000001 0.000001 0.000001 0.000001 0.000007 0.000001 0.000001 0.000001 0.000888 0.000001 0.000001 0.001561 0.121498 0.000001 0.000001 0.000001 0.000001 0.000001 0.000001 0.000001 0.037650 0.000001 0.001384 0.000001 0.000001 0.000164 0.000001 0.000001 0.000980 0.000001 0.015230 0.000001 0.000001 0.000001 0.009488 0.000001 0.000001 0.000001 0.000001 0.000001 0.000618 0.000001 0.000643 0.000001 0.010914 0.002348 0.000367 0.000001 0.000001 0.000001 0.000001 0.003167 0.000001 0.000001 0.000420 0.000001 0.000001 0.000001 0.000001 0.000001 0.000001 0.000001 0.000001 0.034859 0.127400 
0.000001 0.069754 0.000643 0.000001 0.000001 0.000001 0.000001 0.000001 0.138167 0.000067 0.055555 0.170010 0.000079 0.022519 0.000001 0.000204 0.000001 0.000001 0.000001 0.000001 0.000001 0.000709 0.000001 0.014517 0.000401 0.000001 0.000025 0.005031 0.000001 0.000001 0.000190 0.000001 0.000001 0.000001 0.018861 0.001084 0.019416 0.000001 0.006929 0.010568 0.000001 0.000001 0.000001 0.000001 0.000141 0.000206 0.000583 0.000001 0.000537 0.000001 0.000058 0.000001 0.001793 0.016475 0.023084 0.000001 0.004940 0.089827 0.000001 0.019778 0.001331 0.020341 0.000001 0.000473 0.001725 0.000249 0.000001 0.000001 0.000001 0.000001 0.000280 0.008449 0.000028 0.009490 0.000001 0.115948 0.000293 0.006955 0.000001 0.000001 0.012149 0.000001 0.047700 0.000001 0.000001 0.008254 0.000001 0.000011 0.000001 0.005778 0.000001 0.000014 0.024205 0.044153 0.000001 0.000001 
0.000001 0.000001 0.000001 0.000001 0.000001 0.000001 0.000001 0.000001 0.000001 0.000001 0.000002 0.000001 0.000001 0.000001 0.000001 0.000001 0.000001 0.000001 0.000001 0.000001 0.000001 0.000001 0.000001 0.000001 0.000001 0.000001 0.000001 0.000001 0.000001 0.000001 0.000001 0.000001 0.000001 0.000001 0.646286 0.235486 0.000001 0.000001 0.000001 0.000001 0.000001 0.000001 0.000001 0.000001 0.000001 0.000001 0.000666 0.000001 0.000001 0.000001 0.000001 0.000001 0.000001 0.000001 0.000001 0.000001 0.000001 0.000001 0.000001 0.000001 0.000001 0.000001 0.000001 0.000001 0.000001 0.000001 0.000001 0.000001 0.000001 0.000001 0.000001 0.000001 0.000001 0.115711 0.000001 0.000006 0.000001 0.000001 0.000001 0.000001 0.001681 0.000001 0.000002 0.000001 0.000001 0.000001 0.000001 0.000001 0.000006 0.000001 0.000094 0.000001 0.000001 0.000001 0.000001 0.000001 
0.000036 0.000001 0.000001 0.000001 0.000001 0.002441 0.000001 0.000001 0.000001 0.000001 0.010044 0.000001 0.000001 0.000001 0.000001 0.000001 0.000001 0.000001 0.000048 0.000001 0.000001 0.000091 0.000001 0.002623 0.000001 0.000001 0.000001 0.000810 0.000001 0.000001 0.000001 0.000484 0.000001 0.000354 0.000189 0.000119 0.000001 0.000001 0.000001 0.001898 0.063422 0.000001 0.000001 0.000001 0.000001 0.000001 0.000017 0.000001 0.000055 0.000001 0.000001 0.035681 0.000123 0.002987 0.000022 0.000001 0.000850 0.000001 0.731166 0.003399 0.000195 0.000001 0.000001 0.000041 0.000001 0.000001 0.000001 0.000001 0.000001 0.000394 0.087691 0.001497 0.000001 0.001668 0.000001 0.021142 0.000002 0.001203 0.000001 0.000001 0.013756 0.000001 0.008418 0.000001 0.000001 0.001469 0.000001 0.000001 0.000001 0.000001 0.000001 0.002363 0.000001 0.003262 0.000001 0.000001 
0.000001 0.000001 0.000069 0.000001 0.000001 0.000001 0.000001 0.000001 0.000001 0.000001 0.005348 0.000001 0.000020 0.000001 0.000001 0.000001 0.000001 0.000001 0.000001 0.000001 0.000001 0.000037 0.000001 0.001389 0.000001 0.000001 0.000001 0.000393 0.000001 0.000001 0.002349 0.000001 0.000001 0.000001 0.353257 0.000004 0.000001 0.000001 0.000001 0.001014 0.000001 0.000001 0.000001 0.000001 0.000001 0.000001 0.000001 0.000001 0.004350 0.000001 0.000001 0.000001 0.000001 0.001567 0.000001 0.000001 0.173799 0.000001 0.000001 0.001621 0.000048 0.000001 0.000001 0.000006 0.000001 0.000001 0.000001 0.078536 0.000001 0.000001 0.000071 0.000766 0.000001 0.000845 0.000001 0.011820 0.000001 0.000592 0.000001 0.000001 0.000329 0.000001 0.004324 0.349509 0.006030 0.001866 0.000001 0.000001 0.000001 0.000001 0.000001 0.000001 0.000001 0.000001 0.000001 0.000001 
0.000035 0.000000 0.000001 0.042360 0.000000 0.029890 0.000000 0.000001 0.000001 0.001494 0.004311 0.000001 0.000001 0.000001 0.000001 0.000001 0.004929 0.000001 0.000001 0.000001 0.000001 0.000001 0.000001 0.000098 0.000001 0.000001 0.000001 0.000017 0.000001 0.000001 0.000001 0.000001 0.000000 0.000001 0.000001 0.000001 0.000000 0.000001 0.000001 0.000068 0.000001 0.000001 0.000001 0.000001 0.000001 0.000001 0.000001 0.000016 0.000001 0.000001 0.000001 0.022605 0.000001 0.000113 0.000001 0.000000 0.000018 0.001210 0.000001 0.213086 0.000001 0.000881 0.000001 0.000001 0.000001 0.000678 0.000000 0.000001 0.000000 0.000324 0.000001 0.000049 0.000001 0.000054 0.000000 0.000926 0.005988 0.000034 0.000000 0.000001 0.000032 0.670341 0.000329 0.000001 0.000001 0.000073 0.000000 0.000001 0.000001 0.000001 0.000001 0.000001 0.000001 0.000001 0.000000 0.000001 
0.000001 0.000000 0.000001 0.000001 0.000000 0.000001 0.000000 0.000001 0.000001 0.000476 0.000002 0.000001 0.000001 0.000001 0.000001 0.000001 0.000001 0.000001 0.000001 0.000001 0.000001 0.000001 0.000001 0.000001 0.000001 0.000001 0.000001 0.000135 0.000001 0.000001 0.000001 0.000001 0.000000 0.000001 0.000062 0.000001 0.000000 0.000001 0.000001 0.000001 0.000001 0.000001 0.000001 0.000001 0.000001 0.000001 0.000300 0.000001 0.000090 0.000001 0.000001 0.000001 0.000001 0.000001 0.000001 0.000000 0.000001 0.000001 0.000001 0.000001 0.000043 0.000001 0.000001 0.000001 0.000001 0.000001 0.000000 0.000001 0.000000 0.000001 0.000944 0.000001 0.000001 0.000001 0.000000 0.000002 0.000001 0.008007 0.000000 0.000001 0.000001 0.000001 0.989884 0.000001 0.000001 0.000001 0.000000 0.000001 0.000001 0.000001 0.000001 0.000001 0.000001 0.000001 0.000000 0.000001 
0.000001 0.000000 0.000001 0.000001 0.000000 0.000001 0.000000 0.000001 0.000001 0.000001 0.000002 0.000110 0.000001 0.000001 0.000001 0.000001 0.000001 0.000001 0.000001 0.000001 0.000001 0.000001 0.000001 0.000205 0.000026 0.000001 0.000001 0.000029 0.000001 0.000001 0.000001 0.000001 0.000000 0.000001 0.000001 0.000001 0.000000 0.000001 0.000001 0.000131 0.000001 0.000001 0.000001 0.000001 0.000001 0.000001 0.000001 0.000001 0.000010 0.000001 0.000001 0.000001 0.000001 0.000271 0.000001 0.000000 0.000001 0.000273 0.000001 0.000001 0.000001 0.000001 0.000001 0.000001 0.000001 0.000001 0.000000 0.000001 0.000000 0.000001 0.000001 0.000001 0.000001 0.000001 0.000000 0.014009 0.000001 0.000001 0.000000 0.000001 0.021954 0.962927 0.000002 0.000001 0.000001 0.000001 0.000000 0.000001 0.000001 0.000001 0.000001 0.000001 0.000001 0.000001 0.000000 0.000001 
0.000001 0.000001 0.044126 0.000001 0.000001 0.000001 0.000001 0.000001 0.000001 0.000001 0.000002 0.000001 0.000001 0.023501 0.000001 0.000001 0.000001 0.000001 0.000001 0.001529 0.000001 0.000001 0.000001 0.000001 0.000001 0.000001 0.000001 0.000001 0.028453 0.000001 0.000001 0.000001 0.000001 0.000001 0.000001 0.000001 0.000001 0.000001 0.031479 0.015595 0.000001 0.000001 0.000001 0.000001 0.000001 0.000001 0.000001 0.000001 0.087658 0.000001 0.059296 0.049039 0.000419 0.000001 0.000001 0.000001 0.000001 0.000001 0.435796 0.000001 0.001057 0.000001 0.000001 0.027850 0.000027 0.000001 0.000001 0.000001 0.000001 0.000001 0.000001 0.000001 0.000001 0.000001 0.000001 0.000348 0.057743 0.047128 0.000001 0.000001 0.000001 0.000001 0.000002 0.000001 0.000001 0.000001 0.000001 0.011377 0.077519 0.000001 0.000001 0.000001 0.000001 0.000001 0.000001 0.000001 
0.000001 0.000000 0.000001 0.000001 0.000000 0.000001 0.000000 0.000001 0.000001 0.000001 0.000470 0.000001 0.000001 0.000001 0.000001 0.000001 0.000001 0.000001 0.000001 0.000001 0.000001 0.000001 0.000001 0.000113 0.000001 0.000001 0.000001 0.000027 0.000001 0.000001 0.000001 0.000001 0.000000 0.000001 0.000001 0.000001 0.000000 0.000001 0.000001 0.000079 0.000001 0.000001 0.000001 0.000001 0.000001 0.000001 0.000001 0.000001 0.000001 0.000001 0.000001 0.000001 0.008134 0.000131 0.000001 0.000000 0.000029 0.000001 0.000001 0.000162 0.000001 0.000001 0.001475 0.000001 0.000001 0.000001 0.000000 0.000001 0.000000 0.000001 0.000001 0.000060 0.000001 0.000067 0.000000 0.000992 0.000001 0.000046 0.000000 0.000001 0.683509 0.000001 0.301789 0.002158 0.000001 0.000059 0.000000 0.000001 0.000001 0.000652 0.000001 0.000001 0.000001 0.000001 0.000000 0.000001 
0.000001 0.000001 0.000001 0.000001 0.000001 0.000001 0.030560 0.000008 0.000001 0.000001 0.040251 0.000001 0.000001 0.000001 0.000001 0.000001 0.000001 0.000001 0.201649 0.000001 0.000001 0.000451 0.035024 0.010661 0.000001 0.000001 0.000001 0.003048 0.010978 0.000001 0.000001 0.039630 0.000001 0.000001 0.000356 0.000208 0.000001 0.000001 0.000001 0.007810 0.000001 0.000001 0.008654 0.000001 0.000001 0.000016 0.000068 0.000001 0.000227 0.001961 0.000001 0.000001 0.000001 0.012037 0.017044 0.042575 0.002745 0.000001 0.000001 0.012975 0.000533 0.000001 0.000001 0.000217 0.000001 0.000001 0.000001 0.000001 0.000001 0.037565 0.000016 0.005924 0.000001 0.006520 0.057070 0.145535 0.057969 0.004422 0.036331 0.084681 0.002479 0.000001 0.032184 0.000001 0.015947 0.004993 0.028642 0.000001 0.000001 0.000001 0.000001 0.000001 0.000001 0.000001 0.000001 0.000001 
0.000001 0.000001 0.000001 0.000001 0.000001 0.000001 0.000001 0.000001 0.000001 0.000001 0.503133 0.000001 0.000001 0.000001 0.000001 0.000001 0.000001 0.000001 0.000001 0.000001 0.002574 0.000001 0.000001 0.000001 0.000001 0.000001 0.000001 0.000001 0.000001 0.000001 0.000001 0.000001 0.000001 0.000001 0.000001 0.000001 0.000000 0.000001 0.000001 0.000001 0.000001 0.000001 0.000001 0.000001 0.000001 0.000001 0.000001 0.000016 0.000001 0.000001 0.000001 0.000001 0.000001 0.000001 0.000001 0.000001 0.038730 0.000001 0.000021 0.129457 0.001189 0.000001 0.000001 0.000001 0.001267 0.000001 0.180842 0.000001 0.000000 0.000001 0.000001 0.005509 0.000001 0.000001 0.000001 0.000002 0.000001 0.000001 0.000001 0.000001 0.008496 0.000001 0.123139 0.000001 0.000001 0.005571 0.000001 0.000001 0.000001 0.000001 0.000001 0.000001 0.000001 0.000001 0.000001 0.000001 
0.053488 0.052741 0.052559 0.053628 0.052897 0.052589 0.053192 0.051540 0.052130 0.052717 0.051440 0.053519 0.051414 0.053172 0.052144 0.052159 0.052326 0.053469 0.052874 
0.050525 0.051801 0.053829 0.053705 0.052560 0.051512 0.054486 0.053774 0.054547 0.052027 0.053562 0.053260 0.050794 0.054007 0.054279 0.051151 0.050500 0.052748 0.050933 
0.053248 0.054692 0.051437 0.054942 0.054654 0.057160 0.048297 0.051301 0.055588 0.052705 0.050750 0.055102 0.051772 0.052331 0.054520 0.047714 0.047756 0.054811 0.051222 
0.055544 0.050327 0.055071 0.055891 0.054690 0.050112 0.051851 0.048384 0.051419 0.052298 0.055486 0.054005 0.050394 0.056182 0.052784 0.048812 0.050426 0.054337 0.051987 
0.051067 0.053600 0.050097 0.051694 0.050197 0.051290 0.049702 0.053413 0.052476 0.054082 0.053619 0.055021 0.054543 0.054602 0.054300 0.053763 0.054390 0.051031 0.051114 
0.057352 0.055501 0.055457 0.055511 0.050608 0.053650 0.050527 0.057032 0.057518 0.053757 0.047706 0.049322 0.048640 0.050527 0.050462 0.049898 0.051063 0.051358 0.054111 
0.052940 0.052336 0.052463 0.053174 0.052430 0.052477 0.052336 0.052863 0.053046 0.052586 0.052602 0.052718 0.052494 0.052094 0.052201 0.052332 0.053042 0.053171 0.052694 
0.064640 0.056544 0.043099 0.044608 0.048758 0.057798 0.058098 0.055946 0.058860 0.047209 0.065339 0.062128 0.052804 0.039058 0.055797 0.046604 0.058962 0.041947 0.041802 
0.052125 0.052546 0.054163 0.051032 0.051329 0.052579 0.052027 0.053712 0.053297 0.052507 0.052090 0.053249 0.052716 0.051472 0.052450 0.053529 0.052033 0.053129 0.054013 
0.053075 0.052314 0.047819 0.061529 0.046456 0.055512 0.055899 0.049861 0.054806 0.050850 0.054213 0.050105 0.051772 0.059933 0.048246 0.050746 0.047236 0.058232 0.051397 
0.052011 0.050800 0.049031 0.050810 0.050862 0.052046 0.051703 0.052512 0.053872 0.055179 0.052566 0.050626 0.054624 0.054568 0.055989 0.050774 0.053694 0.055359 0.052973 
0.051416 0.053778 0.051334 0.051311 0.052679 0.053235 0.051376 0.053734 0.053623 0.051953 0.052378 0.053726 0.052152 0.053706 0.053744 0.052220 0.053044 0.052455 0.052135 
breast
0.076000 0.036293 0.028559 0.048582 0.039310 0.039325 0.034485 0.106907 0.098874 0.031010 0.010486 0.046747 0.065914 0.016382 0.013546 0.078337 0.034760 0.161529 0.032955 
0.049587 0.044974 0.076643 0.043553 0.049879 0.033595 0.049531 0.067751 0.092978 0.033276 0.013124 0.059557 0.053747 0.009426 0.013941 0.078497 0.043423 0.156219 0.030299 
0.063734 0.036869 0.041481 0.065907 0.051424 0.089144 0.073930 0.101327 0.093890 0.023531 0.031829 0.046383 0.043805 0.009368 0.007177 0.058006 0.036397 0.079406 0.046393 
0.063612 0.036821 0.041399 0.065777 0.051327 0.087231 0.073784 0.101128 0.093734 0.023489 0.033538 0.046293 0.043719 0.009350 0.007220 0.057891 0.038107 0.079256 0.046323 
0.060225 0.049714 0.053047 0.077317 0.047852 0.059496 0.063326 0.092252 0.124190 0.028412 0.010006 0.059643 0.039057 0.006200 0.015153 0.045119 0.037644 0.093145 0.038202 
0.047092 0.046068 0.058516 0.088100 0.052716 0.097652 0.073140 0.079199 0.079849 0.032630 0.025007 0.046524 0.044508 0.006241 0.024582 0.046846 0.039928 0.067919 0.043483 
0.044276 0.032040 0.091374 0.052625 0.058057 0.024490 0.066345 0.054728 0.105275 0.042337 0.020827 0.053118 0.073523 0.001734 0.015621 0.051192 0.030298 0.154067 0.028074 
0.045433 0.045808 0.053935 0.059725 0.046386 0.029543 0.054701 0.074293 0.066816 0.040708 0.022626 0.065065 0.058944 0.023252 0.017147 0.047524 0.045032 0.169702 0.033362 
0.102086 0.036840 0.030931 0.061847 0.040863 0.071915 0.055731 0.090488 0.097740 0.006089 0.043221 0.069635 0.053117 0.010585 0.011653 0.073061 0.025927 0.099897 0.018372 
0.070880 0.037941 0.056281 0.057826 0.037653 0.026036 0.050557 0.100095 0.088466 0.030990 0.016900 0.053685 0.062063 0.007043 0.025624 0.079551 0.037196 0.133735 0.027477 
0.047992 0.024640 0.038700 0.031964 0.063117 0.043626 0.049988 0.073246 0.074833 0.034817 0.027836 0.062899 0.097269 0.008771 0.051962 0.044608 0.044780 0.141860 0.037091 
0.062296 0.055465 0.040570 0.067623 0.054505 0.040612 0.041083 0.062069 0.067195 0.038849 0.026642 0.064651 0.080230 0.005320 0.046030 0.077615 0.050584 0.092802 0.025862 
0.037690 0.031187 0.112703 0.033334 0.082551 0.056877 0.059566 0.089516 0.096222 0.045912 0.017247 0.040382 0.064491 0.006678 0.014316 0.089372 0.029218 0.062596 0.030143 
0.046623 0.060932 0.072917 0.060314 0.047696 0.034414 0.038018 0.103516 0.101293 0.032324 0.022697 0.046507 0.056829 0.011419 0.036065 0.040370 0.050076 0.095767 0.042223 
0.053904 0.060109 0.058854 0.049521 0.061216 0.036054 0.032336 0.066274 0.080005 0.037981 0.011476 0.078919 0.073092 0.021680 0.027649 0.047973 0.043749 0.117630 0.041579 
0.042044 0.046973 0.052090 0.054168 0.055744 0.035799 0.039417 0.083661 0.072845 0.034188 0.018546 0.056140 0.069852 0.010968 0.036718 0.073185 0.048008 0.142643 0.027008 
0.050347 0.058859 0.076085 0.029108 0.055829 0.032515 0.060653 0.069741 0.090582 0.028009 0.015442 0.047513 0.074310 0.010765 0.021609 0.086757 0.028858 0.143222 0.019798 
0.064567 0.043035 0.054181 0.050081 0.047715 0.036380 0.027690 0.091886 0.089226 0.022621 0.012810 0.044384 0.075843 0.006857 0.016828 0.094221 0.042169 0.143957 0.035550 
0.028227 0.044035 0.048330 0.097533 0.038737 0.125329 0.042254 0.142318 0.076456 0.028062 0.023872 0.040979 0.056439 0.000079 0.044728 0.017214 0.034091 0.055399 0.055920 
0.046921 0.047208 0.069480 0.067729 0.062812 0.030261 0.032740 0.066257 0.125894 0.023656 0.012999 0.068821 0.063241 0.022526 0.015635 0.068726 0.038110 0.117321 0.019663 
0.052250 0.015148 0.024851 0.110801 0.044368 0.049077 0.050080 0.076046 0.149141 0.031207 0.021230 0.028846 0.073150 0.001672 0.042288 0.158697 0.010669 0.032927 0.027552 
0.041155 0.035295 0.055697 0.045818 0.047214 0.034310 0.032679 0.074983 0.123130 0.028744 0.011969 0.054574 0.076700 0.009472 0.016132 0.113768 0.038095 0.125616 0.034649 
0.097659 0.028456 0.031966 0.033373 0.069684 0.039437 0.049260 0.094196 0.096731 0.041679 0.017860 0.037855 0.068506 0.011245 0.023088 0.092290 0.022693 0.119459 0.024562 
0.057488 0.037989 0.026597 0.014284 0.041514 0.030539 0.050692 0.109530 0.082563 0.025741 0.018237 0.016580 0.097002 0.007079 0.020160 0.073875 0.048963 0.218331 0.022835 
0.054295 0.071334 0.061550 0.090662 0.037830 0.035552 0.058262 0.083272 0.064533 0.054709 0.021828 0.050464 0.043048 0.012385 0.016615 0.043898 0.040681 0.126428 0.032654 
0.036875 0.034350 0.007134 0.115915 0.001116 0.068999 0.202612 0.160255 0.115896 0.002193 0.096702 0.003242 0.001395 0.001434 0.000898 0.005363 0.001257 0.133558 0.010810 
0.038262 0.056960 0.079946 0.095273 0.050479 0.083926 0.093272 0.067181 0.108007 0.023314 0.016815 0.038526 0.026700 0.006526 0.007492 0.078295 0.020607 0.091852 0.016567 
0.046802 0.053902 0.056151 0.056402 0.044052 0.053368 0.055544 0.111669 0.082972 0.026703 0.028746 0.026550 0.076434 0.018632 0.034652 0.054880 0.029118 0.100457 0.042967 
0.045949 0.036994 0.069524 0.116639 0.048913 0.097367 0.081901 0.056828 0.075861 0.047152 0.021406 0.057194 0.047347 0.007949 0.027164 0.033525 0.034678 0.037819 0.055792 
0.064073 0.060412 0.002570 0.092885 0.000458 0.060417 0.165887 0.191838 0.130692 0.000920 0.076149 0.002573 0.001330 0.001143 0.000228 0.000256 0.001044 0.133519 0.013607 
0.062661 0.047362 0.053455 0.058394 0.050102 0.032498 0.040467 0.087037 0.088040 0.027048 0.017575 0.044110 0.067187 0.009948 0.027918 0.078925 0.035833 0.151118 0.020322 
0.081442 0.054660 0.038185 0.039980 0.058315 0.038359 0.025093 0.075618 0.118976 0.022336 0.013823 0.072393 0.047716 0.015795 0.027043 0.072356 0.037337 0.135756 0.024817 
0.052268 0.049903 0.080394 0.070902 0.063602 0.072734 0.056404 0.074345 0.117858 0.040842 0.025300 0.052858 0.055826 0.006072 0.026376 0.045580 0.041514 0.038773 0.028448 
0.053462 0.033821 0.074326 0.079025 0.055166 0.087888 0.068197 0.056119 0.092438 0.038379 0.026637 0.068742 0.060424 0.005693 0.034599 0.041108 0.043151 0.043237 0.037589 
0.068195 0.032924 0.052312 0.053894 0.058174 0.023356 0.038784 0.120552 0.089556 0.021022 0.014033 0.034240 0.081170 0.007135 0.033900 0.079818 0.035858 0.136576 0.018500 
0.048803 0.038123 0.052977 0.093977 0.045861 0.099795 0.083046 0.087869 0.069971 0.036010 0.033030 0.056972 0.042636 0.008056 0.023740 0.046912 0.035740 0.052884 0.043597 
0.061043 0.045686 0.041287 0.077067 0.061226 0.063735 0.078125 0.093704 0.134216 0.034195 0.012744 0.052989 0.050276 0.004982 0.022732 0.038993 0.041455 0.049988 0.035556 
0.067876 0.032827 0.059766 0.094552 0.081043 0.035525 0.039962 0.083205 0.070294 0.026698 0.022588 0.072461 0.032117 0.008017 0.014246 0.078476 0.045705 0.114947 0.019694 
0.073177 0.049673 0.073616 0.044702 0.053406 0.007241 0.063559 0.056113 0.087907 0.046378 0.014899 0.043654 0.061541 0.001893 0.055059 0.072754 0.052030 0.116470 0.025929 
0.049212 0.052317 0.064211 0.071771 0.052072 0.028002 0.048556 0.081406 0.089418 0.028072 0.013919 0.058672 0.051492 0.016171 0.035813 0.054234 0.047945 0.120167 0.036551 
0.040637 0.066454 0.048562 0.085257 0.035336 0.023451 0.082244 0.068247 0.106729 0.064255 0.021357 0.088781 0.073810 0.011357 0.041098 0.018260 0.054437 0.022332 0.047398 
0.031418 0.035705 0.056070 0.118021 0.051200 0.097678 0.067414 0.116892 0.070843 0.031315 0.025054 0.037037 0.055503 0.003558 0.040792 0.033310 0.040880 0.039462 0.047848 
0.071419 0.040671 0.049325 0.076224 0.043380 0.026903 0.035628 0.074172 0.095140 0.028672 0.020520 0.055829 0.043645 0.021589 0.021506 0.056752 0.082530 0.125258 0.030838 
0.062802 0.043276 0.034865 0.051591 0.053983 0.026063 0.047108 0.077056 0.116545 0.031457 0.012679 0.074235 0.067156 0.009163 0.042085 0.096486 0.024290 0.109334 0.019826 
0.045012 0.020175 0.046719 0.004294 0.056889 0.049254 0.029701 0.126242 0.145830 0.035900 0.013592 0.033304 0.045015 0.020382 0.008192 0.061336 0.069201 0.115178 0.073785 
0.049153 0.035727 0.034496 0.070440 0.053089 0.040626 0.040583 0.084894 0.097179 0.023945 0.015238 0.039898 0.062073 0.007615 0.027592 0.086126 0.033809 0.175712 0.021805 
0.062823 0.047014 0.065388 0.064158 0.047073 0.045413 0.068928 0.054621 0.058568 0.049120 0.015114 0.062450 0.076819 0.005076 0.036048 0.083991 0.026410 0.093541 0.037445 
0.078173 0.042911 0.058610 0.044921 0.041219 0.026997 0.035450 0.074888 0.094747 0.018090 0.011322 0.030964 0.059774 0.011073 0.026242 0.065137 0.038116 0.223249 0.018116 
0.052888 0.027043 0.055561 0.117945 0.045941 0.170735 0.088653 0.090455 0.044041 0.020907 0.040005 0.033608 0.019163 0.003529 0.007274 0.063017 0.008888 0.079220 0.031130 
0.056713 0.038161 0.056257 0.071257 0.065610 0.107505 0.067495 0.082762 0.068231 0.020796 0.023020 0.045041 0.031851 0.011209 0.018746 0.062752 0.050512 0.083524 0.038559 
0.065085 0.048695 0.061363 0.061741 0.064745 0.028226 0.055048 0.070488 0.066502 0.030410 0.011705 0.051769 0.072969 0.007465 0.038084 0.048400 0.058249 0.128724 0.030332 
0.061652 0.057464 0.101418 0.099262 0.048872 0.037697 0.023341 0.054186 0.098717 0.018574 0.023889 0.050868 0.060497 0.006331 0.038617 0.051798 0.045806 0.109473 0.011537 
0.052264 0.052249 0.041449 0.039635 0.047333 0.021575 0.060778 0.070140 0.101505 0.046433 0.015727 0.053682 0.061044 0.015176 0.032577 0.069881 0.071273 0.116997 0.030282 
0.044638 0.048082 0.040136 0.073324 0.022816 0.037947 0.060360 0.095116 0.100018 0.050703 0.022989 0.078921 0.056912 0.009761 0.019722 0.043746 0.039945 0.104919 0.049946 
endometrium
0.097954 0.046057 0.065771 0.015957 0.024299 0.054222 0.038944 0.057730 0.069664 0.013450 0.040683 0.031880 0.022455 0.192831 0.014713 0.024565 0.063541 0.073250 0.052034 
0.028922 0.029021 0.039387 0.050319 0.076868 0.091404 0.050777 0.065249 0.086012 0.056845 0.061814 0.050442 0.034458 0.044953 0.009426 0.058592 0.026444 0.060210 0.078856 
0.013784 0.026191 0.063077 0.047574 0.101596 0.071878 0.028882 0.060189 0.089419 0.044998 0.080103 0.045958 0.033116 0.046119 0.004125 0.076037 0.026905 0.053797 0.086252 
0.028639 0.031740 0.048622 0.040313 0.114262 0.068678 0.031125 0.044271 0.080533 0.064867 0.092263 0.069102 0.032933 0.027165 0.001055 0.065550 0.012510 0.046396 0.099977 
0.025559 0.031984 0.029663 0.045126 0.067387 0.086002 0.037658 0.051917 0.059769 0.072705 0.096170 0.083228 0.036420 0.035561 0.007400 0.064048 0.012360 0.035533 0.121512 
0.093410 0.046567 0.037004 0.022793 0.038521 0.056329 0.060289 0.053279 0.068804 0.022889 0.050232 0.039166 0.022611 0.169544 0.016158 0.033666 0.056013 0.059141 0.053584 
0.019478 0.024629 0.047634 0.038839 0.053276 0.098866 0.026539 0.030458 0.072935 0.087019 0.090995 0.084793 0.020049 0.034354 0.006946 0.068509 0.015445 0.064492 0.114744 
0.022560 0.034864 0.020669 0.034166 0.055433 0.043057 0.017475 0.023406 0.056740 0.102040 0.132632 0.075535 0.018447 0.058852 0.004029 0.082873 0.021801 0.029899 0.165519 
0.015591 0.032091 0.038966 0.037183 0.064064 0.084157 0.009610 0.057486 0.087805 0.074107 0.092520 0.102697 0.030730 0.026095 0.004944 0.064174 0.019518 0.042593 0.115669 
0.035140 0.040428 0.040974 0.024692 0.153977 0.044489 0.028277 0.058256 0.073881 0.044550 0.105988 0.056160 0.051693 0.014401 0.009888 0.078551 0.009340 0.031695 0.097620 
0.081864 0.022439 0.043747 0.062617 0.055803 0.172504 0.074349 0.062565 0.041718 0.026132 0.057497 0.042667 0.013010 0.011540 0.001864 0.046487 0.005752 0.086001 0.091442 
0.095429 0.045863 0.038599 0.024475 0.049355 0.054230 0.048145 0.059168 0.072250 0.021146 0.052651 0.035993 0.022896 0.162236 0.015188 0.032189 0.053467 0.062362 0.054359 
0.049656 0.040231 0.035679 0.023845 0.132939 0.050808 0.029818 0.067410 0.090569 0.047784 0.072535 0.063595 0.057621 0.034409 0.014207 0.056973 0.019118 0.037466 0.075338 
0.042649 0.027066 0.047634 0.028917 0.131197 0.092116 0.041662 0.051596 0.069286 0.047536 0.064567 0.061159 0.043409 0.027785 0.013292 0.054080 0.017708 0.056833 0.081510 
0.036934 0.029072 0.042399 0.040921 0.096996 0.072266 0.037413 0.047842 0.051721 0.082039 0.068945 0.066127 0.026369 0.036453 0.006422 0.075162 0.020258 0.053007 0.109653 
0.026853 0.031729 0.040035 0.037780 0.099469 0.073976 0.048167 0.045606 0.069903 0.057026 0.085360 0.066456 0.033944 0.033930 0.008444 0.062027 0.017361 0.055082 0.106853 
0.042416 0.036100 0.098672 0.023870 0.016320 0.021462 0.032034 0.035902 0.042058 0.071777 0.042186 0.045857 0.019229 0.024884 0.014083 0.150395 0.086511 0.159166 0.037080 
0.023204 0.031033 0.057020 0.024764 0.109604 0.061162 0.040661 0.055203 0.076619 0.072971 0.077749 0.081896 0.033063 0.027402 0.005298 0.059513 0.018327 0.045905 0.098607 
0.069742 0.043478 0.020092 0.018842 0.078132 0.033841 0.030691 0.034566 0.056341 0.060435 0.097361 0.055344 0.032292 0.123281 0.018112 0.062168 0.043347 0.043218 0.078717 
0.012273 0.027113 0.039761 0.046532 0.083199 0.075269 0.024362 0.059738 0.065999 0.083109 0.065699 0.078227 0.043176 0.035559 0.006465 0.059961 0.014951 0.064736 0.113871 
0.020089 0.033106 0.036949 0.034705 0.076339 0.074691 0.033238 0.049942 0.080572 0.077718 0.090255 0.089563 0.034889 0.029778 0.006737 0.060295 0.019925 0.050664 0.100546 
0.019843 0.034811 0.031025 0.030726 0.080220 0.064246 0.038189 0.045932 0.062770 0.076834 0.092218 0.075673 0.043971 0.045823 0.007695 0.067380 0.031998 0.029994 0.120651 
0.120947 0.057553 0.056775 0.015978 0.035036 0.057315 0.038143 0.057876 0.088467 0.016106 0.034936 0.031412 0.023017 0.149860 0.017616 0.020990 0.049912 0.088045 0.040018 
0.047742 0.032410 0.046187 0.042996 0.101755 0.087954 0.042470 0.054896 0.069377 0.069906 0.069339 0.068516 0.030148 0.025364 0.007121 0.051212 0.012312 0.046183 0.094112 
0.057176 0.024564 0.040351 0.052569 0.114806 0.082361 0.067550 0.053083 0.066269 0.051414 0.052355 0.061749 0.034270 0.021087 0.009662 0.050444 0.018689 0.047891 0.093709 
0.038646 0.029813 0.058930 0.035554 0.115361 0.099928 0.039538 0.047933 0.057250 0.048014 0.069631 0.054713 0.046073 0.027434 0.014634 0.053718 0.010353 0.050194 0.102283 
0.025740 0.026722 0.039686 0.039896 0.069447 0.060663 0.045116 0.038525 0.072032 0.080459 0.110194 0.079756 0.026672 0.034790 0.005667 0.088722 0.013564 0.044507 0.097842 
0.114767 0.056790 0.049884 0.028496 0.030516 0.072724 0.044404 0.073176 0.089546 0.015030 0.035050 0.028391 0.020368 0.129577 0.014002 0.022168 0.042199 0.092690 0.040222 
0.019345 0.043817 0.029682 0.019761 0.098015 0.029232 0.018405 0.035106 0.066481 0.048365 0.192779 0.066556 0.038834 0.015195 0.008824 0.119435 0.009919 0.018561 0.121690 
0.046047 0.026986 0.054805 0.043852 0.107781 0.081955 0.035977 0.059837 0.067328 0.037076 0.089461 0.050698 0.033645 0.022431 0.009013 0.066411 0.018856 0.057416 0.090424 
0.022629 0.035647 0.035797 0.035717 0.079583 0.052081 0.025731 0.034617 0.073995 0.101887 0.083657 0.084979 0.021311 0.055413 0.005026 0.064358 0.026514 0.033249 0.127810 
0.121372 0.057305 0.043582 0.018264 0.044761 0.054461 0.036310 0.055050 0.087359 0.024976 0.042232 0.034114 0.025681 0.137132 0.016797 0.026344 0.046341 0.085211 0.042710 
0.026600 0.032517 0.054891 0.034859 0.094660 0.086504 0.025884 0.053396 0.084596 0.054697 0.072682 0.087596 0.038734 0.032371 0.007546 0.059310 0.013328 0.040295 0.099532 
0.022978 0.027755 0.037808 0.034562 0.096911 0.090477 0.034665 0.056637 0.074125 0.049205 0.082340 0.048681 0.037943 0.033965 0.007884 0.084546 0.027863 0.059668 0.091988 
0.020799 0.024543 0.050917 0.044345 0.072475 0.086144 0.038523 0.055664 0.090589 0.069473 0.056783 0.089767 0.037882 0.022437 0.007923 0.067979 0.021154 0.045386 0.097218 
0.025631 0.028920 0.041397 0.033227 0.079983 0.072009 0.044140 0.046363 0.064017 0.079674 0.091704 0.069521 0.027418 0.034768 0.007286 0.074048 0.020790 0.051152 0.107954 
0.062924 0.042764 0.031986 0.026784 0.090886 0.043898 0.040373 0.050365 0.065635 0.055370 0.084131 0.057740 0.039407 0.084024 0.017109 0.058426 0.033263 0.039354 0.075561 
0.056583 0.035663 0.040143 0.099576 0.043391 0.112711 0.082558 0.071866 0.031907 0.053429 0.071658 0.060091 0.022874 0.007651 0.008051 0.056856 0.004334 0.067225 0.073433 
0.029814 0.032773 0.041155 0.043690 0.080049 0.099218 0.025604 0.039689 0.063606 0.063561 0.090035 0.063100 0.034140 0.032226 0.007985 0.067067 0.016009 0.044815 0.125463 
0.031763 0.037060 0.036682 0.036165 0.084389 0.073409 0.020832 0.037710 0.068193 0.050872 0.089068 0.062859 0.036810 0.056218 0.002869 0.082673 0.034145 0.052303 0.105982 
0.100887 0.050594 0.053039 0.018217 0.021412 0.050357 0.039867 0.060929 0.075942 0.015636 0.041327 0.033071 0.018832 0.190238 0.015865 0.023824 0.061459 0.077187 0.051318 
0.020787 0.020530 0.121823 0.043456 0.069637 0.074221 0.044597 0.052477 0.068285 0.056324 0.054221 0.034570 0.030324 0.019870 0.004772 0.162028 0.006233 0.057329 0.058515 
0.055392 0.013351 0.082513 0.006936 0.008459 0.007267 0.008979 0.015024 0.020822 0.022509 0.013131 0.057922 0.036757 0.052953 0.042040 0.104147 0.242867 0.191428 0.017502 
0.022481 0.032918 0.039265 0.037913 0.077595 0.076849 0.015805 0.035496 0.057520 0.103977 0.086692 0.087747 0.040715 0.027773 0.012167 0.056821 0.024198 0.049007 0.115061 
0.017432 0.035531 0.020281 0.037304 0.046921 0.050792 0.016559 0.022352 0.044340 0.120716 0.137476 0.082149 0.016497 0.052731 0.001293 0.085715 0.017637 0.031789 0.162485 
0.034927 0.023346 0.049358 0.045504 0.092027 0.088911 0.038694 0.060086 0.072762 0.051049 0.071150 0.055117 0.036418 0.035470 0.005458 0.055014 0.030281 0.049188 0.105242 
0.039594 0.023732 0.052142 0.053482 0.091086 0.158598 0.036168 0.062523 0.045641 0.051550 0.065499 0.054701 0.027487 0.025972 0.003175 0.040577 0.010729 0.062185 0.095158 
0.047121 0.026898 0.045303 0.049350 0.062035 0.067193 0.026186 0.067309 0.071589 0.072242 0.071155 0.073459 0.034780 0.028509 0.007561 0.054808 0.013866 0.057056 0.123578 
0.032590 0.029676 0.044216 0.042371 0.078210 0.080493 0.023193 0.049681 0.082663 0.076036 0.087786 0.086576 0.031603 0.041490 0.009303 0.059449 0.025515 0.031935 0.087213 
0.024715 0.032043 0.059982 0.038436 0.077539 0.091896 0.038154 0.039449 0.063170 0.067415 0.097721 0.060840 0.030666 0.034257 0.000614 0.062088 0.017751 0.053445 0.109819 
0.022920 0.031362 0.037713 0.028494 0.096116 0.084997 0.033524 0.040776 0.059548 0.078717 0.074173 0.098690 0.022602 0.035287 0.001953 0.065214 0.024895 0.044018 0.119001 
0.050320 0.026271 0.058075 0.038148 0.067616 0.070001 0.028811 0.040725 0.065696 0.047768 0.049716 0.073331 0.039005 0.029742 0.017173 0.060682 0.066505 0.088124 0.082291 
0.035849 0.027091 0.037178 0.036150 0.109512 0.095006 0.039716 0.048901 0.069030 0.050531 0.107107 0.058832 0.033120 0.025904 0.008470 0.060194 0.018240 0.062568 0.076600 
0.129778 0.061902 0.072493 0.020452 0.030468 0.050126 0.025461 0.056339 0.092086 0.016092 0.044185 0.029015 0.024965 0.124686 0.016129 0.026115 0.039976 0.092201 0.047530 
0.028105 0.029364 0.043436 0.064325 0.098436 0.067728 0.052294 0.035721 0.085501 0.061787 0.081485 0.065985 0.032083 0.012328 0.015923 0.084998 0.023882 0.052604 0.064016 
0.020532 0.023237 0.051880 0.038518 0.094766 0.074090 0.038553 0.035588 0.075121 0.081745 0.089918 0.085048 0.031519 0.032310 0.003828 0.062121 0.022699 0.041852 0.096676 
0.024885 0.038465 0.039068 0.036413 0.094974 0.068237 0.015122 0.036188 0.063130 0.077403 0.113460 0.073318 0.028889 0.031226 0.003893 0.086252 0.021296 0.056318 0.091464 
0.034854 0.040599 0.021607 0.025162 0.040241 0.034487 0.014267 0.028847 0.040669 0.081916 0.153966 0.058851 0.017509 0.100924 0.002909 0.101064 0.037193 0.048594 0.116339 
0.120555 0.058205 0.056257 0.020834 0.046056 0.054368 0.036340 0.061154 0.092761 0.018386 0.039017 0.030625 0.023508 0.129101 0.016039 0.024545 0.043878 0.088296 0.040074 
0.041823 0.026248 0.061396 0.078624 0.036548 0.211587 0.107087 0.070804 0.043438 0.028205 0.034305 0.021257 0.011955 0.007118 0.006323 0.042840 0.003984 0.101401 0.065056 
0.018240 0.026964 0.046185 0.043600 0.060656 0.057715 0.032448 0.049581 0.056116 0.100379 0.103299 0.085137 0.025966 0.038055 0.003134 0.075618 0.017548 0.035143 0.124217 
0.033492 0.035977 0.032866 0.040485 0.090340 0.072743 0.038662 0.049341 0.073720 0.069368 0.077278 0.064542 0.034778 0.040676 0.008215 0.059904 0.024346 0.045534 0.107734 
0.110365 0.053146 0.042016 0.022457 0.034090 0.050163 0.025592 0.044039 0.078474 0.030232 0.043397 0.040466 0.025993 0.166980 0.017149 0.026590 0.057010 0.077714 0.054127 
0.018977 0.035009 0.045223 0.036596 0.073306 0.074161 0.035911 0.049457 0.073082 0.078713 0.080687 0.083201 0.037369 0.034642 0.002949 0.063115 0.016848 0.052600 0.108155 
0.018855 0.041193 0.046582 0.035535 0.097771 0.062833 0.026503 0.042498 0.057927 0.081157 0.096983 0.085679 0.021126 0.030597 0.002667 0.063183 0.021675 0.043020 0.124215 
0.021856 0.035233 0.040447 0.040755 0.072891 0.076579 0.026213 0.055499 0.071118 0.069295 0.098621 0.081538 0.030841 0.029124 0.004019 0.062629 0.016696 0.050591 0.116055 
0.064303 0.045041 0.042370 0.022976 0.080148 0.046724 0.027505 0.054132 0.076324 0.043352 0.099857 0.049191 0.044558 0.064766 0.017168 0.067898 0.024970 0.043994 0.084725 
0.058087 0.033962 0.029679 0.042604 0.076405 0.065185 0.051154 0.038180 0.055285 0.067271 0.087238 0.069253 0.029317 0.036939 0.006620 0.078173 0.021120 0.030347 0.123181 
0.041112 0.021551 0.060899 0.044134 0.101497 0.082985 0.041055 0.060172 0.081912 0.038528 0.065195 0.087871 0.041754 0.015476 0.007366 0.047191 0.013662 0.049664 0.097976 
