-8579200.248581
0
0.000000 0.014860 0.000000 0.000000 0.008532 0.007296 0.000000 0.000000 0.000000 0.000000 0.000000 0.000000 0.000000 0.009688 0.000000 0.000000 0.022918 0.000000 0.004955 0.000000 0.000000 0.006224 0.007466 0.011792 0.000000 0.000000 0.000000 0.077230 0.000000 0.000000 0.000000 0.000000 0.000000 0.000000 0.137428 0.139862 0.004136 0.010886 0.000000 0.011176 0.014935 0.000000 0.000000 0.000000 0.000000 0.000000 0.000000 0.000000 0.000000 0.000000 0.000000 0.000000 0.000000 0.000000 0.000000 0.000000 0.000000 0.000000 0.000000 0.090483 0.000000 0.000000 0.000000 0.000000 0.034712 0.000000 0.000000 0.000000 0.004151 0.000000 0.018585 0.000000 0.000000 0.000000 0.012056 0.138611 0.000000 0.000000 0.000000 0.000000 0.000000 0.000000 0.000000 0.154113 0.000000 0.000213 0.000000 0.000000 0.000000 0.000000 0.011548 0.000000 0.000000 0.000000 0.007161 0.038970 
0.018013 0.000000 0.000000 0.000000 0.000000 0.000000 0.000000 0.007713 0.035564 0.000000 0.000000 0.000000 0.000000 0.000000 0.000000 0.000000 0.000000 0.000000 0.037321 0.003306 0.003491 0.000000 0.000000 0.000000 0.000000 0.000000 0.000000 0.000000 0.008216 0.007777 0.008804 0.000000 0.000000 0.058056 0.078398 0.000000 0.000000 0.000000 0.016435 0.000000 0.000000 0.024437 0.047998 0.000000 0.000000 0.000000 0.000000 0.027173 0.000000 0.000000 0.000000 0.032115 0.000000 0.000000 0.008518 0.000000 0.061030 0.130270 0.258063 0.000000 0.000000 0.007594 0.000000 0.000000 0.000000 0.020878 0.039178 0.000000 0.000000 0.000000 0.000000 0.012149 0.000000 0.000000 0.000000 0.000000 0.000000 0.016324 0.000000 0.000000 0.000000 0.000000 0.000000 0.000000 0.000000 0.000000 0.000000 0.000000 0.000000 0.022689 0.003360 0.000000 0.005125 0.000000 0.000000 0.000000 
0.000000 0.000000 0.000000 0.000000 0.000000 0.000000 0.006175 0.000000 0.000000 0.060576 0.000000 0.000000 0.000000 0.000000 0.000000 0.000000 0.000000 0.000000 0.000000 0.000000 0.000000 0.000000 0.000000 0.000000 0.000000 0.000000 0.025095 0.000000 0.000000 0.000000 0.000000 0.000000 0.000000 0.123492 0.000000 0.000000 0.000000 0.000000 0.000000 0.000000 0.000000 0.000000 0.000000 0.000000 0.000000 0.000000 0.000000 0.000000 0.000000 0.022910 0.014028 0.000000 0.000000 0.011890 0.000000 0.000000 0.000000 0.000000 0.000000 0.000000 0.000000 0.000000 0.000000 0.000000 0.000000 0.000000 0.000000 0.000000 0.000000 0.007759 0.000000 0.000000 0.031839 0.000000 0.000000 0.000000 0.000000 0.000000 0.000000 0.000000 0.000000 0.357415 0.338809 0.000000 0.000000 0.000000 0.000000 0.000000 0.000000 0.000000 0.000000 0.000000 0.000000 0.000000 0.000000 0.000000 
0.000000 0.000000 0.009142 0.016079 0.000000 0.000000 0.000000 0.000000 0.000000 0.000000 0.168727 0.035619 0.006538 0.000000 0.008773 0.011167 0.000000 0.020048 0.000000 0.015313 0.000000 0.000000 0.000000 0.000000 0.035089 0.036921 0.000000 0.000000 0.000000 0.000000 0.000000 0.009715 0.118920 0.000000 0.000000 0.000000 0.000000 0.000000 0.000000 0.000000 0.000000 0.000000 0.000000 0.027282 0.002990 0.009734 0.015591 0.000000 0.019090 0.000000 0.000000 0.000000 0.007090 0.000000 0.000000 0.008831 0.000000 0.000000 0.000000 0.000000 0.004908 0.000000 0.008124 0.005935 0.000000 0.011456 0.000000 0.039006 0.000000 0.000000 0.000000 0.000000 0.000000 0.030814 0.000000 0.000044 0.026066 0.000000 0.007536 0.032170 0.169458 0.000000 0.000000 0.000000 0.004563 0.006851 0.005941 0.010701 0.015806 0.000000 0.009650 0.018374 0.000000 0.009932 0.000000 0.000000 
0.254939 0.243337 0.239967 0.261757 
0.253236 0.308366 0.211059 0.227339 
0.151380 0.381673 0.150915 0.316032 
0.241215 0.243349 0.261354 0.254081 
0.199253 0.214946 0.279385 0.306416 
0.242917 0.253012 0.248380 0.255691 
0.251742 0.250103 0.239973 0.258182 
0.167710 0.122200 0.565160 0.144931 
0.244259 0.258046 0.231551 0.266144 
0.294660 0.206320 0.218927 0.280094 
0.235968 0.274103 0.240118 0.249812 
0.232700 0.232763 0.276798 0.257739 
breast
0.220588 0.288688 0.157290 0.333433 
0.185484 0.299984 0.149175 0.365357 
0.269058 0.292480 0.087888 0.350574 
0.268544 0.291922 0.087721 0.351814 
0.192328 0.292709 0.137580 0.377382 
0.220470 0.315387 0.133911 0.330232 
0.213884 0.297826 0.151553 0.336736 
0.251002 0.272288 0.177385 0.299325 
0.304194 0.289160 0.105058 0.301588 
0.224782 0.282308 0.165063 0.327846 
0.238337 0.278130 0.162530 0.321003 
0.221517 0.317999 0.173900 0.286583 
0.239757 0.238713 0.216597 0.304933 
0.181991 0.282186 0.199971 0.335852 
0.239287 0.287806 0.186759 0.286149 
0.179993 0.318882 0.181579 0.319546 
0.213339 0.306234 0.164771 0.315656 
0.213403 0.307566 0.135406 0.343625 
0.200951 0.268592 0.166257 0.364200 
0.183682 0.323502 0.142400 0.350417 
0.194709 0.266705 0.103508 0.435079 
0.223501 0.339555 0.113164 0.323779 
0.269627 0.305371 0.129520 0.295483 
0.203191 0.277117 0.136977 0.382715 
0.220748 0.291564 0.209021 0.278667 
0.399217 0.200716 0.074909 0.325159 
0.179114 0.304520 0.122925 0.393440 
0.185248 0.298386 0.180403 0.335964 
0.245217 0.286035 0.142897 0.325851 
0.473077 0.220570 0.047031 0.259323 
0.204851 0.301040 0.162789 0.331320 
0.213980 0.310772 0.170357 0.304892 
0.292833 0.236549 0.171413 0.299205 
0.247268 0.279009 0.157477 0.316246 
0.214101 0.289560 0.163431 0.332909 
0.255379 0.316557 0.136254 0.291810 
0.262574 0.288146 0.121885 0.327395 
0.191396 0.354564 0.147421 0.306620 
0.227563 0.246635 0.195567 0.330235 
0.172176 0.302576 0.190323 0.334925 
0.299694 0.269008 0.201916 0.229381 
0.208121 0.273619 0.152608 0.365653 
0.248550 0.240836 0.132568 0.378047 
0.243319 0.319685 0.197957 0.239039 
0.183509 0.409888 0.105371 0.301232 
0.228507 0.251145 0.126923 0.393424 
0.252325 0.284392 0.156968 0.306315 
0.182607 0.255598 0.146675 0.415121 
0.211146 0.314486 0.062910 0.411458 
0.227850 0.312712 0.110537 0.348901 
0.230846 0.256456 0.167201 0.345497 
0.189054 0.256931 0.227398 0.326618 
0.233979 0.283365 0.173591 0.309064 
0.250696 0.276398 0.155022 0.317884 
endometrium
0.382073 0.129573 0.386605 0.101748 
0.214730 0.355789 0.130209 0.299272 
0.211548 0.393581 0.128351 0.266520 
0.236236 0.448687 0.086754 0.228323 
0.225530 0.393000 0.107597 0.273873 
0.352631 0.186362 0.328635 0.132372 
0.234017 0.413061 0.106132 0.246790 
0.195732 0.401683 0.116772 0.285813 
0.206538 0.470210 0.105748 0.217504 
0.279057 0.422428 0.088563 0.209951 
0.232432 0.438207 0.038458 0.290903 
0.377151 0.183519 0.311193 0.128137 
0.330364 0.334009 0.129065 0.206562 
0.278202 0.361485 0.114365 0.245947 
0.246583 0.375737 0.111329 0.266351 
0.233786 0.414968 0.100133 0.251113 
0.166020 0.181971 0.132777 0.519231 
0.254790 0.412782 0.120062 0.212366 
0.314259 0.287959 0.243298 0.154484 
0.207146 0.400725 0.121008 0.271122 
0.233039 0.420175 0.110662 0.236124 
0.231352 0.398135 0.125311 0.245202 
0.462141 0.113692 0.313385 0.110781 
0.278105 0.386477 0.095781 0.239636 
0.268422 0.383475 0.087878 0.260225 
0.242263 0.380176 0.132090 0.245472 
0.227574 0.443941 0.103913 0.224572 
0.480925 0.129299 0.265307 0.124469 
0.159890 0.573746 0.072854 0.193510 
0.230794 0.411118 0.113503 0.244584 
0.230550 0.363141 0.141874 0.264435 
0.468287 0.140235 0.277401 0.114077 
0.239495 0.423085 0.114751 0.222669 
0.225141 0.357407 0.110599 0.306853 
0.238269 0.349320 0.124571 0.287840 
0.222551 0.409584 0.111948 0.255917 
0.313293 0.316049 0.198209 0.172449 
0.209363 0.408524 0.053465 0.328647 
0.219645 0.420622 0.096600 0.263133 
0.231879 0.380291 0.124173 0.263657 
0.382561 0.136803 0.373157 0.107480 
0.191223 0.280014 0.200372 0.328391 
0.133620 0.093259 0.153928 0.619193 
0.257017 0.421597 0.105658 0.215728 
0.190491 0.426684 0.100540 0.282286 
0.236717 0.382900 0.122072 0.258311 
0.241816 0.425153 0.095975 0.237055 
0.240569 0.382874 0.109250 0.267308 
0.239340 0.405804 0.126179 0.228677 
0.217952 0.435168 0.112766 0.234114 
0.213386 0.426174 0.096444 0.263996 
0.240498 0.314755 0.106758 0.337988 
0.251773 0.438210 0.090528 0.219489 
0.478580 0.116475 0.287402 0.117543 
0.216753 0.382240 0.094539 0.306468 
0.229285 0.450739 0.093995 0.225981 
0.235718 0.463236 0.094230 0.206817 
0.207416 0.387060 0.193770 0.211754 
0.477720 0.129464 0.275587 0.117228 
0.249204 0.399858 0.053229 0.297709 
0.216554 0.400104 0.114242 0.269100 
0.224414 0.382810 0.114296 0.278480 
0.412470 0.135434 0.325379 0.126717 
0.230172 0.397732 0.114802 0.257294 
0.204688 0.432827 0.101142 0.261343 
0.209042 0.440306 0.102383 0.248269 
0.315891 0.314559 0.177698 0.191852 
0.231521 0.400765 0.095800 0.271914 
0.247851 0.411726 0.097467 0.242956 
0.221104 0.437173 0.107703 0.234020 
0.210304 0.397559 0.118004 0.274133 
0.200324 0.433689 0.098020 0.267967 
0.176258 0.118431 0.232958 0.472354 
0.421856 0.113259 0.372863 0.092022 
0.321824 0.173437 0.384726 0.120014 
0.224353 0.412715 0.102964 0.259967 
0.214856 0.375616 0.116335 0.293193 
0.201431 0.474100 0.111056 0.213414 
0.229947 0.429192 0.117541 0.223320 
0.206462 0.387009 0.127160 0.279369 
0.247903 0.399087 0.111322 0.241688 
0.178322 0.392239 0.164256 0.265184 
0.224543 0.414744 0.122736 0.237977 
0.201423 0.410190 0.101509 0.286879 
0.420670 0.136300 0.314074 0.128957 
0.224901 0.425864 0.104802 0.244433 
0.234282 0.378276 0.119520 0.267921 
0.277765 0.351861 0.077771 0.292603 
0.148487 0.178955 0.172263 0.500295 
large_intestine
0.201436 0.459164 0.096966 0.242434 
0.210402 0.488279 0.085899 0.215419 
0.220473 0.285283 0.128438 0.365805 
0.214667 0.323940 0.138791 0.322602 
0.200373 0.350687 0.159739 0.289201 
0.214765 0.470625 0.086360 0.228250 
0.445780 0.132389 0.335630 0.086201 
0.207249 0.446691 0.097484 0.248575 
0.241182 0.425660 0.120978 0.212179 
0.186800 0.413269 0.109726 0.290205 
0.204323 0.392550 0.126495 0.276633 
0.184133 0.500197 0.094607 0.221063 
0.202600 0.506849 0.088756 0.201795 
0.220411 0.437978 0.098719 0.242892 
0.193148 0.545744 0.085945 0.175162 
0.196339 0.435029 0.102865 0.265767 
0.224510 0.436524 0.102782 0.236184 
0.204053 0.421539 0.109109 0.265299 
0.198265 0.443922 0.094156 0.263658 
0.277580 0.410287 0.085710 0.226423 
0.221585 0.455922 0.099752 0.222741 
0.477058 0.174589 0.233431 0.114922 
0.214457 0.310951 0.115008 0.359584 
0.219805 0.430605 0.119616 0.229974 
0.189905 0.287808 0.196581 0.325705 
0.242556 0.376404 0.142021 0.239019 
0.217654 0.364548 0.122731 0.295066 
0.186336 0.394141 0.125015 0.294508 
0.236790 0.329329 0.139876 0.294005 
0.217172 0.417079 0.100328 0.265420 
0.196476 0.337475 0.141768 0.324282 
0.211606 0.355211 0.131836 0.301347 
0.254203 0.256596 0.135512 0.353689 
0.234164 0.439175 0.080414 0.246247 
0.269363 0.280040 0.193988 0.256609 
0.234059 0.278074 0.137760 0.350107 
0.235373 0.438028 0.094646 0.231953 
0.225790 0.397553 0.095200 0.281458 
0.205659 0.418774 0.114084 0.261483 
0.240463 0.409134 0.081519 0.268883 
0.191088 0.263275 0.254715 0.290921 
0.211974 0.276305 0.154849 0.356873 
0.295983 0.364420 0.094602 0.244994 
0.242789 0.370342 0.078579 0.308290 
0.248685 0.364771 0.081920 0.304624 
0.213938 0.318254 0.098453 0.369355 
0.221245 0.432790 0.118038 0.227926 
0.427772 0.164269 0.285051 0.122908 
0.211596 0.462288 0.099705 0.226411 
0.319450 0.347203 0.081789 0.251558 
0.226490 0.431561 0.102065 0.239884 
0.306828 0.359053 0.090124 0.243996 
0.288429 0.380019 0.093208 0.238343 
0.178526 0.250481 0.153704 0.417288 
0.220900 0.287828 0.151785 0.339487 
0.216868 0.280098 0.138115 0.364918 
0.216160 0.312472 0.130006 0.341362 
0.347100 0.252120 0.287350 0.113431 
0.212721 0.287416 0.193731 0.306133 
0.322258 0.236056 0.077850 0.363836 
0.441403 0.181258 0.236562 0.140778 
0.223907 0.438171 0.106673 0.231249 
0.224232 0.440196 0.103367 0.232204 
0.194858 0.438583 0.103029 0.263530 
0.186136 0.439449 0.109377 0.265038 
0.241014 0.317086 0.126791 0.315109 
0.231997 0.319995 0.130020 0.317988 
0.224995 0.332704 0.137310 0.304991 
0.225922 0.345128 0.126658 0.302291 
0.192177 0.328762 0.162040 0.317021 
0.227925 0.472752 0.085140 0.214182 
0.236999 0.374778 0.176960 0.211263 
0.201367 0.446385 0.106475 0.245773 
0.209409 0.497175 0.107858 0.185558 
0.208768 0.481451 0.095205 0.214576 
0.218972 0.477402 0.076566 0.227061 
0.228388 0.431895 0.110557 0.229161 
0.208738 0.462238 0.090180 0.238844 
0.206919 0.464245 0.084063 0.244773 
0.251258 0.425802 0.080490 0.242450 
0.214091 0.321481 0.152565 0.311864 
0.229378 0.291952 0.187397 0.291273 
0.413103 0.223596 0.232779 0.130522 
0.236323 0.407747 0.090125 0.265805 
0.212269 0.312947 0.120564 0.354221 
0.211356 0.522841 0.088901 0.176903 
0.211207 0.297239 0.169159 0.322394 
0.233239 0.282304 0.142091 0.342366 
0.226736 0.422592 0.108255 0.242417 
0.219527 0.443503 0.095214 0.241756 
0.225600 0.293436 0.146687 0.334277 
0.192116 0.263324 0.165100 0.379459 
0.223977 0.295463 0.139817 0.340743 
0.307252 0.219272 0.176655 0.296821 
0.231432 0.428285 0.114253 0.226030 
0.246701 0.342691 0.118581 0.292027 
0.210098 0.325782 0.200982 0.263138 
0.220911 0.314962 0.159433 0.304694 
0.199332 0.472855 0.088982 0.238831 
0.192891 0.246645 0.296806 0.263658 
0.225239 0.314145 0.182809 0.277806 
0.189864 0.264003 0.218105 0.328028 
0.248495 0.383448 0.101938 0.266118 
0.205216 0.428053 0.109949 0.256782 
0.210997 0.320188 0.180327 0.288488 
0.339839 0.203317 0.318563 0.138281 
0.207770 0.451425 0.096680 0.244125 
0.191697 0.406287 0.122319 0.279698 
0.215039 0.441725 0.082723 0.260513 
0.217066 0.438639 0.105210 0.239085 
0.197225 0.425300 0.118443 0.259032 
0.238323 0.408586 0.100989 0.252101 
0.221916 0.405496 0.118455 0.254133 
0.189269 0.480185 0.080953 0.249593 
0.203101 0.460457 0.098438 0.238004 
0.222932 0.435084 0.101228 0.240756 
0.217193 0.407465 0.109946 0.265396 
0.212340 0.448414 0.087440 0.251806 
0.243385 0.376899 0.125600 0.254116 
0.236755 0.435280 0.102529 0.225435 
0.218760 0.421808 0.107233 0.252199 
0.201537 0.403786 0.139108 0.255569 
0.190300 0.284824 0.215912 0.308964 
0.241522 0.411356 0.098373 0.248749 
0.200732 0.448613 0.106336 0.244320 
0.226852 0.407203 0.117786 0.248160 
0.176777 0.244305 0.210423 0.368495 
0.262152 0.285143 0.128493 0.324212 
0.257490 0.417875 0.091932 0.232704 
0.187673 0.442017 0.105669 0.264642 
0.229318 0.422034 0.102204 0.246444 
0.213907 0.442507 0.124575 0.219011 
0.222663 0.413527 0.133193 0.230617 
0.201085 0.239156 0.264949 0.294809 
0.253004 0.428201 0.083482 0.235313 
0.190757 0.473390 0.107653 0.228200 
0.226959 0.457998 0.076040 0.239003 
0.234592 0.443947 0.103776 0.217685 
0.233704 0.468847 0.084057 0.213393 
0.437196 0.161113 0.290199 0.111492 
0.240459 0.395912 0.135853 0.227775 
0.235599 0.327011 0.090964 0.346427 
0.187663 0.203459 0.264430 0.344448 
0.234997 0.420761 0.096888 0.247354 
0.235263 0.411861 0.105381 0.247494 
0.230797 0.235152 0.167303 0.366748 
0.419206 0.148906 0.307233 0.124655 
0.205125 0.401271 0.127128 0.266476 
0.260535 0.385758 0.095365 0.258342 
0.236299 0.399005 0.098669 0.266027 
0.225832 0.426934 0.105344 0.241890 
0.396006 0.154101 0.372042 0.077851 
0.210371 0.414413 0.109973 0.265242 
0.246956 0.429997 0.094690 0.228356 
0.203752 0.465137 0.096926 0.234184 
0.160587 0.431983 0.139370 0.268060 
0.173714 0.388095 0.156773 0.281418 
0.202252 0.469116 0.110724 0.217908 
0.232745 0.460178 0.103657 0.203420 
0.199874 0.447658 0.095417 0.257051 
0.217757 0.458210 0.095169 0.228865 
0.216556 0.442878 0.093578 0.246988 
0.406485 0.207117 0.271629 0.114770 
0.339592 0.176400 0.372092 0.111916 
0.428692 0.220442 0.221376 0.129491 
0.203844 0.442267 0.117348 0.236541 
0.228971 0.442672 0.088986 0.239371 
0.208443 0.382869 0.131703 0.276985 
0.272993 0.382838 0.108206 0.235963 
0.211781 0.326692 0.128300 0.333227 
0.473583 0.170098 0.245828 0.110492 
0.459560 0.135878 0.296896 0.107665 
0.159372 0.430998 0.135226 0.274404 
0.228547 0.361826 0.106516 0.303111 
0.230844 0.332868 0.124541 0.311747 
0.198171 0.441416 0.117597 0.242815 
0.186332 0.364688 0.144606 0.304375 
0.242033 0.433732 0.111044 0.213191 
0.176088 0.442875 0.138854 0.242183 
0.359385 0.218008 0.308701 0.113907 
0.213704 0.419243 0.120792 0.246262 
0.217362 0.481590 0.092142 0.208906 
0.200114 0.428628 0.110454 0.260804 
0.438200 0.153612 0.257211 0.150977 
0.472770 0.141305 0.279967 0.105958 
0.207878 0.360076 0.097095 0.334952 
0.192084 0.347848 0.156398 0.303671 
0.203781 0.385679 0.171678 0.238862 
0.265871 0.344639 0.121146 0.268344 
0.252447 0.400281 0.100285 0.246987 
0.228144 0.439568 0.101666 0.230622 
0.225741 0.393444 0.107040 0.273775 
0.213265 0.443589 0.106746 0.236400 
0.236836 0.404329 0.105908 0.252928 
0.221211 0.351660 0.137627 0.289502 
0.247509 0.400122 0.091108 0.261262 
0.215351 0.394823 0.124602 0.265224 
0.234487 0.403588 0.147686 0.214239 
0.192381 0.477860 0.135173 0.194586 
0.238881 0.437745 0.105768 0.217606 
0.206905 0.454707 0.116948 0.221439 
0.185341 0.532957 0.098735 0.182967 
0.211017 0.383393 0.126833 0.278757 
0.181789 0.326833 0.162389 0.328989 
0.199195 0.483559 0.106038 0.211208 
0.187067 0.440724 0.111408 0.260800 
0.293250 0.156105 0.488842 0.061804 
0.228891 0.407276 0.113530 0.250304 
0.200224 0.437562 0.143944 0.218270 
0.176748 0.530301 0.104039 0.188912 
0.459624 0.136637 0.289679 0.114059 
0.196382 0.407895 0.141699 0.254025 
0.229894 0.402437 0.128428 0.239241 
0.191082 0.427404 0.117963 0.263551 
0.219781 0.380558 0.095724 0.303936 
0.230157 0.373601 0.119549 0.276693 
0.235048 0.389904 0.123200 0.251847 
0.199007 0.383581 0.144428 0.272984 
0.202977 0.414225 0.112445 0.270353 
0.231492 0.439059 0.082776 0.246673 
0.225681 0.465876 0.096724 0.211719 
0.227408 0.441174 0.105869 0.225548 
0.195308 0.426416 0.105136 0.273140 
0.202438 0.327109 0.125814 0.344639 
0.239371 0.285866 0.124539 0.350223 
0.202084 0.504460 0.079969 0.213487 
0.183930 0.509877 0.082750 0.223443 
0.218867 0.408332 0.114399 0.258401 
0.203127 0.461516 0.101050 0.234307 
0.205871 0.310141 0.132235 0.351753 
0.223306 0.448135 0.098964 0.229595 
0.364179 0.224089 0.269357 0.142375 
0.220371 0.441967 0.105224 0.232439 
0.217251 0.406942 0.107978 0.267830 
0.216667 0.471381 0.081531 0.230421 
0.210040 0.483582 0.066222 0.240156 
liver
0.264579 0.255253 0.020496 0.459672 
0.136144 0.259740 0.325969 0.278146 
0.265826 0.341826 0.255137 0.137210 
0.288607 0.268156 0.134061 0.309176 
0.204012 0.447090 0.109365 0.239533 
0.233034 0.386259 0.129542 0.251164 
0.220763 0.400131 0.129319 0.249787 
0.208945 0.219758 0.202407 0.368891 
0.249153 0.306751 0.099253 0.344844 
0.134093 0.262680 0.345439 0.257789 
0.195354 0.245303 0.182771 0.376572 
0.276599 0.221768 0.149018 0.352615 
0.148943 0.276964 0.157177 0.416916 
0.165546 0.189134 0.341546 0.303774 
0.223117 0.205439 0.150989 0.420456 
0.273329 0.329638 0.132749 0.264284 
0.218810 0.216875 0.225330 0.338985 
0.229475 0.258568 0.149068 0.362888 
0.132723 0.242656 0.345646 0.278975 
0.161417 0.319803 0.243183 0.275596 
0.262338 0.209695 0.176475 0.351492 
0.243724 0.308338 0.133296 0.314642 
0.124373 0.225735 0.350498 0.299394 
0.215291 0.282817 0.171255 0.330637 
0.227377 0.312728 0.155995 0.303899 
0.233935 0.369201 0.103619 0.293245 
0.287192 0.302401 0.100830 0.309577 
0.197038 0.334371 0.133035 0.335555 
0.212174 0.360041 0.145426 0.282359 
0.324180 0.232877 0.117535 0.325408 
0.196227 0.253353 0.191612 0.358808 
0.268458 0.303592 0.090517 0.337434 
0.233416 0.304281 0.126589 0.335714 
0.254660 0.234047 0.143854 0.367438 
0.290847 0.233478 0.097008 0.378667 
0.276752 0.364411 0.254196 0.104642 
0.199151 0.246963 0.159763 0.394123 
0.250884 0.317868 0.051172 0.380076 
0.262836 0.253512 0.055978 0.427673 
0.217764 0.296633 0.065965 0.419638 
0.256342 0.324057 0.057949 0.361652 
0.213144 0.310968 0.054772 0.421116 
0.177600 0.206623 0.303082 0.312694 
0.215589 0.367923 0.155808 0.260681 
0.207245 0.362217 0.166971 0.263566 
0.238468 0.274018 0.064528 0.422986 
0.214475 0.328130 0.088042 0.369354 
0.175186 0.258555 0.216899 0.349361 
0.266683 0.344600 0.221314 0.167404 
0.274527 0.344512 0.216333 0.164629 
0.226463 0.442777 0.089051 0.241710 
0.221089 0.458776 0.083651 0.236484 
0.241200 0.425314 0.092965 0.240521 
0.193844 0.368394 0.106875 0.330887 
0.218091 0.422707 0.118605 0.240597 
0.247903 0.343591 0.108011 0.300494 
0.243071 0.315053 0.109321 0.332554 
0.265010 0.290885 0.096875 0.347230 
0.163312 0.264224 0.222290 0.350174 
0.142490 0.254358 0.185493 0.417659 
0.169227 0.388064 0.146967 0.295741 
0.176939 0.395577 0.103718 0.323766 
0.150226 0.322668 0.202459 0.324647 
0.267405 0.363826 0.052393 0.316376 
lung
0.188334 0.222723 0.177327 0.411615 
0.295498 0.206003 0.155384 0.343115 
0.219343 0.270173 0.195686 0.314798 
0.211306 0.180892 0.146645 0.461157 
0.234283 0.202854 0.146340 0.416523 
0.211952 0.244198 0.162144 0.381705 
0.200061 0.209046 0.183042 0.407851 
0.255877 0.215395 0.127424 0.401303 
0.234487 0.203743 0.162156 0.399614 
0.207435 0.197488 0.183191 0.411886 
0.248592 0.343402 0.139877 0.268128 
0.257169 0.227189 0.155576 0.360066 
0.226306 0.224372 0.136796 0.412526 
0.233034 0.210320 0.137585 0.419061 
0.253813 0.197488 0.147691 0.401008 
0.247422 0.183239 0.159521 0.409818 
0.265170 0.227527 0.130019 0.377285 
0.191272 0.181454 0.174522 0.452752 
0.244582 0.465119 0.058840 0.231458 
0.239770 0.227665 0.165661 0.366904 
0.240486 0.213654 0.166186 0.379674 
0.208758 0.230375 0.174950 0.385917 
0.218400 0.208023 0.175946 0.397631 
0.197637 0.286695 0.189967 0.325701 
0.226410 0.237523 0.129276 0.406791 
0.250666 0.255410 0.164960 0.328965 
0.219267 0.170155 0.182876 0.427702 
0.227793 0.159338 0.180628 0.432240 
0.219569 0.205778 0.180094 0.394559 
0.252985 0.208125 0.155749 0.383141 
0.225890 0.222987 0.177370 0.373753 
0.230963 0.221973 0.159045 0.388018 
0.191154 0.234342 0.166208 0.408296 
0.208161 0.198187 0.187181 0.406471 
0.210299 0.201994 0.190751 0.396956 
0.233808 0.211175 0.171431 0.383587 
0.224005 0.209040 0.164668 0.402287 
0.250066 0.218939 0.159858 0.371137 
0.245117 0.206878 0.166433 0.381572 
0.205318 0.227345 0.172370 0.394968 
0.230782 0.247357 0.172131 0.349730 
0.172614 0.240911 0.180016 0.406459 
0.213795 0.204787 0.185022 0.396396 
0.207572 0.162907 0.202312 0.427209 
0.210203 0.207966 0.164846 0.416985 
0.245431 0.227500 0.156857 0.370212 
0.209464 0.201692 0.194704 0.394140 
0.217092 0.205294 0.184165 0.393448 
0.248644 0.224326 0.145459 0.381571 
0.206698 0.201608 0.182438 0.409256 
0.261925 0.191133 0.159564 0.387377 
0.218866 0.169411 0.144183 0.467540 
0.206325 0.224441 0.163587 0.405647 
0.209051 0.208833 0.167483 0.414632 
0.231242 0.184493 0.204862 0.379403 
0.219138 0.169291 0.173895 0.437676 
0.212934 0.231216 0.181590 0.374259 
0.207643 0.229908 0.139200 0.423250 
0.217752 0.225872 0.144019 0.412357 
0.176904 0.173666 0.196715 0.452715 
0.255092 0.213136 0.154226 0.377546 
0.197122 0.440382 0.122504 0.239992 
0.247484 0.222766 0.142466 0.387284 
0.216308 0.174183 0.183126 0.426383 
0.230384 0.222706 0.175169 0.371740 
0.222226 0.199204 0.176411 0.402159 
0.191388 0.182343 0.169651 0.456618 
0.234965 0.217239 0.147563 0.400233 
0.255603 0.214830 0.180740 0.348828 
0.210695 0.222047 0.191896 0.375362 
0.218595 0.201774 0.208833 0.370798 
0.197942 0.154340 0.161252 0.486465 
0.178989 0.138106 0.196412 0.486492 
0.250642 0.260504 0.208133 0.280720 
0.189132 0.256243 0.176878 0.377747 
0.245588 0.201591 0.151268 0.401553 
0.193330 0.208048 0.169887 0.428734 
0.234311 0.242320 0.145040 0.378329 
0.207652 0.220114 0.183470 0.388764 
0.209733 0.216746 0.174450 0.399071 
0.180392 0.152463 0.154124 0.513021 
0.218324 0.173205 0.167771 0.440701 
0.203983 0.193099 0.172619 0.430298 
0.223334 0.187621 0.173058 0.415987 
0.228585 0.220595 0.138599 0.412221 
0.243362 0.202516 0.166344 0.387778 
0.212939 0.259521 0.130289 0.397251 
0.226156 0.377137 0.112828 0.283880 
0.253406 0.238569 0.155562 0.352464 
0.146031 0.578898 0.088217 0.186853 
0.229087 0.228211 0.166869 0.375833 
0.251029 0.231230 0.132559 0.385182 
0.230845 0.099718 0.460780 0.208657 
0.273007 0.187275 0.117596 0.422122 
0.248128 0.210226 0.133718 0.407928 
0.296344 0.180461 0.128029 0.395165 
0.218398 0.249562 0.155611 0.376429 
0.268895 0.163370 0.107710 0.460025 
0.235556 0.214646 0.122615 0.427184 
0.212022 0.218821 0.128600 0.440557 
0.232307 0.203265 0.185316 0.379111 
0.229917 0.259688 0.145876 0.364520 
0.273716 0.180146 0.146554 0.399584 
0.234432 0.183125 0.142235 0.440208 
0.218376 0.256200 0.138890 0.386534 
0.243225 0.221252 0.138318 0.397204 
0.203968 0.231862 0.150615 0.413555 
0.213357 0.226189 0.154828 0.405627 
0.195307 0.264122 0.192781 0.347790 
0.225124 0.283148 0.136214 0.355514 
0.221815 0.234367 0.161274 0.382543 
0.142732 0.189849 0.130322 0.537097 
0.202525 0.192416 0.158838 0.446221 
0.191810 0.175072 0.149207 0.483911 
0.215835 0.259357 0.175107 0.349700 
0.197924 0.228101 0.204041 0.369934 
0.225985 0.193838 0.164039 0.416138 
0.240880 0.230047 0.153377 0.375696 
0.225881 0.225523 0.178872 0.369724 
0.186633 0.169477 0.173722 0.470168 
0.142167 0.238617 0.152527 0.466689 
0.198534 0.136373 0.202534 0.462559 
0.223022 0.256359 0.171715 0.348904 
0.184951 0.242112 0.132531 0.440407 
0.174125 0.189107 0.158572 0.478196 
0.178510 0.172390 0.170243 0.478857 
0.284232 0.151634 0.093469 0.470666 
0.204141 0.280007 0.141794 0.374058 
0.232398 0.251361 0.155840 0.360400 
0.250266 0.237934 0.144082 0.367718 
0.213688 0.201455 0.172121 0.412736 
0.227955 0.253245 0.148324 0.370477 
0.141598 0.148281 0.119886 0.590235 
0.256358 0.229341 0.170182 0.344119 
0.184050 0.386858 0.092880 0.336213 
0.202903 0.095671 0.168978 0.532448 
0.195448 0.243811 0.163252 0.397490 
0.219086 0.216089 0.172261 0.392563 
0.222843 0.197587 0.148780 0.430790 
0.227033 0.247252 0.191017 0.334697 
0.165108 0.279035 0.177780 0.378077 
0.241653 0.155499 0.136276 0.466572 
0.242718 0.179521 0.144935 0.432825 
0.209173 0.168774 0.155840 0.466213 
0.206169 0.231823 0.163190 0.398818 
0.199420 0.267619 0.164536 0.368425 
0.177807 0.196425 0.157448 0.468321 
0.259522 0.219103 0.144961 0.376415 
0.175048 0.149634 0.150289 0.525029 
0.179174 0.224101 0.109662 0.487063 
0.226899 0.228777 0.182374 0.361950 
0.209727 0.281057 0.136562 0.372654 
0.242548 0.189059 0.155241 0.413152 
0.224616 0.277509 0.118718 0.379157 
0.249155 0.244693 0.163716 0.342436 
0.272119 0.232485 0.160614 0.334782 
0.274800 0.159740 0.126951 0.438509 
0.223931 0.222793 0.128437 0.424839 
0.269608 0.261787 0.153967 0.314638 
0.208121 0.240642 0.104083 0.447154 
0.204981 0.236001 0.151494 0.407524 
0.248848 0.217410 0.120185 0.413558 
0.192618 0.212897 0.145592 0.448894 
0.220003 0.240399 0.188704 0.350894 
0.178087 0.131273 0.198980 0.491661 
0.197186 0.220228 0.218624 0.363962 
0.137288 0.154982 0.115411 0.592319 
0.237699 0.216525 0.151086 0.394690 
0.256416 0.192949 0.156407 0.394229 
0.216773 0.196753 0.169949 0.416525 
0.228029 0.249940 0.139989 0.382042 
0.266177 0.172458 0.169841 0.391523 
0.185896 0.211546 0.164959 0.437599 
0.213070 0.268511 0.131547 0.386872 
0.394234 0.132976 0.132159 0.340631 
oesophagus
0.180816 0.209057 0.141563 0.468565 
0.163151 0.152509 0.130876 0.553464 
0.204117 0.295455 0.198876 0.301552 
0.179364 0.130962 0.204698 0.484976 
0.208831 0.503255 0.105651 0.182262 
0.196464 0.141745 0.158685 0.503106 
0.172468 0.231989 0.153343 0.442201 
0.181759 0.175184 0.121528 0.521530 
0.164768 0.173201 0.166999 0.495032 
0.140838 0.204486 0.215967 0.438709 
0.191992 0.160419 0.147988 0.499601 
0.182289 0.122354 0.161391 0.533966 
0.151095 0.213001 0.219228 0.416677 
0.214382 0.187619 0.126244 0.471755 
0.199446 0.456396 0.106031 0.238127 
0.145699 0.101481 0.182663 0.570156 
0.196504 0.483354 0.060544 0.259598 
0.219181 0.381287 0.117438 0.282094 
0.222660 0.390284 0.130391 0.256665 
0.173858 0.467090 0.061036 0.298016 
0.205587 0.208801 0.169525 0.416087 
0.228303 0.445280 0.094426 0.231991 
0.185475 0.269904 0.127491 0.417130 
0.231683 0.399613 0.112645 0.256060 
0.200243 0.280486 0.129091 0.390180 
0.180857 0.212606 0.299293 0.307244 
0.215500 0.208218 0.199278 0.377004 
0.192798 0.306155 0.101468 0.399579 
prostate
0.236363 0.422427 0.099791 0.241419 
0.235611 0.414005 0.097426 0.252958 
0.241528 0.425599 0.078258 0.254615 
0.222545 0.427970 0.095804 0.253681 
0.214776 0.388765 0.102798 0.293661 
0.226196 0.412812 0.112761 0.248231 
0.199692 0.384263 0.140941 0.275103 
0.221345 0.405616 0.110840 0.262199 
0.205396 0.415222 0.113809 0.265573 
0.207406 0.424315 0.111346 0.256933 
0.192457 0.418020 0.122521 0.267003 
0.184579 0.451918 0.117595 0.245908 
0.307348 0.242268 0.125012 0.325372 
0.222145 0.438886 0.101842 0.237126 
0.250113 0.322527 0.090809 0.336551 
0.200258 0.386609 0.131242 0.281890 
0.197595 0.211116 0.200941 0.390349 
0.208092 0.232364 0.239095 0.320449 
0.226422 0.421833 0.100281 0.251464 
0.264477 0.398583 0.056746 0.280194 
0.205546 0.436607 0.101568 0.256280 
0.238818 0.266514 0.133029 0.361639 
0.189825 0.450598 0.046945 0.312632 
0.168066 0.059527 0.156145 0.616262 
0.137264 0.015895 0.495325 0.351516 
0.202647 0.441254 0.120922 0.235177 
0.097422 0.017502 0.571886 0.313189 
0.197323 0.359275 0.130683 0.312719 
0.211327 0.393703 0.114771 0.280199 
0.175609 0.393043 0.129561 0.301786 
skin
0.237197 0.293843 0.142207 0.326753 
0.195554 0.108757 0.414522 0.281167 
0.212332 0.086809 0.469046 0.231813 
0.230373 0.085701 0.480986 0.202940 
0.190446 0.079264 0.506986 0.223304 
0.226534 0.084162 0.441041 0.248264 
0.214364 0.111536 0.430504 0.243596 
0.195432 0.099295 0.472657 0.232616 
0.203862 0.138702 0.457643 0.199794 
0.205329 0.137532 0.451925 0.205214 
0.253729 0.108268 0.401942 0.236061 
0.249614 0.112300 0.428951 0.209136 
0.247141 0.114429 0.430076 0.208354 
0.249515 0.111896 0.429405 0.209185 
0.247526 0.113790 0.429752 0.208932 
0.204136 0.099376 0.482605 0.213883 
0.205295 0.097275 0.481629 0.215800 
0.206246 0.097542 0.475815 0.220397 
0.227681 0.092809 0.451637 0.227873 
0.225424 0.095267 0.446640 0.232670 
0.225811 0.093630 0.448340 0.232219 
0.226314 0.093452 0.449169 0.231066 
0.209833 0.091413 0.479537 0.219217 
0.209832 0.091197 0.478758 0.220213 
0.210352 0.090765 0.479026 0.219856 
0.209382 0.091460 0.478079 0.221079 
0.192290 0.110666 0.501941 0.195103 
0.192144 0.127870 0.485655 0.194331 
0.206619 0.118385 0.483234 0.191762 
0.257959 0.168299 0.361995 0.211746 
0.252579 0.200252 0.299587 0.247582 
0.302591 0.123157 0.328954 0.245298 
0.154064 0.084469 0.538240 0.223227 
0.181871 0.163364 0.417514 0.237250 
0.229175 0.113436 0.420907 0.236482 
0.175437 0.115222 0.519688 0.189653 
0.211397 0.099137 0.502724 0.186743 
0.224510 0.083930 0.434835 0.256725 
0.228500 0.102846 0.458191 0.210463 
0.261978 0.120103 0.353630 0.264289 
0.204163 0.078212 0.483415 0.234211 
0.215401 0.099660 0.429213 0.255725 
0.202077 0.061508 0.503180 0.233234 
0.213146 0.126200 0.447981 0.212673 
0.210379 0.162664 0.392958 0.234000 
0.246905 0.138212 0.365818 0.249065 
0.186149 0.083617 0.473075 0.257160 
0.209928 0.113143 0.363295 0.313634 
0.232949 0.146909 0.336669 0.283473 
0.225216 0.107699 0.396424 0.270662 
0.213537 0.081341 0.475748 0.229374 
0.184569 0.062714 0.501011 0.251705 
0.238094 0.109937 0.424254 0.227716 
0.207958 0.089753 0.484537 0.217752 
0.229105 0.104221 0.417085 0.249589 
0.265589 0.103782 0.439360 0.191269 
0.211519 0.101306 0.460894 0.226281 
0.248030 0.092978 0.450477 0.208515 
0.217458 0.119231 0.447946 0.215365 
0.241514 0.117736 0.423480 0.217270 
0.227867 0.126760 0.412221 0.233153 
0.228801 0.182019 0.358643 0.230538 
0.262928 0.117059 0.391810 0.228203 
0.259485 0.136744 0.387162 0.216609 
0.233326 0.126463 0.436152 0.204059 
0.229935 0.185443 0.360624 0.223998 
0.289245 0.076618 0.419197 0.214939 
0.232593 0.117973 0.460235 0.189200 
0.231511 0.109742 0.414583 0.244164 
0.241836 0.119775 0.447684 0.190706 
0.220805 0.114152 0.439562 0.225481 
0.219953 0.124018 0.440454 0.215575 
0.239469 0.122665 0.399515 0.238351 
0.251376 0.117323 0.416832 0.214469 
0.258260 0.123606 0.385182 0.232951 
0.227568 0.181986 0.368441 0.222006 
0.221679 0.113785 0.438292 0.226244 
0.219093 0.161663 0.436747 0.182497 
0.214930 0.101764 0.382401 0.300904 
0.226334 0.120332 0.421563 0.231771 
0.216776 0.186813 0.192494 0.403918 
0.251626 0.109676 0.430083 0.208615 
0.253886 0.104468 0.418539 0.223106 
0.198366 0.115314 0.419091 0.267229 
0.219403 0.094203 0.440809 0.245585 
0.231352 0.123166 0.409956 0.235526 
0.229267 0.100002 0.444857 0.225874 
0.210505 0.116816 0.451351 0.221328 
0.278827 0.099564 0.367010 0.254599 
0.213497 0.108053 0.414912 0.263539 
0.254255 0.113124 0.427622 0.204999 
0.241976 0.109784 0.452631 0.195608 
0.231379 0.106040 0.452314 0.210268 
0.206038 0.062528 0.457199 0.274235 
0.236737 0.122072 0.456479 0.184712 
0.202844 0.092853 0.474035 0.230267 
0.213065 0.098838 0.463742 0.224356 
0.201998 0.136559 0.449327 0.212115 
0.261384 0.142220 0.388351 0.208046 
0.203246 0.170033 0.481776 0.144945 
0.188665 0.130307 0.456822 0.224206 
0.189970 0.153874 0.411274 0.244883 
0.165334 0.118862 0.460312 0.255492 
0.186004 0.112000 0.494967 0.207030 
0.177152 0.145914 0.445997 0.230937 
0.175805 0.121384 0.466381 0.236430 
0.224563 0.220238 0.411155 0.144043 
0.223459 0.101496 0.463868 0.211178 
0.210367 0.101692 0.471062 0.216880 
0.227370 0.137854 0.392104 0.242672 
0.245703 0.147661 0.410259 0.196377 
0.184661 0.116017 0.498843 0.200479 
0.180678 0.090412 0.486250 0.242659 
0.160745 0.119647 0.481711 0.237897 
0.164805 0.098752 0.534851 0.201593 
0.187860 0.119884 0.458372 0.233884 
0.187863 0.109349 0.441114 0.261673 
0.193802 0.106168 0.452928 0.247102 
0.183241 0.113068 0.473916 0.229776 
0.195898 0.102940 0.489384 0.211778 
0.192897 0.125142 0.435844 0.246117 
0.206532 0.136056 0.438857 0.218555 
0.193893 0.225810 0.279650 0.300647 
0.192782 0.100036 0.473335 0.233846 
0.185165 0.213515 0.346475 0.254845 
0.210535 0.151127 0.388779 0.249558 
0.185881 0.098992 0.519862 0.195265 
0.170755 0.113355 0.513138 0.202751 
0.221959 0.110643 0.461054 0.206344 
0.188369 0.091144 0.491409 0.229078 
0.195025 0.095225 0.474181 0.235569 
0.205144 0.110558 0.480220 0.204077 
0.170948 0.107012 0.481086 0.240953 
0.203055 0.102523 0.461821 0.232601 
0.183515 0.146350 0.473166 0.196970 
0.194281 0.112041 0.489608 0.204069 
0.216378 0.133763 0.442964 0.206894 
0.195731 0.108256 0.486307 0.209706 
0.183747 0.101085 0.507794 0.207374 
0.187963 0.120937 0.504355 0.186745 
0.191708 0.117324 0.462944 0.228023 
0.161764 0.089427 0.535757 0.213052 
0.196083 0.114536 0.464454 0.224928 
0.238401 0.192212 0.270177 0.299210 
0.199880 0.101641 0.494082 0.204397 
0.231423 0.138846 0.374957 0.254773 
0.282806 0.135925 0.398967 0.182302 
0.245341 0.084071 0.424367 0.246221 
0.183963 0.085348 0.530716 0.199973 
0.226367 0.100192 0.483810 0.189631 
0.197061 0.117329 0.446360 0.239251 
0.191402 0.082654 0.458451 0.267493 
0.198573 0.086474 0.445769 0.269185 
0.180874 0.095778 0.469874 0.253474 
0.159334 0.110568 0.488767 0.241331 
0.237475 0.092147 0.432761 0.237617 
0.226720 0.084440 0.455147 0.233693 
0.204368 0.107166 0.441637 0.246829 
0.235771 0.072877 0.448136 0.243216 
0.172294 0.066050 0.537739 0.223917 
0.219155 0.101512 0.417054 0.262279 
0.218498 0.086471 0.483145 0.211887 
0.197859 0.084766 0.487854 0.229521 
0.203693 0.105011 0.469723 0.221574 
0.233660 0.092806 0.438060 0.235473 
0.217892 0.129028 0.455906 0.197175 
0.198865 0.101091 0.432891 0.267153 
0.174685 0.120624 0.447874 0.256817 
0.170195 0.083081 0.529693 0.217032 
0.269956 0.114395 0.352995 0.262654 
0.190051 0.082356 0.456537 0.271056 
0.210806 0.064807 0.477866 0.246522 
0.183551 0.078379 0.455469 0.282601 
0.194988 0.093935 0.483530 0.227548 
0.214301 0.086566 0.463675 0.235459 
0.214663 0.069468 0.435442 0.280427 
0.197899 0.088888 0.491226 0.221987 
0.208694 0.112277 0.434123 0.244906 
0.216410 0.100726 0.459160 0.223703 
0.211507 0.113555 0.453657 0.221281 
0.203245 0.092353 0.457190 0.247212 
0.216018 0.083986 0.468709 0.231287 
0.171637 0.090458 0.496064 0.241841 
0.203732 0.073724 0.490969 0.231575 
0.193442 0.147271 0.386253 0.273035 
0.240866 0.076882 0.455464 0.226789 
0.245447 0.114720 0.371049 0.268784 
0.218427 0.127438 0.373964 0.280171 
0.170335 0.110935 0.510854 0.207876 
0.199406 0.092356 0.481672 0.226566 
0.187492 0.137449 0.479070 0.195988 
0.151422 0.073883 0.517424 0.257271 
0.228565 0.106920 0.419182 0.245333 
0.235793 0.223308 0.304765 0.236134 
0.202329 0.083931 0.464414 0.249325 
0.224592 0.097868 0.425845 0.251695 
0.186626 0.096527 0.496713 0.220135 
0.206047 0.098223 0.456287 0.239443 
0.214305 0.095850 0.439971 0.249875 
0.185825 0.083969 0.480279 0.249928 
0.234105 0.088857 0.461861 0.215178 
0.273533 0.121976 0.355858 0.248633 
0.216562 0.105004 0.423908 0.254526 
0.226962 0.105823 0.442433 0.224782 
0.266983 0.117087 0.356201 0.259729 
0.200364 0.085356 0.500402 0.213878 
0.214494 0.095319 0.451348 0.238838 
0.164326 0.105351 0.495352 0.234970 
0.235925 0.134063 0.395536 0.234476 
0.179127 0.073462 0.518641 0.228769 
0.210789 0.114124 0.425386 0.249701 
0.210076 0.108942 0.438806 0.242177 
0.194775 0.082364 0.491069 0.231791 
0.173349 0.077195 0.506451 0.243006 
0.212867 0.105569 0.458690 0.222874 
0.223619 0.088882 0.466533 0.220966 
0.203335 0.112241 0.445698 0.238726 
0.194040 0.105330 0.472569 0.228062 
0.236312 0.114284 0.389521 0.259882 
0.215915 0.110452 0.438811 0.234823 
0.247244 0.135491 0.365161 0.252104 
0.245530 0.104240 0.428313 0.221917 
0.197804 0.111587 0.419705 0.270904 
0.225892 0.146566 0.395446 0.232096 
0.215460 0.111667 0.460991 0.211882 
0.205331 0.111990 0.453060 0.229618 
0.189343 0.102715 0.457849 0.250093 
0.181854 0.106897 0.472101 0.239148 
0.213011 0.094918 0.455384 0.236687 
0.200071 0.081422 0.462518 0.255990 
0.192119 0.085640 0.495446 0.226795 
0.290253 0.068171 0.168891 0.472686 
0.208030 0.095108 0.439550 0.257313 
0.248403 0.087129 0.437044 0.227424 
0.211271 0.101400 0.439002 0.248327 
0.222877 0.094749 0.445115 0.237259 
0.214170 0.094669 0.451778 0.239383 
0.205509 0.087822 0.494110 0.212559 
0.212439 0.065616 0.471678 0.250266 
0.178826 0.116071 0.445803 0.259300 
0.194933 0.105442 0.433687 0.265937 
0.200959 0.091259 0.447830 0.259952 
0.205249 0.078318 0.491496 0.224936 
0.215977 0.121283 0.436530 0.226211 
0.188942 0.102198 0.440323 0.268538 
0.221882 0.096077 0.445884 0.236158 
0.210482 0.080325 0.452772 0.256422 
0.197280 0.084318 0.491734 0.226669 
0.223960 0.116931 0.424291 0.234818 
0.178016 0.104350 0.465648 0.251987 
0.222649 0.094430 0.455303 0.227618 
0.206674 0.096907 0.431531 0.264888 
0.210605 0.084762 0.392195 0.312439 
0.213156 0.092471 0.433920 0.260453 
0.190448 0.097633 0.494082 0.217837 
0.201297 0.082751 0.475900 0.240052 
0.180590 0.092722 0.485232 0.241456 
0.223043 0.086955 0.422833 0.267169 
0.215026 0.098688 0.453166 0.233121 
0.218781 0.096814 0.447618 0.236787 
0.181178 0.116380 0.486319 0.216123 
0.215107 0.088530 0.467659 0.228704 
0.245472 0.109011 0.413081 0.232436 
0.194828 0.104129 0.467876 0.233168 
0.203617 0.093918 0.485604 0.216861 
0.234655 0.098617 0.430744 0.235984 
0.176727 0.074233 0.474623 0.274417 
0.222274 0.087725 0.474575 0.215425 
0.164398 0.099774 0.480668 0.255159 
0.238671 0.096106 0.437340 0.227882 
