-8715960.782468
0
0.000000 0.010867 0.000000 0.000000 0.006240 0.005336 0.000000 0.000000 0.000000 0.000000 0.000000 0.000000 0.000000 0.007085 0.006535 0.000000 0.016760 0.014933 0.000000 0.000000 0.000000 0.004552 0.005460 0.008624 0.000000 0.000000 0.000000 0.056479 0.000000 0.000000 0.000000 0.000000 0.000000 0.104292 0.158350 0.102282 0.003025 0.007961 0.000000 0.008173 0.010922 0.000000 0.000000 0.000000 0.000000 0.007250 0.011613 0.000000 0.000000 0.000000 0.000000 0.000000 0.005281 0.000000 0.000000 0.000000 0.000000 0.000000 0.000000 0.066171 0.000000 0.000000 0.000000 0.000000 0.025385 0.000000 0.000000 0.000000 0.003036 0.000000 0.013592 0.000000 0.000000 0.022951 0.008817 0.101400 0.019415 0.000000 0.000000 0.000000 0.000000 0.000000 0.000000 0.112704 0.000000 0.005259 0.000000 0.000000 0.000000 0.000000 0.018112 0.000000 0.000000 0.007397 0.005237 0.028499 
0.013526 0.000000 0.006929 0.012188 0.000000 0.000000 0.000000 0.005792 0.000000 0.000000 0.127895 0.000000 0.000000 0.000000 0.000000 0.008465 0.000000 0.000000 0.031712 0.014090 0.002621 0.000000 0.000000 0.000000 0.026598 0.000000 0.000000 0.000000 0.006169 0.005840 0.000000 0.007364 0.000000 0.033548 0.000000 0.000000 0.000000 0.000000 0.012341 0.000000 0.000000 0.000000 0.036043 0.020680 0.002266 0.000000 0.000000 0.020405 0.000000 0.000000 0.000000 0.024116 0.000000 0.000000 0.000000 0.000000 0.045829 0.000000 0.193785 0.000000 0.003721 0.005702 0.006158 0.004499 0.000000 0.024361 0.029419 0.029567 0.000000 0.000000 0.000000 0.009123 0.000000 0.000000 0.000000 0.000000 0.000000 0.012258 0.000000 0.000000 0.128449 0.038282 0.000000 0.000000 0.003458 0.000000 0.000000 0.000000 0.011981 0.017038 0.000000 0.013927 0.003848 0.000000 0.000000 0.000000 
0.000000 0.000000 0.000000 0.000000 0.000000 0.000000 0.004740 0.000000 0.026349 0.046503 0.000000 0.026638 0.004890 0.000000 0.000000 0.000000 0.000000 0.000000 0.000000 0.000000 0.000000 0.000000 0.000000 0.000000 0.000000 0.027612 0.019264 0.000000 0.000000 0.000000 0.006523 0.000000 0.088936 0.000000 0.000000 0.000000 0.000000 0.000000 0.000000 0.000000 0.000000 0.018105 0.000000 0.000000 0.000000 0.000000 0.000000 0.000000 0.014276 0.017588 0.010769 0.000000 0.000000 0.009128 0.006311 0.006604 0.000000 0.096514 0.000000 0.000000 0.000000 0.000000 0.000000 0.000000 0.000000 0.000000 0.000000 0.000000 0.000000 0.005957 0.000000 0.000000 0.024442 0.000000 0.000000 0.000000 0.000000 0.000000 0.005636 0.024059 0.000000 0.236608 0.260095 0.000000 0.000000 0.000000 0.004443 0.008003 0.000000 0.000000 0.000000 0.000000 0.000000 0.000000 0.000000 0.000000 
0.355665 0.325716 0.318619 
0.334809 0.307087 0.358104 
0.310530 0.446945 0.242525 
0.277650 0.406407 0.315942 
0.278932 0.398644 0.322424 
0.313933 0.325480 0.360588 
0.325656 0.310614 0.363730 
0.466383 0.174859 0.358758 
0.264395 0.366342 0.369263 
0.253000 0.483646 0.263353 
0.333471 0.365844 0.300685 
0.342003 0.373715 0.284281 
breast
0.324356 0.292386 0.383258 
0.307904 0.317529 0.374566 
0.370282 0.416498 0.213221 
0.369578 0.417607 0.212815 
0.292430 0.334196 0.373373 
0.317444 0.390952 0.291603 
0.298201 0.286473 0.415327 
0.325606 0.293041 0.381353 
0.408538 0.296761 0.294700 
0.316818 0.308741 0.374441 
0.313020 0.280265 0.406715 
0.327125 0.331104 0.341772 
0.312696 0.300390 0.386914 
0.281170 0.296273 0.422558 
0.339558 0.294568 0.365875 
0.268845 0.333818 0.397337 
0.328355 0.282190 0.389454 
0.298810 0.339461 0.361729 
0.302144 0.412317 0.285539 
0.311247 0.276333 0.412420 
0.260502 0.421576 0.317922 
0.317069 0.304492 0.378440 
0.365479 0.288584 0.345937 
0.307209 0.353925 0.338867 
0.325420 0.324742 0.349838 
0.677523 0.239158 0.083319 
0.300183 0.366838 0.332979 
0.305049 0.354522 0.340430 
0.328661 0.387492 0.283847 
0.700008 0.249435 0.050557 
0.305947 0.308471 0.385582 
0.327714 0.313210 0.359076 
0.383751 0.291328 0.324921 
0.318294 0.331474 0.350232 
0.297773 0.302323 0.399904 
0.342064 0.384047 0.273889 
0.351811 0.317260 0.330929 
0.272242 0.295919 0.431839 
0.344835 0.275620 0.379545 
0.270824 0.301183 0.427994 
0.380268 0.251367 0.368364 
0.284152 0.399323 0.316525 
0.321629 0.343624 0.334747 
0.324962 0.278913 0.396125 
0.285379 0.392434 0.322187 
0.330767 0.329850 0.339383 
0.369034 0.312508 0.318457 
0.291277 0.291379 0.417344 
0.314224 0.499206 0.186570 
0.301100 0.417490 0.281409 
0.331331 0.297248 0.371421 
0.291993 0.273619 0.434388 
0.333347 0.302428 0.364225 
0.339989 0.339131 0.320879 
endometrium
0.403462 0.188537 0.408001 
0.276934 0.441312 0.281753 
0.266662 0.429609 0.303729 
0.299618 0.449690 0.250692 
0.320020 0.476718 0.203262 
0.399428 0.244735 0.355837 
0.315619 0.456846 0.227535 
0.271351 0.534009 0.194639 
0.271145 0.479645 0.249210 
0.331401 0.470302 0.198297 
0.308826 0.557811 0.133363 
0.423570 0.229787 0.346644 
0.384289 0.373274 0.242437 
0.340588 0.387043 0.272368 
0.318122 0.452060 0.229818 
0.302036 0.466945 0.231019 
0.342102 0.392904 0.264994 
0.324930 0.416215 0.258855 
0.372148 0.338602 0.289250 
0.281108 0.434749 0.284143 
0.314879 0.455038 0.230082 
0.301971 0.460417 0.237611 
0.494115 0.165629 0.340257 
0.346836 0.412673 0.240491 
0.346531 0.425198 0.228271 
0.307354 0.444068 0.248578 
0.310511 0.466526 0.222963 
0.520895 0.190627 0.288478 
0.200307 0.596882 0.202812 
0.279804 0.455493 0.264703 
0.315947 0.447976 0.236077 
0.506901 0.180485 0.312614 
0.296944 0.422870 0.280186 
0.280034 0.458021 0.261945 
0.308822 0.440450 0.250727 
0.303028 0.463876 0.233096 
0.379781 0.357140 0.263080 
0.330435 0.530306 0.139259 
0.298733 0.479211 0.222056 
0.293810 0.473510 0.232680 
0.417687 0.184134 0.398179 
0.252679 0.424873 0.322448 
0.317685 0.345566 0.336749 
0.353625 0.452345 0.194030 
0.274000 0.562130 0.163870 
0.298834 0.437484 0.263682 
0.321935 0.460925 0.217141 
0.316295 0.432806 0.250899 
0.315946 0.416348 0.267706 
0.285246 0.467266 0.247487 
0.282843 0.494143 0.223014 
0.327903 0.392611 0.279486 
0.324216 0.433485 0.242298 
0.509053 0.173516 0.317431 
0.296767 0.450316 0.252916 
0.303655 0.451481 0.244865 
0.317909 0.471134 0.210958 
0.278711 0.478762 0.242527 
0.514997 0.178197 0.306806 
0.363348 0.524305 0.112347 
0.295584 0.472574 0.231842 
0.299869 0.469315 0.230816 
0.455988 0.188446 0.355566 
0.307605 0.445029 0.247365 
0.283603 0.502635 0.213762 
0.288246 0.477878 0.233876 
0.367294 0.375852 0.256854 
0.305537 0.512138 0.182325 
0.303747 0.434648 0.261605 
0.289088 0.469106 0.241806 
0.293737 0.514279 0.191984 
0.274157 0.505865 0.219978 
0.282389 0.395402 0.322210 
0.451588 0.152311 0.396102 
0.363496 0.215627 0.420877 
0.305236 0.477286 0.217478 
0.296160 0.418949 0.284891 
0.267100 0.464431 0.268469 
0.308236 0.471931 0.219833 
0.276025 0.481828 0.242148 
0.314949 0.433592 0.251459 
0.256865 0.429959 0.313177 
0.297018 0.422164 0.280818 
0.269938 0.516429 0.213633 
0.465398 0.190935 0.343666 
0.322527 0.428754 0.248719 
0.308290 0.439399 0.252311 
0.349163 0.463761 0.187076 
0.311921 0.262149 0.425930 
large_intestine
0.287431 0.497348 0.215222 
0.295588 0.503212 0.201200 
0.306507 0.411555 0.281938 
0.327424 0.415567 0.257009 
0.285938 0.447985 0.266076 
0.297025 0.508523 0.194452 
0.480360 0.156938 0.362702 
0.286410 0.518595 0.194995 
0.310242 0.458049 0.231709 
0.268180 0.537411 0.194409 
0.291536 0.508233 0.200231 
0.256989 0.516084 0.226927 
0.265112 0.520487 0.214400 
0.295487 0.513113 0.191400 
0.249100 0.544582 0.206318 
0.295745 0.517398 0.186858 
0.295351 0.459260 0.245389 
0.280063 0.502753 0.217183 
0.277146 0.549078 0.173776 
0.349589 0.433567 0.216844 
0.305097 0.496957 0.197946 
0.519554 0.213679 0.266767 
0.318753 0.458992 0.222254 
0.306743 0.476027 0.217230 
0.301784 0.405867 0.292349 
0.306412 0.460988 0.232600 
0.284456 0.487026 0.228518 
0.276120 0.483596 0.240284 
0.300498 0.458885 0.240617 
0.288299 0.449302 0.262399 
0.302502 0.445438 0.252061 
0.300746 0.461130 0.238124 
0.414465 0.304631 0.280903 
0.306740 0.495682 0.197578 
0.370944 0.327813 0.301242 
0.349498 0.405619 0.244883 
0.303328 0.466321 0.230351 
0.306055 0.471723 0.222222 
0.289951 0.503168 0.206880 
0.325258 0.508653 0.166089 
0.273717 0.389477 0.336807 
0.336243 0.390507 0.273250 
0.362757 0.405087 0.232156 
0.311618 0.494667 0.193715 
0.318384 0.483336 0.198280 
0.325214 0.440570 0.234216 
0.303465 0.472092 0.224443 
0.473201 0.208607 0.318192 
0.288902 0.462848 0.248249 
0.393781 0.395271 0.210948 
0.292428 0.463814 0.243759 
0.373620 0.401399 0.224981 
0.351360 0.426128 0.222512 
0.327297 0.360475 0.312228 
0.311080 0.340446 0.348474 
0.323336 0.404572 0.272092 
0.325810 0.416839 0.257351 
0.386414 0.280873 0.332713 
0.304694 0.418437 0.276869 
0.461882 0.345400 0.192718 
0.490435 0.235619 0.273946 
0.307661 0.473938 0.218401 
0.307200 0.476423 0.216377 
0.270429 0.515123 0.214449 
0.262128 0.515711 0.222161 
0.338514 0.433665 0.227821 
0.331788 0.433492 0.234720 
0.314652 0.436469 0.248879 
0.314468 0.456214 0.229317 
0.289039 0.441529 0.269432 
0.291990 0.529225 0.178785 
0.324109 0.344586 0.331306 
0.284854 0.491040 0.224106 
0.272244 0.502200 0.225556 
0.267478 0.503948 0.228574 
0.298033 0.490610 0.211356 
0.302888 0.467207 0.229905 
0.292805 0.509055 0.198141 
0.293018 0.512643 0.194339 
0.310427 0.421728 0.267844 
0.326919 0.419684 0.253397 
0.313114 0.387133 0.299753 
0.454443 0.281401 0.264156 
0.304683 0.463995 0.231322 
0.338343 0.414278 0.247379 
0.270259 0.530408 0.199333 
0.340624 0.386140 0.273236 
0.327259 0.346242 0.326498 
0.304153 0.466192 0.229656 
0.292665 0.465272 0.242063 
0.280257 0.422672 0.297071 
0.291690 0.378959 0.329351 
0.372433 0.383000 0.244567 
0.378268 0.302126 0.319606 
0.312180 0.424666 0.263153 
0.322428 0.386673 0.290899 
0.292086 0.363948 0.343966 
0.312047 0.375126 0.312827 
0.287659 0.504026 0.208315 
0.294065 0.325987 0.379948 
0.340105 0.432284 0.227611 
0.275983 0.428515 0.295502 
0.331059 0.462527 0.206413 
0.291159 0.522996 0.185845 
0.320510 0.402852 0.276637 
0.389894 0.254342 0.355765 
0.302222 0.510216 0.187562 
0.277862 0.483899 0.238239 
0.316627 0.505563 0.177811 
0.306432 0.466407 0.227160 
0.285643 0.522509 0.191848 
0.317456 0.487867 0.194677 
0.302213 0.473844 0.223943 
0.286436 0.527390 0.186174 
0.276385 0.514114 0.209501 
0.296272 0.494475 0.209254 
0.304441 0.486181 0.209378 
0.289942 0.467518 0.242540 
0.334434 0.456730 0.208836 
0.313605 0.467430 0.218966 
0.305808 0.490284 0.203909 
0.295369 0.472776 0.231855 
0.325673 0.406142 0.268185 
0.331492 0.449948 0.218560 
0.282773 0.524501 0.192726 
0.310346 0.471084 0.218570 
0.269107 0.325094 0.405799 
0.376782 0.389275 0.233942 
0.347105 0.430965 0.221930 
0.271226 0.527469 0.201305 
0.324319 0.491341 0.184341 
0.284447 0.472572 0.242981 
0.317060 0.461987 0.220953 
0.293921 0.400592 0.305488 
0.321950 0.494903 0.183147 
0.273109 0.475546 0.251345 
0.297013 0.479153 0.223834 
0.304960 0.465960 0.229080 
0.319537 0.479593 0.200870 
0.473512 0.203009 0.323479 
0.338355 0.422433 0.239212 
0.371644 0.382702 0.245654 
0.306954 0.365994 0.327052 
0.300088 0.460161 0.239751 
0.303931 0.485003 0.211066 
0.325823 0.364000 0.310177 
0.452097 0.199402 0.348502 
0.298464 0.459199 0.242337 
0.348911 0.443283 0.207805 
0.325614 0.480480 0.193906 
0.293425 0.504853 0.201722 
0.414396 0.170592 0.415012 
0.306823 0.447319 0.245858 
0.323845 0.460956 0.215200 
0.268099 0.514783 0.217119 
0.272066 0.460668 0.267266 
0.302540 0.407526 0.289934 
0.278459 0.506760 0.214781 
0.292410 0.486854 0.220735 
0.270157 0.515658 0.214184 
0.298742 0.478119 0.223139 
0.293507 0.500274 0.206219 
0.431342 0.261983 0.306676 
0.374736 0.224969 0.400295 
0.461355 0.264357 0.274288 
0.268310 0.487062 0.244628 
0.307064 0.480856 0.212080 
0.289286 0.459583 0.251132 
0.345724 0.427999 0.226278 
0.312587 0.462493 0.224920 
0.500707 0.223735 0.275559 
0.493239 0.174637 0.332124 
0.276458 0.471709 0.251833 
0.321192 0.465132 0.213677 
0.316981 0.435206 0.247813 
0.286559 0.493959 0.219482 
0.305596 0.429666 0.264738 
0.321337 0.444915 0.233749 
0.263582 0.463207 0.273210 
0.395877 0.251176 0.352947 
0.313633 0.464876 0.221491 
0.286622 0.502641 0.210737 
0.282205 0.521329 0.196466 
0.483643 0.224614 0.291743 
0.510230 0.178416 0.311354 
0.326613 0.436273 0.237114 
0.286131 0.421118 0.292751 
0.269367 0.415311 0.315322 
0.371829 0.427665 0.200507 
0.345004 0.458850 0.196146 
0.304425 0.475940 0.219636 
0.310486 0.477650 0.211864 
0.306731 0.489364 0.203906 
0.308730 0.462397 0.228872 
0.312835 0.509660 0.177505 
0.332339 0.479619 0.188042 
0.291006 0.485632 0.223363 
0.344853 0.433615 0.221532 
0.268243 0.477505 0.254251 
0.318554 0.472916 0.208530 
0.279100 0.489816 0.231083 
0.241554 0.547735 0.210711 
0.311252 0.498091 0.190657 
0.256105 0.460116 0.283779 
0.257994 0.501070 0.240937 
0.267564 0.543832 0.188604 
0.312681 0.169838 0.517481 
0.301783 0.460913 0.237304 
0.287757 0.449982 0.262261 
0.250908 0.537998 0.211094 
0.486925 0.189966 0.323108 
0.308480 0.460429 0.231091 
0.319132 0.439493 0.241375 
0.280667 0.448509 0.270823 
0.310119 0.533206 0.156676 
0.373909 0.386809 0.239283 
0.324462 0.469845 0.205693 
0.326649 0.441509 0.231841 
0.293199 0.499906 0.206895 
0.301355 0.490214 0.208431 
0.290465 0.483850 0.225685 
0.306394 0.478389 0.215217 
0.301225 0.501131 0.197644 
0.312202 0.444516 0.243283 
0.358683 0.373006 0.268311 
0.271343 0.552758 0.175900 
0.252509 0.531456 0.216035 
0.311514 0.513280 0.175206 
0.281989 0.485547 0.232464 
0.313549 0.452695 0.233756 
0.292325 0.485344 0.222332 
0.414946 0.275403 0.309652 
0.304902 0.474163 0.220935 
0.300775 0.500162 0.199063 
0.288586 0.506549 0.204866 
0.303084 0.545451 0.151466 
liver
0.410892 0.439252 0.149856 
0.248724 0.318370 0.432906 
0.413126 0.165313 0.421561 
0.380385 0.320597 0.299018 
0.283625 0.514974 0.201400 
0.331138 0.498342 0.170520 
0.319794 0.504556 0.175650 
0.287759 0.386572 0.325669 
0.377931 0.412940 0.209129 
0.192420 0.309269 0.498312 
0.294694 0.348684 0.356621 
0.403812 0.356450 0.239738 
0.258202 0.377957 0.363841 
0.267961 0.278579 0.453460 
0.376291 0.330122 0.293587 
0.336647 0.399198 0.264155 
0.309943 0.297263 0.392794 
0.361062 0.338809 0.300129 
0.201656 0.322716 0.475628 
0.259789 0.350476 0.389735 
0.378104 0.331585 0.290311 
0.356085 0.400426 0.243489 
0.221899 0.243296 0.534804 
0.313179 0.407248 0.279573 
0.307454 0.424809 0.267737 
0.324737 0.451953 0.223310 
0.383697 0.401149 0.215154 
0.284647 0.438773 0.276579 
0.302835 0.441709 0.255455 
0.439754 0.259150 0.301096 
0.294871 0.338006 0.367123 
0.345288 0.416279 0.238433 
0.336607 0.397986 0.265406 
0.335784 0.363175 0.301040 
0.407655 0.354584 0.237761 
0.449694 0.163313 0.386993 
0.272718 0.371269 0.356013 
0.408554 0.442363 0.149083 
0.359811 0.460306 0.179884 
0.343828 0.465492 0.190680 
0.372459 0.438317 0.189225 
0.317605 0.496258 0.186137 
0.265146 0.271885 0.462968 
0.302580 0.447215 0.250205 
0.294675 0.447301 0.258025 
0.317579 0.417835 0.264585 
0.321047 0.462202 0.216751 
0.251562 0.329883 0.418554 
0.434973 0.218722 0.346305 
0.437722 0.218155 0.344123 
0.311549 0.482013 0.206438 
0.303284 0.494115 0.202601 
0.319977 0.481591 0.198431 
0.276091 0.500530 0.223379 
0.280257 0.471742 0.248001 
0.332121 0.435180 0.232698 
0.356121 0.438478 0.205401 
0.362961 0.389008 0.248031 
0.224264 0.395028 0.380709 
0.204885 0.426513 0.368602 
0.239623 0.482001 0.278376 
0.263865 0.497475 0.238661 
0.249632 0.448300 0.302068 
0.374687 0.444158 0.181155 
lung
0.304183 0.372190 0.323627 
0.418573 0.333302 0.248125 
0.328309 0.364571 0.307120 
0.306577 0.371509 0.321914 
0.314029 0.359696 0.326275 
0.312367 0.379528 0.308105 
0.334740 0.324597 0.340663 
0.359022 0.355320 0.285658 
0.345501 0.340516 0.313983 
0.309064 0.354069 0.336867 
0.360318 0.368516 0.271165 
0.352233 0.329837 0.317930 
0.345537 0.364108 0.290356 
0.365543 0.334934 0.299523 
0.357417 0.346141 0.296442 
0.364553 0.343652 0.291795 
0.362762 0.366963 0.270275 
0.295311 0.302733 0.401956 
0.290579 0.444519 0.264902 
0.329084 0.376063 0.294853 
0.347485 0.345361 0.307153 
0.299211 0.329729 0.371060 
0.330511 0.307464 0.362025 
0.279406 0.384715 0.335879 
0.364595 0.337804 0.297601 
0.340866 0.342900 0.316234 
0.346798 0.306659 0.346543 
0.312200 0.354177 0.333623 
0.322582 0.311168 0.366250 
0.359759 0.332554 0.307687 
0.322247 0.333247 0.344507 
0.320065 0.329266 0.350669 
0.297614 0.378009 0.324377 
0.288777 0.351584 0.359639 
0.293815 0.346403 0.359782 
0.334784 0.357810 0.307406 
0.317036 0.333475 0.349488 
0.348123 0.382903 0.268974 
0.352034 0.311351 0.336615 
0.280094 0.370196 0.349711 
0.311783 0.340974 0.347243 
0.260152 0.381196 0.358652 
0.300075 0.317823 0.382102 
0.310838 0.369627 0.319535 
0.321068 0.359907 0.319025 
0.328171 0.355317 0.316512 
0.335099 0.343603 0.321298 
0.329418 0.333937 0.336646 
0.345442 0.342897 0.311660 
0.296251 0.347145 0.356604 
0.358333 0.343782 0.297885 
0.347071 0.342097 0.310831 
0.317378 0.367224 0.315397 
0.315192 0.345192 0.339615 
0.316133 0.338235 0.345632 
0.333796 0.292945 0.373259 
0.329845 0.353642 0.316513 
0.299740 0.375688 0.324572 
0.327709 0.349422 0.322869 
0.294447 0.365712 0.339842 
0.352380 0.319561 0.328059 
0.272204 0.510994 0.216802 
0.338073 0.365996 0.295931 
0.333588 0.316427 0.349985 
0.327917 0.342903 0.329180 
0.308980 0.338361 0.352660 
0.314113 0.325524 0.360363 
0.328610 0.353530 0.317861 
0.354372 0.312237 0.333391 
0.303488 0.337990 0.358523 
0.325290 0.329114 0.345597 
0.340758 0.298478 0.360764 
0.307320 0.360578 0.332102 
0.345584 0.332155 0.322261 
0.282042 0.387971 0.329987 
0.362945 0.325861 0.311194 
0.299993 0.353058 0.346949 
0.332474 0.372269 0.295257 
0.298159 0.360559 0.341281 
0.305913 0.361864 0.332223 
0.322466 0.319666 0.357868 
0.326668 0.326017 0.347315 
0.324816 0.309650 0.365534 
0.330143 0.351200 0.318657 
0.343597 0.320171 0.336232 
0.364562 0.296173 0.339266 
0.306959 0.396748 0.296293 
0.309682 0.445668 0.244650 
0.347158 0.337331 0.315510 
0.185110 0.615701 0.199189 
0.310547 0.371058 0.318394 
0.328818 0.390551 0.280631 
0.359639 0.192895 0.447466 
0.393595 0.336019 0.270386 
0.344394 0.368172 0.287434 
0.390480 0.331076 0.278444 
0.296943 0.400040 0.303017 
0.399926 0.356692 0.243382 
0.303470 0.422427 0.274104 
0.314938 0.350036 0.335026 
0.321245 0.319477 0.359278 
0.315052 0.363151 0.321797 
0.388529 0.344754 0.266717 
0.345258 0.322809 0.331933 
0.314152 0.383385 0.302463 
0.330416 0.340209 0.329374 
0.313521 0.384389 0.302090 
0.314433 0.363490 0.322077 
0.294078 0.354127 0.351795 
0.304060 0.406287 0.289653 
0.326036 0.363929 0.310035 
0.201710 0.516370 0.281920 
0.336804 0.366815 0.296381 
0.321428 0.341275 0.337298 
0.316363 0.379804 0.303833 
0.302615 0.343966 0.353419 
0.335334 0.318509 0.346158 
0.336392 0.341296 0.322311 
0.307606 0.359529 0.332864 
0.317226 0.330778 0.351997 
0.228960 0.445808 0.325232 
0.333645 0.322245 0.344110 
0.314984 0.342594 0.342421 
0.264607 0.433408 0.301984 
0.348557 0.325160 0.326283 
0.322199 0.338535 0.339266 
0.395170 0.337441 0.267388 
0.318771 0.430799 0.250431 
0.342822 0.365277 0.291901 
0.351682 0.334247 0.314070 
0.322519 0.347203 0.330278 
0.321726 0.369031 0.309243 
0.340323 0.321960 0.337717 
0.349037 0.316593 0.334370 
0.285214 0.467094 0.247693 
0.386255 0.290561 0.323184 
0.293063 0.360819 0.346118 
0.311664 0.334258 0.354078 
0.325356 0.388981 0.285663 
0.335605 0.315610 0.348785 
0.282896 0.390120 0.326984 
0.331501 0.360870 0.307629 
0.342557 0.372295 0.285148 
0.340921 0.323056 0.336024 
0.309999 0.377704 0.312297 
0.298941 0.395890 0.305169 
0.292689 0.394938 0.312373 
0.380078 0.312610 0.307313 
0.358040 0.288667 0.353293 
0.354864 0.355188 0.289948 
0.321857 0.328789 0.349354 
0.309565 0.392462 0.297974 
0.323991 0.300979 0.375030 
0.337304 0.389614 0.273082 
0.336314 0.377415 0.286271 
0.385723 0.313660 0.300617 
0.355992 0.370548 0.273460 
0.313686 0.393732 0.292582 
0.343295 0.346047 0.310658 
0.323249 0.387041 0.289710 
0.317603 0.339462 0.342935 
0.354811 0.341412 0.303777 
0.297361 0.370381 0.332258 
0.318228 0.364957 0.316814 
0.328242 0.287898 0.383860 
0.309806 0.330794 0.359400 
0.363725 0.305623 0.330653 
0.328390 0.345186 0.326424 
0.366710 0.328685 0.304605 
0.318143 0.357976 0.323881 
0.335416 0.396364 0.268220 
0.364896 0.332147 0.302957 
0.317894 0.372543 0.309563 
0.297451 0.384784 0.317765 
0.434361 0.336018 0.229621 
oesophagus
0.250084 0.410830 0.339087 
0.291856 0.352873 0.355272 
0.301767 0.308558 0.389675 
0.328647 0.296953 0.374400 
0.244846 0.470459 0.284695 
0.325318 0.353882 0.320800 
0.320528 0.359180 0.320292 
0.401214 0.264622 0.334164 
0.307090 0.347554 0.345356 
0.248387 0.384621 0.366992 
0.353895 0.317916 0.328188 
0.348754 0.319756 0.331490 
0.298937 0.356454 0.344609 
0.404053 0.339317 0.256630 
0.252566 0.515391 0.232043 
0.293747 0.293000 0.413253 
0.264527 0.635359 0.100115 
0.304656 0.454030 0.241313 
0.285985 0.469702 0.244313 
0.238099 0.605126 0.156775 
0.343827 0.370159 0.286014 
0.303259 0.501458 0.195283 
0.289033 0.395970 0.314997 
0.307772 0.491834 0.200394 
0.293278 0.410672 0.296049 
0.324101 0.304321 0.371578 
0.362170 0.322144 0.315686 
0.287853 0.447796 0.264351 
prostate
0.314423 0.488561 0.197016 
0.306520 0.477811 0.215669 
0.317352 0.497456 0.185191 
0.303086 0.501519 0.195394 
0.288915 0.443708 0.267377 
0.291716 0.466602 0.241681 
0.289995 0.509237 0.200768 
0.312510 0.485452 0.202038 
0.277312 0.504159 0.218529 
0.279479 0.500843 0.219679 
0.278809 0.501059 0.220132 
0.255631 0.458979 0.285390 
0.397442 0.315654 0.286904 
0.298785 0.477407 0.223807 
0.344302 0.441361 0.214337 
0.299872 0.507517 0.192611 
0.269712 0.312217 0.418071 
0.292759 0.300480 0.406761 
0.305640 0.491266 0.203095 
0.340094 0.499622 0.160284 
0.293862 0.488465 0.217673 
0.330919 0.379942 0.289139 
0.253415 0.575440 0.171145 
0.189521 0.130910 0.679569 
0.154347 0.239411 0.606243 
0.284934 0.472034 0.243032 
0.114608 0.212269 0.673122 
0.286761 0.526373 0.186866 
0.309978 0.519859 0.170163 
0.265449 0.552277 0.182274 
skin
0.336648 0.406559 0.256792 
0.334932 0.220460 0.444607 
0.303544 0.220075 0.476381 
0.344563 0.191956 0.463481 
0.291322 0.200787 0.507891 
0.309053 0.234177 0.456770 
0.324148 0.227553 0.448299 
0.307461 0.193205 0.499334 
0.322637 0.212077 0.465285 
0.324953 0.214359 0.460688 
0.384060 0.194435 0.421506 
0.387749 0.182603 0.429648 
0.387006 0.185815 0.427179 
0.388380 0.183996 0.427624 
0.387352 0.185465 0.427183 
0.315842 0.195275 0.488882 
0.317834 0.191814 0.490352 
0.318138 0.193292 0.488570 
0.341029 0.211618 0.447353 
0.339726 0.214691 0.445583 
0.341458 0.212541 0.446001 
0.340974 0.212588 0.446437 
0.307555 0.211577 0.480869 
0.307574 0.211424 0.481002 
0.308372 0.211010 0.480619 
0.307396 0.212217 0.480387 
0.312289 0.198826 0.488885 
0.319349 0.214401 0.466250 
0.326662 0.200761 0.472577 
0.407145 0.174861 0.417994 
0.364503 0.204726 0.430771 
0.394784 0.224016 0.381200 
0.266837 0.219525 0.513637 
0.349664 0.198202 0.452134 
0.349962 0.236512 0.413526 
0.322431 0.194288 0.483281 
0.348479 0.177764 0.473757 
0.299973 0.230550 0.469477 
0.345401 0.201052 0.453547 
0.391516 0.228906 0.379578 
0.309640 0.212915 0.477445 
0.325140 0.223666 0.451193 
0.266055 0.225128 0.508818 
0.311234 0.206758 0.482008 
0.305076 0.261481 0.433442 
0.375932 0.230629 0.393439 
0.259637 0.242245 0.498118 
0.370003 0.223367 0.406630 
0.377725 0.252449 0.369827 
0.324047 0.244730 0.431223 
0.299167 0.216533 0.484300 
0.263512 0.230102 0.506386 
0.377820 0.190419 0.431762 
0.325705 0.190235 0.484060 
0.333454 0.206596 0.459950 
0.402250 0.185819 0.411930 
0.328391 0.206544 0.465065 
0.363498 0.182638 0.453864 
0.364242 0.216499 0.419260 
0.382733 0.188745 0.428522 
0.358075 0.226449 0.415476 
0.353889 0.259152 0.386959 
0.383155 0.204436 0.412409 
0.392712 0.210518 0.396771 
0.369110 0.187708 0.443182 
0.350213 0.263718 0.386069 
0.382347 0.196016 0.421637 
0.395313 0.168683 0.436004 
0.357239 0.222680 0.420081 
0.400846 0.173257 0.425897 
0.368454 0.193804 0.437743 
0.361054 0.198778 0.440168 
0.374416 0.225146 0.400438 
0.384483 0.186177 0.429340 
0.380738 0.209770 0.409492 
0.348061 0.264379 0.387561 
0.344437 0.198510 0.457053 
0.397809 0.174634 0.427556 
0.368141 0.206266 0.425593 
0.351753 0.192006 0.456240 
0.349894 0.276930 0.373176 
0.389890 0.181703 0.428407 
0.397154 0.177764 0.425081 
0.340409 0.222910 0.436681 
0.343576 0.220491 0.435932 
0.352419 0.230202 0.417379 
0.367935 0.187186 0.444878 
0.354743 0.204356 0.440902 
0.390257 0.200460 0.409283 
0.366544 0.208385 0.425071 
0.399365 0.191171 0.409463 
0.371209 0.175524 0.453268 
0.384050 0.185140 0.430810 
0.304940 0.197393 0.497667 
0.343413 0.172022 0.484565 
0.304158 0.217330 0.478513 
0.315128 0.211983 0.472889 
0.318699 0.227516 0.453784 
0.331342 0.155175 0.513483 
0.359961 0.157474 0.482565 
0.281995 0.247265 0.470741 
0.291238 0.222037 0.486725 
0.269455 0.222281 0.508264 
0.286087 0.221091 0.492822 
0.275575 0.217632 0.506794 
0.282592 0.238946 0.478463 
0.347439 0.171188 0.481373 
0.347736 0.199941 0.452323 
0.326138 0.211418 0.462444 
0.362362 0.209201 0.428437 
0.385381 0.192466 0.422153 
0.296549 0.222980 0.480471 
0.311101 0.185079 0.503820 
0.294891 0.223873 0.481236 
0.285664 0.177301 0.537035 
0.324109 0.205622 0.470269 
0.314732 0.176677 0.508591 
0.314932 0.222236 0.462832 
0.308736 0.213661 0.477603 
0.314705 0.206360 0.478935 
0.311854 0.227729 0.460418 
0.303321 0.225433 0.471247 
0.299687 0.341257 0.359056 
0.318221 0.213272 0.468506 
0.338373 0.298816 0.362810 
0.334963 0.241440 0.423597 
0.307881 0.200978 0.491141 
0.306727 0.185146 0.508128 
0.357744 0.189048 0.453208 
0.303419 0.212137 0.484445 
0.320712 0.200635 0.478652 
0.341706 0.182754 0.475540 
0.281294 0.228720 0.489987 
0.319952 0.194313 0.485735 
0.340872 0.197945 0.461183 
0.327419 0.183498 0.489083 
0.363822 0.205043 0.431135 
0.322020 0.195272 0.482708 
0.317556 0.189898 0.492546 
0.339012 0.181587 0.479401 
0.319873 0.223819 0.456308 
0.268552 0.235426 0.496021 
0.320508 0.188958 0.490534 
0.346990 0.273621 0.379389 
0.317652 0.196104 0.486244 
0.357100 0.196006 0.446894 
0.440527 0.189077 0.370396 
0.378690 0.218777 0.402533 
0.281413 0.185355 0.533232 
0.325565 0.188744 0.485691 
0.297035 0.255179 0.447786 
0.275432 0.262556 0.462012 
0.316290 0.225096 0.458614 
0.261108 0.249731 0.489161 
0.282984 0.217372 0.499645 
0.339895 0.192044 0.468061 
0.307941 0.215532 0.476527 
0.326113 0.204018 0.469869 
0.322015 0.218025 0.459960 
0.255636 0.214671 0.529693 
0.300490 0.236593 0.462917 
0.340487 0.191077 0.468436 
0.290549 0.212722 0.496729 
0.304840 0.217707 0.477454 
0.351436 0.189224 0.459340 
0.305438 0.225357 0.469205 
0.312370 0.246251 0.441379 
0.251891 0.257710 0.490399 
0.278470 0.214145 0.507385 
0.406139 0.234595 0.359266 
0.290943 0.242545 0.466512 
0.304234 0.235883 0.459882 
0.267575 0.236246 0.496179 
0.287210 0.224108 0.488682 
0.306414 0.215152 0.478434 
0.284779 0.245757 0.469464 
0.273109 0.215006 0.511885 
0.327374 0.219367 0.453260 
0.322344 0.206490 0.471166 
0.332908 0.200943 0.466149 
0.290621 0.214470 0.494909 
0.318727 0.209906 0.471367 
0.268790 0.224963 0.506247 
0.287813 0.211801 0.500386 
0.293245 0.272064 0.434691 
0.339626 0.201448 0.458927 
0.350723 0.226176 0.423102 
0.340901 0.252991 0.406108 
0.276600 0.210325 0.513075 
0.307763 0.197497 0.494740 
0.297083 0.179748 0.523169 
0.254687 0.224224 0.521088 
0.335737 0.242662 0.421601 
0.323355 0.329983 0.346662 
0.291229 0.226524 0.482247 
0.320912 0.215111 0.463977 
0.295206 0.198500 0.506295 
0.328157 0.188249 0.483594 
0.287288 0.213743 0.498969 
0.284510 0.209759 0.505731 
0.308503 0.187310 0.504186 
0.395323 0.207280 0.397396 
0.311625 0.214160 0.474215 
0.284034 0.244441 0.471526 
0.357921 0.228857 0.413222 
0.291702 0.208370 0.499928 
0.308380 0.234829 0.456791 
0.259352 0.229497 0.511151 
0.340004 0.240077 0.419919 
0.286026 0.214959 0.499015 
0.327387 0.223451 0.449162 
0.313018 0.247312 0.439670 
0.275402 0.217459 0.507139 
0.272101 0.248921 0.478977 
0.326689 0.215122 0.458189 
0.339827 0.195648 0.464525 
0.309499 0.208574 0.481927 
0.309514 0.221120 0.469365 
0.335896 0.216015 0.448089 
0.307561 0.203698 0.488742 
0.369275 0.224234 0.406491 
0.352304 0.208450 0.439246 
0.292741 0.239191 0.468069 
0.324423 0.217923 0.457654 
0.315402 0.193820 0.490778 
0.308320 0.189582 0.502098 
0.293027 0.259803 0.447170 
0.286277 0.236888 0.476835 
0.314678 0.217033 0.468289 
0.281809 0.235074 0.483117 
0.281991 0.206428 0.511581 
0.338251 0.429523 0.232227 
0.318795 0.231201 0.450004 
0.338397 0.210322 0.451280 
0.319028 0.225887 0.455085 
0.318735 0.229455 0.451810 
0.318743 0.190680 0.490577 
0.311222 0.204816 0.483963 
0.301184 0.229261 0.469554 
0.258422 0.262130 0.479448 
0.275993 0.257992 0.466015 
0.299022 0.231501 0.469477 
0.285927 0.201869 0.512204 
0.332161 0.201006 0.466833 
0.279470 0.218339 0.502191 
0.324494 0.205830 0.469676 
0.309076 0.220597 0.470326 
0.302582 0.206330 0.491088 
0.337174 0.194161 0.468665 
0.266308 0.222397 0.511296 
0.316328 0.192958 0.490714 
0.319567 0.218561 0.461872 
0.322314 0.241224 0.436463 
0.329404 0.230545 0.440051 
0.291410 0.221515 0.487075 
0.303631 0.211259 0.485110 
0.275893 0.233271 0.490835 
0.318526 0.238351 0.443122 
0.314390 0.212674 0.472937 
0.307427 0.215694 0.476879 
0.303664 0.213721 0.482615 
0.315668 0.209764 0.474568 
0.332843 0.218659 0.448499 
0.309228 0.217919 0.472853 
0.309269 0.209547 0.481184 
0.343207 0.210012 0.446781 
0.270894 0.220124 0.508982 
0.304893 0.224403 0.470705 
0.266119 0.247311 0.486570 
0.347569 0.200221 0.452210 
0.292826 0.231843 0.475331 
0.284761 0.202324 0.512915 
0.281908 0.237013 0.481079 
0.268403 0.260784 0.470812 
0.273645 0.231251 0.495104 
0.288525 0.201442 0.510032 
0.269277 0.272447 0.458276 
0.344018 0.216290 0.439691 
0.284286 0.190200 0.525514 
0.371244 0.217695 0.411061 
0.293856 0.199503 0.506641 
0.333019 0.194551 0.472430 
0.308698 0.195677 0.495624 
0.283439 0.243251 0.473310 
0.324366 0.208850 0.466784 
0.314706 0.389005 0.296289 
0.310200 0.225886 0.463914 
0.298564 0.208943 0.492492 
0.288278 0.233926 0.477797 
0.325018 0.195730 0.479252 
0.320175 0.192440 0.487385 
0.315120 0.230782 0.454098 
0.340184 0.304501 0.355315 
0.289635 0.245944 0.464421 
0.368666 0.234548 0.396786 
0.286329 0.243405 0.470266 
0.306917 0.215123 0.477960 
0.368167 0.226996 0.404837 
0.295346 0.212064 0.492589 
0.305609 0.242564 0.451827 
0.310735 0.210219 0.479046 
0.326979 0.216590 0.456431 
0.319564 0.223468 0.456969 
0.294339 0.233655 0.472006 
0.317776 0.218009 0.464215 
0.310194 0.203931 0.485875 
0.314125 0.171380 0.514495 
0.299988 0.208264 0.491748 
0.290980 0.225532 0.483488 
0.327189 0.227401 0.445409 
0.287381 0.187575 0.525044 
0.277160 0.215467 0.507373 
0.335206 0.204726 0.460068 
0.314621 0.240070 0.445308 
0.196697 0.396654 0.406649 
0.307693 0.284351 0.407956 
0.284576 0.210266 0.505159 
0.343731 0.207089 0.449180 
0.305533 0.224719 0.469748 
0.350698 0.179921 0.469380 
0.294846 0.208974 0.496180 
0.280286 0.228720 0.490994 
0.294032 0.216081 0.489887 
0.331453 0.201571 0.466976 
0.298538 0.262487 0.438975 
0.324765 0.219776 0.455458 
0.287621 0.242285 0.470094 
0.315856 0.214892 0.469251 
0.379313 0.188843 0.431844 
0.277399 0.241907 0.480694 
0.297433 0.226585 0.475982 
0.300094 0.272623 0.427283 
0.329555 0.205518 0.464927 
0.259434 0.218581 0.521985 
0.322163 0.219130 0.458706 
0.289868 0.190657 0.519475 
0.272627 0.242742 0.484630 
0.275937 0.215912 0.508151 
0.299805 0.239508 0.460687 
0.340835 0.194749 0.464417 
0.362958 0.206530 0.430512 
0.314266 0.239095 0.446639 
0.338827 0.212887 0.448286 
0.291746 0.220563 0.487691 
0.275175 0.222152 0.502673 
0.326559 0.224455 0.448987 
0.345811 0.216355 0.437834 
0.337458 0.200885 0.461657 
0.292947 0.223783 0.483269 
0.362066 0.205234 0.432700 
0.262614 0.281761 0.455625 
0.329171 0.214971 0.455858 
0.385489 0.179811 0.434700 
0.291145 0.214634 0.494221 
0.275619 0.227904 0.496477 
0.278516 0.221209 0.500275 
0.327773 0.196071 0.476156 
0.317206 0.214181 0.468614 
0.277412 0.250503 0.472086 
0.301171 0.237831 0.460998 
0.256992 0.214133 0.528876 
0.293144 0.224013 0.482842 
0.267881 0.219111 0.513008 
0.269439 0.222786 0.507775 
0.305174 0.177563 0.517264 
0.263177 0.212429 0.524394 
0.326313 0.267627 0.406060 
0.289189 0.243726 0.467084 
0.260977 0.259889 0.479134 
0.336145 0.208530 0.455326 
0.297091 0.197641 0.505268 
0.311795 0.215819 0.472386 
0.277804 0.226761 0.495435 
0.300779 0.217164 0.482057 
0.309408 0.202571 0.488021 
0.247728 0.222761 0.529511 
0.298896 0.230285 0.470819 
0.350410 0.206916 0.442674 
0.320311 0.218701 0.460989 
0.320143 0.216020 0.463837 
0.282928 0.243354 0.473717 
0.327904 0.200594 0.471502 
0.251523 0.246426 0.502051 
0.280075 0.221573 0.498353 
0.299775 0.186783 0.513442 
0.295752 0.214272 0.489976 
0.291100 0.200642 0.508258 
0.313650 0.215206 0.471143 
0.285463 0.223048 0.491489 
0.309834 0.231204 0.458962 
0.278954 0.231794 0.489251 
0.333390 0.212804 0.453805 
0.293016 0.216569 0.490415 
0.258807 0.245512 0.495681 
0.280121 0.220947 0.498932 
0.334949 0.184049 0.481002 
0.308801 0.225845 0.465355 
0.323726 0.228743 0.447531 
0.281217 0.244010 0.474773 
0.325258 0.196335 0.478408 
0.314045 0.240028 0.445926 
0.331821 0.193328 0.474852 
0.331597 0.207028 0.461375 
0.315391 0.224758 0.459851 
0.302344 0.224720 0.472936 
0.244803 0.223124 0.532073 
0.304314 0.215026 0.480660 
0.268036 0.221759 0.510205 
0.294486 0.238703 0.466812 
0.303454 0.205140 0.491407 
0.246096 0.219629 0.534275 
0.332859 0.182128 0.485014 
0.276830 0.248592 0.474578 
0.350213 0.238918 0.410870 
0.275766 0.212509 0.511725 
0.467917 0.137344 0.394739 
0.370919 0.187522 0.441559 
0.397501 0.173377 0.429122 
0.384917 0.147952 0.467130 
0.364395 0.180803 0.454801 
0.236994 0.422194 0.340812 
soft_tissue
0.316874 0.401589 0.281537 
0.319971 0.366480 0.313549 
0.318197 0.404548 0.277254 
0.353852 0.382496 0.263653 
0.305450 0.410266 0.284284 
0.352680 0.363917 0.283403 
0.299191 0.375872 0.324938 
0.358427 0.385624 0.255949 
0.352534 0.389988 0.257477 
0.352465 0.381164 0.266371 
0.341009 0.379077 0.279914 
0.305921 0.394223 0.299857 
0.346811 0.348979 0.304210 
0.341738 0.394112 0.264150 
0.320792 0.384076 0.295133 
0.311817 0.392154 0.296029 
0.321093 0.356686 0.322221 
0.293746 0.399346 0.306907 
0.299674 0.352716 0.347610 
0.304872 0.451666 0.243462 
0.313701 0.361932 0.324367 
0.325567 0.329553 0.344881 
0.331524 0.370450 0.298025 
0.350185 0.303867 0.345948 
0.334193 0.365147 0.300661 
0.321019 0.351378 0.327603 
0.344100 0.298188 0.357712 
0.336024 0.325120 0.338856 
0.298746 0.376070 0.325184 
0.332235 0.331721 0.336044 
0.314169 0.314464 0.371367 
0.305264 0.369573 0.325163 
0.288318 0.367888 0.343794 
0.315394 0.375614 0.308991 
0.335078 0.372428 0.292495 
0.255494 0.401815 0.342691 
0.361199 0.302268 0.336533 
0.378572 0.308269 0.313159 
0.370180 0.313077 0.316743 
0.298934 0.355755 0.345311 
0.337769 0.311255 0.350976 
0.321718 0.324604 0.353679 
0.304739 0.366585 0.328675 
0.328719 0.359879 0.311402 
0.321898 0.321832 0.356270 
0.313481 0.354980 0.331539 
0.306412 0.393562 0.300026 
0.308191 0.372548 0.319262 
0.296826 0.385141 0.318033 
0.307947 0.357286 0.334767 
0.358440 0.319364 0.322196 
0.325796 0.333692 0.340512 
0.331082 0.355563 0.313355 
0.348339 0.331101 0.320560 
0.315782 0.348824 0.335395 
0.313847 0.340737 0.345416 
0.338013 0.347202 0.314784 
0.353642 0.267998 0.378361 
0.313712 0.340111 0.346177 
0.311899 0.322350 0.365751 
0.273105 0.296861 0.430034 
0.324979 0.359307 0.315714 
0.336616 0.327648 0.335736 
0.307859 0.350443 0.341698 
0.353248 0.316597 0.330154 
0.278636 0.338131 0.383233 
0.304155 0.317196 0.378649 
0.340278 0.377860 0.281862 
0.332932 0.306342 0.360726 
0.323980 0.345335 0.330684 
0.357524 0.328893 0.313583 
0.310966 0.370572 0.318463 
0.382704 0.316798 0.300498 
0.358493 0.345490 0.296017 
0.291863 0.486097 0.222041 
0.302691 0.468980 0.228329 
0.243351 0.524253 0.232396 
0.256026 0.491331 0.252643 
0.252315 0.505346 0.242339 
0.294840 0.482961 0.222199 
0.264396 0.459696 0.275909 
0.233974 0.511845 0.254181 
0.266880 0.489556 0.243564 
0.281345 0.462628 0.256027 
0.265118 0.479609 0.255273 
0.242047 0.512687 0.245265 
0.310523 0.477322 0.212155 
0.236763 0.523040 0.240197 
0.267901 0.494699 0.237400 
0.277845 0.498053 0.224101 
0.283704 0.507020 0.209276 
0.250298 0.499857 0.249845 
0.267876 0.495607 0.236517 
0.250270 0.495032 0.254698 
0.298392 0.490093 0.211515 
0.271748 0.492740 0.235511 
0.321288 0.392596 0.286117 
stomach
0.291740 0.462685 0.245575 
0.286761 0.509056 0.204183 
0.295159 0.416216 0.288625 
0.301505 0.510898 0.187597 
0.249099 0.550482 0.200419 
0.312797 0.494412 0.192791 
0.302969 0.496072 0.200959 
0.285186 0.542719 0.172095 
0.368152 0.393740 0.238109 
0.307572 0.449935 0.242493 
0.230703 0.258687 0.510610 
0.294059 0.499045 0.206896 
0.306055 0.511023 0.182922 
0.313034 0.496291 0.190676 
0.319467 0.503284 0.177249 
0.288300 0.501131 0.210569 
0.285300 0.534885 0.179815 
0.320119 0.491869 0.188012 
0.354215 0.410858 0.234927 
0.178519 0.630909 0.190573 
0.276946 0.491850 0.231204 
0.324074 0.489849 0.186078 
0.346531 0.451223 0.202247 
0.287516 0.544888 0.167596 
0.275525 0.524755 0.199720 
0.329821 0.458207 0.211972 
0.311615 0.505402 0.182983 
0.307091 0.536468 0.156440 
0.303545 0.519646 0.176809 
0.296578 0.496931 0.206491 
0.282334 0.502717 0.214949 
0.324547 0.486941 0.188511 
0.238194 0.582320 0.179486 
0.276301 0.516240 0.207459 
0.246473 0.540738 0.212789 
0.267007 0.524058 0.208936 
0.291859 0.489162 0.218980 
0.290489 0.507937 0.201573 
0.308675 0.488044 0.203281 
0.315972 0.444889 0.239139 
0.288821 0.493950 0.217229 
0.277130 0.537076 0.185794 
0.260173 0.519892 0.219934 
0.236293 0.581816 0.181891 
0.287353 0.484573 0.228074 
0.309831 0.483028 0.207140 
0.330436 0.458772 0.210792 
0.292816 0.506629 0.200554 
0.292422 0.503792 0.203786 
0.290988 0.512802 0.196210 
0.256483 0.626934 0.116584 
0.312117 0.479318 0.208566 
0.336881 0.539455 0.123664 
0.331339 0.468179 0.200481 
0.394182 0.271858 0.333959 
0.288079 0.498210 0.213710 
0.376663 0.447780 0.175557 
0.297373 0.391505 0.311122 
0.349552 0.447341 0.203106 
0.296878 0.502027 0.201094 
0.309595 0.465102 0.225303 
0.277907 0.498192 0.223901 
0.286185 0.500930 0.212885 
0.324620 0.482467 0.192913 
0.285111 0.504904 0.209985 
0.337050 0.385244 0.277706 
0.294413 0.507630 0.197956 
0.306047 0.485022 0.208932 
0.255722 0.565046 0.179233 
0.337362 0.528591 0.134046 
0.269296 0.507912 0.222793 
0.277295 0.503490 0.219215 
0.288293 0.512345 0.199363 
0.270345 0.470922 0.258733 
0.318546 0.490733 0.190721 
0.305301 0.507115 0.187584 
0.280466 0.525613 0.193921 
0.360641 0.353799 0.285560 
0.274981 0.511614 0.213405 
