-9805183.305625
0
0.000000 0.022096 0.000000 0.000000 0.012687 0.010849 0.000000 0.000000 0.000000 0.000000 0.000000 0.000000 0.000000 0.000000 0.000000 0.000000 0.011469 0.000000 0.001192 0.000000 0.000000 0.009255 0.000000 0.017534 0.000000 0.000000 0.000000 0.000000 0.000000 0.000000 0.000000 0.000000 0.000000 0.000000 0.012936 0.207964 0.006150 0.000000 0.000000 0.016618 0.000000 0.000000 0.000000 0.000000 0.000000 0.000000 0.000000 0.000000 0.000000 0.000000 0.000000 0.000000 0.000000 0.000000 0.000000 0.000000 0.000000 0.000000 0.000000 0.134541 0.000000 0.000000 0.000000 0.000000 0.051614 0.000000 0.000000 0.000000 0.006173 0.000000 0.024044 0.000000 0.000000 0.000000 0.005999 0.206171 0.000000 0.000000 0.000000 0.000000 0.000000 0.000000 0.000000 0.229154 0.000000 0.002893 0.000000 0.000000 0.000000 0.000000 0.000000 0.000000 0.000000 0.000000 0.010647 0.000000 
0.000573 0.000000 0.000000 0.000000 0.000000 0.000000 0.000000 0.000000 0.000000 0.000000 0.000000 0.000000 0.000000 0.000000 0.000000 0.000000 0.000000 0.000000 0.062508 0.000000 0.005266 0.000000 0.000000 0.000000 0.000000 0.000000 0.000000 0.000000 0.012393 0.011731 0.000000 0.000000 0.000000 0.000000 0.078875 0.000000 0.000000 0.000000 0.001013 0.000000 0.000000 0.000000 0.000000 0.000000 0.000000 0.000000 0.000000 0.040991 0.000000 0.000000 0.000000 0.048445 0.000000 0.000000 0.000000 0.000000 0.092064 0.000000 0.389287 0.000000 0.000000 0.000000 0.004820 0.000000 0.000000 0.000000 0.059100 0.000000 0.000000 0.000000 0.001647 0.018326 0.000000 0.000000 0.000000 0.000000 0.000000 0.024625 0.000000 0.000000 0.000000 0.000000 0.013962 0.000000 0.000000 0.000000 0.000000 0.000000 0.000000 0.034226 0.034141 0.000000 0.007731 0.000000 0.000000 0.058263 
0.000000 0.000000 0.000000 0.000000 0.000000 0.000000 0.009446 0.000000 0.052503 0.092663 0.000000 0.000000 0.000000 0.000000 0.000000 0.000000 0.000000 0.000000 0.000000 0.000000 0.000000 0.000000 0.000000 0.000000 0.000000 0.000000 0.038387 0.000000 0.000000 0.000000 0.012997 0.000000 0.000000 0.274613 0.002103 0.000000 0.000000 0.000000 0.000000 0.000000 0.000000 0.036076 0.000000 0.000000 0.000000 0.000000 0.000000 0.000000 0.000000 0.035045 0.021458 0.000000 0.000000 0.018189 0.012575 0.000000 0.000000 0.000398 0.000000 0.000000 0.000000 0.000000 0.000000 0.000000 0.000000 0.000000 0.000000 0.000000 0.000000 0.011869 0.000000 0.000000 0.048704 0.000000 0.000687 0.000000 0.000000 0.000000 0.000000 0.047940 0.000000 0.000000 0.268385 0.000000 0.000000 0.000000 0.000000 0.015947 0.000000 0.000000 0.000000 0.000000 0.000000 0.000000 0.000000 0.000000 
0.000000 0.000000 0.013424 0.000000 0.000000 0.000000 0.000000 0.000000 0.000000 0.000000 0.243223 0.000000 0.009602 0.000000 0.012884 0.016399 0.000000 0.029440 0.000000 0.000000 0.000000 0.000000 0.000000 0.000000 0.051528 0.054218 0.000000 0.000000 0.000000 0.000000 0.000000 0.014266 0.174632 0.000000 0.047387 0.000000 0.000000 0.000000 0.000000 0.000000 0.000000 0.000000 0.000000 0.040063 0.004391 0.014294 0.022895 0.000000 0.028033 0.000000 0.000000 0.000000 0.000000 0.000000 0.000000 0.012968 0.000000 0.000000 0.000000 0.000000 0.007208 0.000000 0.007282 0.000000 0.000000 0.000000 0.000000 0.057280 0.000000 0.000000 0.000000 0.000000 0.000000 0.000000 0.008080 0.000000 0.038278 0.000000 0.011066 0.000000 0.000000 0.000000 0.000000 0.000000 0.000000 0.007563 0.008724 0.000000 0.023210 0.000000 0.000084 0.026981 0.000000 0.014584 0.000000 0.000000 
0.022418 0.000000 0.000000 0.000000 0.000000 0.000000 0.000000 0.000000 0.000000 0.000000 0.004677 0.053763 0.000000 0.014357 0.000000 0.000000 0.000000 0.000000 0.000000 0.000000 0.000000 0.000000 0.011064 0.000000 0.000000 0.000000 0.000000 0.114455 0.000000 0.000000 0.000000 0.000000 0.000000 0.000000 0.000001 0.000000 0.000000 0.000000 0.000000 0.000000 0.022134 0.000000 0.000000 0.000000 0.000000 0.000000 0.000000 0.000000 0.000000 0.000000 0.000000 0.000000 0.010701 0.000000 0.000000 0.000000 0.000000 0.194392 0.000000 0.000000 0.000000 0.000000 0.000000 0.008959 0.000000 0.048510 0.000000 0.000000 0.000000 0.000000 0.001947 0.000000 0.000000 0.046511 0.000000 0.000000 0.000000 0.000000 0.000000 0.000000 0.255782 0.183427 0.000000 0.000000 0.006887 0.000000 0.000000 0.000000 0.000000 0.000000 0.000000 0.000000 0.000000 0.000000 0.000000 0.000000 
0.003920 0.000000 0.000000 0.024091 0.000000 0.000000 0.000000 0.011448 0.000000 0.000000 0.000000 0.000000 0.000000 0.000000 0.000000 0.000000 0.022366 0.000000 0.000000 0.027850 0.000000 0.000000 0.000000 0.000000 0.000000 0.000000 0.000000 0.000000 0.000000 0.000000 0.000000 0.000000 0.000000 0.000000 0.177659 0.000000 0.000000 0.016014 0.023397 0.000000 0.000000 0.000000 0.071242 0.000000 0.000000 0.000000 0.000000 0.000000 0.000000 0.000000 0.000000 0.000000 0.000000 0.000000 0.000000 0.000000 0.000000 0.000000 0.000000 0.000000 0.000000 0.011271 0.000000 0.000000 0.000000 0.000000 0.000000 0.000000 0.000000 0.000000 0.000000 0.000000 0.000000 0.000000 0.002868 0.000000 0.000000 0.000000 0.000000 0.000000 0.000000 0.367610 0.237496 0.000000 0.000000 0.000000 0.000000 0.000000 0.000000 0.000000 0.002755 0.000000 0.000000 0.000000 0.000000 0.000000 
0.170093 0.164501 0.163823 0.172431 0.165659 0.163493 
0.152036 0.159915 0.177532 0.151444 0.207775 0.151298 
0.141204 0.142334 0.147547 0.231659 0.173855 0.163401 
0.128214 0.194623 0.190250 0.153185 0.118655 0.215072 
0.184512 0.153080 0.171575 0.169356 0.147009 0.174467 
0.145522 0.256181 0.149399 0.145323 0.152699 0.150876 
0.163680 0.168227 0.167689 0.174703 0.161955 0.163745 
0.158631 0.131416 0.208956 0.147786 0.156990 0.196221 
0.156929 0.175966 0.165531 0.159005 0.180134 0.162436 
0.186349 0.184109 0.154776 0.164026 0.150946 0.159794 
0.172429 0.167234 0.159486 0.179217 0.164197 0.157437 
0.169342 0.164332 0.172766 0.162464 0.170610 0.160486 
breast
0.197242 0.150946 0.208280 0.215948 0.151262 0.076322 
0.168034 0.163785 0.241421 0.197071 0.160294 0.069394 
0.215534 0.163084 0.131825 0.228036 0.156939 0.104583 
0.215123 0.162773 0.131574 0.227601 0.160453 0.102477 
0.161718 0.144249 0.203291 0.235387 0.175470 0.079885 
0.161754 0.171983 0.171906 0.207026 0.173066 0.114266 
0.168698 0.165037 0.229444 0.172693 0.204474 0.059654 
0.225848 0.146905 0.205587 0.221491 0.141349 0.058821 
0.267673 0.158062 0.176381 0.213184 0.125701 0.059000 
0.201347 0.173148 0.222922 0.205278 0.132448 0.064857 
0.219694 0.154043 0.150898 0.182374 0.194034 0.098957 
0.197562 0.160497 0.174069 0.186275 0.185317 0.096280 
0.187079 0.131520 0.232937 0.188907 0.212868 0.046689 
0.159763 0.135539 0.246993 0.178174 0.189115 0.090416 
0.210618 0.121535 0.207685 0.194125 0.178684 0.087353 
0.151935 0.159046 0.212622 0.206753 0.172171 0.097474 
0.189745 0.142510 0.252860 0.187515 0.155355 0.072015 
0.178960 0.168552 0.192056 0.228242 0.147233 0.084958 
0.129475 0.198091 0.161548 0.241556 0.149329 0.120002 
0.170394 0.147091 0.231258 0.203790 0.185256 0.062211 
0.179206 0.145686 0.134590 0.304605 0.156901 0.079011 
0.200148 0.187428 0.204246 0.166836 0.165120 0.076222 
0.236612 0.148279 0.166417 0.175075 0.170334 0.103284 
0.195279 0.165763 0.192704 0.224081 0.151013 0.071159 
0.195918 0.174083 0.236426 0.197169 0.148700 0.047704 
0.239500 0.289443 0.079203 0.313388 0.063491 0.014975 
0.144139 0.136914 0.207521 0.268483 0.129790 0.113154 
0.155032 0.165660 0.224386 0.203905 0.156162 0.094856 
0.193577 0.150009 0.144754 0.227026 0.169626 0.115008 
0.285804 0.323893 0.049288 0.256628 0.079698 0.004688 
0.185452 0.166388 0.212742 0.210991 0.152293 0.072134 
0.182240 0.184046 0.188655 0.182245 0.182619 0.080195 
0.220199 0.122609 0.184987 0.176697 0.218222 0.077285 
0.203930 0.129811 0.171175 0.179720 0.207225 0.108139 
0.200775 0.142125 0.206694 0.192536 0.168241 0.089629 
0.197037 0.176479 0.161743 0.194736 0.155524 0.114481 
0.196708 0.147934 0.183746 0.197322 0.198564 0.075726 
0.155747 0.198018 0.202930 0.189385 0.197961 0.055960 
0.194049 0.132115 0.225637 0.179215 0.186970 0.082014 
0.152718 0.152983 0.241915 0.207437 0.163463 0.081484 
0.272800 0.137662 0.200900 0.128841 0.175907 0.083891 
0.145823 0.147662 0.150296 0.265295 0.167820 0.123103 
0.226615 0.150138 0.154282 0.195203 0.185394 0.088367 
0.219691 0.186086 0.198731 0.156303 0.158297 0.080892 
0.147365 0.203347 0.203235 0.121491 0.188719 0.135843 
0.192844 0.156152 0.149155 0.264105 0.150437 0.087307 
0.230874 0.149351 0.162047 0.213838 0.154397 0.089494 
0.172518 0.123305 0.242871 0.240845 0.147455 0.073005 
0.112975 0.203570 0.103303 0.309546 0.121658 0.148948 
0.152002 0.169613 0.129987 0.228565 0.192883 0.126950 
0.200575 0.128125 0.198499 0.208716 0.182889 0.081195 
0.169619 0.120423 0.273041 0.186696 0.171749 0.078473 
0.205536 0.150947 0.200466 0.175623 0.196690 0.070738 
0.222791 0.162118 0.201763 0.210352 0.123991 0.078984 
endometrium
0.295040 0.171869 0.229258 0.077364 0.049640 0.176829 
0.096304 0.221380 0.127729 0.223434 0.165878 0.165275 
0.090856 0.248327 0.151104 0.221915 0.166067 0.121732 
0.102910 0.292320 0.109108 0.197657 0.173718 0.124287 
0.101309 0.293464 0.103946 0.243123 0.112882 0.145276 
0.265557 0.208015 0.189508 0.100881 0.070888 0.165151 
0.088685 0.304977 0.113577 0.210926 0.115769 0.166066 
0.055491 0.312331 0.093729 0.281773 0.094565 0.162111 
0.097910 0.310135 0.133239 0.191896 0.126296 0.140523 
0.132119 0.309843 0.097794 0.157436 0.216552 0.086257 
0.135553 0.252819 0.076487 0.242289 0.103703 0.189149 
0.278214 0.204109 0.180121 0.098622 0.079465 0.159469 
0.185449 0.247407 0.121883 0.128522 0.210402 0.106337 
0.139757 0.208939 0.105226 0.190563 0.225800 0.129715 
0.097667 0.246250 0.110475 0.241934 0.147307 0.156367 
0.097429 0.287543 0.113037 0.222594 0.150469 0.128928 
0.111298 0.141533 0.197887 0.270185 0.199920 0.079178 
0.117625 0.268805 0.140328 0.188475 0.167514 0.117252 
0.201756 0.248432 0.133734 0.124188 0.123918 0.167972 
0.090040 0.248172 0.132187 0.239293 0.136114 0.154194 
0.098929 0.306855 0.125662 0.192535 0.146206 0.129813 
0.112023 0.265053 0.113530 0.202763 0.157374 0.149258 
0.370208 0.147741 0.188429 0.075370 0.067111 0.151141 
0.140795 0.244732 0.111622 0.193212 0.177324 0.132315 
0.140016 0.233060 0.101403 0.216142 0.192254 0.117124 
0.128629 0.224448 0.124583 0.208151 0.171400 0.142788 
0.090079 0.312712 0.114521 0.213712 0.125242 0.143736 
0.365182 0.186082 0.161164 0.093068 0.058527 0.135978 
0.089213 0.431829 0.076332 0.168814 0.160933 0.072878 
0.118137 0.264640 0.131397 0.178819 0.188367 0.118641 
0.086810 0.266169 0.122962 0.241371 0.135808 0.146879 
0.375559 0.161507 0.163355 0.073105 0.085193 0.141280 
0.116962 0.258247 0.153825 0.197322 0.139308 0.134336 
0.099707 0.242688 0.103649 0.234281 0.189413 0.130261 
0.116396 0.252651 0.131801 0.227355 0.145708 0.126089 
0.094869 0.295752 0.104762 0.212626 0.153254 0.138737 
0.190686 0.260803 0.132407 0.130127 0.145022 0.140955 
0.115161 0.276706 0.076474 0.286934 0.098815 0.145910 
0.097389 0.281920 0.105042 0.233645 0.134322 0.147683 
0.118119 0.265505 0.117906 0.218012 0.152752 0.127706 
0.294398 0.179115 0.219909 0.086488 0.048544 0.171546 
0.107387 0.201010 0.190572 0.280041 0.132457 0.088535 
0.113931 0.069700 0.223482 0.206399 0.295131 0.091357 
0.102898 0.300077 0.100770 0.192601 0.136408 0.167246 
0.053966 0.328399 0.082400 0.286650 0.071986 0.176598 
0.126466 0.233069 0.121136 0.203141 0.177885 0.138303 
0.104892 0.241777 0.114707 0.199889 0.161532 0.177203 
0.122604 0.242505 0.121311 0.249269 0.119293 0.145019 
0.104981 0.260096 0.147988 0.188215 0.149386 0.149334 
0.111526 0.255703 0.132507 0.216610 0.133217 0.150436 
0.090454 0.289811 0.107695 0.216166 0.157531 0.138342 
0.146686 0.193224 0.139339 0.209937 0.193906 0.116909 
0.115728 0.291875 0.103220 0.171757 0.195146 0.122273 
0.399973 0.143220 0.183444 0.089422 0.060101 0.123840 
0.105335 0.240718 0.085553 0.220287 0.225160 0.122947 
0.083644 0.290358 0.129515 0.196052 0.160455 0.139975 
0.093334 0.302436 0.104835 0.188794 0.160732 0.149869 
0.100639 0.332695 0.129382 0.201749 0.071331 0.164203 
0.374335 0.163651 0.169723 0.080424 0.081200 0.130667 
0.133000 0.276161 0.084756 0.230443 0.094547 0.181092 
0.076086 0.290292 0.113569 0.254491 0.113861 0.151700 
0.096706 0.260384 0.110592 0.227610 0.158656 0.146052 
0.334408 0.146537 0.187250 0.090278 0.071009 0.170518 
0.103894 0.278003 0.140625 0.222244 0.122961 0.132272 
0.075501 0.297690 0.103080 0.227323 0.162710 0.133695 
0.092969 0.310266 0.134759 0.205723 0.132012 0.124271 
0.215108 0.257863 0.124580 0.140147 0.141966 0.120335 
0.122140 0.278158 0.086731 0.230871 0.140985 0.141115 
0.144390 0.257193 0.118649 0.195106 0.185379 0.099282 
0.093557 0.264990 0.129502 0.213328 0.163533 0.135090 
0.056660 0.313685 0.091297 0.276076 0.095532 0.166750 
0.092211 0.290080 0.106290 0.243444 0.135004 0.132971 
0.147203 0.090869 0.177665 0.188599 0.265928 0.129736 
0.325760 0.162444 0.212215 0.072076 0.051041 0.176464 
0.228765 0.199419 0.211387 0.097880 0.071374 0.191175 
0.085181 0.296742 0.115414 0.241864 0.123698 0.137101 
0.088082 0.231277 0.122336 0.257086 0.166113 0.135107 
0.084039 0.328815 0.129751 0.184314 0.150416 0.122665 
0.098663 0.270523 0.112376 0.187016 0.180354 0.151068 
0.078173 0.264494 0.112253 0.264457 0.104644 0.175978 
0.093772 0.252252 0.126652 0.190498 0.190920 0.145906 
0.115511 0.224597 0.181305 0.199549 0.156256 0.122782 
0.106601 0.263860 0.133693 0.202821 0.156954 0.136071 
0.084665 0.304905 0.104462 0.233675 0.153718 0.118574 
0.333463 0.156860 0.181043 0.090415 0.067355 0.170864 
0.085506 0.283204 0.111292 0.224376 0.129098 0.166524 
0.098041 0.231563 0.122036 0.237532 0.143348 0.167479 
0.143916 0.237719 0.083513 0.232237 0.176752 0.125862 
0.129030 0.122018 0.313515 0.224600 0.140007 0.070830 
large_intestine
0.066231 0.317484 0.096828 0.219955 0.174547 0.124955 
0.070573 0.358079 0.085959 0.188848 0.169266 0.127275 
0.124743 0.189558 0.142758 0.237204 0.156589 0.149148 
0.111153 0.210871 0.166282 0.219112 0.135911 0.156672 
0.100256 0.241947 0.154091 0.197671 0.128358 0.177677 
0.084627 0.319776 0.080605 0.208210 0.153575 0.153207 
0.368709 0.157112 0.195446 0.057562 0.066233 0.154938 
0.066503 0.337075 0.080357 0.237799 0.151870 0.126396 
0.094432 0.306682 0.106547 0.203377 0.147072 0.141889 
0.047250 0.322960 0.081217 0.292209 0.092355 0.164010 
0.047724 0.302727 0.091837 0.283001 0.103272 0.171438 
0.084635 0.358368 0.092350 0.202373 0.151115 0.111159 
0.079772 0.358104 0.087943 0.181906 0.167710 0.124566 
0.080803 0.323725 0.088019 0.240679 0.127403 0.139370 
0.097777 0.402022 0.088852 0.139836 0.182242 0.089271 
0.059664 0.322608 0.094523 0.255406 0.110688 0.157111 
0.128909 0.273072 0.111070 0.182844 0.200858 0.103248 
0.074645 0.288554 0.099857 0.243901 0.147448 0.145596 
0.048685 0.341169 0.084962 0.254156 0.118950 0.152077 
0.066903 0.250599 0.111854 0.202237 0.243133 0.125275 
0.094939 0.347433 0.094597 0.203862 0.147861 0.111308 
0.325938 0.262096 0.143412 0.081603 0.076139 0.110812 
0.111261 0.203007 0.139139 0.268501 0.104882 0.173210 
0.089303 0.310162 0.105545 0.214837 0.129527 0.150627 
0.119490 0.200848 0.212597 0.222134 0.100820 0.144112 
0.103014 0.272458 0.115864 0.215494 0.179555 0.113615 
0.096969 0.264147 0.096144 0.280526 0.124341 0.137873 
0.080882 0.252608 0.123071 0.254991 0.148500 0.139948 
0.099176 0.255409 0.114259 0.252630 0.129625 0.148901 
0.097192 0.270533 0.109328 0.227309 0.196059 0.099579 
0.117455 0.234875 0.151327 0.283183 0.052845 0.160314 
0.083805 0.260416 0.119745 0.279282 0.108655 0.148096 
0.141133 0.150670 0.182423 0.227933 0.137063 0.160777 
0.106408 0.286550 0.092374 0.206658 0.166246 0.141764 
0.141154 0.181725 0.171847 0.204032 0.109958 0.191285 
0.147583 0.209455 0.140650 0.269384 0.091676 0.141252 
0.080898 0.308202 0.097767 0.204273 0.190089 0.118772 
0.094924 0.278832 0.101816 0.261948 0.144792 0.117688 
0.075705 0.299805 0.092470 0.249042 0.126596 0.156381 
0.097504 0.279851 0.080178 0.240689 0.133048 0.168731 
0.114494 0.160910 0.165374 0.231166 0.157472 0.170583 
0.114457 0.187098 0.162197 0.239376 0.139035 0.157837 
0.133915 0.246605 0.109565 0.179420 0.229576 0.100919 
0.149179 0.221470 0.087294 0.239603 0.186908 0.115545 
0.153039 0.220095 0.092045 0.236981 0.182343 0.115496 
0.115843 0.218562 0.159501 0.221959 0.135239 0.148896 
0.091324 0.310875 0.110953 0.207628 0.139014 0.140206 
0.296564 0.233719 0.179917 0.096118 0.060551 0.133132 
0.092918 0.289126 0.126165 0.199806 0.150820 0.141164 
0.117402 0.242756 0.093547 0.181539 0.259669 0.105088 
0.115203 0.285335 0.121161 0.196141 0.152890 0.129269 
0.140770 0.240096 0.106301 0.181722 0.227798 0.103313 
0.127737 0.263874 0.107697 0.180710 0.216982 0.103000 
0.099147 0.185313 0.177981 0.257062 0.139645 0.140852 
0.142225 0.182750 0.186947 0.223352 0.146127 0.118600 
0.113661 0.190822 0.134130 0.298548 0.106519 0.156320 
0.149801 0.225758 0.141635 0.266118 0.086079 0.130609 
0.263806 0.244269 0.160186 0.081317 0.101327 0.149096 
0.119309 0.191509 0.143976 0.239363 0.153542 0.152300 
0.153132 0.096725 0.112429 0.254316 0.137232 0.246166 
0.318530 0.216376 0.151821 0.113056 0.072098 0.128120 
0.067050 0.308056 0.097556 0.217562 0.159524 0.150252 
0.070510 0.310984 0.095614 0.216612 0.158046 0.148234 
0.072250 0.316277 0.098167 0.237036 0.126637 0.149632 
0.067854 0.316952 0.104768 0.239960 0.129232 0.141234 
0.122064 0.225829 0.149438 0.262137 0.080701 0.159830 
0.113774 0.226436 0.153201 0.261062 0.086603 0.158924 
0.116964 0.232619 0.154175 0.251823 0.081539 0.162880 
0.117851 0.250327 0.143226 0.248969 0.079012 0.160616 
0.108245 0.216615 0.168366 0.247717 0.113140 0.145917 
0.119596 0.334447 0.081684 0.191622 0.142210 0.130440 
0.153098 0.200316 0.156451 0.156008 0.210836 0.123292 
0.080842 0.302510 0.101121 0.221276 0.148342 0.145908 
0.110254 0.378899 0.099463 0.151649 0.152297 0.107438 
0.107283 0.331773 0.099873 0.183722 0.162824 0.114526 
0.099076 0.346563 0.086285 0.194446 0.170669 0.102961 
0.088341 0.298997 0.112848 0.209340 0.143796 0.146679 
0.096732 0.323641 0.093782 0.205354 0.155491 0.125000 
0.095511 0.332959 0.095402 0.207012 0.148192 0.120925 
0.153406 0.265218 0.128175 0.179056 0.160195 0.113950 
0.122599 0.216522 0.133815 0.271495 0.107489 0.148080 
0.109068 0.214394 0.167545 0.212819 0.113721 0.182453 
0.333941 0.208623 0.134616 0.098373 0.106689 0.117757 
0.128038 0.248193 0.113164 0.205261 0.174412 0.130933 
0.130556 0.211403 0.143178 0.253020 0.100917 0.160927 
0.100636 0.396539 0.082737 0.158930 0.152089 0.109068 
0.088097 0.198351 0.169835 0.256396 0.127979 0.159342 
0.130814 0.160485 0.191074 0.253604 0.117893 0.146130 
0.084484 0.305736 0.100474 0.222737 0.149376 0.137193 
0.098156 0.295738 0.111443 0.195132 0.172089 0.127442 
0.138931 0.191475 0.164614 0.259000 0.120859 0.125120 
0.122190 0.129728 0.186337 0.299377 0.111481 0.150887 
0.117139 0.191933 0.136239 0.272958 0.113951 0.167780 
0.194581 0.139089 0.168974 0.225980 0.172765 0.098609 
0.123393 0.276666 0.133067 0.177152 0.170677 0.119046 
0.169987 0.218925 0.152563 0.210158 0.144177 0.104191 
0.145127 0.195373 0.169554 0.180753 0.163408 0.145786 
0.120968 0.174652 0.174103 0.248794 0.113851 0.167631 
0.081986 0.333195 0.092849 0.211477 0.128006 0.152487 
0.074587 0.169639 0.213213 0.251980 0.060785 0.229795 
0.123469 0.225845 0.154551 0.260192 0.054998 0.180945 
0.077123 0.161741 0.152744 0.294539 0.101686 0.212166 
0.106529 0.288946 0.091443 0.243476 0.122989 0.146617 
0.064907 0.315851 0.089590 0.250924 0.100852 0.177876 
0.087344 0.222414 0.160953 0.256677 0.073411 0.199202 
0.247559 0.217986 0.179097 0.107099 0.080995 0.167264 
0.089076 0.303647 0.116588 0.198318 0.128886 0.163485 
0.098463 0.316269 0.097501 0.246721 0.089332 0.151714 
0.092736 0.308969 0.092250 0.248762 0.126072 0.131212 
0.088175 0.301007 0.111216 0.217122 0.151299 0.131181 
0.055383 0.332745 0.095855 0.259012 0.092424 0.164581 
0.101739 0.288185 0.101819 0.229824 0.126748 0.151686 
0.093970 0.305534 0.102623 0.235188 0.114481 0.148205 
0.099724 0.333849 0.104557 0.226855 0.095928 0.139087 
0.083630 0.332484 0.087913 0.219318 0.139449 0.137206 
0.087830 0.303010 0.102236 0.215038 0.158237 0.133649 
0.074956 0.295947 0.089417 0.257995 0.120975 0.160709 
0.069046 0.295623 0.096903 0.221448 0.179175 0.137806 
0.112568 0.268049 0.114348 0.235712 0.115365 0.153958 
0.083083 0.315399 0.092469 0.215608 0.144846 0.148596 
0.091384 0.315786 0.095701 0.232180 0.119334 0.145615 
0.069249 0.284804 0.119523 0.241068 0.119283 0.166073 
0.051603 0.205259 0.159241 0.307257 0.053553 0.223087 
0.100428 0.276334 0.104153 0.224123 0.148348 0.146615 
0.055351 0.353397 0.084939 0.247242 0.100837 0.158235 
0.085654 0.293423 0.104232 0.223596 0.132831 0.160265 
0.106008 0.156706 0.213088 0.295090 0.145086 0.084023 
0.104433 0.223414 0.120939 0.262029 0.122387 0.166799 
0.121501 0.283995 0.102652 0.183478 0.171379 0.136995 
0.068685 0.303371 0.107263 0.241928 0.108489 0.170263 
0.068238 0.317625 0.084740 0.251622 0.091825 0.185950 
0.087463 0.308172 0.123691 0.189732 0.156014 0.134928 
0.114203 0.329340 0.097370 0.180230 0.123763 0.155096 
0.058424 0.176881 0.161883 0.288069 0.067084 0.247659 
0.107559 0.304316 0.081460 0.213196 0.142104 0.151365 
0.070452 0.311607 0.122127 0.197890 0.149461 0.148463 
0.103227 0.283981 0.099960 0.204018 0.161304 0.147511 
0.107646 0.306630 0.089496 0.203797 0.126212 0.166219 
0.103500 0.321188 0.092482 0.177991 0.164527 0.140311 
0.332509 0.193844 0.172526 0.084925 0.073086 0.143109 
0.100091 0.269895 0.126669 0.208915 0.130136 0.164295 
0.146540 0.172186 0.139391 0.259509 0.145647 0.136726 
0.059997 0.120023 0.172930 0.315876 0.092969 0.238205 
0.091634 0.294988 0.103846 0.235090 0.143713 0.130730 
0.106883 0.297323 0.100881 0.226964 0.146491 0.121459 
0.128208 0.157245 0.158308 0.282062 0.127164 0.147013 
0.332490 0.182666 0.177699 0.087667 0.076591 0.142886 
0.076767 0.263251 0.095879 0.261006 0.137078 0.166019 
0.095008 0.270402 0.096646 0.228084 0.168838 0.141022 
0.073370 0.298431 0.082182 0.264515 0.108709 0.172792 
0.102011 0.317882 0.087876 0.214944 0.147396 0.129892 
0.326833 0.164900 0.217617 0.054185 0.072305 0.164160 
0.098979 0.222447 0.174382 0.228293 0.097988 0.177911 
0.106635 0.277915 0.105912 0.195088 0.181116 0.133333 
0.094644 0.331213 0.102131 0.202680 0.164369 0.104963 
0.081425 0.262747 0.194432 0.224563 0.103558 0.133274 
0.099547 0.216907 0.206192 0.218969 0.109217 0.149168 
0.088519 0.345026 0.112613 0.200801 0.131027 0.122014 
0.126201 0.314528 0.095372 0.163618 0.185255 0.115025 
0.082875 0.334470 0.093222 0.233309 0.119361 0.136763 
0.077641 0.307835 0.085778 0.227707 0.138217 0.162823 
0.093951 0.299335 0.090321 0.216035 0.162148 0.138211 
0.315387 0.216718 0.165781 0.082913 0.092041 0.127160 
0.255512 0.200669 0.199191 0.082252 0.076651 0.185726 
0.337950 0.203095 0.133145 0.085827 0.119209 0.120774 
0.071286 0.321478 0.112916 0.215718 0.144113 0.134489 
0.083850 0.329270 0.089873 0.218251 0.155670 0.123086 
0.101505 0.260739 0.101130 0.219055 0.178775 0.138797 
0.153031 0.236688 0.105110 0.193791 0.198449 0.112931 
0.086738 0.249877 0.118929 0.295613 0.073835 0.175009 
0.378291 0.209571 0.153060 0.080459 0.061769 0.116850 
0.370855 0.147528 0.168857 0.070317 0.094919 0.147524 
0.063327 0.261973 0.171118 0.217014 0.139212 0.147356 
0.121513 0.250619 0.123674 0.234485 0.111262 0.158447 
0.123782 0.226987 0.139173 0.235141 0.109301 0.165615 
0.075423 0.307309 0.112701 0.217001 0.130077 0.157489 
0.095697 0.233965 0.170754 0.240570 0.129211 0.129803 
0.107011 0.266260 0.122113 0.192064 0.156785 0.155767 
0.088768 0.256362 0.173395 0.214444 0.094936 0.172096 
0.274668 0.225678 0.170143 0.087062 0.087908 0.154541 
0.083233 0.289655 0.124995 0.221453 0.125299 0.155366 
0.093639 0.348580 0.091526 0.187691 0.153045 0.125518 
0.059194 0.326722 0.097651 0.261661 0.114661 0.140112 
0.313150 0.200209 0.156479 0.108635 0.082277 0.139250 
0.351843 0.200947 0.175477 0.077465 0.063325 0.130943 
0.121212 0.218006 0.139570 0.237235 0.156996 0.126981 
0.107102 0.205115 0.174380 0.259380 0.128450 0.125573 
0.128255 0.243435 0.142991 0.167291 0.181459 0.136568 
0.155186 0.207743 0.123127 0.252064 0.102367 0.159513 
0.085771 0.287586 0.099223 0.239198 0.126033 0.162190 
0.091764 0.309727 0.102284 0.220126 0.126287 0.149812 
0.091641 0.283626 0.094434 0.248962 0.134992 0.146345 
0.064973 0.331451 0.084669 0.245481 0.114237 0.159188 
0.108622 0.281879 0.108298 0.231462 0.161833 0.107906 
0.060092 0.290699 0.085281 0.308200 0.061390 0.194338 
0.088095 0.302110 0.098414 0.255239 0.104347 0.151796 
0.071092 0.282443 0.105558 0.259176 0.119925 0.161806 
0.105357 0.275175 0.151949 0.202978 0.099070 0.165471 
0.068982 0.353010 0.128198 0.177203 0.143016 0.129590 
0.096497 0.313747 0.102667 0.200502 0.143142 0.143446 
0.081056 0.343380 0.107174 0.191323 0.161447 0.115620 
0.095634 0.417540 0.084106 0.171657 0.133500 0.097564 
0.130687 0.320144 0.122661 0.230162 0.087516 0.108829 
0.117587 0.225926 0.175292 0.266745 0.111974 0.102475 
0.084445 0.358894 0.100273 0.177092 0.176988 0.102307 
0.056216 0.352539 0.085776 0.262256 0.089370 0.153842 
0.244931 0.160319 0.259040 0.044824 0.064617 0.226268 
0.090839 0.302640 0.097882 0.222730 0.161901 0.124008 
0.082754 0.292068 0.122152 0.189620 0.174847 0.138558 
0.084426 0.399089 0.093752 0.173494 0.140360 0.108878 
0.353616 0.183028 0.175137 0.082199 0.068544 0.137476 
0.107538 0.252897 0.150744 0.236115 0.095920 0.156786 
0.088316 0.274816 0.130148 0.216175 0.133343 0.157201 
0.085529 0.283738 0.113007 0.244861 0.161954 0.110911 
0.069089 0.296884 0.070554 0.309294 0.089329 0.164849 
0.102978 0.243459 0.156346 0.225606 0.139334 0.132277 
0.095878 0.288934 0.108653 0.246512 0.107235 0.152788 
0.098944 0.249192 0.164871 0.248439 0.104093 0.134460 
0.071168 0.297580 0.105304 0.247804 0.122277 0.155866 
0.109976 0.303148 0.084458 0.222210 0.162294 0.117915 
0.089637 0.344418 0.111383 0.187106 0.165245 0.102211 
0.087513 0.308912 0.121041 0.213258 0.132403 0.136874 
0.041239 0.294332 0.085714 0.286714 0.108095 0.183905 
0.123935 0.240310 0.142385 0.250789 0.123344 0.119237 
0.159712 0.206792 0.141991 0.225754 0.160687 0.105065 
0.104136 0.375677 0.076365 0.190251 0.142344 0.111228 
0.079540 0.356698 0.092556 0.196647 0.160893 0.113666 
0.060282 0.327471 0.088991 0.265073 0.083892 0.174291 
0.075471 0.322823 0.100836 0.209620 0.154522 0.136729 
0.114288 0.182339 0.145595 0.283618 0.122901 0.151260 
0.089865 0.312129 0.108483 0.208446 0.152804 0.128273 
0.260692 0.245247 0.153372 0.108621 0.083772 0.148296 
0.084129 0.312116 0.101105 0.225845 0.138130 0.138675 
0.075411 0.312100 0.091620 0.263420 0.105679 0.151770 
0.082284 0.306571 0.094233 0.209623 0.164679 0.142611 
0.127190 0.347365 0.099026 0.209300 0.084639 0.132480 
liver
0.152124 0.062998 0.051538 0.352220 0.085824 0.295296 
0.093690 0.150189 0.333786 0.171330 0.173177 0.077829 
0.253936 0.083244 0.290066 0.083161 0.238537 0.051055 
0.143613 0.129539 0.174128 0.233943 0.214718 0.104059 
0.076078 0.340962 0.093684 0.216301 0.135632 0.137342 
0.078722 0.316525 0.079415 0.258714 0.058848 0.207777 
0.074094 0.315707 0.088540 0.258433 0.056034 0.207192 
0.122318 0.137545 0.200041 0.286016 0.135808 0.118271 
0.130225 0.206429 0.136416 0.266412 0.098070 0.162447 
0.081496 0.140218 0.360149 0.194596 0.126691 0.096849 
0.116780 0.155704 0.177973 0.294068 0.148642 0.106834 
0.129805 0.114240 0.176049 0.269504 0.133346 0.177056 
0.075815 0.160186 0.213059 0.253711 0.199018 0.098211 
0.120842 0.123959 0.358520 0.191501 0.139452 0.065726 
0.145053 0.132448 0.194438 0.292179 0.146232 0.089649 
0.149120 0.211711 0.146416 0.218805 0.162155 0.111793 
0.140758 0.127224 0.266579 0.225801 0.163309 0.076329 
0.104825 0.168044 0.168094 0.264673 0.157091 0.137272 
0.094331 0.159623 0.358958 0.184726 0.135623 0.066739 
0.077805 0.219290 0.263631 0.219181 0.147655 0.072438 
0.175319 0.087050 0.170061 0.231329 0.156918 0.179323 
0.144162 0.153089 0.169463 0.246866 0.092713 0.193707 
0.080262 0.132067 0.378173 0.218907 0.139418 0.051173 
0.141730 0.178896 0.171682 0.233464 0.130789 0.143439 
0.138560 0.228536 0.146733 0.213955 0.122707 0.149510 
0.120903 0.245088 0.132750 0.217671 0.108557 0.175032 
0.158460 0.236167 0.113138 0.242235 0.127826 0.122174 
0.104890 0.199894 0.164341 0.261010 0.126218 0.143647 
0.112019 0.203171 0.185463 0.228326 0.119245 0.151776 
0.226019 0.142209 0.150967 0.220271 0.158089 0.102445 
0.147954 0.133232 0.187482 0.262198 0.127637 0.141498 
0.146646 0.186821 0.115219 0.255922 0.113048 0.182344 
0.130417 0.230090 0.148153 0.242732 0.102562 0.146046 
0.159441 0.129521 0.178976 0.236717 0.149405 0.145941 
0.180542 0.194894 0.127730 0.267276 0.110120 0.119438 
0.255495 0.088883 0.292767 0.072080 0.240641 0.050133 
0.130490 0.138200 0.245822 0.228296 0.140677 0.116515 
0.135953 0.076034 0.054130 0.289587 0.099256 0.345041 
0.175734 0.097898 0.062743 0.321970 0.086622 0.255032 
0.135544 0.063848 0.088488 0.315475 0.088593 0.308051 
0.147015 0.078759 0.081948 0.278684 0.074725 0.338870 
0.155555 0.075772 0.089284 0.303263 0.077907 0.298219 
0.083057 0.107665 0.335080 0.216037 0.166927 0.091234 
0.090310 0.280126 0.148538 0.233203 0.107039 0.140785 
0.092753 0.260016 0.167459 0.225904 0.110135 0.143733 
0.175474 0.086031 0.085618 0.319750 0.107266 0.225862 
0.112497 0.162895 0.093451 0.260343 0.132574 0.238240 
0.109802 0.162818 0.237806 0.265234 0.140708 0.083632 
0.226852 0.119316 0.268804 0.118348 0.208817 0.057863 
0.230161 0.124028 0.261926 0.116449 0.207057 0.060379 
0.098534 0.314765 0.086223 0.216761 0.122020 0.161697 
0.097575 0.322629 0.088286 0.210824 0.118651 0.162034 
0.119557 0.306022 0.092909 0.208375 0.121795 0.151342 
0.076321 0.252906 0.099249 0.273976 0.165491 0.132057 
0.099151 0.273938 0.109013 0.201492 0.175528 0.140878 
0.139017 0.149725 0.133373 0.235726 0.102795 0.239364 
0.142987 0.145140 0.137008 0.244912 0.086270 0.243683 
0.181468 0.147402 0.148732 0.245840 0.165568 0.110990 
0.077805 0.137869 0.286834 0.282651 0.126144 0.088697 
0.054062 0.116206 0.258577 0.322449 0.149017 0.099689 
0.095183 0.172263 0.205313 0.231000 0.144151 0.152090 
0.097538 0.158890 0.226082 0.235365 0.135978 0.146147 
0.093591 0.147702 0.215027 0.247987 0.119182 0.176510 
0.130063 0.148758 0.099804 0.221106 0.114400 0.285869 
lung
0.133224 0.123117 0.218910 0.220000 0.193258 0.111491 
0.205562 0.098017 0.155673 0.217580 0.191108 0.132060 
0.141327 0.155127 0.192039 0.234580 0.138254 0.138674 
0.150689 0.098810 0.200122 0.286806 0.156136 0.107438 
0.153852 0.121924 0.197247 0.232604 0.183172 0.111201 
0.132426 0.130891 0.181837 0.263721 0.158963 0.132162 
0.115228 0.113061 0.228199 0.286299 0.180960 0.076254 
0.173543 0.134081 0.152519 0.298752 0.136842 0.104263 
0.155197 0.117070 0.188158 0.267328 0.183679 0.088567 
0.137014 0.079489 0.195293 0.293023 0.178861 0.116321 
0.130530 0.208841 0.168496 0.206157 0.106946 0.179030 
0.168151 0.113923 0.204108 0.259029 0.135106 0.119683 
0.146508 0.131309 0.167234 0.284572 0.152511 0.117866 
0.146411 0.126311 0.179139 0.308931 0.145162 0.094046 
0.155198 0.117218 0.185992 0.253523 0.184104 0.103966 
0.154692 0.116050 0.187005 0.284310 0.148836 0.109107 
0.194605 0.128872 0.161383 0.269759 0.146680 0.098701 
0.125171 0.098791 0.240276 0.227081 0.208085 0.100596 
0.163689 0.320213 0.138868 0.162798 0.122934 0.091499 
0.158295 0.126888 0.196034 0.255999 0.170795 0.091990 
0.161427 0.125916 0.196882 0.272312 0.140286 0.103177 
0.143722 0.138076 0.188486 0.261367 0.175524 0.092825 
0.142321 0.105552 0.225335 0.268818 0.179761 0.078214 
0.133031 0.176269 0.197666 0.238510 0.124884 0.129640 
0.140761 0.144590 0.182446 0.240852 0.199991 0.091360 
0.159664 0.111445 0.212117 0.226034 0.153125 0.137615 
0.155605 0.109713 0.218954 0.246680 0.156544 0.112505 
0.141157 0.066639 0.205159 0.296484 0.160949 0.129612 
0.141294 0.090041 0.216539 0.285724 0.165804 0.100598 
0.156936 0.124163 0.180520 0.254722 0.155824 0.127835 
0.136454 0.111705 0.210167 0.276836 0.170101 0.094737 
0.127236 0.119801 0.190348 0.291603 0.173543 0.097469 
0.132533 0.113287 0.177576 0.301259 0.155249 0.120096 
0.120107 0.104321 0.223312 0.248286 0.179992 0.123982 
0.127146 0.107115 0.223576 0.296085 0.147211 0.098866 
0.139077 0.116910 0.190536 0.279719 0.159747 0.114011 
0.131274 0.108237 0.171105 0.323351 0.146845 0.119188 
0.178979 0.130158 0.173650 0.205226 0.195400 0.116587 
0.154032 0.098738 0.204921 0.270045 0.172102 0.100163 
0.127347 0.110114 0.208374 0.303978 0.141433 0.108754 
0.136574 0.136830 0.212792 0.263577 0.162499 0.087728 
0.107806 0.135464 0.197224 0.257715 0.183699 0.118091 
0.125641 0.099949 0.223492 0.285750 0.170074 0.095094 
0.146997 0.084167 0.193240 0.225026 0.243769 0.106801 
0.148803 0.089821 0.194354 0.245901 0.201923 0.119198 
0.148903 0.139454 0.177125 0.266600 0.148385 0.119534 
0.120871 0.107384 0.207043 0.265457 0.185608 0.113637 
0.137654 0.108350 0.210580 0.256116 0.134865 0.152435 
0.157351 0.110342 0.177505 0.270866 0.165985 0.117952 
0.125459 0.102089 0.226943 0.268423 0.169180 0.107905 
0.176842 0.107747 0.185640 0.256240 0.176197 0.097334 
0.152306 0.107032 0.173167 0.282393 0.181787 0.103316 
0.124538 0.138285 0.183480 0.280045 0.153950 0.119703 
0.152683 0.092373 0.185044 0.294972 0.173056 0.101871 
0.154159 0.070202 0.214236 0.287350 0.149279 0.124774 
0.133367 0.087049 0.232596 0.274166 0.180675 0.092147 
0.133099 0.103501 0.190539 0.257368 0.189268 0.126225 
0.128789 0.103721 0.146660 0.288600 0.187385 0.144844 
0.132557 0.148492 0.180354 0.270811 0.181768 0.086017 
0.116096 0.093587 0.224198 0.242645 0.205281 0.118192 
0.182070 0.122611 0.194558 0.241190 0.154021 0.105551 
0.073838 0.323904 0.106746 0.229943 0.114396 0.151174 
0.145200 0.127589 0.175247 0.284581 0.159940 0.107442 
0.141251 0.097045 0.193026 0.309205 0.165893 0.093580 
0.151825 0.106444 0.209565 0.269470 0.159651 0.103045 
0.140366 0.100552 0.198466 0.283286 0.174388 0.102941 
0.134958 0.108388 0.200620 0.234783 0.207802 0.113449 
0.141898 0.104938 0.180381 0.242317 0.210818 0.119647 
0.130214 0.117408 0.172443 0.266935 0.192769 0.120231 
0.137319 0.111169 0.230294 0.269050 0.138858 0.113311 
0.125150 0.103980 0.208197 0.245161 0.195608 0.121903 
0.133303 0.096159 0.247267 0.254471 0.190086 0.078714 
0.146552 0.109184 0.187340 0.175383 0.257635 0.123905 
0.161006 0.139186 0.224596 0.199791 0.139795 0.135625 
0.119443 0.159784 0.212511 0.264049 0.130658 0.113555 
0.155008 0.089805 0.189082 0.274752 0.188517 0.102836 
0.143137 0.130568 0.198382 0.264103 0.155208 0.108602 
0.141521 0.147195 0.175161 0.236206 0.192874 0.107043 
0.128098 0.101118 0.200404 0.292036 0.152820 0.125524 
0.144608 0.118789 0.193890 0.267821 0.173044 0.101848 
0.127816 0.074976 0.232168 0.277519 0.195970 0.091550 
0.131982 0.088988 0.218445 0.286549 0.176412 0.097624 
0.136432 0.111701 0.219485 0.248354 0.187492 0.096536 
0.142642 0.095717 0.178059 0.304539 0.167932 0.111110 
0.123476 0.124246 0.192030 0.270396 0.194996 0.094855 
0.137762 0.094325 0.202570 0.282093 0.173187 0.110062 
0.135309 0.145964 0.166224 0.270343 0.160821 0.121340 
0.131518 0.243569 0.144855 0.197577 0.144458 0.138023 
0.170338 0.116852 0.194426 0.222128 0.186720 0.109537 
0.082632 0.450786 0.100627 0.139265 0.155574 0.071116 
0.160114 0.109031 0.192864 0.248878 0.157046 0.132067 
0.160232 0.140623 0.150517 0.274870 0.157460 0.116298 
0.188391 0.031174 0.235573 0.119558 0.195536 0.229769 
0.147735 0.113957 0.131202 0.302454 0.183996 0.120656 
0.161467 0.119753 0.152474 0.269952 0.168729 0.127626 
0.125477 0.086763 0.190770 0.306984 0.187710 0.102296 
0.103931 0.143777 0.170829 0.240575 0.184912 0.155977 
0.154298 0.106920 0.127161 0.335983 0.178701 0.096937 
0.123919 0.133797 0.144869 0.319717 0.174622 0.103077 
0.157447 0.106692 0.168776 0.312727 0.155443 0.098915 
0.164567 0.093578 0.205007 0.280803 0.158562 0.097483 
0.151653 0.123300 0.186196 0.254158 0.176589 0.108103 
0.198364 0.110309 0.168951 0.295910 0.141405 0.085061 
0.166318 0.109358 0.210126 0.243913 0.176400 0.093885 
0.136691 0.132533 0.172616 0.268774 0.158212 0.131175 
0.151109 0.107290 0.187945 0.266508 0.182228 0.104920 
0.142904 0.137975 0.154672 0.295962 0.135505 0.132981 
0.117132 0.140496 0.161228 0.262621 0.194118 0.124404 
0.119479 0.122672 0.206083 0.237604 0.177891 0.136272 
0.155078 0.152847 0.155401 0.252958 0.125851 0.157865 
0.151244 0.135142 0.184524 0.263568 0.164603 0.100919 
0.108945 0.088235 0.125919 0.482066 0.130508 0.064326 
0.140687 0.115375 0.185244 0.245134 0.202016 0.111544 
0.115614 0.137713 0.211993 0.233042 0.215850 0.085788 
0.151024 0.136603 0.179899 0.232533 0.175992 0.123949 
0.126048 0.120638 0.199098 0.244331 0.195452 0.114433 
0.141895 0.094229 0.187857 0.303833 0.164687 0.107499 
0.125638 0.121103 0.188245 0.254666 0.177496 0.132853 
0.146380 0.142058 0.204577 0.263484 0.117194 0.126307 
0.113103 0.086086 0.220983 0.236788 0.221162 0.121878 
0.083690 0.132290 0.162286 0.320538 0.161245 0.139951 
0.147788 0.098049 0.241179 0.195517 0.217899 0.099568 
0.133000 0.132827 0.215228 0.250610 0.134356 0.133979 
0.116741 0.143426 0.174770 0.293024 0.165943 0.106095 
0.120284 0.139129 0.226652 0.231867 0.173296 0.108772 
0.129798 0.118563 0.216724 0.222853 0.221612 0.090450 
0.117635 0.079171 0.132243 0.358654 0.205759 0.106538 
0.126362 0.181090 0.174380 0.244075 0.138436 0.135657 
0.146812 0.132124 0.205522 0.266229 0.120576 0.128737 
0.160963 0.133766 0.164772 0.256179 0.173192 0.111128 
0.135830 0.101426 0.203948 0.292211 0.166001 0.100584 
0.153042 0.124506 0.188744 0.279878 0.150829 0.103002 
0.112990 0.106202 0.241104 0.264685 0.181409 0.093610 
0.159547 0.111723 0.196115 0.241440 0.141467 0.149708 
0.097991 0.284845 0.128687 0.235178 0.170334 0.082965 
0.154242 0.073160 0.204629 0.249610 0.230033 0.088325 
0.111749 0.153631 0.220705 0.222372 0.131775 0.159768 
0.149101 0.114344 0.200453 0.288513 0.133530 0.114058 
0.148454 0.101177 0.177268 0.290967 0.190265 0.091869 
0.140389 0.099194 0.249840 0.232241 0.174366 0.103971 
0.097303 0.146076 0.212557 0.255330 0.161422 0.127311 
0.141310 0.074605 0.151214 0.352358 0.196028 0.084484 
0.129410 0.101885 0.184311 0.335499 0.145655 0.103239 
0.138935 0.095694 0.204612 0.272801 0.197620 0.090338 
0.143904 0.117717 0.195810 0.257571 0.173677 0.111321 
0.128179 0.146559 0.179553 0.232031 0.164630 0.149048 
0.120627 0.119030 0.196925 0.279237 0.165925 0.118256 
0.185119 0.107341 0.176203 0.256776 0.142328 0.132232 
0.138237 0.092180 0.244731 0.243402 0.190089 0.091360 
0.115607 0.132597 0.151557 0.301926 0.189644 0.108670 
0.164440 0.137930 0.213593 0.218728 0.139009 0.126300 
0.129771 0.152856 0.177334 0.282134 0.148683 0.109221 
0.157498 0.078880 0.209741 0.326380 0.144598 0.082903 
0.142132 0.171333 0.141898 0.253831 0.167036 0.123770 
0.157405 0.136719 0.178129 0.255294 0.149095 0.123358 
0.152477 0.119630 0.176586 0.226875 0.176969 0.147463 
0.137742 0.089344 0.146075 0.368433 0.163106 0.095300 
0.138852 0.117967 0.180372 0.267898 0.159133 0.135778 
0.150289 0.119976 0.217334 0.217640 0.173861 0.120899 
0.166391 0.157278 0.180124 0.278956 0.111377 0.105875 
0.122505 0.139203 0.207909 0.281476 0.145741 0.103164 
0.138910 0.131623 0.165182 0.270464 0.176233 0.117588 
0.140067 0.098844 0.185000 0.260867 0.177378 0.137844 
0.133520 0.162112 0.217431 0.239675 0.136828 0.110434 
0.140665 0.082865 0.241374 0.216982 0.211160 0.106954 
