-10731628.897489
0
0.000000 0.000000 0.000000 0.000000 0.000000 0.000000 0.000000 0.000000 0.000000 0.000000 0.000000 0.000000 0.000000 0.000000 0.000000 0.000000 0.000000 0.072124 0.000000 0.000000 0.000000 0.000000 0.000000 0.041653 0.000000 0.000000 0.000000 0.000000 0.000000 0.000000 0.000000 0.000000 0.000000 0.138431 0.000000 0.003013 0.000000 0.000000 0.000000 0.000000 0.000000 0.000000 0.000000 0.000000 0.000000 0.000000 0.000000 0.000000 0.000000 0.000000 0.000000 0.000000 0.000000 0.000000 0.000000 0.000000 0.000000 0.000001 0.000000 0.000000 0.000000 0.000000 0.000000 0.000000 0.008882 0.000000 0.000000 0.000000 0.014663 0.000000 0.000000 0.000000 0.000000 0.000000 0.000000 0.489761 0.000000 0.000000 0.000000 0.000000 0.000001 0.000001 0.011954 0.219485 0.000000 0.000000 0.000000 0.000000 0.000000 0.000000 0.000000 0.000000 0.000000 0.000000 0.000000 0.000000 
0.000000 0.000000 0.000000 0.000000 0.000000 0.000000 0.000000 0.000000 0.000000 0.000000 0.431739 0.000000 0.000000 0.000000 0.000000 0.000000 0.000000 0.000000 0.000000 0.000000 0.012221 0.000000 0.000000 0.000000 0.000000 0.000000 0.000000 0.010986 0.000000 0.000000 0.000000 0.034336 0.000000 0.019074 0.000000 0.000001 0.000000 0.000000 0.000000 0.000000 0.000000 0.000000 0.000000 0.000000 0.010567 0.000000 0.000000 0.000000 0.000000 0.000000 0.000000 0.000000 0.000000 0.000000 0.000000 0.000000 0.000000 0.008848 0.191842 0.000000 0.000000 0.000000 0.028712 0.000000 0.000000 0.000000 0.085101 0.000000 0.000000 0.000000 0.000000 0.000000 0.000000 0.000000 0.000000 0.000000 0.000000 0.000000 0.000000 0.000000 0.000001 0.000001 0.138150 0.000000 0.000000 0.000000 0.000000 0.000000 0.000000 0.000000 0.000000 0.028391 0.000000 0.000000 0.000000 0.000000 
0.000000 0.000000 0.000000 0.000000 0.000000 0.000000 0.000000 0.000000 0.000000 0.000000 0.000000 0.000000 0.000000 0.000000 0.000000 0.000000 0.000000 0.000000 0.000000 0.000000 0.000000 0.000000 0.000000 0.000000 0.000000 0.000000 0.085429 0.000000 0.000000 0.000000 0.000000 0.000000 0.000000 0.465631 0.000000 0.000001 0.000000 0.000000 0.000000 0.000000 0.000000 0.000000 0.000000 0.000000 0.000000 0.000000 0.000000 0.000000 0.000000 0.077992 0.047755 0.000000 0.000000 0.000000 0.000000 0.000000 0.000000 0.000001 0.000000 0.000000 0.000000 0.000000 0.000000 0.000000 0.000000 0.000000 0.000000 0.000000 0.000000 0.000000 0.000000 0.000000 0.108389 0.000000 0.000000 0.000000 0.000000 0.000000 0.000000 0.106689 0.000001 0.108082 0.000001 0.000000 0.000000 0.000000 0.000000 0.000000 0.000000 0.000000 0.000000 0.000000 0.000000 0.000000 0.000000 0.000000 
0.000000 0.000000 0.000000 0.000000 0.000000 0.000000 0.000000 0.000000 0.000000 0.000000 0.000000 0.000000 0.000000 0.000000 0.000000 0.000000 0.000000 0.000000 0.000000 0.000000 0.000000 0.000000 0.000000 0.000000 0.000000 0.000000 0.000000 0.000000 0.000000 0.000000 0.000000 0.000000 0.416756 0.000000 0.000000 0.000001 0.000000 0.000000 0.000000 0.000000 0.000000 0.000000 0.000000 0.000000 0.000000 0.034111 0.000000 0.000000 0.000000 0.000000 0.000000 0.000000 0.000000 0.000000 0.000000 0.030947 0.000000 0.000001 0.000000 0.000000 0.000000 0.000000 0.000000 0.000000 0.000000 0.000000 0.000000 0.000000 0.000000 0.000000 0.000000 0.000000 0.000000 0.000000 0.000000 0.000000 0.000000 0.000000 0.000000 0.000000 0.000001 0.518150 0.000001 0.000000 0.000000 0.000000 0.000000 0.000000 0.000000 0.000000 0.000000 0.000000 0.000000 0.000000 0.000000 0.000000 
0.000000 0.000000 0.000000 0.000000 0.000000 0.000000 0.000000 0.000000 0.000000 0.000000 0.156461 0.000000 0.000000 0.000000 0.000000 0.000000 0.000000 0.000000 0.000000 0.000000 0.000000 0.000000 0.025304 0.000000 0.000000 0.000000 0.000000 0.242458 0.000000 0.000000 0.000000 0.000000 0.000000 0.000000 0.000000 0.000001 0.000000 0.000000 0.000000 0.000000 0.000000 0.000000 0.000000 0.000000 0.000000 0.000000 0.000000 0.000000 0.000000 0.000000 0.000000 0.000000 0.024474 0.000000 0.000000 0.000000 0.000000 0.351580 0.000000 0.000000 0.000000 0.000000 0.000000 0.020489 0.000000 0.000000 0.000000 0.000000 0.000000 0.000000 0.000000 0.000000 0.000000 0.000000 0.000000 0.000000 0.000000 0.000000 0.000000 0.000000 0.179200 0.000001 0.000001 0.000000 0.000000 0.000000 0.000000 0.000000 0.000000 0.000000 0.000000 0.000000 0.000000 0.000000 0.000000 0.000000 
0.063280 0.000000 0.000000 0.057021 0.000000 0.000000 0.000000 0.000009 0.000000 0.000000 0.000000 0.000000 0.000000 0.000000 0.000000 0.000000 0.003546 0.000000 0.000000 0.065917 0.000000 0.000000 0.000000 0.000000 0.000000 0.000000 0.000000 0.000000 0.000000 0.000000 0.000000 0.000000 0.000000 0.000000 0.000000 0.000001 0.000000 0.037902 0.000000 0.000000 0.052001 0.085849 0.168620 0.030325 0.000000 0.000000 0.000000 0.000000 0.000000 0.000000 0.000000 0.000000 0.000000 0.043282 0.000000 0.000000 0.058921 0.006640 0.000000 0.000000 0.000000 0.000000 0.000000 0.000000 0.000000 0.000000 0.000000 0.000000 0.000000 0.028245 0.000000 0.042679 0.000000 0.000000 0.000000 0.000000 0.000000 0.000000 0.000000 0.000000 0.000001 0.000001 0.007517 0.000000 0.000000 0.000000 0.000000 0.037948 0.000000 0.000000 0.086229 0.000000 0.000000 0.000000 0.000000 0.124039 
0.000000 0.000000 0.000000 0.000000 0.000000 0.000000 0.000000 0.000000 0.000000 0.000000 0.000000 0.000000 0.000000 0.000000 0.030224 0.038471 0.000000 0.000000 0.000000 0.000000 0.000000 0.000000 0.000000 0.000000 0.120882 0.000000 0.000000 0.000000 0.028038 0.000000 0.030046 0.000000 0.000000 0.000000 0.000000 0.181434 0.000000 0.000000 0.000000 0.037802 0.000000 0.000000 0.000000 0.000000 0.000000 0.000000 0.053711 0.092736 0.000000 0.000000 0.000000 0.000000 0.000000 0.000000 0.000000 0.000000 0.000000 0.017124 0.000000 0.000000 0.016866 0.000000 0.000000 0.000000 0.000000 0.000000 0.000000 0.104310 0.000000 0.000000 0.000000 0.000000 0.000000 0.000000 0.040779 0.000000 0.089798 0.000000 0.000000 0.000000 0.000001 0.000001 0.000001 0.000000 0.000000 0.000000 0.000000 0.000000 0.040313 0.077433 0.000000 0.000000 0.000000 0.000000 0.000000 0.000000 
0.000000 0.000000 0.000000 0.000000 0.000000 0.000000 0.000000 0.026560 0.070437 0.216206 0.000000 0.000000 0.022734 0.000000 0.000000 0.000000 0.074762 0.000000 0.000000 0.000000 0.000000 0.021248 0.000000 0.000000 0.000000 0.128377 0.000000 0.000000 0.000000 0.026787 0.000000 0.000000 0.000000 0.000000 0.000000 0.000001 0.000000 0.000000 0.000000 0.000000 0.000000 0.000000 0.000000 0.065127 0.000000 0.000000 0.000000 0.000000 0.000000 0.000000 0.000000 0.103838 0.000000 0.000000 0.000000 0.000000 0.000000 0.011802 0.000000 0.000000 0.000000 0.010006 0.000000 0.000000 0.000000 0.111747 0.000000 0.000000 0.000000 0.000000 0.000000 0.000000 0.000000 0.000000 0.000000 0.000000 0.000000 0.000000 0.000000 0.000000 0.000001 0.000001 0.074472 0.000000 0.000000 0.000000 0.000000 0.000000 0.000000 0.000000 0.000000 0.000000 0.000000 0.000000 0.024446 0.011419 
0.000000 0.049992 0.031323 0.000000 0.028705 0.024546 0.000000 0.000000 0.051308 0.000000 0.004268 0.122045 0.000000 0.032591 0.000000 0.000000 0.000000 0.000000 0.000000 0.000000 0.000000 0.000000 0.000000 0.000000 0.000000 0.000000 0.000000 0.008505 0.000000 0.000000 0.000000 0.000000 0.000000 0.000000 0.000000 0.068223 0.013915 0.000000 0.055786 0.000000 0.000000 0.000000 0.000000 0.000000 0.000000 0.000000 0.000000 0.000000 0.000000 0.000000 0.000000 0.000000 0.000000 0.000000 0.028914 0.000000 0.000000 0.049565 0.000000 0.000000 0.000043 0.015916 0.000000 0.000000 0.108318 0.000000 0.000000 0.000000 0.000000 0.000000 0.000000 0.000000 0.000000 0.000000 0.000000 0.000000 0.000000 0.055412 0.025820 0.000000 0.159102 0.000519 0.013730 0.000000 0.000000 0.000000 0.000000 0.000000 0.000000 0.000000 0.000000 0.000000 0.017395 0.034030 0.000000 0.000000 
0.000000 0.000000 0.000000 0.000000 0.000000 0.000000 0.000000 0.000000 0.000000 0.000000 0.000000 0.000000 0.000000 0.000000 0.000000 0.000000 0.000000 0.000000 0.000000 0.000000 0.000000 0.000000 0.000000 0.000000 0.000000 0.000000 0.000000 0.000000 0.000000 0.000000 0.000000 0.000000 0.000000 0.000000 0.393527 0.220363 0.000000 0.000000 0.000000 0.000000 0.000000 0.000000 0.000000 0.000000 0.000000 0.000000 0.000000 0.000000 0.000000 0.000000 0.000000 0.000000 0.000000 0.000000 0.000000 0.000000 0.000000 0.000001 0.000000 0.000000 0.000000 0.000000 0.000000 0.000000 0.000000 0.000000 0.000000 0.000000 0.000000 0.000000 0.000000 0.000000 0.000000 0.106251 0.000000 0.000000 0.000000 0.000000 0.000000 0.000000 0.245188 0.000001 0.000001 0.000000 0.000000 0.000000 0.020485 0.000000 0.014150 0.000000 0.000000 0.000000 0.000000 0.000000 0.000000 0.000000 
0.000000 0.000000 0.000000 0.000000 0.000000 0.000000 0.000000 0.000000 0.000000 0.000000 0.000001 0.000000 0.000000 0.000000 0.000000 0.000000 0.000000 0.000000 0.152820 0.000000 0.000000 0.000000 0.000000 0.000000 0.000000 0.000000 0.000000 0.000000 0.000000 0.000000 0.000000 0.000000 0.000000 0.000001 0.000000 0.000001 0.000000 0.000000 0.000000 0.000000 0.000000 0.000000 0.000000 0.000000 0.000000 0.000000 0.000000 0.000000 0.000000 0.000000 0.000000 0.007126 0.000000 0.000000 0.000000 0.000000 0.000000 0.000001 0.735567 0.000000 0.000000 0.000000 0.000000 0.000000 0.000000 0.000000 0.000000 0.000000 0.000000 0.000000 0.066655 0.000000 0.000000 0.000000 0.000000 0.000000 0.000000 0.000000 0.000000 0.000000 0.000023 0.000001 0.000001 0.000000 0.000000 0.000000 0.000000 0.000000 0.000000 0.000000 0.000000 0.037772 0.000000 0.000000 0.000000 0.000000 
0.000000 0.000000 0.000000 0.000000 0.000000 0.000000 0.021623 0.000000 0.000000 0.000000 0.000000 0.000000 0.000000 0.000000 0.000000 0.000000 0.000000 0.000000 0.000000 0.000000 0.000000 0.000000 0.000000 0.000000 0.000000 0.000000 0.000000 0.000000 0.000000 0.000000 0.000000 0.000000 0.000000 0.000000 0.335917 0.000001 0.000000 0.000000 0.000000 0.000000 0.000000 0.000000 0.000000 0.000000 0.000000 0.000000 0.000000 0.000000 0.065121 0.000000 0.000000 0.000000 0.000000 0.000000 0.000000 0.000000 0.149569 0.000001 0.000000 0.000000 0.000000 0.000000 0.000000 0.000000 0.000000 0.000000 0.050260 0.029772 0.000000 0.000000 0.000000 0.000000 0.000000 0.000000 0.000000 0.000000 0.000000 0.000000 0.000000 0.000000 0.000001 0.000001 0.000001 0.308057 0.015564 0.024084 0.000000 0.000000 0.000000 0.000000 0.000000 0.000000 0.000000 0.000000 0.000000 0.000000 
0.000000 0.000000 0.000000 0.000000 0.000000 0.000000 0.000000 0.000000 0.000000 0.000000 0.000001 0.000000 0.000000 0.000000 0.000000 0.000000 0.000000 0.000000 0.000000 0.000000 0.000000 0.000000 0.000000 0.000000 0.000000 0.000000 0.000000 0.000000 0.000000 0.000000 0.000000 0.000000 0.000000 0.000001 0.000000 0.000001 0.000000 0.000000 0.000000 0.000000 0.000000 0.000000 0.000000 0.000000 0.000000 0.000000 0.000000 0.000000 0.000000 0.000000 0.000000 0.000000 0.000000 0.000000 0.000000 0.000000 0.000000 0.000001 0.000000 0.322889 0.000000 0.000000 0.000000 0.000000 0.000000 0.000000 0.000000 0.000000 0.000000 0.000000 0.000000 0.000000 0.000000 0.000000 0.000000 0.000000 0.000000 0.000000 0.000000 0.000000 0.000001 0.677073 0.000001 0.000000 0.000000 0.000000 0.000000 0.000000 0.000000 0.000000 0.000000 0.000000 0.000000 0.000000 0.000000 0.000000 
0.000000 0.000000 0.000000 0.000000 0.000000 0.000000 0.000000 0.000000 0.000000 0.000000 0.000000 0.000000 0.000000 0.000000 0.000000 0.000000 0.000000 0.000000 0.000000 0.000000 0.000000 0.000000 0.000000 0.000000 0.000000 0.000000 0.000000 0.000000 0.000000 0.000000 0.000000 0.000000 0.000000 0.000001 0.000000 0.000001 0.000000 0.000000 0.000000 0.000000 0.000000 0.000000 0.000000 0.000000 0.000000 0.000000 0.000000 0.000000 0.000000 0.000000 0.000000 0.000000 0.000000 0.000000 0.000000 0.000000 0.000000 0.000001 0.000000 0.000000 0.000000 0.000000 0.000000 0.000000 0.000000 0.000000 0.000000 0.000000 0.000000 0.000000 0.000000 0.000000 0.000000 0.000000 0.000000 0.000000 0.000000 0.000000 0.000000 0.000000 0.000001 0.000001 0.999962 0.000000 0.000000 0.000000 0.000000 0.000000 0.000000 0.000000 0.000000 0.000000 0.000000 0.000000 0.000000 0.000000 
0.072433 0.071467 0.071244 0.072944 0.071736 0.071294 0.072344 0.070046 0.070729 0.071430 0.069938 0.072776 0.069910 0.071707 
0.069161 0.069916 0.075008 0.072027 0.071547 0.066086 0.068653 0.073343 0.072963 0.070269 0.068061 0.075215 0.072911 0.074838 
0.074919 0.074076 0.061045 0.077004 0.080768 0.062746 0.059658 0.070979 0.061703 0.076336 0.074393 0.078556 0.069853 0.077963 
0.073277 0.069967 0.071025 0.072548 0.071537 0.070819 0.072999 0.071242 0.071516 0.072445 0.069785 0.069800 0.072198 0.070843 
0.077647 0.064994 0.077168 0.078341 0.075722 0.064506 0.068821 0.060368 0.067732 0.069807 0.077347 0.074010 0.065128 0.078407 
0.070728 0.071097 0.072287 0.071448 0.072502 0.071121 0.072413 0.070779 0.071387 0.070814 0.071192 0.070648 0.071955 0.071631 
0.071415 0.072215 0.071810 0.071703 0.071892 0.071605 0.071881 0.070762 0.070780 0.070335 0.071651 0.071387 0.071272 0.071292 
0.077125 0.065423 0.095301 0.097916 0.077763 0.055967 0.061414 0.059085 0.065632 0.065481 0.063192 0.067600 0.068771 0.079329 
0.072976 0.069751 0.070406 0.074590 0.070201 0.070486 0.069767 0.073276 0.075319 0.071074 0.071065 0.071944 0.070448 0.068697 
0.060792 0.079460 0.081906 0.069991 0.064310 0.082659 0.073831 0.059928 0.061470 0.065734 0.075252 0.075514 0.073036 0.076117 
0.074358 0.073740 0.071412 0.068540 0.072083 0.070054 0.073077 0.069108 0.069080 0.074684 0.070287 0.071065 0.074014 0.068498 
0.070423 0.067515 0.076599 0.074120 0.070051 0.067842 0.074078 0.071086 0.064607 0.069773 0.075231 0.067559 0.073231 0.077885 
breast
0.018375 0.053097 0.043330 0.070829 0.063263 0.060814 0.111285 0.130199 0.228531 0.046291 0.017032 0.080465 0.060665 0.015824 
0.028205 0.052600 0.117316 0.066167 0.077501 0.053352 0.123065 0.094675 0.166280 0.056709 0.007948 0.098002 0.049347 0.008833 
0.055487 0.066885 0.048160 0.034316 0.069592 0.111408 0.119193 0.137580 0.152664 0.044100 0.040170 0.066739 0.043083 0.010624 
0.055381 0.066758 0.048068 0.034250 0.070019 0.111197 0.118966 0.137318 0.152911 0.044822 0.040093 0.066612 0.043001 0.010604 
0.040551 0.054678 0.053987 0.069375 0.072422 0.103839 0.094138 0.121553 0.156824 0.048012 0.028286 0.108582 0.038926 0.008828 
0.046454 0.055349 0.056253 0.067436 0.065273 0.142998 0.103747 0.114179 0.109403 0.059193 0.046278 0.069487 0.057214 0.006737 
0.013472 0.052488 0.106096 0.091282 0.086858 0.041529 0.117827 0.096690 0.166625 0.056944 0.013439 0.086070 0.066539 0.004141 
0.038447 0.074046 0.078501 0.086928 0.065712 0.042738 0.103292 0.097436 0.139296 0.066942 0.025089 0.084141 0.069465 0.027968 
0.088808 0.045846 0.032509 0.062925 0.062307 0.109392 0.118195 0.109512 0.144713 0.026372 0.050235 0.095886 0.040612 0.012689 
0.027280 0.054977 0.084222 0.102833 0.060882 0.044012 0.122070 0.128622 0.186368 0.052410 0.014440 0.068810 0.048251 0.004825 
0.023997 0.035390 0.064696 0.121362 0.088646 0.070783 0.067332 0.088070 0.142912 0.059790 0.032170 0.082615 0.110780 0.011456 
0.032264 0.058771 0.063201 0.095175 0.081435 0.067717 0.107716 0.085046 0.131449 0.066996 0.031770 0.091238 0.082103 0.005120 
0.039506 0.038132 0.126574 0.032193 0.095471 0.087302 0.091838 0.116672 0.148184 0.074349 0.009465 0.086962 0.046685 0.006667 
0.034132 0.053409 0.118983 0.100585 0.083483 0.044618 0.062771 0.135793 0.139889 0.057567 0.024230 0.061159 0.069863 0.013518 
0.044860 0.084999 0.093094 0.087530 0.085454 0.038614 0.061507 0.099129 0.127813 0.060120 0.009664 0.098210 0.083181 0.025823 
0.020747 0.063270 0.080784 0.093960 0.081443 0.060382 0.094091 0.104565 0.152532 0.056475 0.023479 0.083385 0.074255 0.010633 
0.041305 0.054314 0.113298 0.056046 0.078998 0.063849 0.138566 0.100806 0.166436 0.044921 0.007678 0.087103 0.034652 0.012028 
0.020879 0.050980 0.075864 0.108150 0.072458 0.063354 0.112097 0.131051 0.167356 0.040902 0.007346 0.075559 0.067342 0.006662 
0.036052 0.068507 0.061062 0.060295 0.055384 0.161395 0.053256 0.155207 0.063903 0.048698 0.064859 0.086516 0.081022 0.003843 
0.031073 0.044117 0.069021 0.086441 0.088773 0.079828 0.090303 0.099551 0.181920 0.041345 0.016232 0.104815 0.042807 0.023774 
0.025069 0.028650 0.041596 0.090062 0.029841 0.064431 0.160213 0.132039 0.193760 0.066582 0.027332 0.080248 0.055977 0.004199 
0.026489 0.032684 0.086468 0.074715 0.069641 0.041980 0.138501 0.106835 0.173826 0.047140 0.013330 0.092458 0.086454 0.009478 
0.030559 0.059955 0.042426 0.059652 0.090466 0.060270 0.140348 0.132579 0.175910 0.054879 0.014373 0.071482 0.053263 0.013839 
0.024172 0.081250 0.046581 0.080310 0.067369 0.076657 0.122823 0.146124 0.194890 0.050318 0.012682 0.029718 0.058364 0.008743 
0.027453 0.049263 0.093053 0.093171 0.053917 0.061460 0.084343 0.114320 0.116438 0.079946 0.050022 0.093022 0.068080 0.015511 
0.063474 0.046560 0.004073 0.090281 0.050893 0.212547 0.208160 0.115922 0.104004 0.004728 0.090963 0.005523 0.001817 0.001056 
0.049483 0.059868 0.096870 0.067222 0.067480 0.101799 0.134900 0.102671 0.164783 0.035673 0.014607 0.076716 0.019472 0.008456 
0.033133 0.079516 0.099667 0.068511 0.069450 0.063189 0.118320 0.146567 0.128008 0.043996 0.023501 0.054257 0.048465 0.023420 
0.047391 0.062085 0.073232 0.059591 0.057391 0.117996 0.100199 0.089536 0.086349 0.072786 0.060778 0.092325 0.069631 0.010710 
0.094937 0.075010 0.000666 0.069730 0.072663 0.190909 0.168493 0.139023 0.114782 0.001324 0.068721 0.001394 0.001917 0.000430 
0.031669 0.060025 0.080651 0.103270 0.075092 0.057129 0.106343 0.117757 0.181099 0.044826 0.017524 0.066348 0.050326 0.007941 
0.042876 0.043931 0.062581 0.076094 0.081172 0.071754 0.087168 0.107117 0.190634 0.042395 0.012639 0.104745 0.062038 0.014856 
0.080792 0.022345 0.095309 0.072556 0.077490 0.102620 0.079512 0.109420 0.114994 0.068596 0.022426 0.079194 0.067151 0.007594 
0.046411 0.027134 0.079214 0.077506 0.061000 0.109987 0.084863 0.106110 0.112304 0.065502 0.040577 0.092815 0.088867 0.007710 
0.034167 0.050632 0.081581 0.088515 0.079429 0.032338 0.109938 0.158719 0.197446 0.038839 0.012602 0.054285 0.054673 0.006834 
0.053855 0.033317 0.053245 0.066428 0.062437 0.138518 0.093934 0.129663 0.095616 0.062601 0.056776 0.088373 0.054613 0.010622 
0.040023 0.029870 0.062002 0.075030 0.070477 0.086610 0.109243 0.138071 0.158589 0.058683 0.022627 0.074015 0.066857 0.007904 
0.029218 0.024774 0.071939 0.116021 0.106831 0.070144 0.098510 0.111005 0.153672 0.049891 0.019020 0.100053 0.042307 0.006614 
0.027416 0.058478 0.102256 0.082578 0.077179 0.046442 0.151910 0.078775 0.133431 0.073039 0.016137 0.065816 0.081913 0.004628 
0.029981 0.068578 0.103347 0.116693 0.082078 0.041859 0.095285 0.114181 0.117969 0.050460 0.016124 0.079530 0.065310 0.018605 
0.041490 0.031164 0.079157 0.108493 0.061522 0.029071 0.068734 0.095578 0.110585 0.099260 0.030326 0.115288 0.114558 0.014773 
0.037340 0.052555 0.053563 0.085192 0.058534 0.137889 0.093884 0.144210 0.082573 0.063959 0.051438 0.057859 0.076530 0.004474 
0.029123 0.071149 0.088717 0.118184 0.082227 0.038039 0.062921 0.090769 0.172360 0.066864 0.022996 0.080290 0.053539 0.022822 
0.040395 0.034847 0.049292 0.090091 0.070133 0.072983 0.128868 0.099288 0.148874 0.045274 0.015168 0.119934 0.076173 0.008680 
0.019173 0.051249 0.054741 0.037965 0.097458 0.032209 0.088899 0.188350 0.189470 0.063351 0.025146 0.071253 0.058543 0.022193 
0.045378 0.077982 0.054947 0.099597 0.073741 0.056039 0.132557 0.125060 0.139086 0.047034 0.020447 0.061658 0.057963 0.008510 
0.044952 0.049834 0.089442 0.073711 0.072231 0.064134 0.125963 0.080574 0.120994 0.075956 0.021073 0.095515 0.080592 0.005028 
0.022867 0.090746 0.103574 0.091792 0.065271 0.044397 0.109670 0.104392 0.203884 0.033992 0.009706 0.051918 0.057314 0.010477 
0.050898 0.051276 0.032637 0.027996 0.033873 0.240738 0.156658 0.118527 0.073614 0.042162 0.084624 0.055703 0.026177 0.005118 
0.052488 0.050640 0.050361 0.057532 0.078654 0.129476 0.120878 0.118427 0.090775 0.069049 0.047253 0.075523 0.043881 0.015063 
0.031298 0.062517 0.093447 0.101760 0.098284 0.049645 0.090282 0.097529 0.158890 0.058856 0.007233 0.074487 0.068227 0.007545 
0.038588 0.060569 0.143859 0.118145 0.076287 0.065940 0.054492 0.086159 0.159165 0.041386 0.024869 0.077617 0.046079 0.006845 
0.029249 0.043429 0.073135 0.081114 0.081696 0.047936 0.098106 0.090632 0.209012 0.081340 0.010995 0.075860 0.062642 0.014856 
0.037094 0.085726 0.065415 0.072271 0.050099 0.064240 0.093079 0.124919 0.114245 0.073790 0.026265 0.117486 0.061323 0.014048 
endometrium
0.239995 0.075638 0.063454 0.007922 0.026404 0.086810 0.056673 0.050638 0.028597 0.016395 0.046758 0.033246 0.028393 0.239077 
0.030302 0.096008 0.034136 0.018880 0.101375 0.109695 0.083956 0.095557 0.085662 0.063341 0.105290 0.082561 0.037300 0.055937 
0.022968 0.108946 0.039536 0.019606 0.123861 0.102960 0.058874 0.094401 0.081371 0.049565 0.125246 0.065590 0.051251 0.055825 
0.026431 0.120892 0.031248 0.016073 0.139526 0.088346 0.050872 0.075184 0.068114 0.058790 0.144349 0.093474 0.052464 0.034237 
0.032367 0.140490 0.027224 0.019198 0.096488 0.096715 0.055288 0.076362 0.050896 0.066979 0.130102 0.105309 0.058747 0.043836 
0.208357 0.077827 0.035569 0.013403 0.033659 0.085337 0.070829 0.058682 0.042075 0.026273 0.062910 0.044898 0.027900 0.212282 
0.034968 0.133132 0.032197 0.012737 0.089977 0.115801 0.036941 0.064032 0.068709 0.078928 0.134188 0.126360 0.029754 0.042276 
0.009506 0.219690 0.011660 0.009959 0.108439 0.054224 0.026160 0.045229 0.047594 0.091078 0.175056 0.101619 0.026031 0.073754 
0.019853 0.129185 0.026937 0.020081 0.099657 0.101312 0.020402 0.093358 0.064230 0.069231 0.133520 0.137121 0.052285 0.032830 
0.062510 0.119808 0.028650 0.011026 0.172988 0.066222 0.038891 0.123789 0.055817 0.045800 0.131581 0.071535 0.053203 0.018180 
0.048599 0.091748 0.012852 0.008677 0.045824 0.213810 0.112029 0.111616 0.106957 0.033165 0.115629 0.067584 0.016632 0.014878 
0.222326 0.076326 0.031992 0.012276 0.044796 0.087933 0.059456 0.065085 0.040800 0.023085 0.062685 0.040450 0.027560 0.205229 
0.101618 0.086214 0.029158 0.017018 0.150945 0.077214 0.035157 0.128866 0.062430 0.052969 0.083013 0.078629 0.053290 0.043479 
0.043384 0.091841 0.038755 0.014385 0.150754 0.107314 0.060333 0.086788 0.093530 0.052047 0.089762 0.079382 0.056967 0.034758 
0.032475 0.128957 0.033603 0.017320 0.117218 0.084815 0.058134 0.089251 0.077309 0.080892 0.105748 0.097010 0.032183 0.045083 
0.021718 0.123334 0.028070 0.017353 0.116577 0.089621 0.072070 0.087012 0.069878 0.055796 0.132203 0.097184 0.046968 0.042218 
0.040425 0.074900 0.158794 0.026925 0.064134 0.030209 0.139525 0.048957 0.144035 0.119302 0.041811 0.068684 0.016049 0.026250 
0.027956 0.109576 0.044873 0.010464 0.135474 0.075138 0.056726 0.089779 0.063420 0.071373 0.118210 0.110609 0.052005 0.034398 
0.143148 0.112686 0.015962 0.013775 0.085911 0.047528 0.039698 0.064754 0.033146 0.059070 0.121324 0.069337 0.037615 0.156048 
0.014823 0.129894 0.031405 0.018371 0.104872 0.087925 0.035944 0.105077 0.071409 0.074087 0.109404 0.112533 0.060830 0.043425 
0.014328 0.114033 0.031017 0.017733 0.103785 0.089893 0.054184 0.080807 0.063973 0.076785 0.138074 0.120165 0.057827 0.037398 
0.012253 0.142213 0.018736 0.014774 0.117205 0.071611 0.046886 0.089768 0.066063 0.078041 0.118309 0.110727 0.057120 0.056293 
0.326933 0.058764 0.054590 0.008539 0.040189 0.084212 0.050698 0.049446 0.032007 0.018933 0.033645 0.030904 0.021669 0.189471 
0.029092 0.104721 0.030064 0.022215 0.114025 0.108385 0.066082 0.099781 0.078258 0.071406 0.094908 0.101020 0.048195 0.031848 
0.032107 0.093644 0.025114 0.017918 0.115353 0.100673 0.099642 0.105703 0.102868 0.059354 0.080918 0.090718 0.049323 0.026667 
0.016053 0.115232 0.055915 0.019740 0.139870 0.100563 0.060545 0.088215 0.069642 0.052195 0.108433 0.074636 0.065500 0.033460 
0.032512 0.123288 0.033713 0.016410 0.091501 0.075206 0.065959 0.076360 0.071334 0.071982 0.148466 0.109223 0.040697 0.043349 
0.324893 0.059313 0.045947 0.009150 0.030910 0.113787 0.060552 0.053189 0.031912 0.018042 0.039178 0.028653 0.020558 0.163915 
0.021027 0.177687 0.014648 0.009993 0.137071 0.040080 0.022513 0.075590 0.046950 0.046599 0.251826 0.083350 0.053435 0.019231 
0.027128 0.109596 0.040069 0.025174 0.114550 0.113804 0.053603 0.106340 0.086765 0.043390 0.133670 0.076870 0.040781 0.028260 
0.018499 0.161989 0.034941 0.011620 0.121158 0.058641 0.040330 0.067070 0.063073 0.095413 0.115472 0.116912 0.026271 0.068610 
0.321092 0.059504 0.039538 0.009430 0.046997 0.078566 0.046807 0.055496 0.033055 0.029257 0.043688 0.036319 0.026691 0.173560 
0.034143 0.111644 0.031595 0.018605 0.122658 0.109600 0.045342 0.097860 0.061115 0.052238 0.103269 0.111614 0.059798 0.040519 
0.023811 0.117078 0.030953 0.016336 0.119404 0.116893 0.062694 0.078990 0.078462 0.057646 0.124261 0.084774 0.046431 0.042268 
0.022848 0.099502 0.050199 0.016516 0.096875 0.093671 0.079983 0.088011 0.089158 0.074770 0.091568 0.115038 0.053689 0.028170 
0.026542 0.130082 0.033958 0.016181 0.107205 0.086295 0.059424 0.080853 0.061529 0.078873 0.136404 0.100581 0.038414 0.043659 
0.113380 0.096051 0.029664 0.018465 0.092868 0.065887 0.050311 0.091695 0.052840 0.056219 0.106041 0.073392 0.046896 0.106290 
0.048411 0.092099 0.026966 0.038473 0.043229 0.155427 0.114982 0.102166 0.065420 0.052282 0.130652 0.087879 0.031526 0.010488 
0.024247 0.147302 0.023521 0.014578 0.115688 0.114777 0.042817 0.075550 0.059267 0.062954 0.135273 0.088278 0.055207 0.040540 
0.020889 0.128781 0.029093 0.010390 0.107173 0.087109 0.061653 0.070812 0.078920 0.057077 0.134060 0.087721 0.057487 0.068834 
0.251310 0.076572 0.052294 0.010770 0.024191 0.086216 0.053391 0.051689 0.031212 0.018455 0.046507 0.036049 0.022643 0.238701 
0.035540 0.070901 0.151154 0.016562 0.058228 0.087786 0.114973 0.092077 0.082837 0.062421 0.075440 0.106769 0.019910 0.025401 
0.041396 0.023493 0.171563 0.032080 0.087609 0.008880 0.175949 0.022275 0.126358 0.126980 0.011461 0.075308 0.035145 0.061504 
0.020168 0.131278 0.040160 0.021239 0.113504 0.075977 0.020401 0.056587 0.061540 0.099483 0.139239 0.117547 0.068143 0.034733 
0.011782 0.218092 0.012548 0.006066 0.092008 0.059883 0.025040 0.045977 0.030857 0.105198 0.190227 0.108821 0.027419 0.066081 
0.031953 0.116497 0.033479 0.014456 0.122657 0.100768 0.056866 0.094656 0.074576 0.057680 0.111822 0.080337 0.059986 0.044267 
0.027835 0.096417 0.030499 0.023739 0.102707 0.201165 0.054281 0.097600 0.062301 0.050357 0.100437 0.080583 0.039590 0.032489 
0.018858 0.124719 0.032080 0.028760 0.089041 0.088482 0.052935 0.105921 0.093407 0.071539 0.097988 0.106352 0.054366 0.035552 
0.027032 0.102611 0.027376 0.028125 0.099130 0.106933 0.037729 0.088568 0.096800 0.073687 0.108866 0.116360 0.036889 0.049894 
0.031653 0.137591 0.046822 0.012582 0.118674 0.105964 0.061415 0.065090 0.061627 0.064646 0.129476 0.082673 0.039530 0.042257 
0.021632 0.127521 0.030186 0.013768 0.110039 0.104633 0.053843 0.079456 0.053442 0.079397 0.103490 0.144266 0.034532 0.043794 
0.036827 0.083217 0.063995 0.029508 0.101618 0.088596 0.071055 0.072146 0.105379 0.080501 0.072110 0.100572 0.058857 0.035620 
0.034863 0.091617 0.016211 0.019056 0.122897 0.134722 0.061729 0.079142 0.072925 0.053035 0.148575 0.082757 0.050099 0.032372 
0.356312 0.067586 0.068290 0.009624 0.035847 0.075303 0.036128 0.044466 0.032712 0.020274 0.041946 0.029431 0.026031 0.156052 
0.030968 0.092585 0.046399 0.034094 0.116904 0.074076 0.079170 0.066435 0.107024 0.070033 0.119672 0.104658 0.042622 0.015360 
0.022535 0.115766 0.025344 0.015568 0.125171 0.097449 0.059493 0.073487 0.062710 0.079511 0.128304 0.110913 0.043158 0.040589 
0.022238 0.120400 0.030048 0.022765 0.117709 0.082075 0.044794 0.073032 0.057567 0.072954 0.168700 0.103136 0.045499 0.039083 
0.051515 0.176247 0.019930 0.006796 0.077154 0.036742 0.025970 0.051673 0.038852 0.077114 0.207795 0.082229 0.022042 0.125942 
0.325947 0.058315 0.052195 0.009540 0.047380 0.084259 0.049756 0.054025 0.037156 0.023155 0.039848 0.031905 0.023190 0.163329 
0.098004 0.068175 0.028345 0.014365 0.030507 0.285077 0.142115 0.090117 0.048001 0.035970 0.100161 0.040076 0.009975 0.009113 
0.018262 0.149457 0.035818 0.012597 0.099772 0.075391 0.045815 0.072436 0.050793 0.087576 0.139765 0.121019 0.044010 0.047288 
0.026804 0.133535 0.033437 0.012471 0.120072 0.082394 0.062374 0.089829 0.080801 0.069565 0.110156 0.086159 0.041751 0.050651 
0.279263 0.075523 0.039558 0.011810 0.039783 0.067395 0.035334 0.052192 0.030548 0.033385 0.050042 0.044637 0.029235 0.211295 
0.018788 0.126760 0.044006 0.018866 0.102375 0.093459 0.052618 0.080018 0.056392 0.073776 0.118478 0.115157 0.055920 0.043387 
0.023245 0.153863 0.037564 0.015816 0.124036 0.084538 0.032788 0.068788 0.049580 0.077028 0.132119 0.128093 0.034344 0.038197 
0.023563 0.131291 0.034274 0.017266 0.101476 0.098440 0.044149 0.083955 0.056071 0.069113 0.143253 0.111971 0.048866 0.036312 
0.141082 0.113405 0.035112 0.014089 0.098030 0.070005 0.033751 0.085440 0.048777 0.045750 0.122572 0.060668 0.049419 0.081899 
0.022159 0.141014 0.021600 0.012100 0.086953 0.078339 0.082951 0.088432 0.085437 0.070157 0.120595 0.098731 0.044946 0.046588 
0.019620 0.087844 0.043193 0.035788 0.118783 0.117838 0.059831 0.087639 0.086732 0.040313 0.101146 0.110951 0.070324 0.019997 
0.021916 0.130565 0.045937 0.014022 0.133978 0.107011 0.054695 0.083621 0.051766 0.064992 0.121811 0.090163 0.048932 0.030591 
0.009566 0.209177 0.014771 0.010846 0.116491 0.041775 0.018965 0.047115 0.028331 0.107041 0.168995 0.122084 0.032144 0.072698 
0.017689 0.166599 0.027696 0.017449 0.118283 0.077500 0.047921 0.083522 0.052779 0.064374 0.148559 0.083364 0.052468 0.041795 
0.049445 0.070269 0.109085 0.040188 0.083528 0.025842 0.097502 0.032895 0.102517 0.123232 0.029925 0.087149 0.065462 0.082963 
0.282205 0.070635 0.049022 0.009978 0.029045 0.081527 0.036917 0.044296 0.028430 0.024830 0.039555 0.036596 0.026534 0.240429 
0.180282 0.088485 0.034999 0.015269 0.040761 0.079599 0.052840 0.055877 0.040516 0.022286 0.057081 0.049929 0.023411 0.258666 
0.019130 0.156522 0.029793 0.011984 0.107103 0.073036 0.043541 0.082579 0.062868 0.078230 0.129139 0.116644 0.044012 0.045417 
0.029700 0.127080 0.033843 0.018646 0.128658 0.080499 0.055672 0.090987 0.068271 0.077663 0.101369 0.106668 0.039909 0.041034 
0.023302 0.112104 0.048418 0.013225 0.111972 0.104265 0.043731 0.091885 0.049463 0.057862 0.167596 0.099388 0.045061 0.031728 
0.019969 0.136112 0.038067 0.015568 0.124562 0.102454 0.033493 0.095143 0.049017 0.065610 0.130089 0.109754 0.046066 0.034097 
0.018191 0.151767 0.030954 0.019179 0.092580 0.091801 0.059855 0.087949 0.047316 0.076329 0.131370 0.106755 0.033762 0.052192 
0.014739 0.117534 0.034615 0.020398 0.141630 0.083254 0.062778 0.078706 0.060280 0.083001 0.123400 0.098671 0.041037 0.039957 
0.039452 0.088727 0.069888 0.046948 0.098089 0.088992 0.049977 0.098759 0.065290 0.065909 0.047527 0.150198 0.065560 0.024682 
0.018521 0.110954 0.041497 0.020963 0.110349 0.097946 0.050776 0.089438 0.076584 0.064721 0.103842 0.110469 0.055594 0.048346 
0.018035 0.160074 0.040305 0.016530 0.120534 0.058179 0.045892 0.062229 0.066490 0.080482 0.183742 0.075457 0.035652 0.036398 
0.289126 0.070468 0.036285 0.010426 0.036858 0.088491 0.045259 0.053512 0.030526 0.028886 0.045838 0.036523 0.024082 0.203719 
0.034861 0.109598 0.014572 0.015173 0.097218 0.084345 0.052195 0.077129 0.073961 0.104027 0.128832 0.136082 0.020351 0.051655 
0.019858 0.124709 0.021707 0.020663 0.111080 0.104060 0.064583 0.092283 0.068428 0.075527 0.092563 0.100831 0.048389 0.055320 
0.039480 0.083492 0.020349 0.015305 0.084661 0.137149 0.108185 0.114444 0.114880 0.046793 0.083401 0.088405 0.043371 0.020085 
0.048464 0.031256 0.241825 0.031165 0.036637 0.028397 0.171254 0.039493 0.146082 0.071666 0.017050 0.074159 0.029199 0.033352 
large_intestine
0.037049 0.124309 0.033933 0.021040 0.127912 0.079828 0.061432 0.102376 0.051364 0.066567 0.151878 0.091334 0.021082 0.029896 
0.038746 0.114634 0.026083 0.017853 0.118688 0.091164 0.054295 0.106707 0.054896 0.058708 0.170985 0.092574 0.026228 0.028439 
0.031949 0.112039 0.054075 0.036350 0.057156 0.125390 0.086069 0.108562 0.130158 0.057786 0.083243 0.062929 0.027680 0.026614 
0.022270 0.097768 0.053041 0.036673 0.053093 0.139152 0.079648 0.133163 0.092239 0.068608 0.076384 0.081104 0.031518 0.035338 
0.024311 0.090014 0.045069 0.024282 0.053616 0.152408 0.072738 0.135855 0.093916 0.064223 0.102397 0.067994 0.025397 0.047782 
0.027147 0.143438 0.018822 0.011561 0.122142 0.083645 0.051190 0.075933 0.061060 0.075695 0.172553 0.096734 0.015752 0.044328 
0.327843 0.057261 0.048820 0.009725 0.032396 0.073059 0.032864 0.053305 0.034292 0.021141 0.044039 0.027780 0.023536 0.213938 
0.026551 0.163420 0.016262 0.011198 0.130476 0.055813 0.048271 0.074924 0.036543 0.075963 0.199693 0.082369 0.028643 0.049872 
0.021844 0.130057 0.031084 0.017434 0.125052 0.054508 0.043741 0.086001 0.059728 0.075632 0.159752 0.102084 0.038304 0.054778 
0.014740 0.217117 0.009219 0.016337 0.111864 0.034155 0.021771 0.049153 0.038543 0.101911 0.197967 0.101312 0.014216 0.071692 
0.015679 0.205613 0.009148 0.015720 0.124677 0.041925 0.030364 0.057601 0.028181 0.102359 0.161825 0.107870 0.016791 0.082246 
0.019672 0.152317 0.030415 0.018858 0.118268 0.064134 0.046346 0.078578 0.055156 0.060863 0.226664 0.063611 0.032220 0.032899 
0.021506 0.128343 0.029538 0.012929 0.126422 0.086074 0.060334 0.080045 0.047034 0.056129 0.198935 0.084981 0.038141 0.029591 
0.024108 0.186542 0.016765 0.006654 0.133415 0.047688 0.035706 0.072237 0.044721 0.086288 0.157027 0.107476 0.028164 0.053207 
0.026171 0.118480 0.033698 0.015864 0.111615 0.099944 0.053818 0.098448 0.055857 0.036370 0.222979 0.059351 0.044055 0.023350 
0.026588 0.161590 0.027280 0.015083 0.108982 0.066345 0.061357 0.082882 0.037957 0.079291 0.164551 0.093026 0.024288 0.050778 
0.037209 0.094343 0.042012 0.019089 0.117091 0.083014 0.076096 0.119290 0.095782 0.049103 0.118362 0.084629 0.041323 0.022655 
0.022698 0.143441 0.034317 0.010997 0.124044 0.085485 0.056614 0.086508 0.051909 0.072067 0.148565 0.089551 0.026329 0.047475 
0.017165 0.190386 0.020735 0.013175 0.115882 0.054682 0.036332 0.071824 0.040071 0.089960 0.188153 0.097981 0.015123 0.048531 
0.034225 0.101928 0.031770 0.013401 0.196388 0.122047 0.060186 0.116045 0.049889 0.049566 0.106347 0.073802 0.021823 0.022584 
0.023540 0.137632 0.022656 0.013156 0.114166 0.074884 0.055088 0.105241 0.044601 0.063581 0.191109 0.074221 0.040734 0.039391 
0.281603 0.050465 0.044179 0.010706 0.036639 0.154179 0.068600 0.067241 0.050059 0.014043 0.046798 0.021139 0.022384 0.131966 
0.033308 0.119595 0.060406 0.032014 0.057249 0.136176 0.061691 0.103604 0.121275 0.063945 0.083430 0.086276 0.026815 0.014216 
0.021606 0.154743 0.023067 0.015442 0.109819 0.067281 0.043272 0.073193 0.049221 0.084027 0.163088 0.104424 0.035706 0.055110 
0.032273 0.105200 0.109545 0.026779 0.058482 0.079624 0.077162 0.090301 0.075819 0.082249 0.098620 0.074778 0.033033 0.056135 
0.033242 0.129171 0.043990 0.009392 0.142436 0.059428 0.055750 0.105972 0.046103 0.057073 0.135072 0.089367 0.037900 0.055102 
0.033525 0.189186 0.014124 0.026187 0.135742 0.048037 0.051527 0.040856 0.048418 0.067007 0.150470 0.078589 0.035336 0.080997 
0.033548 0.124234 0.044882 0.015820 0.117464 0.122618 0.076708 0.086802 0.054169 0.063404 0.122937 0.076736 0.019743 0.040934 
0.030707 0.137693 0.051141 0.007937 0.105678 0.093603 0.065734 0.097523 0.056889 0.064617 0.118643 0.085386 0.027157 0.057291 
0.050090 0.092457 0.035710 0.026282 0.125978 0.091703 0.088935 0.112486 0.088318 0.043540 0.124167 0.075350 0.020823 0.024161 
0.029510 0.106663 0.057081 0.051025 0.032984 0.066814 0.097273 0.113381 0.076592 0.081281 0.118042 0.097267 0.031075 0.041013 
0.031501 0.164570 0.035471 0.016490 0.104750 0.066770 0.040815 0.077779 0.051454 0.091046 0.108824 0.120479 0.028581 0.061470 
0.042457 0.067065 0.091229 0.026276 0.061976 0.083852 0.098336 0.070816 0.112987 0.130197 0.051344 0.102594 0.018865 0.042006 
0.024237 0.115053 0.023763 0.019360 0.110439 0.130231 0.069514 0.097356 0.067768 0.054780 0.145597 0.078602 0.035888 0.027411 
0.031988 0.089855 0.050588 0.036393 0.039575 0.083392 0.079237 0.117656 0.085143 0.108050 0.040308 0.135708 0.020379 0.081725 
0.047037 0.117299 0.055602 0.025522 0.054559 0.065777 0.086688 0.094426 0.080832 0.091813 0.098388 0.120816 0.023287 0.037954 
0.026970 0.124119 0.029294 0.016473 0.151037 0.075795 0.048774 0.087763 0.051953 0.066145 0.158054 0.096387 0.035914 0.031322 
0.025559 0.147535 0.025051 0.027312 0.117337 0.067585 0.065358 0.074486 0.061484 0.075969 0.148863 0.090916 0.037028 0.035518 
0.019619 0.172604 0.018203 0.013023 0.119335 0.068522 0.046330 0.072147 0.051156 0.078613 0.144186 0.100579 0.032352 0.063330 
0.026044 0.147654 0.017102 0.011420 0.093105 0.113603 0.051738 0.093883 0.073657 0.070584 0.148439 0.083145 0.030496 0.039130 
0.033046 0.108878 0.080081 0.071117 0.074273 0.071748 0.057473 0.081177 0.081601 0.080007 0.077762 0.071528 0.067753 0.043556 
0.035947 0.105554 0.064430 0.041897 0.065444 0.092020 0.061797 0.081300 0.100336 0.101082 0.097970 0.090392 0.019928 0.041902 
0.050805 0.074275 0.045990 0.023663 0.159025 0.093420 0.073263 0.123484 0.073564 0.049825 0.096446 0.072481 0.047790 0.015969 
0.033161 0.100858 0.028214 0.020892 0.078626 0.108413 0.107517 0.130919 0.122378 0.046762 0.086148 0.085824 0.032946 0.017342 
0.035231 0.096775 0.029916 0.019974 0.076822 0.108413 0.107699 0.130614 0.123900 0.047208 0.081726 0.088880 0.035682 0.017159 
0.031077 0.108210 0.086627 0.025252 0.069711 0.106446 0.074352 0.079211 0.087301 0.095800 0.102447 0.071287 0.028225 0.034053 
0.023678 0.139015 0.026371 0.017118 0.113468 0.072374 0.048228 0.082233 0.052972 0.079774 0.163370 0.099504 0.033314 0.048581 
0.241145 0.058318 0.056084 0.015309 0.030837 0.136045 0.074243 0.058089 0.048836 0.015435 0.043853 0.033225 0.024753 0.163827 
0.032246 0.105668 0.041338 0.027183 0.105112 0.097513 0.054577 0.102711 0.083370 0.059863 0.134941 0.091164 0.033487 0.030827 
0.070562 0.076642 0.038011 0.021638 0.188558 0.083253 0.070162 0.132334 0.069830 0.052411 0.091899 0.064390 0.023069 0.017242 
0.025597 0.109802 0.031951 0.025052 0.099878 0.090585 0.063528 0.100559 0.076680 0.062547 0.136079 0.089857 0.055472 0.032414 
0.053947 0.077078 0.043785 0.024797 0.162331 0.088182 0.067960 0.126283 0.075038 0.051221 0.096537 0.069383 0.047798 0.015660 
0.054416 0.085162 0.045062 0.018848 0.153625 0.093988 0.063370 0.125398 0.070088 0.049181 0.113767 0.068712 0.039129 0.019254 
0.036432 0.082021 0.105003 0.032703 0.061160 0.067462 0.105273 0.048451 0.097181 0.104023 0.060777 0.122194 0.023303 0.054018 
0.034826 0.067528 0.091355 0.023346 0.075399 0.099403 0.081505 0.141511 0.083849 0.082872 0.074729 0.068721 0.037172 0.037783 
0.028021 0.126570 0.031943 0.041051 0.063826 0.067253 0.056484 0.100981 0.081406 0.116590 0.074927 0.122230 0.027447 0.061272 
0.044638 0.100067 0.069010 0.046298 0.050702 0.080704 0.077545 0.077877 0.105987 0.068237 0.088022 0.118762 0.042436 0.029716 
0.172944 0.074897 0.025232 0.014522 0.047160 0.077716 0.048167 0.080517 0.048425 0.020907 0.097840 0.046017 0.056545 0.189111 
0.050040 0.088160 0.064067 0.052200 0.070958 0.079589 0.086298 0.108664 0.079631 0.074512 0.071648 0.083118 0.053214 0.037902 
0.027607 0.053820 0.053580 0.026063 0.052599 0.164751 0.135189 0.088722 0.211713 0.043313 0.028280 0.090059 0.011407 0.012896 
0.261515 0.070868 0.042187 0.007682 0.048608 0.105158 0.053622 0.073054 0.046729 0.026729 0.063874 0.031307 0.023797 0.144871 
0.027370 0.150337 0.033665 0.014427 0.138354 0.067188 0.041035 0.066583 0.047034 0.082027 0.161426 0.101016 0.028107 0.041432 
