-9966772.041272
0
0.000000 0.000000 0.000000 0.000000 0.000000 0.018199 0.000000 0.000000 0.000000 0.000000 0.000000 0.000000 0.000000 0.000000 0.000000 0.000000 0.000000 0.000000 0.000376 0.000000 0.000000 0.000000 0.018622 0.029414 0.000000 0.000000 0.000000 0.000000 0.000000 0.000000 0.000000 0.000000 0.000000 0.060278 0.000000 0.000000 0.000000 0.000000 0.000000 0.000000 0.000000 0.000000 0.000000 0.000000 0.000000 0.000000 0.000000 0.000000 0.000000 0.000000 0.000000 0.000000 0.000000 0.000000 0.000000 0.000000 0.000000 0.000000 0.000000 0.000000 0.000000 0.000000 0.000000 0.000000 0.068171 0.000000 0.000000 0.000000 0.010355 0.000000 0.046358 0.000000 0.000000 0.000000 0.000000 0.345855 0.000000 0.000000 0.000000 0.000000 0.000000 0.000000 0.000000 0.384411 0.000000 0.017936 0.000000 0.000000 0.000000 0.000000 0.000000 0.000000 0.000000 0.000000 0.000000 0.000000 
0.000000 0.000000 0.000000 0.000000 0.000000 0.000000 0.000000 0.000000 0.000000 0.000000 0.000000 0.000000 0.000000 0.000000 0.000000 0.000000 0.000000 0.000000 0.000000 0.000000 0.008852 0.000000 0.000000 0.000000 0.000000 0.000000 0.000000 0.000000 0.000000 0.000000 0.000000 0.000000 0.000000 0.142638 0.000000 0.000000 0.000000 0.000000 0.000000 0.000000 0.000000 0.000000 0.000000 0.000000 0.000000 0.000000 0.000000 0.000000 0.000000 0.000000 0.000000 0.000000 0.000000 0.000000 0.000000 0.000000 0.045449 0.000000 0.654469 0.000000 0.000000 0.000000 0.000000 0.000000 0.000000 0.000000 0.096279 0.000000 0.000000 0.000000 0.000000 0.030810 0.000000 0.000000 0.000000 0.000000 0.000000 0.000000 0.000000 0.000000 0.000000 0.001193 0.020285 0.000000 0.000000 0.000000 0.000000 0.000000 0.000000 0.000000 0.000000 0.000000 0.000000 0.000000 0.000000 0.000000 
0.000000 0.000000 0.000000 0.000000 0.000000 0.000000 0.000000 0.000000 0.000000 0.000000 0.000000 0.000000 0.000000 0.000000 0.000000 0.000000 0.000000 0.000000 0.000000 0.000000 0.000000 0.000000 0.000000 0.000000 0.000000 0.000000 0.062902 0.000000 0.000000 0.000000 0.000000 0.000000 0.000000 0.255991 0.000000 0.000000 0.000000 0.000000 0.000000 0.000000 0.000000 0.059116 0.000000 0.000000 0.000000 0.000000 0.000000 0.000000 0.000000 0.057426 0.035162 0.000000 0.000000 0.000000 0.000000 0.000000 0.000000 0.000000 0.000000 0.000000 0.000000 0.000000 0.000000 0.000000 0.000000 0.000000 0.000000 0.000000 0.000000 0.000000 0.000000 0.000000 0.079807 0.000000 0.000000 0.000000 0.000000 0.000000 0.000000 0.078556 0.000000 0.345107 0.000000 0.000000 0.000000 0.000000 0.000000 0.025911 0.000000 0.000000 0.000000 0.000000 0.000000 0.000000 0.000000 0.000000 
0.000000 0.000000 0.000000 0.000000 0.000000 0.000000 0.000000 0.000000 0.000000 0.000000 0.415883 0.000000 0.007206 0.000000 0.000000 0.000000 0.000000 0.049415 0.000000 0.000000 0.000000 0.000000 0.000000 0.000000 0.019194 0.000000 0.000000 0.000000 0.000000 0.000000 0.000000 0.023946 0.293118 0.000000 0.000000 0.000000 0.000000 0.000000 0.000000 0.000000 0.000000 0.000000 0.000000 0.001182 0.007370 0.023992 0.000000 0.000000 0.047053 0.000000 0.000000 0.000000 0.000000 0.000000 0.000000 0.021766 0.000000 0.000000 0.000000 0.000000 0.005953 0.000000 0.020024 0.000000 0.000000 0.000000 0.000000 0.000000 0.000000 0.000000 0.000000 0.000000 0.000000 0.000000 0.000000 0.000000 0.000000 0.000000 0.018574 0.000000 0.000000 0.000000 0.000000 0.000000 0.000000 0.000000 0.000014 0.000000 0.000000 0.000000 0.000000 0.045288 0.000000 0.000000 0.000000 0.000000 
0.000000 0.000000 0.000000 0.000000 0.000000 0.000000 0.000000 0.000000 0.000000 0.000000 0.000000 0.000000 0.000000 0.000000 0.000000 0.000000 0.000000 0.000000 0.000000 0.000000 0.000000 0.000000 0.000000 0.000000 0.000000 0.000000 0.000000 0.190721 0.000000 0.000000 0.000000 0.000000 0.000000 0.000000 0.000000 0.000000 0.000000 0.000000 0.000000 0.000000 0.000000 0.000000 0.000000 0.000000 0.000000 0.000000 0.000000 0.000000 0.000000 0.000000 0.000000 0.000000 0.017832 0.000000 0.000000 0.000000 0.000000 0.000924 0.000000 0.000000 0.000000 0.000000 0.000000 0.014928 0.000000 0.000164 0.000000 0.000000 0.000000 0.000000 0.000000 0.000000 0.000000 0.000000 0.000000 0.000000 0.000000 0.000000 0.000000 0.000000 0.209862 0.565544 0.000000 0.000000 0.000000 0.000000 0.000000 0.000000 0.000000 0.000000 0.000000 0.000000 0.000000 0.000000 0.000000 0.000000 
0.000000 0.000000 0.000000 0.000000 0.000000 0.000000 0.000000 0.000000 0.000000 0.000000 0.000000 0.000000 0.000000 0.000000 0.000000 0.000000 0.000000 0.000000 0.000000 0.000000 0.000000 0.000000 0.000000 0.000000 0.000000 0.000000 0.000000 0.000000 0.000000 0.000000 0.000000 0.000000 0.000000 0.000000 0.000000 0.000000 0.000000 0.000000 0.000000 0.000000 0.000417 0.000000 0.000000 0.000000 0.000000 0.000000 0.000000 0.000000 0.000000 0.000000 0.000000 0.000000 0.000000 0.000000 0.000000 0.000000 0.109782 0.000000 0.000000 0.000000 0.000000 0.000000 0.000000 0.000000 0.000000 0.000000 0.000000 0.000000 0.000000 0.000000 0.000000 0.000000 0.000000 0.000000 0.000000 0.000000 0.000000 0.000000 0.000000 0.000000 0.000000 0.000616 0.873641 0.000000 0.000000 0.000000 0.000000 0.000000 0.000000 0.000000 0.015517 0.000000 0.000000 0.000000 0.000000 0.000000 
0.000000 0.000000 0.000000 0.000000 0.000000 0.000000 0.000000 0.000000 0.000000 0.000000 0.000000 0.000000 0.000000 0.000000 0.021666 0.027579 0.000000 0.000000 0.000000 0.000000 0.000000 0.000000 0.000000 0.000000 0.067425 0.000000 0.000000 0.000000 0.020099 0.000000 0.021538 0.000000 0.000000 0.000000 0.000000 0.338026 0.000000 0.026395 0.000000 0.018899 0.000000 0.000000 0.000000 0.000000 0.000000 0.000000 0.038503 0.066479 0.000000 0.000000 0.000000 0.000000 0.000000 0.000000 0.000000 0.000000 0.000000 0.096172 0.000000 0.000000 0.006157 0.000000 0.000000 0.000000 0.000000 0.000000 0.000000 0.096328 0.000000 0.019670 0.000000 0.000000 0.000000 0.000000 0.029233 0.000000 0.000000 0.000000 0.000000 0.000000 0.000000 0.000000 0.000000 0.000000 0.011267 0.000000 0.000000 0.000000 0.039033 0.055509 0.000000 0.000000 0.000000 0.000000 0.000000 0.000000 
0.040865 0.000000 0.022635 0.000000 0.000000 0.000000 0.015695 0.018920 0.002090 0.153966 0.000000 0.000000 0.008952 0.000000 0.000000 0.000000 0.055715 0.000000 0.000000 0.000503 0.000000 0.015132 0.000000 0.000000 0.000000 0.091420 0.000000 0.000000 0.000000 0.019076 0.000000 0.000000 0.000000 0.000000 0.000000 0.000000 0.000000 0.000000 0.000000 0.000000 0.000000 0.000000 0.117739 0.066366 0.000000 0.000000 0.000000 0.000000 0.000000 0.000000 0.000000 0.078777 0.000000 0.030222 0.000000 0.000000 0.000000 0.000000 0.000000 0.000000 0.000000 0.005795 0.000000 0.000000 0.000000 0.079418 0.000000 0.000000 0.000000 0.000000 0.000000 0.000000 0.000000 0.000000 0.000000 0.000000 0.064543 0.000000 0.000000 0.000000 0.000000 0.000000 0.000000 0.000000 0.000000 0.000000 0.000000 0.000000 0.000000 0.000000 0.000000 0.000000 0.000000 0.000000 0.017408 0.094742 
0.003337 0.036312 0.000000 0.040018 0.020850 0.000000 0.000000 0.000000 0.085584 0.000000 0.000000 0.088647 0.000000 0.023672 0.000000 0.000000 0.000000 0.000000 0.000000 0.045757 0.000000 0.000000 0.000000 0.000000 0.000000 0.000000 0.000000 0.000000 0.000000 0.000000 0.000000 0.000000 0.000000 0.000000 0.016293 0.000000 0.010107 0.000000 0.040520 0.008264 0.036092 0.000000 0.000000 0.000000 0.000000 0.000000 0.000000 0.000000 0.000000 0.000000 0.000000 0.000000 0.000000 0.000000 0.021002 0.000000 0.000000 0.223352 0.000000 0.221101 0.000000 0.012898 0.000000 0.000000 0.018037 0.000000 0.002994 0.000000 0.000000 0.000000 0.000000 0.000000 0.000000 0.000000 0.000000 0.000000 0.000000 0.000000 0.000000 0.000000 0.007567 0.000000 0.000000 0.000000 0.000000 0.000000 0.000000 0.000225 0.000000 0.000000 0.000000 0.000000 0.012635 0.024717 0.000000 0.000000 
0.000000 0.000000 0.000000 0.000000 0.000000 0.000000 0.000000 0.000000 0.000000 0.000000 0.000000 0.000000 0.000000 0.000000 0.000000 0.000000 0.000000 0.000000 0.103607 0.000000 0.000000 0.000000 0.000000 0.000000 0.000000 0.000000 0.000000 0.000000 0.000000 0.000000 0.000000 0.000000 0.000000 0.000000 0.512085 0.001105 0.000000 0.000000 0.000000 0.000000 0.000000 0.000000 0.000000 0.000000 0.000000 0.000000 0.000000 0.000000 0.000000 0.000000 0.000000 0.000000 0.000000 0.000000 0.000000 0.000000 0.000000 0.000000 0.000000 0.000000 0.000000 0.000000 0.000000 0.000000 0.000000 0.000000 0.000000 0.000000 0.000000 0.000000 0.000000 0.000000 0.000000 0.076580 0.000000 0.000000 0.000000 0.040191 0.000000 0.000000 0.206227 0.000000 0.000000 0.000000 0.000000 0.000000 0.014751 0.000000 0.000000 0.000000 0.045430 0.000000 0.000000 0.000000 0.000000 0.000000 
0.101650 0.099622 0.099384 0.102862 0.100018 0.099297 0.101202 0.097657 0.098614 0.099693 
0.125410 0.071904 0.116440 0.090656 0.091014 0.095341 0.124099 0.109343 0.104595 0.071197 
0.102796 0.103150 0.093685 0.086821 0.108018 0.102988 0.110583 0.090230 0.102074 0.099655 
0.107545 0.109208 0.090580 0.086656 0.100069 0.089261 0.105802 0.103919 0.107661 0.099298 
0.102078 0.105285 0.093802 0.097378 0.104000 0.098411 0.096643 0.105348 0.098087 0.098968 
0.098868 0.098875 0.100607 0.099540 0.099015 0.100802 0.099280 0.101076 0.101083 0.100854 
0.099661 0.098255 0.099509 0.100064 0.101479 0.100779 0.099083 0.102498 0.100245 0.098427 
0.116719 0.098939 0.130328 0.091816 0.120419 0.084327 0.097552 0.084997 0.093332 0.081571 
0.097952 0.099928 0.099792 0.102485 0.100484 0.100265 0.101001 0.100347 0.101259 0.096486 
0.092357 0.104709 0.100904 0.101902 0.100808 0.095338 0.098974 0.095320 0.104207 0.105481 
0.096610 0.097627 0.097192 0.098693 0.098429 0.098005 0.099147 0.099600 0.103250 0.111448 
0.097723 0.098271 0.106027 0.098189 0.098453 0.097713 0.101033 0.104126 0.099041 0.099425 
breast
0.064209 0.025987 0.050847 0.153801 0.051440 0.045538 0.090262 0.226076 0.205015 0.086825 
0.062239 0.041706 0.116288 0.129646 0.062310 0.054598 0.119461 0.155146 0.183016 0.075589 
0.098506 0.039408 0.053404 0.136667 0.053593 0.033611 0.149324 0.196944 0.175010 0.063532 
0.098318 0.039333 0.053302 0.136407 0.054386 0.033567 0.147135 0.196569 0.176596 0.064386 
0.080787 0.048793 0.071617 0.145558 0.056275 0.041085 0.126953 0.165878 0.203509 0.059544 
0.071828 0.062551 0.084165 0.127719 0.057758 0.034080 0.145761 0.153891 0.179088 0.083158 
0.054351 0.031002 0.111260 0.140038 0.067045 0.041778 0.146290 0.132616 0.199642 0.075978 
0.075283 0.064626 0.080151 0.177650 0.044982 0.083458 0.144482 0.118003 0.158785 0.052581 
0.193727 0.044335 0.067799 0.105516 0.040850 0.040197 0.141643 0.150149 0.168509 0.047275 
0.083856 0.037960 0.091201 0.154593 0.071744 0.032354 0.127637 0.168428 0.158014 0.074212 
0.074986 0.058759 0.087877 0.130609 0.102118 0.054148 0.108282 0.141255 0.187439 0.054527 
0.086777 0.065192 0.076453 0.127163 0.078605 0.039770 0.121181 0.147322 0.167321 0.090217 
0.083946 0.026362 0.136045 0.100017 0.085483 0.040882 0.115820 0.167413 0.153835 0.090198 
0.058302 0.064851 0.125473 0.136538 0.090234 0.046668 0.085761 0.158822 0.170454 0.062897 
0.098344 0.048955 0.094642 0.153806 0.059989 0.074957 0.091505 0.111050 0.196994 0.069757 
0.050340 0.051522 0.090495 0.153656 0.078776 0.048213 0.101173 0.169219 0.173183 0.083422 
0.107143 0.036470 0.112614 0.130175 0.068625 0.040984 0.150996 0.160401 0.146513 0.046080 
0.059868 0.028690 0.083289 0.168640 0.066671 0.032278 0.099175 0.186337 0.198103 0.076950 
0.071773 0.071570 0.084046 0.121698 0.074113 0.030410 0.076191 0.194534 0.160905 0.114760 
0.107328 0.044611 0.092197 0.130164 0.068751 0.067288 0.096478 0.137920 0.184730 0.070535 
0.104077 0.033910 0.081543 0.119457 0.063029 0.006369 0.199566 0.145501 0.195294 0.051255 
0.070232 0.037156 0.088899 0.117622 0.051551 0.042811 0.140820 0.137285 0.235020 0.078603 
0.108187 0.022454 0.063558 0.110642 0.068053 0.021881 0.168054 0.170592 0.200266 0.066313 
0.085891 0.013092 0.055329 0.167553 0.082555 0.017195 0.109800 0.243115 0.158727 0.066740 
0.041690 0.065567 0.090402 0.149028 0.048148 0.054896 0.124193 0.170713 0.152346 0.103018 
0.196225 0.064515 0.009535 0.119195 0.003012 0.003583 0.277575 0.202824 0.110905 0.012629 
0.067883 0.036086 0.108456 0.162115 0.052926 0.028943 0.164953 0.152994 0.186712 0.038932 
0.102258 0.040444 0.112781 0.135001 0.071536 0.041909 0.123024 0.178632 0.141964 0.052451 
0.073773 0.061748 0.093465 0.142228 0.049348 0.042469 0.157679 0.124336 0.173979 0.080975 
0.234695 0.091708 0.003219 0.097761 0.001171 0.000764 0.214844 0.237598 0.115988 0.002251 
0.082473 0.039770 0.087233 0.161795 0.076885 0.032331 0.110540 0.172318 0.166070 0.070585 
0.092014 0.043275 0.067323 0.127385 0.085089 0.051016 0.083140 0.169767 0.185912 0.095080 
0.118199 0.047641 0.102963 0.094758 0.081212 0.035232 0.108466 0.141438 0.202370 0.067720 
0.093268 0.051458 0.105193 0.097844 0.061017 0.037247 0.141057 0.126369 0.205873 0.080674 
0.098780 0.024993 0.094096 0.137243 0.086280 0.021085 0.119377 0.197519 0.166252 0.054375 
0.080841 0.067621 0.077196 0.110557 0.055118 0.047513 0.152061 0.179700 0.157771 0.071623 
0.083931 0.046981 0.067911 0.096105 0.058700 0.031772 0.147086 0.152760 0.232654 0.082100 
0.060136 0.050411 0.079567 0.146689 0.071931 0.054697 0.114224 0.170151 0.158585 0.093609 
0.057358 0.036946 0.131961 0.111643 0.105808 0.017851 0.148832 0.138634 0.169390 0.081577 
0.062758 0.050905 0.111596 0.163726 0.083296 0.057474 0.114279 0.136625 0.160785 0.058557 
0.073107 0.079177 0.084037 0.107069 0.069259 0.074056 0.147705 0.070256 0.219102 0.076233 
0.055172 0.054465 0.089172 0.136578 0.071071 0.030776 0.132173 0.177804 0.159545 0.093244 
0.082065 0.048131 0.093448 0.171189 0.081495 0.048936 0.091205 0.115003 0.173648 0.094880 
0.105917 0.036039 0.064303 0.113806 0.073841 0.039987 0.146951 0.173391 0.175092 0.070674 
0.027403 0.064738 0.057711 0.066024 0.084833 0.048593 0.084294 0.191238 0.259423 0.115743 
0.085515 0.029239 0.069791 0.171356 0.078074 0.025724 0.112616 0.200697 0.154462 0.072526 
0.086865 0.040727 0.101781 0.138642 0.065826 0.032874 0.157206 0.126435 0.167728 0.081916 
0.058226 0.026569 0.111384 0.177197 0.078580 0.028605 0.089009 0.176074 0.192643 0.061713 
0.062980 0.046387 0.078998 0.138543 0.023910 0.021923 0.173317 0.192962 0.153433 0.107547 
0.095333 0.053931 0.075172 0.106306 0.068276 0.038504 0.155319 0.162374 0.156639 0.088147 
0.079611 0.033824 0.103557 0.158602 0.108699 0.039715 0.118423 0.138314 0.154019 0.065236 
0.094995 0.052376 0.152932 0.158578 0.094664 0.027382 0.064396 0.141289 0.147356 0.066032 
0.064095 0.041905 0.078551 0.125157 0.083323 0.048166 0.123742 0.145773 0.184263 0.105025 
0.084822 0.059903 0.071793 0.165678 0.052990 0.064590 0.108177 0.183203 0.146971 0.061873 
endometrium
0.259629 0.062283 0.069652 0.043839 0.018434 0.297452 0.067637 0.091403 0.060464 0.029207 
0.041563 0.115398 0.047417 0.112447 0.059812 0.090649 0.106802 0.127522 0.166059 0.132332 
0.018233 0.140381 0.063444 0.133239 0.074383 0.093699 0.084882 0.107778 0.165043 0.118919 
0.029976 0.182630 0.035792 0.125688 0.061847 0.078688 0.077282 0.094552 0.183186 0.130358 
0.026863 0.175122 0.034295 0.164787 0.046284 0.104674 0.075741 0.099052 0.136678 0.136504 
0.232424 0.089851 0.046228 0.050559 0.026011 0.265481 0.087215 0.096425 0.062384 0.043423 
0.030506 0.170732 0.053253 0.153520 0.044033 0.097456 0.061686 0.088934 0.122755 0.177126 
0.017779 0.230827 0.019031 0.229917 0.035383 0.109818 0.040735 0.048636 0.095607 0.172268 
0.023120 0.182528 0.038713 0.147039 0.035107 0.111310 0.041371 0.112098 0.166010 0.142705 
0.067693 0.181612 0.039022 0.117207 0.116289 0.057300 0.063973 0.123906 0.156904 0.076092 
0.073239 0.129591 0.045996 0.100466 0.020265 0.031350 0.140653 0.212668 0.128815 0.116957 
0.242647 0.088128 0.043914 0.051093 0.033739 0.254647 0.073258 0.103457 0.068815 0.040303 
0.117547 0.116882 0.037469 0.089553 0.116758 0.090059 0.063165 0.125319 0.169038 0.074210 
0.064707 0.107161 0.049381 0.103931 0.090076 0.076358 0.091647 0.134291 0.174096 0.108352 
0.042899 0.132866 0.050831 0.151448 0.059881 0.077130 0.086822 0.128072 0.111283 0.158766 
0.035837 0.157820 0.041621 0.131298 0.067875 0.093602 0.098272 0.096545 0.145847 0.131284 
0.081940 0.059409 0.166714 0.110099 0.077033 0.041514 0.065533 0.171474 0.051321 0.174962 
0.041303 0.155808 0.053209 0.113047 0.065880 0.091302 0.092693 0.093067 0.160550 0.133141 
0.162399 0.165297 0.026140 0.082698 0.060782 0.198045 0.055485 0.072937 0.080194 0.096023 
0.013791 0.123630 0.043064 0.179582 0.035594 0.094505 0.059459 0.123986 0.167906 0.158484 
0.025407 0.170908 0.037025 0.122875 0.053298 0.100827 0.077486 0.089991 0.163358 0.158826 
0.031888 0.168178 0.030420 0.149192 0.053349 0.108065 0.075746 0.107187 0.145179 0.130795 
0.345305 0.044670 0.062981 0.039655 0.032214 0.234039 0.060258 0.088147 0.063713 0.029020 
0.048219 0.136750 0.045185 0.113388 0.060741 0.073929 0.105906 0.127312 0.157716 0.130857 
0.061691 0.116650 0.038926 0.107285 0.060588 0.065593 0.135528 0.125501 0.173568 0.114672 
0.041306 0.122632 0.064597 0.131394 0.077453 0.077461 0.084185 0.136955 0.153126 0.110890 
0.030992 0.192169 0.042318 0.134888 0.038998 0.091306 0.088976 0.088753 0.146476 0.145124 
0.336946 0.048635 0.054044 0.047721 0.023964 0.204069 0.069377 0.116788 0.063366 0.035089 
0.026516 0.341076 0.019437 0.147061 0.037371 0.065662 0.057425 0.069367 0.161378 0.074706 
0.051746 0.166678 0.059064 0.120790 0.061588 0.065633 0.088813 0.133383 0.159261 0.093045 
0.025012 0.150265 0.037441 0.187312 0.054557 0.124002 0.056617 0.070453 0.118059 0.176284 
0.340891 0.059884 0.048505 0.038781 0.038024 0.215499 0.059199 0.088965 0.067589 0.042663 
0.039183 0.139714 0.050963 0.134584 0.059970 0.109300 0.076220 0.106391 0.179865 0.103811 
0.029394 0.144485 0.041502 0.145165 0.078760 0.075737 0.081116 0.137152 0.153758 0.112933 
0.028906 0.112015 0.057674 0.129392 0.053541 0.095537 0.104427 0.096918 0.171590 0.149999 
0.034516 0.168027 0.042279 0.136319 0.049067 0.084909 0.088182 0.107452 0.132371 0.156879 
0.132636 0.152891 0.039563 0.078203 0.069640 0.146602 0.073979 0.105154 0.112027 0.089306 
0.062183 0.146304 0.051953 0.133029 0.019259 0.027926 0.150503 0.173355 0.094883 0.140606 
0.024528 0.164962 0.039339 0.171165 0.044752 0.088359 0.067534 0.104124 0.152448 0.142789 
0.030317 0.164448 0.036700 0.139843 0.054668 0.127556 0.075635 0.088111 0.158750 0.123973 
0.270497 0.067486 0.059326 0.048273 0.016487 0.295685 0.063069 0.095011 0.052676 0.031490 
0.032831 0.090281 0.159245 0.156858 0.041799 0.049655 0.114569 0.154911 0.103924 0.095926 
0.102374 0.015894 0.189200 0.035177 0.160175 0.079387 0.022973 0.177915 0.032080 0.184825 
0.021789 0.172000 0.045546 0.142169 0.075780 0.085413 0.036986 0.080148 0.137062 0.203107 
0.011972 0.240806 0.020582 0.229999 0.016671 0.099634 0.037625 0.064891 0.078412 0.199407 
0.036406 0.131502 0.043581 0.141736 0.052116 0.084232 0.086534 0.128336 0.177638 0.117921 
0.039811 0.112856 0.051328 0.119107 0.045654 0.071181 0.081415 0.188226 0.151852 0.138570 
0.040068 0.139126 0.044486 0.146783 0.037743 0.077983 0.074481 0.119710 0.177296 0.142324 
0.052203 0.148595 0.047128 0.115652 0.058926 0.115707 0.060037 0.099242 0.157549 0.144961 
0.047408 0.159534 0.053176 0.155141 0.032990 0.082079 0.086788 0.114030 0.144151 0.124704 
0.029514 0.163689 0.037347 0.137073 0.051935 0.121260 0.086217 0.109935 0.122326 0.140704 
0.069112 0.094922 0.084816 0.115789 0.074516 0.077003 0.073957 0.121344 0.144684 0.143856 
0.050570 0.162364 0.030472 0.096842 0.069479 0.078389 0.086657 0.114047 0.174541 0.136640 
0.372488 0.056709 0.074700 0.058548 0.021476 0.193905 0.045865 0.085339 0.064274 0.026697 
0.043661 0.141225 0.053337 0.133604 0.074702 0.047322 0.115544 0.096014 0.173133 0.121459 
0.024313 0.158090 0.042284 0.132999 0.064104 0.097147 0.080258 0.079739 0.161822 0.159244 
0.033263 0.208441 0.034817 0.121715 0.051236 0.076130 0.070198 0.097513 0.150867 0.155821 
0.060249 0.264768 0.023687 0.154773 0.025618 0.167572 0.039220 0.061079 0.063950 0.139084 
0.344515 0.054336 0.060797 0.041965 0.040745 0.201593 0.059867 0.096582 0.067060 0.032541 
0.085044 0.080407 0.068911 0.091803 0.023077 0.027025 0.168426 0.217703 0.091868 0.145736 
0.011334 0.182504 0.049947 0.170077 0.038715 0.093523 0.066243 0.095203 0.121160 0.171294 
0.032387 0.149573 0.035337 0.146790 0.062017 0.093188 0.086014 0.107235 0.155488 0.131971 
0.299231 0.064899 0.048774 0.057095 0.030377 0.261840 0.047155 0.073431 0.062961 0.054237 
0.023910 0.158602 0.052174 0.138500 0.044885 0.102395 0.073337 0.102170 0.156838 0.147189 
0.018633 0.189683 0.044413 0.172585 0.059430 0.096056 0.059635 0.098411 0.119069 0.142086 
0.031305 0.190564 0.043887 0.136665 0.050715 0.097509 0.060767 0.108150 0.141704 0.138734 
0.157212 0.163678 0.046972 0.103143 0.057625 0.116871 0.058026 0.099551 0.128273 0.068647 
0.052792 0.174977 0.030217 0.141022 0.032788 0.083253 0.109742 0.102596 0.144608 0.128004 
0.046514 0.123421 0.059378 0.110458 0.054445 0.089367 0.090239 0.123830 0.204848 0.097499 
0.030695 0.145952 0.052410 0.144678 0.053931 0.071753 0.077872 0.122058 0.159847 0.140804 
0.010038 0.223977 0.018052 0.224495 0.043300 0.119669 0.034861 0.047668 0.086396 0.191545 
0.025098 0.190170 0.038648 0.179284 0.032673 0.081634 0.074950 0.090350 0.143817 0.143375 
0.098043 0.043844 0.133710 0.092230 0.147305 0.113416 0.042951 0.093589 0.069716 0.165196 
0.297810 0.052275 0.056081 0.044585 0.021570 0.298610 0.047578 0.088807 0.051954 0.040731 
0.208750 0.088691 0.043965 0.058598 0.025038 0.319027 0.064119 0.092987 0.061739 0.037087 
0.021873 0.185404 0.035164 0.171368 0.045413 0.097875 0.057133 0.093644 0.142549 0.149579 
0.035362 0.133282 0.044210 0.159599 0.049019 0.089960 0.087435 0.097470 0.161191 0.142474 
0.024206 0.200467 0.063946 0.116035 0.046998 0.079279 0.064166 0.121413 0.145039 0.138452 
0.037370 0.189289 0.043517 0.136281 0.064323 0.066229 0.055319 0.159552 0.125959 0.122160 
0.017631 0.171333 0.052135 0.178959 0.038676 0.089249 0.071147 0.125380 0.108137 0.147353 
0.022458 0.154703 0.041993 0.125856 0.088789 0.087658 0.091290 0.104474 0.144582 0.138198 
0.047103 0.100818 0.084963 0.147283 0.063732 0.113096 0.078542 0.103215 0.156070 0.105178 
0.029466 0.145854 0.053968 0.126649 0.054601 0.106833 0.074668 0.111882 0.167139 0.128940 
0.025454 0.212534 0.045486 0.173892 0.054876 0.064895 0.066824 0.085823 0.126395 0.143821 
0.301874 0.058641 0.045711 0.052424 0.029182 0.253264 0.057404 0.087675 0.065078 0.048748 
0.036158 0.164528 0.025411 0.135160 0.031853 0.106859 0.084086 0.102525 0.126600 0.186821 
0.020258 0.125063 0.037535 0.154761 0.063448 0.101800 0.089372 0.126207 0.148495 0.133061 
0.072604 0.111411 0.031377 0.104375 0.047112 0.064190 0.146178 0.146345 0.172455 0.103955 
0.094818 0.031341 0.256511 0.079489 0.064498 0.042553 0.066098 0.176812 0.057859 0.130021 
large_intestine
0.035037 0.200997 0.045598 0.132112 0.064443 0.058109 0.083412 0.127444 0.107604 0.145243 
0.036428 0.234184 0.039270 0.102126 0.068704 0.062624 0.075204 0.135533 0.113190 0.132738 
0.049546 0.096224 0.060129 0.159198 0.027263 0.037127 0.106948 0.149732 0.196319 0.117515 
0.035964 0.089317 0.077568 0.128587 0.040339 0.064618 0.109411 0.171947 0.144460 0.137789 
0.038368 0.105861 0.063775 0.104516 0.022851 0.073678 0.098189 0.196015 0.154275 0.142471 
0.048518 0.223208 0.028510 0.128347 0.046324 0.077296 0.076986 0.114069 0.104179 0.152564 
0.344358 0.064814 0.055351 0.027697 0.022009 0.263626 0.042977 0.095196 0.059866 0.024105 
0.027804 0.253262 0.020405 0.160330 0.059353 0.077799 0.071123 0.081339 0.104458 0.144126 
0.031250 0.191199 0.034952 0.136815 0.066110 0.095029 0.069209 0.089445 0.131137 0.154854 
0.021406 0.253601 0.015113 0.230858 0.033174 0.100162 0.033064 0.052841 0.074077 0.185703 
0.017123 0.220479 0.016967 0.218953 0.052118 0.117476 0.041138 0.066787 0.063159 0.185800 
0.028731 0.291764 0.045216 0.136722 0.029977 0.047260 0.084674 0.089033 0.133494 0.113130 
0.026255 0.271812 0.038733 0.114531 0.057669 0.059112 0.090811 0.111577 0.123983 0.105518 
0.030817 0.221820 0.025097 0.186396 0.046923 0.093319 0.054999 0.079032 0.107665 0.153932 
0.040295 0.303992 0.044840 0.086566 0.039189 0.049015 0.091093 0.122200 0.146853 0.075957 
0.025257 0.219488 0.033408 0.171478 0.050600 0.075279 0.073717 0.107989 0.084847 0.157938 
0.071651 0.169422 0.054174 0.089133 0.055152 0.057496 0.107381 0.135224 0.166131 0.094236 
0.030267 0.199416 0.043759 0.150334 0.054353 0.086094 0.082581 0.113813 0.108141 0.131243 
0.023244 0.257540 0.026237 0.188354 0.052316 0.078995 0.047451 0.084825 0.077231 0.163807 
0.032655 0.151270 0.054091 0.107840 0.144077 0.054186 0.082130 0.155839 0.115182 0.102730 
0.032620 0.249683 0.035626 0.122460 0.063020 0.066027 0.076619 0.125191 0.108044 0.120710 
0.295108 0.068440 0.053880 0.033221 0.023917 0.163743 0.084261 0.175775 0.079692 0.021963 
0.043241 0.099376 0.064315 0.169959 0.029659 0.027333 0.081403 0.144399 0.190249 0.150065 
0.031797 0.217383 0.028576 0.157637 0.041478 0.095173 0.069603 0.087311 0.120247 0.150796 
0.052132 0.125497 0.128406 0.115495 0.049423 0.077685 0.058018 0.149702 0.097110 0.146532 
0.045887 0.167719 0.050283 0.144966 0.092428 0.092592 0.063847 0.139577 0.098136 0.104565 
0.039671 0.203377 0.025780 0.213650 0.050337 0.111968 0.076139 0.040908 0.109768 0.128401 
0.045677 0.106439 0.062456 0.166667 0.049777 0.064260 0.099212 0.147751 0.100275 0.157485 
0.031909 0.152385 0.057061 0.167582 0.066000 0.082961 0.068684 0.121114 0.118851 0.133455 
0.048668 0.157395 0.055667 0.131190 0.066691 0.055398 0.109273 0.145094 0.144754 0.085871 
0.045900 0.109322 0.068878 0.188272 0.020716 0.064954 0.105082 0.142530 0.102650 0.151697 
0.040487 0.144859 0.043727 0.214126 0.039515 0.108155 0.052128 0.089510 0.103102 0.164391 
0.069486 0.064759 0.116406 0.118934 0.047987 0.057694 0.084296 0.127184 0.114105 0.199149 
0.044664 0.165125 0.039660 0.119585 0.046898 0.057830 0.101510 0.147089 0.141995 0.135643 
0.073374 0.061633 0.056434 0.130233 0.018513 0.116890 0.092867 0.140865 0.134644 0.174547 
0.080523 0.122723 0.065205 0.176219 0.031429 0.049776 0.096045 0.120321 0.105841 0.151918 
0.031904 0.209197 0.037053 0.126442 0.086129 0.072764 0.079690 0.100078 0.134389 0.122354 
0.038189 0.191776 0.038558 0.172530 0.057513 0.064063 0.088147 0.090946 0.123819 0.134460 
0.023839 0.195482 0.024785 0.181848 0.043979 0.105591 0.070727 0.087554 0.108215 0.157981 
0.039322 0.174785 0.028905 0.156864 0.038401 0.063655 0.075643 0.131202 0.129465 0.161757 
0.054882 0.111783 0.110610 0.145414 0.095655 0.065351 0.073704 0.127876 0.105311 0.109416 
0.062450 0.112342 0.069183 0.161444 0.051608 0.057874 0.075479 0.121725 0.120725 0.167169 
0.063437 0.131028 0.055548 0.086621 0.122444 0.049823 0.102131 0.141666 0.160372 0.086932 
0.084982 0.132199 0.044146 0.108096 0.031067 0.040303 0.153018 0.152976 0.166029 0.087185 
0.085688 0.127404 0.046796 0.106744 0.030975 0.041331 0.155598 0.153054 0.166225 0.086185 
0.046553 0.109977 0.099146 0.143553 0.044533 0.056503 0.091177 0.109469 0.133595 0.165494 
0.038441 0.223752 0.034914 0.130477 0.050210 0.089672 0.074648 0.100845 0.117783 0.139258 
0.263843 0.056948 0.068193 0.046831 0.021804 0.203844 0.086656 0.146580 0.075190 0.030111 
0.046112 0.176468 0.046408 0.117609 0.045783 0.073378 0.085180 0.122331 0.157474 0.129257 
0.079134 0.130303 0.048101 0.087404 0.159580 0.044250 0.088010 0.142475 0.133920 0.086823 
0.039018 0.174735 0.043144 0.122466 0.046962 0.071356 0.093193 0.112494 0.172019 0.124613 
0.067128 0.131871 0.052128 0.090905 0.126284 0.045170 0.095451 0.143084 0.163785 0.084194 
0.070110 0.152820 0.056123 0.091233 0.111176 0.045167 0.088168 0.146800 0.150189 0.088215 
0.071347 0.075669 0.119403 0.133758 0.053002 0.080822 0.045977 0.155541 0.073656 0.190824 
0.057003 0.096959 0.112270 0.105494 0.051730 0.052915 0.111879 0.175565 0.120712 0.115473 
0.047388 0.093734 0.044712 0.195963 0.020851 0.093791 0.078386 0.108606 0.124964 0.191604 
0.092113 0.119039 0.082105 0.178880 0.032870 0.056400 0.098867 0.102416 0.115531 0.121779 
0.203330 0.133334 0.034182 0.043129 0.027946 0.237016 0.067085 0.118118 0.102917 0.032943 
0.064876 0.092444 0.080889 0.142590 0.086052 0.063710 0.096722 0.156074 0.110855 0.105787 
0.097746 0.031398 0.094545 0.093278 0.041205 0.025756 0.224437 0.096822 0.237712 0.057098 
0.271123 0.079385 0.052513 0.061890 0.029893 0.180454 0.066288 0.134126 0.074409 0.049920 
0.025315 0.218072 0.040466 0.154445 0.068310 0.071417 0.062966 0.087921 0.114950 0.156137 
0.024618 0.220010 0.041252 0.152539 0.065706 0.071887 0.065782 0.083996 0.119395 0.154816 
0.025908 0.202704 0.039474 0.165667 0.042332 0.085764 0.075758 0.098194 0.118077 0.146121 
0.023421 0.207625 0.040282 0.159724 0.041418 0.085696 0.088309 0.098308 0.119484 0.135732 
0.038985 0.118236 0.077060 0.161681 0.026508 0.047740 0.088011 0.148219 0.120994 0.172567 
0.036400 0.121504 0.079696 0.162392 0.026027 0.048896 0.090004 0.142972 0.120220 0.171890 
0.039440 0.130154 0.072857 0.157267 0.022861 0.055866 0.099280 0.141448 0.123214 0.157613 
0.036927 0.144991 0.070297 0.154937 0.023276 0.056619 0.097432 0.129769 0.119255 0.166496 
0.055036 0.123897 0.077014 0.153972 0.035923 0.071700 0.102289 0.133304 0.121003 0.125862 
0.053800 0.226262 0.034612 0.103394 0.037248 0.059656 0.107569 0.128091 0.127758 0.121611 
0.061147 0.121680 0.078501 0.097085 0.083446 0.062691 0.110490 0.105767 0.183832 0.095361 
0.027943 0.193820 0.038556 0.144414 0.048174 0.070843 0.088924 0.125497 0.121114 0.140715 
0.032683 0.276614 0.043485 0.097397 0.039658 0.066900 0.080358 0.088596 0.165555 0.108754 
0.038518 0.228312 0.042627 0.101297 0.029636 0.060474 0.105826 0.124005 0.165811 0.103495 
0.033278 0.230786 0.042365 0.115815 0.058965 0.050926 0.089261 0.122654 0.137263 0.118686 
0.027056 0.186136 0.034897 0.141233 0.051511 0.096423 0.071633 0.093526 0.142331 0.155254 
0.042145 0.213807 0.040173 0.117506 0.046402 0.049817 0.111191 0.135834 0.122068 0.121057 
0.042312 0.217874 0.041195 0.123016 0.043360 0.049013 0.102835 0.130887 0.125358 0.124151 
0.034566 0.138211 0.049826 0.114132 0.048566 0.071503 0.079182 0.130009 0.229890 0.104116 
0.072487 0.131109 0.057031 0.171900 0.026599 0.074734 0.085771 0.144441 0.110018 0.125909 
0.035724 0.106920 0.088628 0.128326 0.050614 0.096820 0.095731 0.138325 0.128750 0.130162 
0.306701 0.144869 0.049070 0.060359 0.040736 0.174897 0.054464 0.066567 0.055997 0.046339 
0.051379 0.128409 0.054064 0.110917 0.051825 0.054729 0.114263 0.166024 0.164099 0.104291 
0.070567 0.121254 0.067366 0.172448 0.036576 0.073388 0.058486 0.106783 0.169037 0.124094 
0.027377 0.306500 0.027829 0.119032 0.045273 0.069077 0.064070 0.077315 0.147154 0.116374 
0.044403 0.067071 0.066466 0.186696 0.039364 0.080067 0.092738 0.093854 0.128619 0.200721 
0.054109 0.078608 0.083391 0.151745 0.018308 0.077962 0.100630 0.143977 0.172051 0.119219 
0.029779 0.205010 0.028015 0.150881 0.057911 0.091287 0.068663 0.088699 0.129745 0.150010 
0.028021 0.174001 0.041501 0.125753 0.059903 0.079386 0.087606 0.123834 0.162608 0.117388 
0.074302 0.080077 0.078474 0.173455 0.035338 0.051729 0.085704 0.170205 0.122091 0.128624 
0.058399 0.063165 0.065978 0.166955 0.029641 0.087067 0.101340 0.165818 0.151426 0.110211 
0.077659 0.127909 0.070355 0.182731 0.044199 0.060214 0.085884 0.058826 0.115104 0.177118 
0.132315 0.070629 0.114738 0.146026 0.072934 0.045395 0.089082 0.106170 0.121024 0.101687 
0.043346 0.176003 0.047217 0.114877 0.055429 0.074833 0.090127 0.103553 0.178736 0.115877 
0.089579 0.099434 0.044954 0.135228 0.045940 0.047569 0.115481 0.138408 0.189308 0.094100 
0.083334 0.102236 0.079028 0.109461 0.076453 0.057299 0.093330 0.139635 0.158555 0.100668 
0.083165 0.075752 0.090314 0.139113 0.042671 0.050837 0.118936 0.143647 0.123373 0.132194 
0.029538 0.206171 0.043283 0.124910 0.030473 0.058949 0.101751 0.132836 0.120348 0.151740 
0.015572 0.107798 0.020893 0.197191 0.010240 0.253196 0.045455 0.047818 0.110693 0.191144 
0.042530 0.136228 0.036566 0.206183 0.020506 0.129596 0.063195 0.075219 0.101471 0.188507 
0.032560 0.104864 0.029002 0.236669 0.028188 0.189511 0.049884 0.068846 0.091013 0.169464 
0.061804 0.183522 0.024349 0.158620 0.030321 0.100416 0.079931 0.075108 0.117026 0.168902 
0.016225 0.216652 0.018504 0.190482 0.033951 0.102965 0.046782 0.081336 0.097687 0.195417 
0.020322 0.131343 0.048608 0.195272 0.015456 0.149000 0.056683 0.065537 0.089705 0.228075 
0.199312 0.106214 0.040122 0.058060 0.025533 0.257043 0.077440 0.110931 0.079518 0.045827 
0.046883 0.186650 0.060118 0.113331 0.035372 0.040588 0.118220 0.158701 0.119360 0.120777 
0.028739 0.245462 0.036202 0.187143 0.015430 0.089661 0.064270 0.071676 0.120714 0.140702 
0.026588 0.185206 0.033154 0.158278 0.042049 0.071490 0.091189 0.130332 0.121211 0.140503 
0.035398 0.205033 0.044355 0.142544 0.052221 0.070361 0.084498 0.107049 0.126819 0.131722 
0.017475 0.235275 0.025687 0.193509 0.036379 0.094807 0.062202 0.068525 0.078555 0.187586 
0.037321 0.187965 0.036497 0.149178 0.039516 0.080533 0.074732 0.113285 0.117862 0.163111 
0.033080 0.194171 0.028939 0.164466 0.040905 0.099428 0.072473 0.095270 0.117956 0.153311 
0.041195 0.230084 0.053034 0.147343 0.020771 0.060005 0.111136 0.084285 0.105472 0.146675 
0.033360 0.227370 0.033047 0.154339 0.037843 0.076150 0.076632 0.097967 0.121885 0.141409 
0.030169 0.200392 0.029917 0.142556 0.058514 0.082893 0.072617 0.107303 0.129087 0.146553 
0.020331 0.204402 0.031870 0.186194 0.044639 0.086199 0.062183 0.081483 0.105103 0.177596 
0.026285 0.191640 0.034704 0.142463 0.066553 0.075072 0.080451 0.114588 0.134123 0.134123 
0.038178 0.144710 0.043755 0.159912 0.043726 0.090308 0.074913 0.131369 0.104234 0.168895 
0.023068 0.220826 0.032453 0.157605 0.058787 0.077508 0.062115 0.084087 0.110000 0.173552 
0.027661 0.209744 0.029167 0.159863 0.040574 0.090249 0.076314 0.082270 0.120769 0.163390 
0.029826 0.177111 0.037103 0.173458 0.035129 0.105158 0.066918 0.101723 0.098704 0.174871 
0.023843 0.110928 0.030464 0.236840 0.013311 0.168452 0.045579 0.080763 0.072401 0.217419 
0.039203 0.175516 0.038052 0.146764 0.055878 0.075518 0.082529 0.093071 0.139626 0.153842 
0.019961 0.262956 0.022517 0.186005 0.043313 0.093622 0.043055 0.067364 0.082071 0.179136 
0.037828 0.188473 0.034345 0.149202 0.050524 0.096548 0.065409 0.093734 0.117228 0.166709 
0.034568 0.065545 0.154315 0.113076 0.069890 0.027714 0.118133 0.223849 0.109109 0.083801 
0.047680 0.113694 0.053411 0.165138 0.025910 0.092319 0.084792 0.101490 0.123495 0.192071 
0.049442 0.182105 0.033104 0.122342 0.064403 0.079991 0.080067 0.103189 0.156848 0.128507 
0.031353 0.201634 0.039952 0.166772 0.032718 0.081336 0.064925 0.125550 0.091348 0.164412 
0.024645 0.218732 0.025921 0.184322 0.037419 0.089116 0.060303 0.065284 0.081442 0.212816 
0.030685 0.197146 0.048386 0.128542 0.063685 0.076555 0.100485 0.114257 0.128878 0.111381 
0.049756 0.226811 0.033276 0.115048 0.036972 0.096134 0.085469 0.065282 0.121861 0.169390 
0.021462 0.111242 0.014365 0.243178 0.014325 0.226377 0.031349 0.054202 0.082650 0.200850 
0.037435 0.194054 0.033036 0.130811 0.057317 0.064872 0.085736 0.137095 0.128250 0.131393 
0.033316 0.213076 0.044758 0.125922 0.052972 0.087457 0.068856 0.117264 0.127452 0.128927 
0.039286 0.173922 0.039148 0.129862 0.044318 0.064702 0.089930 0.130587 0.155166 0.133078 
0.033793 0.201695 0.034848 0.143518 0.043303 0.087665 0.067641 0.117935 0.127444 0.142156 
0.039009 0.188488 0.043241 0.111139 0.047611 0.071343 0.087588 0.115911 0.152630 0.143039 
0.293628 0.077924 0.048632 0.046753 0.020458 0.228257 0.055943 0.115912 0.075711 0.036784 
0.027847 0.173476 0.039913 0.135723 0.039360 0.092256 0.083424 0.107036 0.119978 0.180988 
0.037505 0.082912 0.065839 0.146941 0.036340 0.019220 0.153118 0.156423 0.150726 0.150974 
0.037511 0.062118 0.026901 0.261778 0.022646 0.211473 0.039326 0.051077 0.079020 0.208150 
0.026559 0.199636 0.034235 0.167892 0.064784 0.082686 0.060818 0.088671 0.133457 0.141262 
0.046409 0.198004 0.043321 0.147355 0.048539 0.061299 0.094535 0.099927 0.131197 0.129415 
0.028503 0.080163 0.074669 0.198473 0.035678 0.094467 0.103995 0.094301 0.158410 0.131341 
0.287027 0.081526 0.062840 0.049351 0.029173 0.227698 0.052925 0.092477 0.083896 0.033088 
0.028744 0.168977 0.030073 0.181158 0.032744 0.097734 0.073952 0.097104 0.123220 0.166293 
0.029804 0.163949 0.040327 0.159315 0.078684 0.058686 0.080861 0.102574 0.129936 0.155863 
0.016019 0.204209 0.019617 0.201516 0.033772 0.089353 0.046257 0.064026 0.110765 0.214467 
0.028710 0.217241 0.029319 0.149733 0.053534 0.084974 0.070289 0.090128 0.151887 0.124184 
0.289123 0.086450 0.062710 0.029926 0.019250 0.293596 0.040059 0.080852 0.081727 0.016306 
0.041122 0.125061 0.089433 0.148792 0.022752 0.039315 0.107059 0.161773 0.119749 0.144945 
0.042319 0.165971 0.046960 0.107443 0.074436 0.053843 0.104148 0.140092 0.140014 0.124774 
0.032757 0.232427 0.044790 0.126968 0.054780 0.063255 0.088753 0.109532 0.141290 0.105446 
0.035395 0.154612 0.109698 0.113265 0.023613 0.056389 0.123369 0.151825 0.091922 0.139911 
0.054735 0.113532 0.115477 0.120108 0.033820 0.043183 0.111028 0.169646 0.100264 0.138206 
0.034106 0.257291 0.047583 0.136822 0.043912 0.060868 0.079347 0.098386 0.109727 0.131959 
0.055862 0.211332 0.045400 0.097023 0.059698 0.060565 0.103095 0.122655 0.155161 0.089208 
0.022056 0.241216 0.044743 0.167135 0.043074 0.076424 0.062716 0.087086 0.114720 0.140829 
0.025896 0.208864 0.029975 0.151032 0.054073 0.074043 0.069801 0.106454 0.129401 0.150462 
0.044186 0.190815 0.040246 0.126781 0.044443 0.060341 0.118647 0.129490 0.129114 0.115936 
0.267381 0.092319 0.061909 0.044893 0.038325 0.194719 0.079942 0.109256 0.081388 0.029867 
0.215623 0.102453 0.036228 0.044776 0.026899 0.313598 0.057090 0.096005 0.071116 0.036212 
0.291172 0.103014 0.038116 0.051483 0.045003 0.171407 0.064624 0.109188 0.093808 0.032185 
0.016083 0.222454 0.037822 0.143515 0.054152 0.088547 0.070858 0.101390 0.122670 0.142510 
0.025875 0.204227 0.034785 0.135948 0.064055 0.085597 0.077058 0.094311 0.125118 0.153024 
0.045849 0.184896 0.042613 0.144262 0.059047 0.081667 0.097331 0.079958 0.137296 0.127081 
0.045954 0.163154 0.047433 0.122662 0.066600 0.054302 0.111078 0.086296 0.208858 0.093663 
0.052096 0.169494 0.060717 0.212922 0.040212 0.079610 0.063915 0.086329 0.058822 0.175882 
0.339190 0.081377 0.043213 0.040465 0.012352 0.192973 0.072011 0.123350 0.076714 0.018354 
0.341844 0.069693 0.044404 0.040185 0.049473 0.234882 0.046868 0.074798 0.063018 0.034835 
0.034355 0.175276 0.078508 0.127712 0.029068 0.044851 0.129456 0.127803 0.094387 0.158585 
0.045297 0.122875 0.051691 0.150697 0.032310 0.051298 0.110087 0.134236 0.143856 0.157652 
0.038518 0.099830 0.056530 0.152793 0.032299 0.062821 0.096341 0.136041 0.162971 0.161856 
0.017685 0.203371 0.034987 0.149059 0.038163 0.090260 0.080003 0.101867 0.118804 0.165801 
0.046388 0.097326 0.092208 0.152774 0.046186 0.046823 0.109159 0.146175 0.118173 0.144788 
0.043445 0.170135 0.052847 0.108282 0.052448 0.064916 0.087452 0.151703 0.134666 0.134105 
0.028151 0.157978 0.079397 0.138565 0.014939 0.051545 0.092472 0.166875 0.132756 0.137323 
0.225409 0.117093 0.033769 0.044213 0.028294 0.257914 0.069431 0.103779 0.090181 0.029916 
0.031310 0.165345 0.064997 0.145808 0.047304 0.070844 0.069655 0.118324 0.109855 0.176559 
0.029407 0.257176 0.036799 0.126498 0.048314 0.071292 0.065120 0.098211 0.135988 0.131196 
0.017049 0.242316 0.030545 0.199064 0.044040 0.089315 0.041828 0.064800 0.098847 0.172196 
0.270633 0.059671 0.054889 0.052693 0.035831 0.189429 0.082868 0.130912 0.087924 0.035151 
0.314644 0.060649 0.066021 0.037342 0.022139 0.203625 0.059578 0.126804 0.077342 0.031858 
