-9751811.285878
0
0.000000 0.000000 0.000000 0.000000 0.030983 0.000000 0.000000 0.000000 0.000000 0.000000 0.000001 0.000000 0.000000 0.000000 0.032448 0.033742 0.083220 0.074146 0.154731 0.000000 0.000000 0.022601 0.027111 0.000000 0.000000 0.000000 0.000000 0.059225 0.000000 0.000000 0.000000 0.000000 0.000000 0.086047 0.000000 0.000000 0.000000 0.000000 0.000000 0.040584 0.000000 0.000000 0.000000 0.000000 0.000000 0.000000 0.000000 0.000000 0.070602 0.000000 0.000000 0.000000 0.000000 0.000000 0.000000 0.000000 0.000000 0.000000 0.000000 0.000000 0.000000 0.000000 0.000000 0.021951 0.126047 0.000000 0.007419 0.000000 0.015075 0.000000 0.000000 0.000000 0.000000 0.000000 0.000000 0.000000 0.000000 0.058477 0.000000 0.000000 0.001192 0.000001 0.000011 0.019906 0.000000 0.000000 0.000000 0.000000 0.034453 0.000000 0.000000 0.000000 0.000000 0.000000 0.000000 0.000000 
0.000000 0.000000 0.000000 0.000000 0.000000 0.000000 0.000000 0.000000 0.000000 0.000000 0.000001 0.000000 0.000000 0.000000 0.000000 0.000000 0.000000 0.000000 0.000000 0.000000 0.012968 0.000000 0.000000 0.000000 0.000000 0.000000 0.000000 0.000000 0.001154 0.000000 0.000000 0.000000 0.000000 0.399434 0.000000 0.000000 0.000000 0.000000 0.000000 0.000000 0.000000 0.000000 0.000000 0.000000 0.001912 0.000000 0.000000 0.000000 0.000000 0.000000 0.000000 0.008736 0.000000 0.000000 0.000000 0.000000 0.042250 0.000000 0.492765 0.000000 0.000000 0.000000 0.030467 0.000000 0.000000 0.000000 0.000000 0.000000 0.000000 0.000000 0.000000 0.008691 0.000000 0.000000 0.000000 0.000000 0.000000 0.000000 0.000000 0.000000 0.000001 0.000001 0.000219 0.000000 0.000000 0.000000 0.000000 0.000000 0.000000 0.000000 0.000000 0.001371 0.000000 0.000000 0.000000 0.000000 
0.000000 0.000000 0.000000 0.000000 0.000000 0.000000 0.000000 0.000000 0.127599 0.000000 0.000000 0.000000 0.000000 0.000000 0.000000 0.000000 0.000000 0.000000 0.000000 0.000000 0.000000 0.000000 0.000000 0.000000 0.000000 0.000000 0.093292 0.000000 0.000000 0.000000 0.031587 0.000000 0.000000 0.197389 0.000000 0.000000 0.000000 0.000000 0.000000 0.000000 0.000000 0.087677 0.000000 0.000000 0.000000 0.000000 0.000000 0.000000 0.000000 0.085171 0.052151 0.000000 0.000000 0.000000 0.030562 0.030838 0.000000 0.000229 0.000000 0.000000 0.000000 0.000000 0.000000 0.000000 0.000000 0.000000 0.000000 0.000000 0.000000 0.000000 0.000000 0.000000 0.118365 0.000000 0.000000 0.000000 0.000000 0.001307 0.027292 0.116509 0.000001 0.000001 0.000001 0.000000 0.000000 0.000000 0.000000 0.000000 0.000000 0.000000 0.000000 0.000000 0.000000 0.000000 0.000000 0.000000 
0.000000 0.000000 0.000000 0.000000 0.000000 0.000000 0.000000 0.000000 0.000000 0.000000 0.040629 0.000000 0.023810 0.000000 0.000000 0.000000 0.000000 0.000000 0.000000 0.000000 0.000000 0.000000 0.000000 0.000000 0.127564 0.134450 0.000000 0.000000 0.000000 0.000000 0.000000 0.035378 0.433056 0.000001 0.000000 0.000000 0.000000 0.000000 0.000000 0.000000 0.000000 0.000000 0.000000 0.099349 0.009032 0.035445 0.000000 0.000000 0.000000 0.000000 0.000000 0.000000 0.000000 0.000000 0.000000 0.001151 0.000000 0.000000 0.000000 0.000000 0.017875 0.000000 0.000000 0.000000 0.000000 0.000000 0.000000 0.000000 0.000000 0.000000 0.000000 0.000000 0.000000 0.000000 0.000000 0.000000 0.000000 0.000000 0.000000 0.000000 0.000001 0.000001 0.000001 0.000000 0.000000 0.000000 0.001028 0.000000 0.000000 0.000000 0.000000 0.041200 0.000000 0.000000 0.000000 0.000000 
0.000000 0.000000 0.000000 0.000000 0.000000 0.000000 0.000000 0.000000 0.000000 0.000000 0.173683 0.000000 0.000000 0.000000 0.000000 0.000000 0.000000 0.000000 0.000000 0.000000 0.000000 0.000000 0.000000 0.000000 0.000000 0.000000 0.000000 0.230620 0.000000 0.000000 0.000000 0.000000 0.000000 0.000001 0.000000 0.000000 0.000000 0.000000 0.000000 0.000000 0.000000 0.000000 0.000000 0.000000 0.000000 0.000000 0.000000 0.000000 0.000000 0.000000 0.000000 0.000001 0.027336 0.000000 0.000000 0.000000 0.000000 0.444408 0.000000 0.000000 0.000000 0.000000 0.000000 0.000000 0.000000 0.123915 0.000000 0.000000 0.000000 0.000000 0.000000 0.000000 0.000000 0.000000 0.000000 0.000000 0.000000 0.000000 0.000000 0.000000 0.000001 0.000001 0.000001 0.000000 0.000000 0.000000 0.000000 0.000000 0.000001 0.000000 0.000000 0.000000 0.000000 0.000000 0.000000 0.000000 
0.066963 0.000000 0.000000 0.011876 0.000000 0.000000 0.000000 0.028674 0.000000 0.000000 0.000001 0.000000 0.000000 0.000000 0.000000 0.000000 0.000000 0.000000 0.000000 0.069754 0.000000 0.000000 0.000000 0.000000 0.000000 0.000000 0.000000 0.000000 0.000000 0.000000 0.000000 0.000000 0.000000 0.000001 0.000000 0.000000 0.000000 0.040109 0.061096 0.000000 0.044605 0.000000 0.178435 0.000000 0.000000 0.000000 0.000000 0.000000 0.000000 0.000000 0.000000 0.000000 0.000000 0.000000 0.000000 0.000000 0.184606 0.000000 0.000000 0.000000 0.000000 0.000000 0.000000 0.000000 0.000000 0.000000 0.000000 0.000000 0.000000 0.000000 0.000000 0.036467 0.000000 0.000000 0.000000 0.000000 0.000000 0.000000 0.000000 0.000000 0.000001 0.000001 0.002393 0.000000 0.000000 0.000000 0.000000 0.040157 0.000000 0.000000 0.091249 0.000000 0.000000 0.000000 0.000000 0.143583 
0.000000 0.000000 0.000000 0.000000 0.000000 0.000000 0.000000 0.000000 0.000000 0.000000 0.000000 0.000000 0.000000 0.000000 0.000000 0.007421 0.000000 0.000000 0.000000 0.000000 0.000000 0.000000 0.000000 0.000000 0.000216 0.000000 0.000000 0.000000 0.028428 0.000000 0.000000 0.000000 0.000000 0.000001 0.000000 0.498493 0.000000 0.000000 0.000000 0.000000 0.000000 0.000000 0.000000 0.000000 0.000000 0.000000 0.000000 0.097720 0.000000 0.000000 0.000000 0.000000 0.000000 0.000000 0.000000 0.000000 0.000000 0.000000 0.000000 0.000000 0.000000 0.000000 0.000000 0.000000 0.000000 0.000000 0.000000 0.141597 0.000000 0.000000 0.000000 0.000000 0.000000 0.000000 0.042970 0.000000 0.088736 0.000000 0.000000 0.000000 0.012791 0.000001 0.000001 0.000000 0.000000 0.000000 0.000000 0.000000 0.000000 0.081595 0.000000 0.000000 0.000000 0.000000 0.000000 0.000000 
0.000000 0.000000 0.000000 0.000000 0.000000 0.000000 0.000000 0.000000 0.000000 0.228271 0.000001 0.000000 0.000000 0.000000 0.000000 0.000000 0.000000 0.000000 0.000000 0.000000 0.000000 0.000000 0.000000 0.000000 0.000000 0.000000 0.000000 0.000000 0.000000 0.028282 0.000000 0.000000 0.000000 0.000001 0.000000 0.000000 0.000000 0.000000 0.000000 0.000000 0.000000 0.000000 0.000000 0.000000 0.000000 0.000000 0.000000 0.000000 0.000000 0.000000 0.000000 0.000000 0.000000 0.000000 0.000000 0.000000 0.000000 0.000000 0.000000 0.000000 0.000000 0.000000 0.000000 0.000000 0.000000 0.000000 0.000000 0.000000 0.000000 0.000000 0.000000 0.000000 0.000000 0.000000 0.000000 0.000000 0.000000 0.000000 0.000000 0.000000 0.474413 0.243188 0.000001 0.000000 0.000000 0.000000 0.000000 0.000000 0.000000 0.000000 0.000000 0.000000 0.000000 0.000000 0.025810 0.000000 
0.000000 0.054986 0.000000 0.000000 0.000000 0.000000 0.000000 0.000000 0.000000 0.000000 0.000001 0.000000 0.000000 0.035846 0.000000 0.000000 0.000000 0.000000 0.000000 0.000000 0.000000 0.000000 0.000000 0.000000 0.000000 0.000000 0.000000 0.000000 0.000000 0.000000 0.000000 0.000000 0.000000 0.000001 0.000000 0.000000 0.015305 0.000000 0.000000 0.000000 0.000000 0.000000 0.000000 0.000000 0.000000 0.000000 0.000000 0.000000 0.000000 0.000000 0.000000 0.000000 0.000000 0.000000 0.000000 0.000000 0.000000 0.000000 0.000000 0.000000 0.000000 0.000000 0.000000 0.000000 0.000000 0.000000 0.000000 0.000000 0.000000 0.000000 0.000000 0.000000 0.000000 0.000000 0.000000 0.000000 0.000000 0.000000 0.000000 0.000000 0.120155 0.720858 0.033681 0.000000 0.000000 0.000000 0.000000 0.000000 0.000000 0.000000 0.000000 0.000000 0.019133 0.000000 0.000000 0.000000 
0.000000 0.000000 0.000000 0.000000 0.000000 0.000000 0.000000 0.000000 0.000000 0.000000 0.000001 0.000000 0.000000 0.000000 0.000000 0.000000 0.000000 0.000000 0.000000 0.000000 0.000000 0.000000 0.000000 0.000000 0.000000 0.000000 0.000000 0.000000 0.000000 0.000000 0.000000 0.000000 0.000000 0.000001 0.791283 0.000000 0.000000 0.000000 0.000000 0.000000 0.000000 0.000000 0.000000 0.000000 0.000000 0.000000 0.058030 0.000000 0.000000 0.000000 0.000000 0.000000 0.000000 0.000000 0.000000 0.000000 0.000000 0.000000 0.000000 0.000000 0.000000 0.000000 0.000000 0.000000 0.000000 0.000000 0.000000 0.000000 0.000000 0.000000 0.000000 0.000000 0.000000 0.114689 0.000000 0.000000 0.000000 0.000000 0.000000 0.000000 0.000001 0.000001 0.000001 0.000000 0.000000 0.000000 0.021062 0.000000 0.014900 0.000000 0.000000 0.000000 0.000000 0.000000 0.000000 0.000000 
0.000000 0.000000 0.000000 0.000000 0.000000 0.000000 0.000000 0.000000 0.000000 0.000000 0.000001 0.000000 0.000000 0.000000 0.000000 0.000000 0.000000 0.000000 0.000000 0.000000 0.000000 0.000000 0.000000 0.000000 0.000000 0.000000 0.000000 0.000000 0.000000 0.000000 0.000000 0.000000 0.000000 0.000001 0.000000 0.000000 0.000000 0.000000 0.000000 0.000000 0.010634 0.000000 0.000000 0.000000 0.000000 0.000000 0.000000 0.000000 0.000000 0.000000 0.000000 0.036917 0.000000 0.000000 0.000000 0.000000 0.000000 0.000001 0.475701 0.000000 0.000000 0.000000 0.000000 0.000000 0.000000 0.000000 0.000000 0.000000 0.000000 0.030493 0.069860 0.000000 0.000000 0.000000 0.000000 0.000000 0.000000 0.000000 0.000000 0.000000 0.000001 0.000001 0.312707 0.000000 0.000000 0.000000 0.000000 0.000000 0.000001 0.000000 0.000000 0.025630 0.000000 0.038022 0.000000 0.000000 
0.000000 0.000000 0.000000 0.000000 0.000000 0.000000 0.023811 0.000000 0.000000 0.000000 0.000001 0.000000 0.000000 0.000000 0.000000 0.000000 0.000000 0.000000 0.000000 0.000000 0.000000 0.000000 0.000000 0.000000 0.000000 0.000000 0.000000 0.000000 0.000000 0.000000 0.000000 0.000000 0.000000 0.000001 0.000000 0.000000 0.000000 0.000000 0.000000 0.000000 0.000000 0.000000 0.000000 0.000000 0.000000 0.000000 0.000000 0.000000 0.000000 0.000000 0.000000 0.000000 0.000000 0.000000 0.000000 0.000000 0.000000 0.000000 0.000000 0.000000 0.000000 0.000000 0.000000 0.000000 0.000000 0.000000 0.000000 0.000000 0.000000 0.000000 0.000000 0.000000 0.000000 0.000000 0.000000 0.000000 0.000000 0.000000 0.000000 0.000000 0.000001 0.410822 0.000001 0.548190 0.017139 0.000000 0.000000 0.000000 0.000000 0.000000 0.000000 0.000000 0.000000 0.000000 0.000000 0.000000 
0.000000 0.000000 0.034284 0.048436 0.000000 0.026867 0.000000 0.000000 0.000000 0.000000 0.422006 0.000000 0.000000 0.000000 0.000000 0.000000 0.000000 0.000000 0.000000 0.000000 0.000000 0.000000 0.000000 0.000000 0.000000 0.000000 0.000000 0.000000 0.000000 0.000000 0.000000 0.000000 0.000000 0.000001 0.000000 0.000000 0.000000 0.000000 0.000000 0.000000 0.000000 0.000000 0.000000 0.000000 0.000000 0.000000 0.000000 0.000000 0.000000 0.000000 0.000000 0.074417 0.000000 0.000000 0.000000 0.000000 0.000000 0.000000 0.000000 0.333180 0.000000 0.028213 0.000000 0.000000 0.000000 0.000000 0.000000 0.000000 0.000000 0.000000 0.000000 0.000000 0.000000 0.000000 0.000000 0.000000 0.006084 0.000000 0.000000 0.000000 0.000001 0.000001 0.000001 0.000000 0.000000 0.026478 0.000000 0.000000 0.000000 0.000000 0.000000 0.000000 0.000000 0.000000 0.000000 0.000000 
0.000000 0.000000 0.000000 0.000000 0.000000 0.000000 0.000000 0.000000 0.000000 0.000000 0.000001 0.000000 0.000000 0.000000 0.000000 0.000000 0.000000 0.000000 0.000000 0.000000 0.000000 0.000000 0.000000 0.000000 0.000000 0.000000 0.000000 0.000000 0.000000 0.000000 0.000000 0.000000 0.000000 0.000001 0.000000 0.000000 0.000000 0.000000 0.000000 0.000000 0.000000 0.000000 0.000000 0.000000 0.000000 0.000000 0.000000 0.000000 0.000000 0.000000 0.000000 0.000001 0.000000 0.000000 0.000000 0.000000 0.000000 0.000001 0.000000 0.000000 0.000000 0.000000 0.000000 0.000000 0.000000 0.000000 0.000000 0.000000 0.000000 0.000000 0.000000 0.000000 0.000000 0.000000 0.000000 0.000000 0.000000 0.000000 0.000000 0.000000 0.000001 0.000001 0.999960 0.000000 0.000000 0.000000 0.000000 0.000000 0.000001 0.000000 0.000000 0.000001 0.000000 0.000000 0.000000 0.000000 
0.000000 0.000000 0.000000 0.000000 0.000000 0.000000 0.000000 0.000000 0.000000 0.000000 0.000001 0.140745 0.000000 0.000000 0.000000 0.000000 0.000000 0.000000 0.000000 0.000000 0.000000 0.000000 0.000000 0.045750 0.000000 0.000000 0.000000 0.000000 0.000000 0.000000 0.000000 0.000000 0.000000 0.000001 0.000000 0.000000 0.000000 0.000000 0.000000 0.000000 0.000000 0.000000 0.000000 0.000000 0.000000 0.000000 0.000000 0.000000 0.000000 0.000000 0.000000 0.000001 0.000000 0.048229 0.000000 0.000000 0.000000 0.054248 0.000000 0.000000 0.000000 0.000000 0.000000 0.000000 0.000000 0.000000 0.145437 0.000000 0.000000 0.000000 0.000000 0.000000 0.000000 0.000000 0.000000 0.537939 0.000000 0.000000 0.000000 0.000000 0.017787 0.000001 0.000001 0.000000 0.000000 0.000000 0.000000 0.000000 0.009828 0.000000 0.000000 0.000001 0.000000 0.000000 0.000000 0.000000 
0.068029 0.066709 0.066570 0.068454 0.066963 0.066574 0.067555 0.065320 0.065974 0.066651 0.065212 0.067823 0.065184 0.066983 0.065998 
0.065127 0.070435 0.067536 0.066629 0.061371 0.063910 0.068193 0.067785 0.065396 0.063323 0.070050 0.067834 0.070402 0.064350 0.067658 
0.060014 0.071290 0.072513 0.060988 0.059223 0.065973 0.060388 0.068659 0.067441 0.071413 0.065427 0.069561 0.071167 0.074542 0.061400 
0.068739 0.066745 0.065778 0.068321 0.066261 0.066638 0.067767 0.064267 0.064288 0.068011 0.065954 0.064701 0.068880 0.065372 0.068277 
0.070390 0.064188 0.066307 0.062730 0.065459 0.066616 0.071193 0.068350 0.064457 0.072219 0.066689 0.063074 0.064535 0.067791 0.066003 
0.066286 0.066863 0.066083 0.066423 0.066100 0.066329 0.066004 0.066843 0.066577 0.067066 0.066891 0.067227 0.067176 0.067114 0.067021 
0.067676 0.066254 0.066284 0.065771 0.067457 0.066976 0.066904 0.066827 0.066150 0.066673 0.066154 0.066978 0.067504 0.066601 0.065791 
0.052593 0.059667 0.059388 0.057328 0.061566 0.062613 0.074113 0.090844 0.086218 0.055904 0.061590 0.099891 0.060064 0.062353 0.055867 
0.069482 0.066070 0.066310 0.066944 0.065643 0.063882 0.064338 0.064904 0.068448 0.070133 0.066584 0.065495 0.069927 0.067083 0.064756 
0.064480 0.069425 0.069467 0.068338 0.070076 0.063677 0.073670 0.071168 0.066389 0.059579 0.068277 0.063308 0.070195 0.061011 0.060940 
0.065956 0.066459 0.071138 0.064708 0.064999 0.066604 0.065793 0.068698 0.067599 0.066482 0.065848 0.067498 0.066790 0.065140 0.066288 
0.065928 0.067093 0.069773 0.065420 0.066341 0.066210 0.065199 0.069968 0.064911 0.067058 0.067106 0.065644 0.066837 0.065857 0.066655 
breast
0.103853 0.025962 0.136243 0.072551 0.057689 0.079678 0.110717 0.103049 0.021142 0.030971 0.016412 0.047121 0.095421 0.014936 0.084254 
0.068786 0.041127 0.179805 0.096069 0.069502 0.083022 0.115154 0.072570 0.030267 0.029346 0.009473 0.054363 0.083637 0.008274 0.058602 
0.115099 0.032612 0.088444 0.098683 0.070986 0.116574 0.131050 0.063262 0.031928 0.013462 0.029330 0.046666 0.081992 0.009989 0.069924 
0.114884 0.032550 0.088276 0.098495 0.070850 0.116008 0.130844 0.064592 0.032221 0.013436 0.029619 0.046577 0.081835 0.009970 0.069842 
0.098912 0.041025 0.128683 0.118309 0.070866 0.075821 0.089972 0.066127 0.022882 0.031197 0.024285 0.056738 0.056837 0.008381 0.109965 
0.098511 0.048241 0.100545 0.105963 0.065982 0.121733 0.098435 0.075822 0.035290 0.036847 0.032885 0.046527 0.062680 0.006239 0.064301 
0.071188 0.029841 0.190372 0.104872 0.073724 0.065154 0.087499 0.054395 0.025226 0.047195 0.020329 0.037655 0.107246 0.003991 0.081313 
0.037501 0.051813 0.151933 0.117448 0.061744 0.074724 0.135122 0.098290 0.028424 0.021630 0.025730 0.045116 0.081632 0.026753 0.042141 
0.120547 0.037011 0.095922 0.072050 0.057292 0.112241 0.078309 0.075458 0.024529 0.035357 0.074706 0.073012 0.074056 0.012153 0.057356 
0.085129 0.034706 0.165785 0.099672 0.052243 0.056753 0.119292 0.116323 0.034543 0.023813 0.012178 0.060941 0.078457 0.004526 0.055641 
0.038989 0.038863 0.150738 0.065145 0.085154 0.078639 0.093297 0.096344 0.052735 0.021158 0.040348 0.069706 0.108828 0.010863 0.049193 
0.070808 0.058914 0.087301 0.108005 0.075289 0.075858 0.113306 0.094177 0.052386 0.034750 0.021565 0.075522 0.079779 0.004888 0.047454 
0.097953 0.022705 0.159897 0.115938 0.081141 0.086758 0.078394 0.059128 0.031214 0.041439 0.013451 0.032633 0.105028 0.006400 0.067922 
0.049994 0.061658 0.165099 0.104604 0.069281 0.074719 0.068574 0.098768 0.048462 0.026105 0.020342 0.049047 0.074459 0.012678 0.076210 
0.040242 0.053112 0.130843 0.116838 0.087533 0.079978 0.080247 0.082318 0.039122 0.038394 0.015867 0.070684 0.099919 0.024311 0.040590 
0.067819 0.046758 0.145051 0.103881 0.072785 0.074653 0.101099 0.107908 0.040769 0.030112 0.017507 0.051134 0.080509 0.009962 0.050051 
0.070068 0.045768 0.186786 0.080692 0.075793 0.065696 0.134547 0.062365 0.023908 0.014092 0.010586 0.058244 0.081903 0.011381 0.078171 
0.102412 0.032421 0.158184 0.095154 0.062036 0.072875 0.102553 0.088786 0.025572 0.028210 0.010737 0.033215 0.114859 0.006337 0.066650 
0.077279 0.048995 0.092620 0.149321 0.045159 0.143435 0.057488 0.090513 0.050365 0.032094 0.027677 0.046730 0.086667 0.003703 0.047956 
0.068114 0.044389 0.174167 0.104234 0.087573 0.063005 0.089667 0.057324 0.024818 0.020542 0.018516 0.076271 0.077942 0.022702 0.070737 
0.131440 0.015860 0.095251 0.144235 0.032140 0.052028 0.052555 0.071194 0.073020 0.054469 0.025119 0.057062 0.111492 0.004047 0.080089 
0.071977 0.035894 0.153395 0.070290 0.065612 0.074524 0.137122 0.083168 0.033548 0.027669 0.011769 0.046326 0.109106 0.009013 0.070587 
0.095140 0.019228 0.088412 0.088207 0.090403 0.070693 0.139078 0.063649 0.032051 0.044304 0.023852 0.056533 0.102452 0.013169 0.072828 
0.068406 0.014613 0.165630 0.098258 0.064240 0.044505 0.122406 0.102573 0.025640 0.022905 0.015588 0.028829 0.129610 0.008358 0.088439 
0.090429 0.067359 0.110731 0.139114 0.050389 0.064098 0.097287 0.096327 0.031424 0.041164 0.026628 0.053098 0.073652 0.014850 0.043448 
0.129966 0.032496 0.009856 0.116267 0.002456 0.140357 0.107608 0.053656 0.020637 0.102705 0.233369 0.003681 0.001348 0.001017 0.044583 
0.093251 0.046731 0.142696 0.151731 0.055186 0.126649 0.099315 0.030485 0.029218 0.036116 0.025172 0.036344 0.046449 0.008066 0.072593 
0.040729 0.044544 0.134739 0.113356 0.065030 0.073200 0.084016 0.093964 0.057749 0.036373 0.031031 0.052052 0.113268 0.022457 0.037490 
0.087791 0.040952 0.085615 0.118027 0.061320 0.121246 0.104776 0.055779 0.038925 0.038460 0.037408 0.058117 0.077675 0.010007 0.063902 
0.178586 0.060447 0.003060 0.092282 0.001127 0.143679 0.085543 0.069522 0.040486 0.084095 0.186409 0.000428 0.002285 0.000413 0.051636 
0.087123 0.040181 0.160007 0.112950 0.067781 0.061633 0.110000 0.089599 0.037696 0.017674 0.013323 0.058747 0.075071 0.007360 0.060854 
0.097685 0.043606 0.126495 0.085582 0.075618 0.068506 0.068861 0.077904 0.039254 0.041720 0.014050 0.086934 0.058313 0.014099 0.101372 
0.067165 0.047608 0.112644 0.109844 0.057139 0.097150 0.060054 0.073030 0.055531 0.045846 0.034844 0.059005 0.087126 0.007036 0.085978 
0.070959 0.040536 0.117154 0.096272 0.067997 0.106349 0.102329 0.067006 0.041695 0.034531 0.027829 0.077254 0.083303 0.007242 0.059542 
0.071967 0.024856 0.159776 0.109158 0.078380 0.057045 0.106124 0.102880 0.037306 0.013353 0.011382 0.062143 0.087280 0.006458 0.071890 
0.130391 0.044771 0.080471 0.109651 0.049429 0.116914 0.104926 0.075348 0.036755 0.026379 0.041638 0.051982 0.062744 0.009948 0.058654 
0.096325 0.041242 0.113120 0.132014 0.066544 0.070298 0.092906 0.070502 0.048135 0.035204 0.018550 0.058997 0.066565 0.007485 0.082114 
0.094512 0.039290 0.140938 0.111216 0.101845 0.088822 0.096103 0.090994 0.025824 0.025292 0.017310 0.058860 0.043190 0.006349 0.059454 
0.069108 0.042022 0.147845 0.091468 0.065398 0.018790 0.152669 0.103199 0.056378 0.037398 0.013559 0.070319 0.057507 0.004461 0.069879 
0.044037 0.050729 0.180825 0.121039 0.074887 0.062875 0.091989 0.100360 0.039312 0.020043 0.017314 0.067720 0.063153 0.017507 0.048208 
0.038981 0.078400 0.083713 0.091823 0.050525 0.068158 0.125557 0.110950 0.051232 0.042768 0.020459 0.069004 0.102438 0.013856 0.052136 
0.081273 0.038120 0.079149 0.178813 0.057127 0.112742 0.080107 0.084182 0.054473 0.037284 0.028276 0.042305 0.070266 0.004195 0.051690 
0.074385 0.039696 0.113869 0.120184 0.064555 0.057809 0.091438 0.117163 0.071982 0.018379 0.022764 0.072430 0.066247 0.021883 0.047216 
0.071090 0.034475 0.101263 0.079736 0.070393 0.054864 0.135068 0.091323 0.055623 0.022739 0.012650 0.103982 0.059872 0.008298 0.098623 
0.085702 0.024033 0.170618 0.029766 0.079406 0.106822 0.088445 0.106668 0.034639 0.040445 0.019426 0.025933 0.083329 0.021391 0.083378 
0.084296 0.025720 0.112116 0.125397 0.068816 0.058223 0.118643 0.084344 0.055311 0.034342 0.013769 0.057308 0.086379 0.008030 0.067306 
0.103972 0.044878 0.108487 0.088391 0.066074 0.073167 0.147841 0.064262 0.042979 0.040757 0.012401 0.073193 0.101902 0.004761 0.026934 
0.093843 0.026202 0.198971 0.143512 0.058867 0.055606 0.102647 0.069995 0.028735 0.013656 0.009390 0.050196 0.063534 0.009830 0.075017 
0.188372 0.025695 0.063726 0.134263 0.048370 0.203534 0.091436 0.028565 0.024666 0.052364 0.038315 0.013676 0.037996 0.004820 0.044203 
0.106991 0.039044 0.089580 0.100317 0.072427 0.128764 0.090805 0.076373 0.032446 0.050705 0.027500 0.050493 0.057642 0.014176 0.062737 
0.071219 0.040443 0.151058 0.114369 0.085145 0.070593 0.093767 0.089487 0.044271 0.024371 0.015701 0.062533 0.085140 0.007086 0.044816 
0.080533 0.049756 0.176977 0.134862 0.067364 0.058770 0.063510 0.081888 0.045780 0.013761 0.020252 0.083113 0.051226 0.006578 0.065630 
0.075181 0.045100 0.139048 0.068356 0.066234 0.049974 0.126894 0.120222 0.051858 0.030528 0.013942 0.052558 0.077952 0.014047 0.068106 
0.025565 0.049592 0.099668 0.121193 0.038844 0.090370 0.118453 0.097876 0.050695 0.040616 0.023139 0.069702 0.094270 0.013406 0.066612 
endometrium
0.029685 0.027954 0.063666 0.016365 0.033655 0.081580 0.047855 0.011641 0.023939 0.023627 0.106187 0.036269 0.046644 0.220614 0.230319 
0.128099 0.059808 0.065489 0.070963 0.094362 0.108025 0.030190 0.028271 0.026065 0.095706 0.067586 0.013857 0.097541 0.051570 0.062469 
0.091143 0.076347 0.099782 0.078697 0.116993 0.086586 0.032234 0.023151 0.024548 0.074577 0.084254 0.007177 0.117566 0.051423 0.035522 
0.081539 0.093121 0.069055 0.070720 0.139140 0.094775 0.021345 0.012074 0.013058 0.103773 0.087347 0.004936 0.118863 0.031552 0.058701 
0.072935 0.094886 0.049123 0.053556 0.097324 0.121378 0.032260 0.025347 0.013577 0.120165 0.088899 0.010393 0.145261 0.040383 0.034513 
0.044541 0.042057 0.035239 0.019542 0.047681 0.079418 0.068394 0.012537 0.024172 0.035670 0.114708 0.036126 0.041987 0.195936 0.201991 
0.089952 0.083231 0.074715 0.039356 0.081248 0.125657 0.029029 0.014750 0.023267 0.134639 0.082966 0.018145 0.106053 0.038917 0.058074 
0.041817 0.115866 0.034390 0.039448 0.111343 0.058832 0.019224 0.010133 0.013699 0.161758 0.125579 0.005485 0.171217 0.068064 0.023146 
0.053803 0.099519 0.071575 0.046211 0.097271 0.141457 0.011576 0.041988 0.015517 0.113622 0.088486 0.008567 0.129685 0.030227 0.050496 
0.061123 0.097846 0.050886 0.032157 0.175406 0.066198 0.029126 0.029357 0.015172 0.065160 0.099286 0.011530 0.168854 0.016785 0.081113 
0.230693 0.045605 0.056563 0.067905 0.066572 0.184143 0.077322 0.011779 0.010528 0.054166 0.046998 0.008905 0.050527 0.013706 0.074588 
0.044974 0.038862 0.036936 0.020162 0.057965 0.080846 0.051808 0.012392 0.020442 0.035225 0.112398 0.034482 0.047525 0.189511 0.216473 
0.048154 0.067274 0.055287 0.034750 0.144890 0.075336 0.035640 0.037944 0.018136 0.063833 0.080623 0.029405 0.150573 0.040148 0.118006 
0.096822 0.058717 0.061453 0.053801 0.151138 0.123616 0.037759 0.021878 0.017495 0.082824 0.056422 0.022554 0.113775 0.031934 0.069812 
0.108567 0.067016 0.061393 0.056076 0.122836 0.082394 0.030415 0.022728 0.016273 0.132591 0.068407 0.013288 0.126671 0.041526 0.049818 
0.105800 0.081967 0.069611 0.067938 0.116110 0.101671 0.041105 0.015384 0.013261 0.089644 0.081414 0.008534 0.120925 0.038900 0.047734 
0.081079 0.041856 0.180327 0.063366 0.018416 0.033891 0.117706 0.086234 0.036524 0.098333 0.041304 0.047634 0.089545 0.024125 0.039660 
0.073863 0.084413 0.079880 0.048568 0.132465 0.100600 0.045074 0.032075 0.015908 0.105029 0.077186 0.009298 0.117980 0.031674 0.045985 
0.039575 0.081132 0.017354 0.019491 0.096025 0.041647 0.032830 0.017013 0.020852 0.092552 0.128799 0.035536 0.089774 0.144101 0.143320 
0.073418 0.070465 0.082872 0.055595 0.117223 0.103060 0.031305 0.034012 0.009487 0.125651 0.070311 0.008828 0.149460 0.039977 0.028336 
0.070949 0.094341 0.063027 0.050009 0.098287 0.119140 0.032772 0.034864 0.016105 0.120362 0.084196 0.016170 0.126193 0.034462 0.039125 
0.072645 0.093724 0.042773 0.036815 0.114698 0.090383 0.035636 0.040076 0.020098 0.114717 0.088643 0.018867 0.148501 0.051873 0.030551 
0.028893 0.021788 0.054838 0.016021 0.041115 0.076970 0.042041 0.012705 0.022853 0.026975 0.084135 0.033810 0.044792 0.174953 0.318110 
0.113436 0.071030 0.063837 0.060379 0.123052 0.117834 0.046249 0.020039 0.022116 0.102735 0.062255 0.018541 0.097120 0.029343 0.052034 
0.136047 0.050351 0.061786 0.064800 0.131365 0.110675 0.067506 0.029248 0.020692 0.086913 0.054089 0.013732 0.084517 0.024580 0.063701 
0.104921 0.071027 0.073332 0.055683 0.140838 0.116229 0.044504 0.023317 0.020025 0.073259 0.066915 0.014885 0.140318 0.030782 0.023966 
0.078484 0.097779 0.074129 0.042951 0.093416 0.100288 0.043056 0.014067 0.020840 0.131414 0.098190 0.007989 0.115235 0.039936 0.042226 
0.038983 0.020990 0.047722 0.024228 0.035245 0.108125 0.050518 0.008986 0.019130 0.027113 0.081617 0.024873 0.041365 0.151359 0.319746 
0.020007 0.179056 0.033573 0.018449 0.151827 0.060676 0.022503 0.027219 0.011072 0.070999 0.168210 0.013275 0.160850 0.017752 0.044533 
0.105097 0.082422 0.077145 0.060160 0.130169 0.105065 0.043047 0.036071 0.016410 0.056439 0.082124 0.020319 0.099345 0.026038 0.060147 
0.061273 0.085908 0.055638 0.046607 0.118042 0.082025 0.023409 0.020222 0.026491 0.155000 0.086214 0.009300 0.141671 0.063240 0.024960 
0.034400 0.027311 0.040733 0.018783 0.049960 0.069778 0.040906 0.012048 0.020521 0.036359 0.086425 0.035837 0.049811 0.160270 0.316859 
0.072659 0.082386 0.096717 0.044813 0.122219 0.126538 0.030614 0.028520 0.016703 0.083813 0.070181 0.013123 0.132047 0.037325 0.042343 
0.097584 0.075398 0.057563 0.069514 0.111652 0.111644 0.033757 0.029871 0.015857 0.077446 0.078269 0.019594 0.127651 0.038914 0.055285 
0.080613 0.063431 0.074635 0.060636 0.095228 0.127095 0.043629 0.046294 0.032027 0.109261 0.053937 0.009123 0.126521 0.025931 0.051639 
0.077622 0.082714 0.054029 0.052426 0.111905 0.093672 0.041030 0.023171 0.018842 0.127795 0.087904 0.011354 0.118434 0.040266 0.058837 
0.056737 0.077033 0.037204 0.029689 0.105461 0.062417 0.046800 0.023089 0.021502 0.081876 0.109238 0.030379 0.097086 0.098150 0.123339 
0.166597 0.074174 0.048002 0.115979 0.057529 0.125826 0.085894 0.010926 0.016063 0.094994 0.063263 0.024891 0.052991 0.009620 0.053252 
0.100223 0.088365 0.056246 0.050585 0.119622 0.122739 0.021173 0.015990 0.014689 0.101962 0.082437 0.006832 0.146622 0.037382 0.035135 
0.095805 0.092677 0.051624 0.077222 0.105325 0.103030 0.015352 0.021714 0.023441 0.079663 0.089696 0.011233 0.132488 0.063438 0.037291 
0.028935 0.032075 0.053722 0.017065 0.031614 0.082713 0.043146 0.010769 0.024387 0.030393 0.106851 0.037468 0.042311 0.220343 0.238210 
0.120563 0.047382 0.161022 0.116967 0.051582 0.077941 0.042235 0.015400 0.043557 0.078419 0.056276 0.004071 0.113904 0.023337 0.047342 
0.041686 0.010338 0.187408 0.015164 0.014633 0.012069 0.170906 0.204089 0.081131 0.031096 0.025478 0.111903 0.026601 0.056710 0.010787 
0.075720 0.094130 0.060795 0.042682 0.099614 0.113379 0.017496 0.027994 0.016084 0.162087 0.080564 0.009700 0.136472 0.031939 0.031346 
0.042206 0.123285 0.029347 0.044506 0.101410 0.063917 0.017198 0.004061 0.005980 0.185852 0.130191 0.001813 0.168753 0.060964 0.020517 
0.105157 0.064005 0.062689 0.051914 0.123172 0.104495 0.035774 0.045026 0.024400 0.077496 0.071229 0.015639 0.127159 0.040799 0.051046 
0.128316 0.050910 0.061852 0.073447 0.111825 0.185925 0.036669 0.023089 0.008761 0.082380 0.054490 0.006970 0.095409 0.029949 0.050008 
0.100877 0.064854 0.070057 0.084897 0.091477 0.102906 0.029483 0.023952 0.018227 0.118087 0.069688 0.015050 0.127421 0.032755 0.050269 
0.079347 0.081729 0.080090 0.060052 0.094728 0.121612 0.020560 0.036134 0.015735 0.116303 0.082631 0.010456 0.101858 0.045921 0.052844 
0.066230 0.087013 0.077645 0.057658 0.113130 0.117204 0.034940 0.019992 0.011555 0.104658 0.090660 0.003408 0.139791 0.038921 0.037195 
0.063186 0.085117 0.054485 0.064159 0.118202 0.135677 0.034414 0.021198 0.006886 0.116060 0.072218 0.011264 0.117625 0.040301 0.059208 
0.098821 0.051488 0.098825 0.051430 0.089962 0.094304 0.053499 0.064415 0.040958 0.076867 0.049237 0.055960 0.104487 0.032833 0.036912 
0.112438 0.082356 0.055433 0.057841 0.125691 0.134228 0.035281 0.025585 0.014664 0.081622 0.087951 0.007389 0.091821 0.029824 0.057875 
0.026392 0.028787 0.070137 0.019341 0.041073 0.067217 0.026943 0.010419 0.023596 0.025148 0.078890 0.032837 0.063700 0.144026 0.341496 
0.096899 0.077148 0.063797 0.076338 0.112021 0.089394 0.056401 0.033124 0.036397 0.089393 0.073982 0.029074 0.088551 0.014101 0.063379 
0.074729 0.082485 0.086314 0.045605 0.119808 0.114936 0.035772 0.024732 0.010169 0.128087 0.081336 0.009316 0.118288 0.037422 0.031002 
0.094103 0.112004 0.055415 0.053998 0.120007 0.085892 0.018683 0.021567 0.014595 0.125606 0.100925 0.013383 0.109932 0.036007 0.037885 
0.051243 0.135149 0.030703 0.024256 0.076652 0.039659 0.014887 0.018292 0.011074 0.129109 0.161531 0.015291 0.125233 0.116210 0.050710 
0.034838 0.025711 0.054721 0.020914 0.049252 0.075627 0.040764 0.011359 0.023566 0.029150 0.082243 0.034590 0.047449 0.150819 0.318998 
0.175477 0.022758 0.063962 0.084219 0.041213 0.225418 0.096977 0.010593 0.022675 0.061594 0.032767 0.009330 0.031284 0.008399 0.113335 
0.079213 0.093040 0.060053 0.055266 0.095329 0.091307 0.019620 0.021088 0.011155 0.155662 0.093961 0.005807 0.143715 0.043560 0.031226 
0.091243 0.081891 0.052838 0.058855 0.118798 0.100202 0.039507 0.022060 0.019267 0.107662 0.078789 0.009729 0.130984 0.046674 0.041501 
0.032227 0.031008 0.040366 0.019447 0.044482 0.059027 0.032058 0.012828 0.022088 0.044599 0.099308 0.042672 0.058869 0.195113 0.265907 
0.064393 0.088202 0.084594 0.068342 0.100202 0.111009 0.026847 0.015450 0.015509 0.122795 0.077746 0.015918 0.132604 0.039995 0.036393 
0.068219 0.107363 0.057225 0.054044 0.126213 0.107078 0.024583 0.021267 0.008936 0.122650 0.087340 0.011422 0.122767 0.035148 0.045746 
0.068437 0.099355 0.071566 0.064580 0.096749 0.119130 0.025899 0.030098 0.009694 0.106513 0.089423 0.012199 0.124261 0.033465 0.048627 
0.041524 0.085026 0.045571 0.022603 0.106745 0.062764 0.032817 0.026412 0.021399 0.062211 0.109748 0.030583 0.127544 0.075623 0.149428 
0.115820 0.083676 0.037764 0.044894 0.109757 0.083380 0.061291 0.019459 0.020364 0.108053 0.084236 0.009642 0.124661 0.042992 0.054011 
0.092354 0.063145 0.080855 0.060708 0.127392 0.144152 0.048035 0.033028 0.019088 0.066086 0.055528 0.009219 0.122433 0.018388 0.059589 
0.087931 0.078815 0.079393 0.053871 0.132546 0.109597 0.035477 0.022141 0.010495 0.105387 0.071274 0.008505 0.132738 0.028183 0.043648 
0.028976 0.116100 0.030790 0.044608 0.114855 0.058897 0.012857 0.013245 0.009187 0.185888 0.123144 0.005521 0.172420 0.067097 0.016416 
0.069401 0.104172 0.048634 0.064866 0.127729 0.086959 0.027668 0.015574 0.006845 0.107316 0.097531 0.003364 0.163004 0.038452 0.038484 
0.056722 0.024781 0.109832 0.027289 0.020901 0.027126 0.088178 0.165418 0.094527 0.053083 0.045273 0.088225 0.084439 0.076418 0.037786 
0.025958 0.022509 0.049125 0.015189 0.031714 0.083907 0.034952 0.011523 0.025206 0.034123 0.098714 0.032375 0.039798 0.221948 0.272961 
0.042780 0.037699 0.034360 0.018373 0.048051 0.075947 0.046207 0.012143 0.028605 0.034278 0.124914 0.043796 0.041574 0.238712 0.172560 
0.055115 0.099463 0.062070 0.059204 0.106022 0.090733 0.025549 0.021057 0.013858 0.136752 0.090934 0.005474 0.148596 0.041889 0.043284 
0.073692 0.073740 0.072011 0.067960 0.137735 0.085771 0.024063 0.023673 0.015963 0.130442 0.076397 0.006382 0.129791 0.037820 0.044559 
0.090563 0.102317 0.086815 0.051003 0.117525 0.108363 0.021671 0.025200 0.010750 0.098734 0.100974 0.006690 0.106486 0.029245 0.043665 
0.074058 0.092045 0.048153 0.050347 0.131135 0.110717 0.016972 0.031589 0.011521 0.109392 0.090448 0.027875 0.124160 0.031353 0.050235 
0.067402 0.092745 0.057493 0.073582 0.095974 0.092685 0.018345 0.019306 0.029651 0.136235 0.095801 0.018740 0.132051 0.048017 0.021974 
0.071012 0.085096 0.075347 0.050148 0.135668 0.101044 0.044167 0.030482 0.011443 0.111526 0.077972 0.011483 0.111300 0.036820 0.046490 
0.073051 0.071004 0.105034 0.060026 0.087581 0.132730 0.041711 0.075804 0.038940 0.074033 0.032268 0.029169 0.115529 0.022668 0.040453 
0.078548 0.074963 0.077461 0.064338 0.110637 0.114999 0.034347 0.020896 0.017495 0.104200 0.073475 0.007671 0.125698 0.044577 0.050695 
0.071345 0.112371 0.060369 0.051479 0.113290 0.064663 0.027811 0.019626 0.017627 0.117208 0.113640 0.009130 0.148375 0.033522 0.039544 
0.033234 0.026023 0.037729 0.022232 0.040576 0.077631 0.041390 0.013784 0.019361 0.038715 0.096645 0.032909 0.048752 0.188109 0.282910 
0.088934 0.090920 0.045248 0.059738 0.098883 0.099374 0.033551 0.028716 0.014441 0.164977 0.093759 0.016493 0.088927 0.047597 0.028442 
0.074890 0.069002 0.063332 0.065570 0.108358 0.111763 0.045551 0.028558 0.020710 0.118368 0.070061 0.011616 0.132433 0.050999 0.028787 
0.171232 0.050191 0.043573 0.065762 0.104485 0.142166 0.078735 0.029560 0.031615 0.058809 0.047888 0.014888 0.076529 0.018520 0.066046 
0.082666 0.015538 0.293805 0.035683 0.012838 0.025561 0.142310 0.073911 0.047200 0.043065 0.025694 0.088181 0.045326 0.030703 0.037519 
large_intestine
0.098148 0.098057 0.048851 0.064759 0.140712 0.075289 0.041605 0.020169 0.017684 0.118784 0.092038 0.011626 0.086252 0.027874 0.058152 
0.095477 0.114015 0.043244 0.059402 0.128605 0.094050 0.035355 0.020840 0.018355 0.106023 0.106786 0.010831 0.080913 0.026488 0.059614 
0.147076 0.059865 0.080596 0.065642 0.055231 0.102724 0.070980 0.035674 0.033944 0.074780 0.048979 0.009764 0.091994 0.025023 0.097730 
0.109863 0.056971 0.086202 0.078775 0.068042 0.118072 0.061488 0.038339 0.036481 0.094022 0.065799 0.013195 0.086998 0.033190 0.052562 
0.116841 0.061996 0.067999 0.059835 0.057285 0.125542 0.050580 0.045035 0.030576 0.095447 0.079880 0.022599 0.082800 0.044839 0.058745 
0.101331 0.107215 0.032705 0.047959 0.132454 0.083641 0.031463 0.012495 0.009001 0.136390 0.107125 0.007671 0.093180 0.041225 0.056146 
0.026592 0.030137 0.051411 0.011654 0.039176 0.070298 0.025044 0.009625 0.024011 0.024614 0.099659 0.029412 0.041746 0.198244 0.318375 
0.059432 0.127359 0.035195 0.054226 0.138082 0.055245 0.019576 0.011358 0.014622 0.133992 0.135911 0.010094 0.125874 0.046358 0.032676 
0.083009 0.105726 0.047621 0.051950 0.126021 0.068948 0.032179 0.022779 0.018913 0.129994 0.103812 0.005776 0.119240 0.051149 0.032884 
0.036568 0.129173 0.028414 0.050736 0.110033 0.035953 0.009814 0.011621 0.009459 0.183751 0.143229 0.003254 0.153986 0.066658 0.027351 
0.042524 0.109322 0.022963 0.052652 0.123829 0.041208 0.019044 0.016874 0.009547 0.182852 0.122535 0.003794 0.149120 0.076549 0.027187 
0.062796 0.153805 0.049669 0.053030 0.130853 0.046399 0.029636 0.018362 0.020071 0.102658 0.146156 0.013957 0.113139 0.030683 0.028785 
0.062663 0.137499 0.048171 0.046189 0.137872 0.086638 0.041326 0.021839 0.012967 0.096732 0.129025 0.010069 0.102761 0.027614 0.038636 
0.055544 0.110857 0.034225 0.033675 0.134487 0.057085 0.022730 0.015114 0.013848 0.153262 0.116202 0.006433 0.157496 0.049410 0.039631 
0.078523 0.150391 0.045801 0.044794 0.144606 0.083659 0.036035 0.012400 0.015796 0.061817 0.155701 0.007038 0.094969 0.021661 0.046808 
0.070045 0.113815 0.041940 0.059011 0.113485 0.063270 0.039893 0.014626 0.006958 0.150821 0.113623 0.006389 0.129024 0.047298 0.029801 
0.108593 0.083488 0.063496 0.066343 0.145680 0.082726 0.052161 0.025248 0.027569 0.071273 0.074886 0.016812 0.089889 0.021068 0.070769 
0.084377 0.103806 0.049464 0.064709 0.129387 0.085874 0.034194 0.018937 0.011785 0.116557 0.100416 0.005840 0.119795 0.044347 0.030514 
0.046102 0.134530 0.035493 0.058516 0.122101 0.056400 0.018341 0.010809 0.010468 0.160864 0.128406 0.004077 0.135512 0.045190 0.033190 
0.097176 0.078709 0.058533 0.087313 0.187878 0.101013 0.031085 0.022441 0.013489 0.085849 0.070325 0.004681 0.090298 0.020922 0.050287 
0.080650 0.119816 0.043419 0.059193 0.119141 0.065021 0.032826 0.023379 0.013045 0.108326 0.128295 0.004195 0.119380 0.036781 0.046531 
0.044181 0.030879 0.044829 0.016351 0.051036 0.150769 0.060994 0.013332 0.027544 0.019286 0.087253 0.019613 0.033971 0.121974 0.277989 
0.152469 0.047199 0.090827 0.064568 0.051316 0.131161 0.027792 0.036275 0.033331 0.100513 0.050590 0.013696 0.110516 0.013439 0.076307 
0.059323 0.115070 0.042263 0.043955 0.122362 0.076407 0.030375 0.020988 0.013201 0.142684 0.114520 0.016205 0.122236 0.051123 0.029286 
0.072499 0.081264 0.124127 0.055145 0.048449 0.049653 0.062533 0.076357 0.036366 0.097312 0.078651 0.027233 0.101495 0.052985 0.035932 
0.092428 0.093216 0.054377 0.054261 0.132761 0.066701 0.023612 0.020884 0.029652 0.089079 0.098040 0.013200 0.134082 0.051922 0.045784 
0.089002 0.109789 0.026281 0.052218 0.122622 0.045178 0.016400 0.008871 0.014479 0.114936 0.111371 0.007524 0.166151 0.076574 0.038605 
0.121117 0.059542 0.063986 0.075067 0.116953 0.101507 0.044732 0.022828 0.012222 0.104439 0.071410 0.009933 0.124155 0.038464 0.033645 
0.092669 0.076904 0.064027 0.074957 0.099748 0.076929 0.023254 0.014166 0.027903 0.103657 0.089089 0.005144 0.151097 0.053869 0.046589 
0.127463 0.081729 0.074303 0.074429 0.133728 0.084147 0.044700 0.022868 0.034192 0.062122 0.079313 0.020190 0.089250 0.022799 0.048767 
0.107934 0.072362 0.103701 0.072974 0.032030 0.082871 0.076828 0.055916 0.019526 0.109060 0.074649 0.017643 0.114056 0.038913 0.021536 
0.061199 0.080709 0.058796 0.060429 0.103219 0.079985 0.016154 0.017177 0.014377 0.151745 0.090988 0.009019 0.161648 0.057254 0.037299 
0.104577 0.052900 0.133225 0.045729 0.046420 0.062914 0.091123 0.056130 0.031367 0.158127 0.047523 0.029750 0.056347 0.039818 0.044050 
0.131835 0.078414 0.048715 0.054851 0.128848 0.116651 0.051436 0.022990 0.010870 0.092543 0.077504 0.008342 0.098285 0.025397 0.053318 
0.088216 0.043689 0.081152 0.062289 0.038474 0.084700 0.085359 0.047742 0.047436 0.147382 0.048096 0.049826 0.063642 0.077450 0.034546 
0.115764 0.069377 0.063073 0.057652 0.046591 0.054730 0.076312 0.050717 0.035567 0.125590 0.066543 0.039626 0.103755 0.035985 0.058719 
0.067766 0.110908 0.050205 0.065178 0.148207 0.083293 0.028195 0.024236 0.011529 0.108111 0.108465 0.009667 0.107248 0.029057 0.047935 
0.075615 0.101562 0.056593 0.063688 0.119387 0.068341 0.038826 0.022154 0.013455 0.125885 0.096889 0.012955 0.130264 0.033115 0.041270 
0.069715 0.097891 0.032977 0.045554 0.126711 0.075883 0.034231 0.014044 0.011807 0.140072 0.099760 0.006924 0.145825 0.058823 0.039782 
0.133709 0.077999 0.038063 0.062480 0.109347 0.106430 0.035345 0.016841 0.012633 0.122692 0.083968 0.004566 0.112750 0.036361 0.046815 
0.052218 0.076468 0.082782 0.073190 0.062247 0.073822 0.053974 0.074702 0.079177 0.085909 0.065717 0.058884 0.092140 0.040961 0.027808 
