-7704196.358340
0
0.000001 0.000000 0.000009 0.000001 0.038392 0.000185 0.000000 0.000001 0.000001 0.000015 0.000879 0.001338 0.000001 0.000002 0.022400 0.003469 0.004110 0.039098 0.000003 0.000001 0.000000 0.002779 0.000268 0.010675 0.001017 0.000001 0.000001 0.006151 0.000138 0.000000 0.000001 0.000001 0.000061 0.066570 0.001404 0.004629 0.000000 0.000144 0.000001 0.000001 0.000001 0.000001 0.000001 0.000001 0.000001 0.003234 0.000155 0.000001 0.000001 0.000001 0.000001 0.000001 0.000001 0.005868 0.000001 0.000000 0.000001 0.001118 0.000001 0.000001 0.000437 0.000001 0.000001 0.000000 0.154257 0.000001 0.013804 0.000001 0.018679 0.000001 0.000108 0.000245 0.000001 0.001657 0.000000 0.198148 0.000080 0.002580 0.000000 0.000001 0.001775 0.039148 0.000001 0.354441 0.000001 0.000001 0.000000 0.000001 0.000028 0.000001 0.000001 0.000470 0.000001 0.000001 0.000000 0.000001 
0.000001 0.000000 0.000110 0.000001 0.000000 0.000001 0.000000 0.000001 0.000001 0.000071 0.002122 0.002611 0.000001 0.000078 0.000001 0.002267 0.000001 0.000976 0.000001 0.000001 0.015834 0.000001 0.000001 0.010013 0.002209 0.000001 0.000004 0.005413 0.000751 0.000000 0.000001 0.004937 0.000633 0.531777 0.003005 0.000431 0.000000 0.000001 0.000001 0.000001 0.000001 0.000001 0.000001 0.000001 0.006862 0.001536 0.000481 0.000071 0.000006 0.000001 0.000001 0.007893 0.000274 0.011306 0.000001 0.000000 0.000325 0.002500 0.068268 0.000001 0.001087 0.000001 0.035750 0.000000 0.000001 0.000001 0.057740 0.000001 0.000000 0.000001 0.000310 0.002088 0.000012 0.003762 0.000000 0.077048 0.000203 0.005402 0.000000 0.000001 0.008243 0.115278 0.000001 0.000001 0.000001 0.000001 0.000000 0.000001 0.000145 0.000001 0.000001 0.010068 0.000071 0.000001 0.000000 0.000001 
0.000001 0.000000 0.000001 0.000001 0.000000 0.000001 0.000000 0.000001 0.019656 0.000001 0.000001 0.000023 0.000001 0.000001 0.000001 0.000001 0.000001 0.000001 0.000001 0.000001 0.000000 0.000001 0.000001 0.000182 0.000001 0.000001 0.118220 0.000001 0.000001 0.000000 0.007381 0.000001 0.000001 0.245728 0.000001 0.000001 0.000000 0.000001 0.000001 0.000001 0.000001 0.106049 0.000001 0.000001 0.000001 0.000001 0.000001 0.000001 0.000001 0.105676 0.009332 0.000001 0.000001 0.000552 0.000317 0.000000 0.000001 0.172693 0.000001 0.000001 0.000001 0.000001 0.000001 0.000000 0.000001 0.000001 0.000048 0.000001 0.000000 0.000001 0.000001 0.000001 0.149982 0.000001 0.000000 0.003263 0.000001 0.000001 0.000000 0.060830 0.000001 0.000002 0.000001 0.000001 0.000001 0.000001 0.000000 0.000012 0.000001 0.000001 0.000001 0.000001 0.000001 0.000001 0.000000 0.000001 
0.000001 0.000000 0.000001 0.000001 0.000000 0.000001 0.000000 0.000001 0.000001 0.000001 0.308382 0.000001 0.010775 0.000001 0.000001 0.000785 0.000001 0.048455 0.000001 0.000001 0.000000 0.000001 0.000001 0.000001 0.003334 0.000236 0.000001 0.000001 0.000001 0.000000 0.000001 0.000019 0.530085 0.000001 0.000001 0.000001 0.000000 0.000001 0.000001 0.000001 0.000001 0.000001 0.000001 0.000758 0.006668 0.035512 0.000001 0.000001 0.000001 0.000001 0.000001 0.000001 0.000001 0.000001 0.000001 0.000000 0.000001 0.000001 0.000001 0.000001 0.006043 0.000001 0.000001 0.000000 0.000001 0.000001 0.000001 0.000001 0.000000 0.000001 0.000001 0.000001 0.000001 0.000001 0.000000 0.000074 0.000001 0.000001 0.000000 0.000001 0.000001 0.000002 0.000001 0.000001 0.000001 0.000001 0.000000 0.000001 0.000001 0.000001 0.000001 0.048820 0.000001 0.000001 0.000000 0.000001 
0.000001 0.000000 0.000001 0.000001 0.000000 0.000001 0.000000 0.000001 0.000001 0.000001 0.262094 0.000001 0.000001 0.000001 0.000037 0.000001 0.000001 0.000001 0.000001 0.000001 0.000000 0.000001 0.000001 0.000001 0.033530 0.000078 0.000001 0.314816 0.000001 0.000000 0.000001 0.000001 0.000001 0.000001 0.000001 0.000001 0.000000 0.000001 0.000001 0.000001 0.000026 0.000001 0.000001 0.000001 0.000001 0.000001 0.000001 0.000001 0.000001 0.000001 0.000001 0.000001 0.015325 0.000001 0.000001 0.000000 0.000001 0.251212 0.000001 0.000001 0.000001 0.000001 0.000001 0.000000 0.000001 0.122732 0.000001 0.000001 0.000000 0.000001 0.000001 0.000001 0.000001 0.000001 0.000000 0.000012 0.000001 0.000001 0.000000 0.000001 0.000081 0.000002 0.000001 0.000001 0.000001 0.000001 0.000000 0.000001 0.000001 0.000001 0.000001 0.000001 0.000001 0.000001 0.000000 0.000001 
0.083642 0.000001 0.000001 0.035563 0.000001 0.000001 0.000001 0.013139 0.000001 0.000001 0.000289 0.000879 0.000001 0.000001 0.000001 0.000001 0.060714 0.000013 0.000001 0.085607 0.000001 0.000001 0.000001 0.003243 0.000501 0.000001 0.000001 0.001335 0.000042 0.000001 0.000001 0.000001 0.000001 0.000001 0.000787 0.000001 0.000001 0.049994 0.038503 0.000001 0.007265 0.005191 0.212307 0.002948 0.000001 0.000084 0.000001 0.000001 0.000001 0.000001 0.000001 0.000001 0.000001 0.004099 0.000001 0.000001 0.072266 0.000616 0.000001 0.000001 0.000110 0.000001 0.000001 0.000001 0.000001 0.000001 0.008116 0.000001 0.000001 0.000082 0.000001 0.052583 0.000001 0.000851 0.000001 0.028729 0.000007 0.001581 0.000001 0.000001 0.000001 0.017506 0.000001 0.000001 0.000001 0.000001 0.000001 0.038538 0.000001 0.000001 0.113960 0.000100 0.000001 0.000143 0.000001 0.058633 
0.000001 0.000000 0.000001 0.000001 0.000000 0.000001 0.000000 0.000047 0.000001 0.000001 0.000001 0.000001 0.000001 0.000001 0.017634 0.044295 0.000001 0.000001 0.000001 0.000001 0.000000 0.000001 0.000001 0.000058 0.112821 0.000001 0.000001 0.000001 0.000041 0.000000 0.030192 0.000001 0.000001 0.000001 0.000001 0.380786 0.000000 0.000001 0.000001 0.000001 0.000001 0.000001 0.000001 0.000001 0.000001 0.000001 0.068349 0.122193 0.000001 0.000001 0.000001 0.000001 0.000001 0.000086 0.000001 0.000000 0.000001 0.014038 0.000001 0.000001 0.005733 0.000001 0.000001 0.000000 0.000001 0.000001 0.000164 0.103502 0.000000 0.000001 0.000001 0.000001 0.000001 0.000001 0.000000 0.000766 0.001541 0.000006 0.000000 0.000001 0.000001 0.000249 0.000001 0.000001 0.000001 0.000001 0.000000 0.000001 0.000032 0.097423 0.000001 0.000001 0.000001 0.000001 0.000000 0.000001 
0.000001 0.000001 0.000001 0.000001 0.000001 0.000001 0.000001 0.022824 0.011772 0.292471 0.000001 0.000263 0.019436 0.000001 0.000001 0.000001 0.036815 0.000001 0.000001 0.000001 0.000001 0.026056 0.000001 0.001100 0.000086 0.174427 0.000001 0.000342 0.000001 0.036465 0.000001 0.000001 0.000001 0.000001 0.000202 0.000001 0.000001 0.000001 0.000001 0.000001 0.000001 0.000001 0.001503 0.125345 0.000001 0.000001 0.000001 0.000001 0.000001 0.000001 0.000001 0.035819 0.000001 0.001435 0.000001 0.000001 0.000001 0.000126 0.000001 0.000001 0.000001 0.015712 0.000001 0.000001 0.000001 0.022001 0.002645 0.000001 0.000001 0.000001 0.000001 0.000015 0.000001 0.000199 0.000001 0.010332 0.002118 0.000475 0.000001 0.000001 0.000001 0.004744 0.000001 0.000001 0.000001 0.000001 0.000001 0.000001 0.000001 0.000001 0.000001 0.000001 0.000001 0.000001 0.033278 0.121949 
0.000001 0.066540 0.001205 0.000001 0.000000 0.000082 0.000000 0.000001 0.129809 0.000108 0.002735 0.153117 0.000001 0.019314 0.000001 0.000001 0.000001 0.001274 0.000001 0.000001 0.000000 0.000001 0.000001 0.012417 0.002835 0.000001 0.000022 0.006802 0.000431 0.000000 0.000001 0.000001 0.000861 0.000001 0.017559 0.000571 0.018521 0.000001 0.005757 0.000001 0.000001 0.000001 0.000001 0.000013 0.000001 0.001984 0.000675 0.000156 0.000023 0.000001 0.000001 0.000001 0.000591 0.014180 0.019912 0.000000 0.000001 0.138824 0.000001 0.000001 0.001413 0.018414 0.000001 0.000000 0.001870 0.000001 0.039116 0.000001 0.000000 0.000001 0.000414 0.000706 0.000032 0.004688 0.000000 0.096699 0.000280 0.006671 0.000000 0.000002 0.009839 0.132968 0.000001 0.000001 0.000001 0.000001 0.000000 0.000001 0.000201 0.004251 0.000001 0.001553 0.023083 0.041457 0.000000 0.000001 
0.000001 0.000000 0.000001 0.000001 0.000000 0.000001 0.000000 0.000001 0.000001 0.000001 0.000001 0.000001 0.000001 0.000001 0.000001 0.000001 0.000001 0.000001 0.000001 0.000001 0.000000 0.000001 0.000001 0.000001 0.000001 0.000001 0.000001 0.000001 0.000001 0.000000 0.000001 0.000001 0.000001 0.000001 0.632888 0.239143 0.000000 0.000001 0.000001 0.000001 0.000001 0.000001 0.000001 0.000001 0.000001 0.000001 0.000699 0.000001 0.000001 0.000001 0.000001 0.000001 0.000001 0.000001 0.000001 0.000000 0.000001 0.000002 0.000001 0.000001 0.000001 0.000001 0.000001 0.000000 0.000001 0.000001 0.000001 0.000001 0.000000 0.000001 0.000001 0.000001 0.000001 0.124952 0.000000 0.000011 0.000001 0.000001 0.000000 0.000001 0.002129 0.000002 0.000001 0.000001 0.000001 0.000001 0.000000 0.000001 0.000008 0.000001 0.000110 0.000001 0.000001 0.000001 0.000000 0.000001 
0.000051 0.000000 0.000001 0.000001 0.000000 0.003525 0.000000 0.000001 0.000001 0.000001 0.000501 0.000679 0.000001 0.000001 0.000001 0.000001 0.000001 0.000199 0.000046 0.000001 0.000000 0.000001 0.000001 0.002730 0.000546 0.000001 0.000001 0.001417 0.000057 0.000000 0.000001 0.000480 0.000076 0.000395 0.000779 0.000054 0.000000 0.000001 0.000001 0.000001 0.060577 0.000001 0.000001 0.000001 0.000001 0.000337 0.000068 0.000001 0.000001 0.000001 0.000001 0.036383 0.000001 0.003089 0.000033 0.000000 0.000001 0.000640 0.699415 0.000001 0.000239 0.000001 0.000001 0.000000 0.000001 0.000001 0.008815 0.000001 0.000000 0.000369 0.082585 0.000124 0.000001 0.000977 0.000000 0.021243 0.000024 0.001409 0.000000 0.000001 0.015611 0.031598 0.000001 0.000001 0.000001 0.000001 0.000000 0.000001 0.000007 0.000001 0.000001 0.021139 0.000001 0.003748 0.000000 0.000001 
0.000001 0.000000 0.000127 0.000001 0.000000 0.000001 0.000000 0.000001 0.000001 0.000001 0.000062 0.000328 0.000103 0.000001 0.000001 0.000001 0.000001 0.000001 0.000001 0.000001 0.000000 0.000001 0.000001 0.001137 0.000155 0.000001 0.000001 0.000427 0.000002 0.000000 0.002180 0.000001 0.000001 0.000001 0.313084 0.000001 0.000000 0.000001 0.000001 0.000001 0.000001 0.000001 0.000001 0.000001 0.000001 0.000001 0.000001 0.000001 0.003930 0.000001 0.000001 0.000001 0.000001 0.001542 0.000001 0.000000 0.206531 0.000176 0.000001 0.000001 0.000009 0.000001 0.000001 0.000000 0.000001 0.000001 0.005178 0.074590 0.000000 0.000001 0.000055 0.000030 0.000001 0.000243 0.000000 0.010993 0.000001 0.000570 0.000000 0.000001 0.000001 0.003568 0.000001 0.337727 0.005481 0.031729 0.000000 0.000001 0.000001 0.000001 0.000001 0.000004 0.000001 0.000001 0.000000 0.000001 
0.000020 0.000000 0.000001 0.038344 0.000000 0.028618 0.000000 0.000001 0.000001 0.001186 0.179624 0.000001 0.000001 0.000001 0.000001 0.000001 0.003992 0.000001 0.000001 0.000001 0.000000 0.000001 0.000001 0.000049 0.000001 0.000001 0.000001 0.000001 0.000001 0.000000 0.000001 0.000001 0.000001 0.000001 0.000001 0.000001 0.000000 0.000001 0.000001 0.000001 0.000001 0.000001 0.000001 0.000001 0.000001 0.000001 0.000001 0.000001 0.000001 0.000001 0.000001 0.017954 0.000001 0.000073 0.000001 0.000000 0.000001 0.001736 0.000001 0.400019 0.000001 0.000748 0.000001 0.000000 0.000001 0.001260 0.000135 0.000001 0.000000 0.000223 0.000001 0.000001 0.000001 0.000001 0.000000 0.000668 0.004419 0.000008 0.000000 0.000001 0.000001 0.320268 0.000001 0.000001 0.000001 0.000607 0.000000 0.000001 0.000001 0.000001 0.000001 0.000001 0.000001 0.000001 0.000000 0.000001 
0.000000 0.000000 0.000001 0.000000 0.000000 0.000001 0.000000 0.000001 0.000001 0.000295 0.000001 0.000001 0.000000 0.000001 0.000001 0.000001 0.000001 0.000001 0.000000 0.000000 0.000000 0.000000 0.000000 0.000001 0.000001 0.000000 0.000000 0.000235 0.000001 0.000000 0.000001 0.000001 0.000001 0.000001 0.000034 0.000001 0.000000 0.000000 0.000001 0.000000 0.000000 0.000000 0.000001 0.000001 0.000000 0.000001 0.000175 0.000000 0.000050 0.000000 0.000000 0.000001 0.000001 0.000001 0.000001 0.000000 0.000001 0.000001 0.000001 0.000000 0.000186 0.000001 0.000000 0.000000 0.000000 0.000001 0.000001 0.000000 0.000000 0.000001 0.000535 0.000001 0.000000 0.000001 0.000000 0.000002 0.000001 0.004557 0.000000 0.000000 0.000001 0.000002 0.993847 0.000001 0.000000 0.000000 0.000000 0.000000 0.000001 0.000001 0.000000 0.000033 0.000000 0.000000 0.000000 0.000000 
0.000001 0.000000 0.000001 0.000001 0.000000 0.000001 0.000000 0.000001 0.000001 0.000001 0.000001 0.000195 0.000001 0.000001 0.000001 0.000001 0.000001 0.000001 0.000001 0.000001 0.000000 0.000001 0.000001 0.000522 0.000085 0.000001 0.000001 0.000167 0.000001 0.000000 0.000001 0.000001 0.000001 0.000001 0.000001 0.000001 0.000000 0.000001 0.000001 0.000721 0.000001 0.000001 0.000001 0.000001 0.000001 0.000001 0.000001 0.000001 0.000014 0.000001 0.000001 0.000001 0.000001 0.000304 0.000001 0.000000 0.000001 0.000807 0.000001 0.000001 0.000001 0.000001 0.000001 0.000000 0.000001 0.000001 0.012770 0.000001 0.000000 0.000001 0.000001 0.000017 0.000001 0.000001 0.000000 0.023033 0.000001 0.000001 0.000000 0.000001 0.040813 0.920501 0.000001 0.000001 0.000001 0.000001 0.000000 0.000001 0.000001 0.000001 0.000001 0.000001 0.000001 0.000001 0.000000 0.000001 
0.000001 0.000001 0.040939 0.000001 0.000000 0.000001 0.000000 0.000001 0.000001 0.000001 0.000001 0.000001 0.000001 0.024401 0.000001 0.000001 0.000001 0.000001 0.000001 0.001578 0.000000 0.000001 0.000001 0.000001 0.000001 0.000001 0.000001 0.000001 0.025326 0.000001 0.000001 0.000001 0.000001 0.000001 0.000001 0.000001 0.000000 0.000001 0.031615 0.050186 0.000001 0.000001 0.000001 0.000001 0.000001 0.000001 0.000001 0.000001 0.084528 0.000001 0.057397 0.049525 0.001073 0.000009 0.000001 0.000000 0.000001 0.000002 0.414819 0.000001 0.006205 0.000001 0.000001 0.027547 0.000052 0.000001 0.000001 0.000001 0.000000 0.000001 0.000001 0.000001 0.000001 0.000001 0.000000 0.000365 0.054955 0.044954 0.000000 0.000001 0.000001 0.000002 0.000001 0.000001 0.000001 0.000069 0.000000 0.011528 0.072873 0.000001 0.000001 0.000001 0.000001 0.000001 0.000000 0.000001 
0.000000 0.000000 0.000001 0.000000 0.000000 0.000001 0.000000 0.000001 0.000001 0.000001 0.000008 0.000014 0.000001 0.000001 0.000001 0.000001 0.000001 0.000001 0.000000 0.000000 0.000000 0.000000 0.000000 0.000090 0.000010 0.000000 0.000000 0.000042 0.000001 0.000000 0.000001 0.000001 0.000001 0.000001 0.000019 0.000001 0.000000 0.000000 0.000001 0.000000 0.000001 0.000000 0.000001 0.000001 0.000000 0.000001 0.000001 0.000000 0.000001 0.000000 0.000000 0.000001 0.013037 0.000103 0.000001 0.000000 0.000001 0.000015 0.000001 0.000006 0.000001 0.000001 0.001261 0.000000 0.000001 0.000001 0.000321 0.000000 0.000000 0.000001 0.000001 0.000001 0.000000 0.000026 0.000000 0.000760 0.000001 0.000042 0.000000 0.000001 0.604660 0.001226 0.376189 0.001637 0.000000 0.000000 0.000000 0.000000 0.000001 0.000488 0.000000 0.000006 0.000000 0.000001 0.000000 0.000000 
0.000001 0.000000 0.000018 0.000001 0.000000 0.000001 0.029140 0.000038 0.000001 0.000051 0.001792 0.003088 0.000001 0.000011 0.000001 0.000001 0.000001 0.000650 0.192283 0.000001 0.000000 0.000001 0.033430 0.010935 0.002206 0.000001 0.000001 0.005293 0.010868 0.000000 0.000001 0.039210 0.000001 0.000001 0.003064 0.000005 0.000000 0.000001 0.000001 0.000001 0.000001 0.000001 0.009087 0.000001 0.000001 0.001032 0.000292 0.000001 0.000001 0.002280 0.000001 0.000001 0.000001 0.013420 0.018373 0.040596 0.000001 0.002392 0.000001 0.000798 0.000894 0.000001 0.000001 0.000000 0.000001 0.000001 0.028959 0.000001 0.000000 0.035943 0.000208 0.000565 0.000001 0.003492 0.054417 0.152377 0.056692 0.005711 0.034643 0.086970 0.002006 0.072928 0.000001 0.000001 0.015486 0.000001 0.027311 0.000001 0.000062 0.000001 0.000001 0.000952 0.000001 0.000001 0.000000 0.000001 
0.056407 0.055676 0.055497 0.056545 0.055829 0.055527 0.056118 0.054501 0.055077 0.055652 0.054403 0.056438 0.054378 0.056097 0.055091 0.055106 0.055269 0.056389 
0.055878 0.053530 0.054692 0.056545 0.056431 0.055385 0.054429 0.057146 0.056494 0.057202 0.054898 0.056301 0.056024 0.053775 0.056708 0.056955 0.054100 0.053507 
0.048559 0.057358 0.056361 0.058287 0.053946 0.058620 0.058236 0.061574 0.049754 0.053765 0.059480 0.055638 0.053029 0.058833 0.054393 0.055139 0.058054 0.048974 
0.058063 0.053386 0.050000 0.059828 0.051897 0.059110 0.060356 0.058530 0.051570 0.054213 0.048943 0.053558 0.054894 0.059740 0.057488 0.051998 0.060793 0.055633 
0.049586 0.059448 0.053521 0.061648 0.049822 0.059530 0.046084 0.052230 0.046469 0.050679 0.044562 0.058820 0.055234 0.061371 0.059600 0.064936 0.063121 0.063340 
0.055872 0.055983 0.055387 0.055402 0.055079 0.055904 0.055746 0.055743 0.055747 0.055335 0.055590 0.055328 0.055876 0.055918 0.055599 0.055092 0.055227 0.055170 
0.054839 0.054686 0.055001 0.055081 0.055827 0.056786 0.056538 0.054587 0.055000 0.057287 0.054894 0.055047 0.054587 0.056290 0.056877 0.055398 0.055449 0.055825 
0.041941 0.044415 0.047430 0.063680 0.066620 0.055733 0.050565 0.066442 0.058998 0.046649 0.048035 0.051845 0.060149 0.060426 0.058447 0.061125 0.050422 0.067079 
0.055798 0.054180 0.056153 0.055066 0.056531 0.054519 0.054502 0.057272 0.055206 0.055611 0.057171 0.054155 0.054440 0.055643 0.055112 0.056734 0.056334 0.055574 
0.057562 0.055992 0.052298 0.055204 0.058387 0.053967 0.057212 0.059802 0.052640 0.055241 0.054771 0.051997 0.060470 0.051156 0.056747 0.056986 0.053257 0.056310 
0.056730 0.054675 0.055508 0.059598 0.053745 0.054995 0.053241 0.058744 0.055321 0.054728 0.056188 0.054885 0.052983 0.054896 0.054952 0.056226 0.055857 0.056728 
0.056411 0.055532 0.054884 0.056224 0.056205 0.056685 0.054933 0.055911 0.056472 0.055669 0.055781 0.054321 0.056606 0.054243 0.054221 0.055542 0.056079 0.054283 
breast
0.075377 0.035128 0.031453 0.045218 0.033879 0.040568 0.034518 0.107176 0.093942 0.032603 0.016520 0.053795 0.086057 0.016522 0.013598 0.078111 0.039625 0.165909 
0.048891 0.042070 0.078744 0.044376 0.038309 0.036668 0.052456 0.068248 0.090350 0.035885 0.014183 0.068301 0.067448 0.009278 0.014354 0.078448 0.050160 0.161831 
0.071170 0.039070 0.043784 0.054896 0.051592 0.089966 0.074294 0.105755 0.091621 0.025039 0.038320 0.049735 0.065079 0.009865 0.008564 0.057806 0.040978 0.082465 
0.071029 0.039014 0.043698 0.054788 0.051492 0.088034 0.074148 0.105547 0.091465 0.024995 0.040043 0.049637 0.064951 0.009846 0.008652 0.057693 0.042661 0.082308 
0.061908 0.056331 0.057896 0.063323 0.037726 0.061900 0.065203 0.095223 0.122864 0.029925 0.017473 0.071151 0.047905 0.006831 0.016418 0.046246 0.043309 0.098366 
0.052991 0.054079 0.062875 0.071712 0.044473 0.101080 0.075555 0.083498 0.082968 0.034717 0.032310 0.053102 0.055575 0.006694 0.025571 0.049111 0.041608 0.072083 
0.045921 0.029766 0.093667 0.049603 0.044469 0.026920 0.069674 0.055081 0.102072 0.044868 0.022968 0.059966 0.092022 0.001145 0.015437 0.051205 0.036148 0.159070 
0.046012 0.041734 0.059595 0.056851 0.032185 0.032058 0.056009 0.074481 0.066993 0.043704 0.023542 0.075007 0.079654 0.026255 0.017435 0.046954 0.049108 0.172423 
0.104495 0.036163 0.035552 0.050829 0.028699 0.072427 0.057782 0.091948 0.095777 0.006419 0.047629 0.082837 0.061990 0.011036 0.011999 0.073120 0.029329 0.101969 
0.070810 0.036486 0.056958 0.061529 0.034805 0.027716 0.052769 0.100463 0.086222 0.033048 0.018863 0.058901 0.068262 0.006138 0.025059 0.080829 0.042190 0.138952 
0.047924 0.024982 0.043064 0.034163 0.049535 0.046559 0.049453 0.073990 0.077591 0.037430 0.030255 0.071208 0.111980 0.009582 0.050027 0.044643 0.050325 0.147287 
0.063021 0.056681 0.048096 0.064957 0.038425 0.043289 0.042587 0.062972 0.074147 0.041690 0.030563 0.071453 0.085034 0.004505 0.044785 0.076988 0.052326 0.098479 
0.036159 0.026348 0.116191 0.026256 0.071827 0.058413 0.068034 0.093272 0.090554 0.050833 0.019496 0.050978 0.077401 0.005797 0.014685 0.098353 0.032795 0.062610 
0.046675 0.059733 0.075526 0.067853 0.045780 0.036085 0.039156 0.104344 0.099744 0.034727 0.024173 0.052262 0.069619 0.012467 0.035452 0.040993 0.055156 0.100256 
0.052981 0.056394 0.066352 0.053742 0.048025 0.038234 0.032301 0.067329 0.080714 0.040276 0.012539 0.087203 0.094641 0.024257 0.027199 0.048472 0.048840 0.120503 
0.042616 0.047386 0.057466 0.052391 0.042402 0.038800 0.040482 0.084402 0.076265 0.035800 0.021749 0.062797 0.077559 0.011012 0.035849 0.072819 0.050680 0.149523 
0.050896 0.057643 0.079029 0.030892 0.045935 0.034723 0.061312 0.070457 0.090689 0.029842 0.018642 0.052761 0.074124 0.011220 0.021212 0.086062 0.035076 0.149485 
0.063755 0.039394 0.056689 0.054238 0.043281 0.037867 0.029356 0.092608 0.085376 0.023534 0.014307 0.048477 0.097467 0.006301 0.017112 0.097688 0.045712 0.146839 
0.034833 0.052148 0.050547 0.071841 0.036057 0.130771 0.043461 0.148976 0.076464 0.029658 0.034192 0.069666 0.065294 0.000088 0.044864 0.020735 0.033706 0.056701 
0.046794 0.048856 0.074778 0.054834 0.045007 0.033155 0.034218 0.070260 0.123297 0.025494 0.016468 0.080612 0.069036 0.023877 0.015450 0.068579 0.047690 0.121596 
0.056156 0.021039 0.025194 0.087175 0.031379 0.048955 0.064257 0.078895 0.146559 0.033086 0.029599 0.061871 0.065600 0.001109 0.041204 0.159514 0.011616 0.036792 
0.040816 0.033765 0.059253 0.044631 0.034152 0.036398 0.034412 0.075359 0.120801 0.030323 0.013865 0.060357 0.105769 0.009156 0.016256 0.111744 0.042299 0.130646 
0.096443 0.024884 0.037518 0.036264 0.056597 0.038786 0.050278 0.094932 0.094792 0.044437 0.019497 0.051740 0.077580 0.012098 0.022331 0.090486 0.028255 0.123082 
0.056614 0.033718 0.026086 0.014856 0.036212 0.031048 0.050742 0.110818 0.074961 0.028212 0.022014 0.017412 0.108443 0.007074 0.020324 0.076686 0.058627 0.226153 
0.053937 0.067550 0.065439 0.079211 0.030391 0.037391 0.062021 0.088437 0.063082 0.058776 0.022488 0.057238 0.064825 0.013654 0.016762 0.047691 0.043358 0.127750 
0.043186 0.046625 0.007022 0.088497 0.001008 0.089500 0.201810 0.164270 0.111734 0.002376 0.098377 0.002619 0.000838 0.000943 0.001404 0.005253 0.001195 0.133343 
0.047037 0.056967 0.082703 0.070652 0.035841 0.084733 0.100582 0.075972 0.106621 0.024621 0.019160 0.049220 0.028162 0.006625 0.008242 0.080804 0.024804 0.097257 
0.046053 0.051874 0.057408 0.062399 0.047339 0.053110 0.060883 0.112346 0.079831 0.029643 0.032854 0.036995 0.081102 0.021146 0.033353 0.055122 0.035910 0.102631 
0.050835 0.049338 0.074881 0.089716 0.041076 0.099399 0.086496 0.061587 0.080926 0.050631 0.034727 0.067365 0.063483 0.009150 0.028331 0.035050 0.035560 0.041448 
0.067745 0.075562 0.002454 0.070337 0.000569 0.081942 0.165235 0.196336 0.123984 0.001010 0.076778 0.001776 0.001880 0.000751 0.000640 0.000282 0.000975 0.131743 
0.063293 0.046555 0.056378 0.057659 0.040266 0.034523 0.041719 0.088455 0.088068 0.028965 0.020077 0.049408 0.069941 0.009536 0.027191 0.078857 0.041563 0.157546 
0.081718 0.053240 0.041598 0.036975 0.045733 0.040842 0.028000 0.078487 0.116619 0.023461 0.015199 0.078974 0.057723 0.015595 0.026389 0.072026 0.045848 0.141575 
0.053453 0.051535 0.083857 0.063178 0.053649 0.077293 0.063574 0.076018 0.116332 0.044661 0.027317 0.057966 0.068183 0.006897 0.026866 0.047235 0.041777 0.040207 
0.057759 0.038702 0.079943 0.066754 0.041505 0.089798 0.069906 0.061199 0.095620 0.041228 0.030626 0.076736 0.076914 0.006323 0.034555 0.042652 0.044015 0.045765 
0.068940 0.033885 0.054776 0.053323 0.046906 0.024630 0.040559 0.122038 0.090910 0.022518 0.017913 0.036749 0.081516 0.006748 0.032942 0.079012 0.042828 0.143807 
0.059648 0.046570 0.057093 0.073456 0.035712 0.102906 0.085811 0.092076 0.076284 0.038546 0.038564 0.065356 0.050227 0.009111 0.025104 0.049501 0.036333 0.057699 
0.066841 0.052124 0.046505 0.061783 0.046532 0.065550 0.082952 0.098977 0.137484 0.036159 0.016390 0.056320 0.064500 0.005721 0.023768 0.041531 0.041622 0.055241 
0.069217 0.031331 0.066869 0.089888 0.059696 0.038722 0.040574 0.085970 0.073691 0.028322 0.023746 0.082292 0.040614 0.006609 0.014640 0.078102 0.049995 0.119722 
0.074391 0.052190 0.075531 0.046471 0.045041 0.008749 0.067429 0.056595 0.091300 0.049127 0.016908 0.045627 0.063485 0.001250 0.053264 0.071714 0.056151 0.124776 
0.048973 0.052179 0.067670 0.075390 0.044614 0.030061 0.050931 0.081973 0.089817 0.029883 0.016070 0.065553 0.060483 0.017619 0.034835 0.054357 0.054753 0.124837 
0.039362 0.063037 0.054599 0.088673 0.027711 0.026229 0.080424 0.068879 0.103610 0.067825 0.021679 0.104315 0.100267 0.012935 0.040313 0.024479 0.055207 0.020456 
0.037150 0.045489 0.060434 0.096226 0.043909 0.099653 0.072812 0.122951 0.076795 0.033417 0.035394 0.047215 0.064478 0.003767 0.041023 0.035020 0.040824 0.043443 
0.070139 0.037199 0.051471 0.081069 0.037551 0.028237 0.034870 0.074241 0.092856 0.030302 0.021227 0.063930 0.057173 0.022822 0.022328 0.056786 0.088569 0.129232 
0.063788 0.045673 0.040558 0.046927 0.037627 0.028752 0.048924 0.077680 0.119881 0.033108 0.016614 0.080389 0.070773 0.008419 0.040318 0.095046 0.028615 0.116909 
0.046323 0.028140 0.049455 0.008931 0.048654 0.052214 0.032387 0.127443 0.146771 0.037848 0.015451 0.037153 0.070715 0.021704 0.012127 0.061951 0.079417 0.123316 
0.050931 0.034889 0.036431 0.064500 0.044767 0.043519 0.041357 0.087143 0.095181 0.025596 0.017213 0.042265 0.068785 0.007806 0.027161 0.093064 0.038685 0.180710 
0.067022 0.046831 0.070692 0.060697 0.040136 0.047264 0.069861 0.057427 0.060757 0.052464 0.016973 0.071457 0.091072 0.004659 0.034630 0.083851 0.028194 0.096014 
0.078575 0.041827 0.058062 0.043028 0.030558 0.028393 0.036789 0.075613 0.092709 0.019161 0.013255 0.034081 0.065817 0.010968 0.025724 0.065004 0.046357 0.234083 
0.063347 0.035195 0.057626 0.073985 0.038317 0.176303 0.095061 0.096418 0.043156 0.022236 0.054242 0.042424 0.026094 0.003909 0.008732 0.074089 0.009113 0.079755 
0.059388 0.043488 0.060949 0.054820 0.054420 0.109423 0.071013 0.085965 0.069234 0.022250 0.031311 0.060877 0.040139 0.012903 0.020532 0.066219 0.051787 0.085282 
0.065255 0.049220 0.064638 0.063142 0.054662 0.030181 0.056771 0.071022 0.068315 0.032333 0.014576 0.057857 0.079289 0.007425 0.037369 0.048684 0.064934 0.134329 
0.065441 0.057241 0.103440 0.094322 0.038397 0.039088 0.022938 0.054794 0.099134 0.019627 0.027415 0.054852 0.052512 0.005561 0.037552 0.058996 0.052168 0.116521 
0.052503 0.051529 0.046152 0.043753 0.039250 0.023790 0.060666 0.070664 0.101764 0.048890 0.017576 0.059219 0.069482 0.015275 0.032654 0.069957 0.074795 0.122080 
0.043222 0.043958 0.040805 0.081370 0.030542 0.040356 0.059334 0.095372 0.094395 0.054073 0.025537 0.088158 0.078810 0.011220 0.019783 0.043716 0.042266 0.107081 
endometrium
0.096383 0.037101 0.067292 0.018993 0.028848 0.052546 0.040287 0.058352 0.055857 0.014134 0.041593 0.030774 0.033903 0.221960 0.017677 0.025871 0.086806 0.071623 
0.032552 0.028825 0.044879 0.049794 0.083201 0.092061 0.061133 0.068212 0.083958 0.059105 0.064253 0.055266 0.058310 0.051777 0.010957 0.064467 0.031725 0.059526 
0.016367 0.019859 0.068478 0.060830 0.114751 0.073391 0.033524 0.062123 0.083263 0.046687 0.081072 0.049451 0.073271 0.052813 0.004861 0.077793 0.032203 0.049264 
0.029715 0.028421 0.057292 0.056845 0.120814 0.071767 0.036546 0.046167 0.078512 0.066950 0.094254 0.074266 0.076450 0.031290 0.002663 0.068335 0.015902 0.043811 
0.028892 0.023185 0.033192 0.075092 0.100534 0.086302 0.040574 0.052669 0.050012 0.075499 0.095885 0.089052 0.088225 0.040733 0.007782 0.066694 0.016510 0.029168 
0.093213 0.041618 0.038781 0.023387 0.040658 0.055848 0.061732 0.054715 0.058944 0.024315 0.052836 0.038488 0.031644 0.195151 0.018921 0.034008 0.076764 0.058977 
0.022576 0.022909 0.051039 0.064543 0.082424 0.099987 0.028248 0.033845 0.068634 0.089962 0.092312 0.089369 0.054870 0.039341 0.008573 0.069410 0.019470 0.062489 
0.018394 0.022337 0.023728 0.097328 0.117457 0.041362 0.018789 0.023654 0.041902 0.105151 0.132065 0.075942 0.076947 0.067665 0.004635 0.083968 0.029237 0.019439 
0.013843 0.025405 0.044977 0.065954 0.087796 0.086090 0.011395 0.059015 0.080524 0.076436 0.094167 0.113224 0.077739 0.030031 0.006051 0.067340 0.022480 0.037534 
0.036070 0.034502 0.047658 0.050165 0.167756 0.047757 0.031172 0.059695 0.069484 0.046867 0.107924 0.062158 0.089824 0.016589 0.011041 0.081532 0.011007 0.028799 
0.097033 0.038742 0.046276 0.047262 0.058758 0.176197 0.079251 0.070824 0.050625 0.027083 0.062593 0.046340 0.027308 0.013279 0.006298 0.051887 0.007179 0.093065 
0.096426 0.040747 0.040839 0.024368 0.050752 0.054629 0.049741 0.060645 0.062222 0.022261 0.054939 0.035860 0.032951 0.186729 0.018207 0.033107 0.073210 0.062366 
0.049490 0.034195 0.040797 0.041165 0.141345 0.054566 0.031341 0.068555 0.083911 0.050655 0.074579 0.070285 0.085726 0.039611 0.015360 0.059688 0.023157 0.035574 
0.044159 0.023987 0.056334 0.042933 0.133510 0.092439 0.045859 0.054874 0.068588 0.049229 0.066450 0.065142 0.077306 0.031985 0.013997 0.056300 0.021400 0.055508 
0.040243 0.027230 0.047745 0.063997 0.118663 0.073528 0.042201 0.051021 0.049350 0.084607 0.070645 0.067940 0.062066 0.041811 0.008014 0.075714 0.024486 0.050739 
0.029706 0.029975 0.045445 0.055752 0.114364 0.075127 0.055579 0.047372 0.067042 0.058839 0.086807 0.077438 0.070738 0.038966 0.009836 0.062729 0.021333 0.052952 
0.040807 0.032218 0.094597 0.030883 0.026012 0.021061 0.036931 0.036027 0.036116 0.078959 0.043385 0.050668 0.024685 0.026473 0.016247 0.153402 0.088094 0.163436 
0.022706 0.025485 0.064307 0.048048 0.121376 0.063038 0.044617 0.056618 0.072591 0.075514 0.078366 0.089651 0.074995 0.031528 0.006410 0.061310 0.021475 0.041965 
0.069190 0.036845 0.023732 0.035599 0.089666 0.033377 0.032779 0.035641 0.048494 0.063134 0.098921 0.054954 0.052813 0.141895 0.019885 0.063525 0.058281 0.041267 
0.013082 0.021835 0.046462 0.071983 0.105141 0.076738 0.026511 0.061279 0.060313 0.085846 0.068775 0.082078 0.093211 0.040685 0.006895 0.060609 0.019075 0.059483 
0.018822 0.026547 0.041985 0.056199 0.094106 0.076305 0.037963 0.051211 0.073052 0.080792 0.091494 0.100443 0.078676 0.034269 0.007372 0.061809 0.023341 0.045613 
0.018139 0.027519 0.037002 0.063428 0.105934 0.064222 0.040930 0.048448 0.055942 0.079687 0.092522 0.082652 0.092792 0.052562 0.008690 0.068251 0.037232 0.024047 
0.120338 0.048896 0.058405 0.017400 0.037568 0.056848 0.039754 0.058356 0.074744 0.017239 0.036350 0.031211 0.029375 0.172493 0.021569 0.021563 0.068154 0.089737 
0.049525 0.032798 0.052716 0.054238 0.108857 0.090516 0.046055 0.060385 0.069267 0.073181 0.070738 0.074484 0.063650 0.029169 0.008833 0.055187 0.015282 0.045120 
0.065628 0.034605 0.047959 0.047795 0.109936 0.085553 0.073306 0.058478 0.073651 0.053393 0.058104 0.066944 0.061258 0.024257 0.012542 0.053796 0.021289 0.051506 
0.036927 0.023036 0.066430 0.060402 0.131897 0.099798 0.044796 0.049514 0.053229 0.050187 0.070948 0.062951 0.090252 0.031242 0.014324 0.055396 0.013487 0.045185 
0.029941 0.023459 0.044596 0.058319 0.087592 0.062952 0.049144 0.039314 0.067473 0.083016 0.111036 0.084953 0.062979 0.040018 0.006637 0.089556 0.017683 0.041330 
0.115865 0.051432 0.050907 0.023915 0.032802 0.073514 0.045625 0.074224 0.076739 0.016035 0.038317 0.028456 0.027902 0.149150 0.018417 0.023595 0.057802 0.095300 
0.016695 0.034085 0.040272 0.061786 0.120723 0.029811 0.019635 0.035612 0.063171 0.050080 0.194498 0.072860 0.088453 0.017476 0.009290 0.121273 0.011639 0.012640 
0.048690 0.028797 0.061115 0.058421 0.115324 0.083601 0.038533 0.063691 0.068651 0.038814 0.092602 0.055211 0.062862 0.025765 0.010697 0.068148 0.021414 0.057664 
0.019573 0.023813 0.040461 0.078634 0.119956 0.051634 0.029309 0.035456 0.061817 0.105773 0.083283 0.089780 0.066574 0.063812 0.005394 0.067702 0.033009 0.024019 
0.121387 0.050176 0.045591 0.017989 0.045221 0.054618 0.037710 0.055802 0.075107 0.026889 0.044361 0.033805 0.034018 0.157849 0.021061 0.027918 0.062885 0.087615 
0.026599 0.024487 0.061544 0.058427 0.110524 0.087984 0.028514 0.054688 0.078153 0.056393 0.072981 0.097577 0.083365 0.037261 0.007851 0.060823 0.017668 0.035161 
0.024073 0.022450 0.042053 0.054340 0.115022 0.094075 0.039833 0.057613 0.067096 0.051368 0.083941 0.050651 0.074912 0.039096 0.008760 0.087444 0.031725 0.055549 
0.020918 0.019271 0.055113 0.060711 0.092088 0.088023 0.044581 0.058639 0.083744 0.071895 0.057797 0.097894 0.078895 0.025790 0.008526 0.070500 0.023941 0.041675 
0.026578 0.026217 0.046869 0.059568 0.100510 0.072638 0.046368 0.048222 0.060507 0.082675 0.093153 0.073235 0.064054 0.039998 0.008805 0.076775 0.025131 0.048696 
0.064438 0.040461 0.036017 0.036844 0.096216 0.046208 0.042430 0.052268 0.061400 0.057831 0.086896 0.059755 0.060771 0.096706 0.018920 0.060005 0.043670 0.039163 
0.072127 0.050108 0.043115 0.074185 0.044420 0.115954 0.086402 0.081345 0.041464 0.055444 0.079009 0.060732 0.037670 0.008825 0.010840 0.058948 0.005255 0.074158 
0.032429 0.026093 0.047709 0.074842 0.109005 0.099189 0.029314 0.041110 0.057715 0.065512 0.090719 0.067939 0.085330 0.037099 0.008660 0.068517 0.019768 0.039049 
0.030499 0.028446 0.041588 0.055607 0.103457 0.074351 0.028344 0.039089 0.059298 0.052497 0.089257 0.067625 0.085092 0.064814 0.003910 0.089164 0.040703 0.046261 
0.099370 0.041865 0.054295 0.021659 0.027316 0.050374 0.040871 0.061538 0.061496 0.016499 0.042135 0.033222 0.027527 0.218946 0.018773 0.024058 0.084411 0.075646 
0.024150 0.020411 0.121998 0.041848 0.071879 0.075826 0.063999 0.053404 0.066411 0.060819 0.056327 0.036686 0.044811 0.022850 0.005967 0.166294 0.008612 0.057707 
0.054503 0.013955 0.076918 0.009869 0.009286 0.007350 0.009274 0.015249 0.021787 0.024251 0.014834 0.058283 0.026365 0.059170 0.046084 0.104804 0.247145 0.200872 
0.023857 0.027867 0.043096 0.066199 0.105607 0.079621 0.016037 0.036043 0.050758 0.107672 0.088072 0.091016 0.089775 0.031978 0.012916 0.057464 0.027332 0.044688 
0.014719 0.023188 0.022995 0.096569 0.108293 0.048126 0.019169 0.022999 0.030472 0.124338 0.137405 0.079472 0.077005 0.060706 0.001953 0.086754 0.023896 0.021940 
0.038900 0.020584 0.057341 0.060697 0.104113 0.089585 0.043739 0.061604 0.070310 0.053082 0.073771 0.058198 0.082748 0.040815 0.007040 0.056856 0.034579 0.046038 
0.045666 0.027874 0.058416 0.060552 0.097719 0.160823 0.039102 0.065779 0.048496 0.053527 0.068545 0.058893 0.059128 0.029780 0.005498 0.043695 0.013802 0.062706 
0.048624 0.028847 0.050133 0.070432 0.084589 0.068626 0.029576 0.071173 0.070415 0.074778 0.073226 0.078444 0.078213 0.032714 0.009598 0.057423 0.017210 0.055978 
0.033063 0.025475 0.049074 0.059768 0.092490 0.083314 0.027226 0.050670 0.077623 0.078552 0.089697 0.095832 0.060326 0.047341 0.010154 0.059739 0.030261 0.029397 
0.024631 0.023934 0.067072 0.069190 0.100640 0.091907 0.042428 0.039770 0.056825 0.069557 0.097803 0.063060 0.076853 0.039302 0.001672 0.065720 0.022086 0.047551 
0.021673 0.028325 0.042859 0.057348 0.115558 0.088580 0.038281 0.042989 0.055036 0.081590 0.074556 0.110516 0.062138 0.040616 0.004075 0.065683 0.028972 0.041202 
0.052324 0.023844 0.061820 0.051664 0.077821 0.071599 0.032219 0.042897 0.063609 0.049975 0.050336 0.078715 0.070608 0.033510 0.018791 0.063043 0.069277 0.087948 
0.039981 0.024874 0.044440 0.044808 0.109622 0.097111 0.043881 0.050717 0.068189 0.052621 0.108605 0.064626 0.063794 0.029705 0.009694 0.064334 0.021740 0.061257 
0.130393 0.051587 0.074196 0.025707 0.037949 0.048971 0.027504 0.056694 0.077231 0.017399 0.045088 0.029067 0.038498 0.143516 0.020478 0.026806 0.054968 0.093948 
0.031851 0.032280 0.050650 0.061925 0.095051 0.069035 0.058367 0.038101 0.086160 0.064892 0.087024 0.076360 0.051063 0.013784 0.016877 0.087895 0.025412 0.053273 
0.022073 0.016692 0.058095 0.061016 0.111800 0.074884 0.043249 0.036173 0.069837 0.084762 0.090858 0.090384 0.071770 0.037193 0.004605 0.062817 0.026593 0.037200 
0.025991 0.033680 0.046831 0.054260 0.103196 0.071269 0.019068 0.037760 0.060617 0.079766 0.114544 0.077968 0.066410 0.035932 0.005251 0.089881 0.024896 0.052681 
0.032626 0.028322 0.024154 0.063898 0.078425 0.032170 0.015549 0.028744 0.028318 0.084965 0.154210 0.058949 0.057393 0.116127 0.004019 0.101766 0.049524 0.040841 
0.121371 0.051248 0.057732 0.019770 0.047480 0.054426 0.037930 0.062081 0.080083 0.019821 0.041154 0.030807 0.031006 0.148603 0.020266 0.025960 0.059454 0.090810 
0.057626 0.043982 0.062132 0.052132 0.037455 0.216523 0.110549 0.077632 0.050409 0.029912 0.042944 0.022521 0.015760 0.008150 0.010525 0.047188 0.004846 0.109715 
0.019123 0.019419 0.050431 0.073665 0.095013 0.058057 0.038027 0.051783 0.047628 0.103346 0.103970 0.087216 0.075797 0.043794 0.004073 0.077535 0.022017 0.029106 
0.035236 0.031124 0.038538 0.063797 0.112920 0.075367 0.043721 0.052762 0.067869 0.072090 0.078202 0.067117 0.074022 0.046844 0.009023 0.061253 0.029075 0.041041 
0.109886 0.044283 0.043777 0.026391 0.040514 0.049134 0.026545 0.044617 0.064697 0.032077 0.045030 0.040061 0.038184 0.192203 0.020534 0.027600 0.077148 0.077319 
0.017997 0.029089 0.050160 0.058939 0.094174 0.075087 0.040350 0.052736 0.066536 0.081487 0.081665 0.088907 0.084818 0.039871 0.003929 0.065405 0.020903 0.047947 
0.021196 0.037854 0.052362 0.065746 0.123245 0.065114 0.029565 0.044785 0.053951 0.084002 0.098043 0.092067 0.063822 0.035217 0.004463 0.063842 0.025187 0.039539 
0.023426 0.032335 0.044723 0.063842 0.094328 0.078669 0.030320 0.056532 0.066370 0.072318 0.100270 0.092078 0.074280 0.033388 0.005707 0.063237 0.020264 0.047911 
0.064169 0.037687 0.047279 0.044457 0.095490 0.047678 0.028581 0.055275 0.068227 0.045590 0.101728 0.051735 0.074448 0.074541 0.018692 0.069875 0.032862 0.041685 
0.060635 0.036764 0.034843 0.061625 0.095220 0.065636 0.054759 0.043055 0.054482 0.069633 0.091058 0.075191 0.068590 0.042533 0.009227 0.081675 0.025624 0.029449 
0.040562 0.019310 0.069182 0.061247 0.105757 0.085507 0.042518 0.062876 0.080383 0.039867 0.066631 0.102100 0.085948 0.017785 0.008688 0.048927 0.015389 0.047322 
0.026728 0.029525 0.063207 0.064985 0.117966 0.084371 0.032632 0.048113 0.062777 0.069085 0.081303 0.070039 0.078478 0.028021 0.005864 0.063984 0.018353 0.054570 
0.008736 0.021570 0.024745 0.095396 0.121049 0.033542 0.015814 0.027294 0.033754 0.123474 0.125705 0.093431 0.081358 0.066521 0.003560 0.078122 0.031723 0.014206 
0.022622 0.033250 0.048601 0.081217 0.117863 0.065708 0.027450 0.047439 0.049732 0.072531 0.101601 0.064562 0.092652 0.038882 0.005085 0.065901 0.018088 0.046816 
0.047729 0.021864 0.062821 0.034991 0.026277 0.023013 0.021206 0.011976 0.041804 0.039040 0.029400 0.058414 0.062659 0.080094 0.055837 0.083365 0.207633 0.091876 
0.104995 0.042592 0.053095 0.019448 0.027167 0.049670 0.029417 0.061079 0.064444 0.023275 0.035604 0.032739 0.029368 0.220292 0.020900 0.018889 0.086558 0.080469 
0.084708 0.035327 0.040055 0.026505 0.038133 0.048998 0.041781 0.052538 0.056745 0.020747 0.050044 0.038214 0.026803 0.238777 0.019341 0.034483 0.095077 0.051723 
0.023185 0.030964 0.041809 0.071234 0.106310 0.058739 0.031410 0.050539 0.065104 0.089576 0.098705 0.090107 0.078784 0.041612 0.004328 0.068056 0.023350 0.026187 
0.031484 0.022315 0.055921 0.066689 0.120846 0.058199 0.037408 0.059504 0.070321 0.085145 0.074080 0.084797 0.071720 0.037793 0.007619 0.063455 0.020163 0.032543 
0.024958 0.023372 0.077884 0.049193 0.098566 0.081243 0.029013 0.053054 0.056478 0.061040 0.116144 0.073086 0.066081 0.028981 0.004095 0.090220 0.021350 0.045243 
0.029769 0.032702 0.049511 0.055132 0.121865 0.092353 0.024669 0.055212 0.046311 0.071394 0.106097 0.063736 0.070923 0.031400 0.005540 0.079439 0.020412 0.043535 
0.015030 0.020012 0.048781 0.074862 0.101049 0.074647 0.036231 0.058360 0.051669 0.091035 0.097029 0.075101 0.066982 0.048844 0.011286 0.082559 0.020213 0.026311 
0.013488 0.025130 0.051721 0.053029 0.132777 0.075117 0.045515 0.041803 0.066877 0.080520 0.086174 0.076230 0.067127 0.036756 0.007176 0.057926 0.028699 0.053935 
0.030883 0.042731 0.069779 0.070955 0.069921 0.077990 0.039883 0.062435 0.074428 0.052979 0.032756 0.123742 0.080012 0.022159 0.030473 0.037936 0.049205 0.031734 
