-9581256.250408
0
0.000000 0.000000 0.000000 0.000000 0.023698 0.000000 0.000000 0.000000 0.000000 0.000000 0.000000 0.000000 0.000000 0.000000 0.000000 0.000000 0.000000 0.000000 0.007863 0.000000 0.000000 0.000000 0.000000 0.032753 0.000000 0.000000 0.000000 0.000000 0.000000 0.000000 0.000000 0.000000 0.000000 0.014568 0.000000 0.000000 0.000000 0.000000 0.000000 0.000000 0.000000 0.000000 0.000000 0.000000 0.000000 0.000000 0.000000 0.000000 0.000000 0.000000 0.000000 0.000000 0.000000 0.000000 0.000000 0.000000 0.000000 0.000000 0.000000 0.000000 0.000000 0.000000 0.000000 0.000000 0.096410 0.000000 0.000000 0.000000 0.011530 0.000000 0.000000 0.000000 0.000000 0.000000 0.000000 0.385109 0.000000 0.000000 0.000000 0.000000 0.000001 0.000001 0.000000 0.428041 0.000000 0.000000 0.000000 0.000000 0.000000 0.000000 0.000000 0.000000 0.000000 0.000000 0.000000 0.000000 
0.048504 0.000000 0.000000 0.043706 0.000000 0.000000 0.000000 0.000000 0.000000 0.000000 0.000000 0.000000 0.000000 0.000000 0.000000 0.000000 0.000000 0.000000 0.034947 0.050526 0.009399 0.000000 0.000000 0.000000 0.000000 0.000000 0.000000 0.000000 0.000000 0.000000 0.000000 0.000000 0.000000 0.246690 0.036490 0.000000 0.000000 0.000000 0.000000 0.000000 0.000000 0.000000 0.000000 0.000000 0.000000 0.000000 0.000000 0.000000 0.000000 0.000000 0.000000 0.069404 0.018731 0.000000 0.000000 0.000000 0.164339 0.000000 0.005859 0.000000 0.000000 0.000000 0.022082 0.001848 0.000000 0.000000 0.105496 0.000000 0.000000 0.000000 0.000000 0.032713 0.000000 0.000000 0.000000 0.000000 0.000000 0.043958 0.000000 0.000000 0.000000 0.000001 0.000000 0.000000 0.000000 0.000000 0.000000 0.000000 0.000000 0.000000 0.065283 0.000000 0.000000 0.000000 0.000000 0.000000 
0.000000 0.000000 0.000000 0.000000 0.000000 0.000000 0.000000 0.000000 0.096024 0.000000 0.000000 0.000000 0.000000 0.000000 0.000000 0.000000 0.000000 0.000000 0.000000 0.000000 0.000000 0.000000 0.000000 0.000000 0.000000 0.000000 0.070207 0.000000 0.000000 0.000000 0.000845 0.000000 0.000000 0.240855 0.000000 0.000000 0.000000 0.018090 0.000000 0.000000 0.000000 0.065981 0.000000 0.000000 0.000000 0.000000 0.000000 0.000000 0.000000 0.064095 0.039246 0.000000 0.000000 0.033266 0.022999 0.001619 0.000000 0.141433 0.000000 0.000000 0.000000 0.000000 0.000000 0.000000 0.000000 0.000000 0.000000 0.000000 0.000000 0.021449 0.000000 0.000000 0.089076 0.000000 0.000000 0.000000 0.000000 0.000000 0.000000 0.087679 0.000000 0.000001 0.006661 0.000000 0.000000 0.000000 0.000000 0.000451 0.000000 0.000000 0.000000 0.000000 0.000000 0.000000 0.000000 0.000000 
0.000000 0.000000 0.000000 0.000000 0.000000 0.000000 0.000000 0.000000 0.000000 0.000000 0.091396 0.000000 0.017558 0.000000 0.000000 0.000000 0.000000 0.053837 0.000000 0.000000 0.000000 0.000000 0.000000 0.000000 0.084780 0.099148 0.000000 0.000000 0.000000 0.000000 0.000000 0.026089 0.319349 0.000000 0.000000 0.000000 0.000000 0.000000 0.000000 0.000000 0.000000 0.000000 0.000000 0.073263 0.008029 0.026139 0.000000 0.000000 0.051263 0.000000 0.000000 0.000000 0.000000 0.000000 0.000000 0.022120 0.000000 0.000000 0.000000 0.000000 0.013181 0.000000 0.000000 0.000000 0.000000 0.000000 0.000000 0.000000 0.000000 0.000000 0.000000 0.000000 0.000000 0.000000 0.000000 0.000000 0.000000 0.000000 0.020236 0.000000 0.000000 0.000001 0.000000 0.000000 0.000000 0.000000 0.015954 0.028293 0.000000 0.000000 0.000000 0.049341 0.000000 0.000000 0.000000 0.000000 
0.000000 0.000000 0.000000 0.000000 0.000000 0.000000 0.000000 0.000000 0.000000 0.000000 0.377098 0.000000 0.000000 0.000000 0.000000 0.000000 0.000000 0.000000 0.000000 0.000000 0.000000 0.000000 0.020522 0.000000 0.000000 0.000000 0.000000 0.212292 0.000000 0.000000 0.000000 0.000000 0.000000 0.000000 0.000000 0.000000 0.000000 0.000000 0.000000 0.000000 0.000000 0.000000 0.000000 0.000000 0.000000 0.000000 0.000000 0.000000 0.000000 0.000000 0.000000 0.000000 0.000556 0.000000 0.000000 0.000000 0.000000 0.216026 0.000000 0.000000 0.000000 0.000000 0.000000 0.014713 0.000000 0.089978 0.000000 0.000000 0.000000 0.000000 0.000000 0.000000 0.000000 0.000000 0.000000 0.000000 0.000000 0.000000 0.000000 0.000000 0.009757 0.059031 0.000000 0.000000 0.000000 0.000000 0.000000 0.000000 0.000000 0.000000 0.000000 0.000000 0.000000 0.000000 0.000000 0.000000 
0.000000 0.000000 0.000000 0.000000 0.000000 0.000000 0.000000 0.000000 0.000000 0.000000 0.000000 0.000000 0.000000 0.000000 0.000000 0.000000 0.000000 0.000000 0.000000 0.000000 0.000000 0.000000 0.000000 0.000000 0.000000 0.000000 0.000000 0.000000 0.000000 0.000000 0.000000 0.000000 0.000000 0.000000 0.000000 0.000000 0.000000 0.000000 0.000000 0.000000 0.000000 0.000000 0.000000 0.000000 0.000000 0.000000 0.000000 0.000000 0.000000 0.000000 0.000000 0.000000 0.000000 0.000000 0.000000 0.000000 0.000000 0.000000 0.000000 0.000000 0.000000 0.000000 0.000000 0.000000 0.000000 0.000000 0.000000 0.000000 0.000000 0.000000 0.000000 0.000000 0.000000 0.000000 0.000000 0.000000 0.000000 0.000000 0.000000 0.000000 0.000001 0.018907 0.981063 0.000000 0.000000 0.000000 0.000000 0.000000 0.000000 0.000000 0.000000 0.000000 0.000000 0.000000 0.000000 0.000000 
0.000000 0.000000 0.000000 0.000000 0.000000 0.000000 0.000000 0.000000 0.000000 0.000000 0.000000 0.000000 0.000000 0.000000 0.023877 0.030393 0.000000 0.000000 0.000000 0.000000 0.000000 0.000000 0.000000 0.000000 0.009577 0.000000 0.000000 0.000000 0.022150 0.000000 0.022893 0.000000 0.000000 0.000000 0.000000 0.373463 0.000000 0.011025 0.000000 0.029864 0.000000 0.000000 0.000000 0.000000 0.000000 0.000000 0.042432 0.073262 0.000000 0.000000 0.000000 0.000000 0.000000 0.000000 0.000000 0.000000 0.000000 0.000000 0.000000 0.000000 0.000000 0.000000 0.000000 0.000000 0.000000 0.000000 0.000000 0.106157 0.000000 0.000000 0.000000 0.000000 0.000000 0.000000 0.032215 0.000000 0.070941 0.000000 0.000000 0.000000 0.000000 0.035124 0.000000 0.000000 0.012417 0.000000 0.000000 0.000000 0.043016 0.061172 0.000000 0.000000 0.000000 0.000000 0.000000 0.000000 
0.000000 0.000000 0.009603 0.000000 0.000000 0.000000 0.017195 0.020729 0.000000 0.168683 0.000000 0.000000 0.000000 0.000000 0.000000 0.000000 0.061041 0.000000 0.000000 0.000000 0.000000 0.016578 0.000000 0.000000 0.000000 0.000000 0.000000 0.000000 0.000000 0.020899 0.000000 0.000000 0.000000 0.000000 0.000000 0.000000 0.000000 0.000000 0.000000 0.000000 0.000000 0.000000 0.128993 0.000000 0.000000 0.000000 0.000000 0.000000 0.000000 0.000000 0.000000 0.000000 0.000000 0.000000 0.000000 0.000000 0.000000 0.000000 0.000000 0.000000 0.000000 0.019755 0.000000 0.000000 0.000000 0.000000 0.000000 0.000000 0.000000 0.000000 0.000000 0.000000 0.000000 0.000000 0.000000 0.000000 0.000000 0.000000 0.000000 0.000000 0.000000 0.413627 0.000000 0.000000 0.000000 0.000000 0.000000 0.000000 0.000000 0.000000 0.000000 0.000000 0.000000 0.000000 0.019072 0.103798 
0.000000 0.039710 0.015246 0.000000 0.000000 0.000000 0.000000 0.000000 0.000000 0.000000 0.000000 0.096943 0.000000 0.025888 0.000000 0.000000 0.000000 0.000000 0.000000 0.000000 0.000000 0.000000 0.000000 0.000000 0.000000 0.000000 0.000000 0.000000 0.000000 0.000000 0.000000 0.000000 0.000000 0.000000 0.000000 0.000000 0.011053 0.000000 0.044313 0.000000 0.000000 0.000000 0.000000 0.000000 0.000000 0.000000 0.000000 0.000000 0.000000 0.000000 0.000000 0.000000 0.000000 0.000000 0.000000 0.000000 0.000000 0.000000 0.000000 0.241794 0.000000 0.000655 0.000000 0.000000 0.000000 0.000000 0.000000 0.000000 0.000000 0.000000 0.000000 0.000000 0.000000 0.000000 0.000000 0.000000 0.000000 0.000000 0.000000 0.000000 0.010546 0.472978 0.000000 0.000000 0.000000 0.000000 0.000000 0.000000 0.000000 0.000000 0.000000 0.000000 0.013818 0.027031 0.000000 0.000000 
0.000000 0.000000 0.000000 0.000000 0.000000 0.000000 0.000000 0.000000 0.000000 0.000000 0.000000 0.000000 0.000000 0.000000 0.000000 0.000000 0.000000 0.000000 0.000000 0.000000 0.000000 0.000000 0.000000 0.000000 0.000000 0.000000 0.000000 0.000000 0.000000 0.000000 0.000000 0.000000 0.000000 0.000000 0.534756 0.000259 0.000000 0.000000 0.000000 0.000000 0.000000 0.000000 0.000000 0.000000 0.000000 0.000000 0.000000 0.000000 0.000000 0.000000 0.000000 0.000000 0.000000 0.000000 0.000000 0.000000 0.000000 0.000000 0.000000 0.000000 0.000000 0.000000 0.000000 0.000000 0.000000 0.000000 0.000000 0.000000 0.000000 0.000000 0.000000 0.000000 0.000000 0.082732 0.000000 0.000000 0.000000 0.000000 0.000000 0.000000 0.381424 0.000001 0.000000 0.000000 0.000000 0.000000 0.000000 0.000000 0.000000 0.000000 0.000803 0.000000 0.000000 0.000000 0.000000 0.000000 
0.000000 0.000000 0.000000 0.000000 0.000000 0.020233 0.000000 0.000000 0.000000 0.000000 0.000000 0.000000 0.000000 0.000000 0.000000 0.000000 0.000000 0.000000 0.074001 0.000000 0.000000 0.000000 0.000000 0.000000 0.000000 0.000000 0.000000 0.000000 0.000000 0.000000 0.000000 0.000000 0.000000 0.000000 0.000000 0.000000 0.000000 0.000000 0.000000 0.000000 0.041417 0.000000 0.000000 0.000000 0.000000 0.000000 0.000000 0.000000 0.000000 0.000000 0.000000 0.017740 0.000000 0.000000 0.000000 0.000000 0.000000 0.000000 0.715972 0.000000 0.000000 0.000000 0.000000 0.000000 0.000000 0.000000 0.000000 0.000000 0.000000 0.000268 0.051539 0.000000 0.000000 0.000000 0.000000 0.000000 0.000000 0.000000 0.000000 0.000000 0.056587 0.000001 0.002274 0.000000 0.000000 0.019941 0.000000 0.000000 0.000000 0.000000 0.000000 0.000000 0.000000 0.000000 0.000000 0.000000 
0.092571 0.091029 0.090638 0.093929 0.091076 0.090312 0.092238 0.088915 0.089783 0.090729 0.088780 
0.087003 0.095535 0.089047 0.089094 0.089771 0.096017 0.092486 0.091422 0.086941 0.088631 0.094052 
0.085878 0.081943 0.099636 0.094045 0.100329 0.083744 0.091727 0.089765 0.079501 0.095830 0.097603 
0.083968 0.090485 0.085202 0.093330 0.092188 0.093458 0.090036 0.094286 0.094021 0.096766 0.086259 
0.096633 0.091630 0.088069 0.098006 0.089450 0.089790 0.095650 0.083259 0.083320 0.095735 0.088459 
0.092257 0.089610 0.092175 0.092580 0.091798 0.089498 0.090392 0.088660 0.090132 0.090619 0.092278 
0.090183 0.092785 0.091061 0.089828 0.090239 0.091405 0.090681 0.091876 0.090231 0.091836 0.089876 
0.074737 0.079921 0.072550 0.092737 0.085631 0.095971 0.094241 0.105774 0.101847 0.101864 0.094728 
0.094261 0.089417 0.089550 0.087531 0.093892 0.091351 0.092644 0.092481 0.088990 0.090958 0.088924 
0.099349 0.094673 0.087068 0.088325 0.087742 0.089222 0.089380 0.088770 0.089877 0.090534 0.095060 
0.092451 0.088533 0.089218 0.097040 0.088951 0.089124 0.088528 0.092213 0.094072 0.089929 0.089941 
0.090137 0.088697 0.089057 0.089513 0.092484 0.093597 0.091205 0.090012 0.093721 0.092190 0.089386 
breast
0.081809 0.121997 0.118460 0.146878 0.041148 0.020509 0.130453 0.135496 0.107320 0.054095 0.041834 
0.060833 0.159328 0.180500 0.133909 0.037483 0.011449 0.137664 0.097766 0.090081 0.056780 0.034207 
0.081924 0.116519 0.098220 0.150553 0.069661 0.013584 0.153823 0.118173 0.099122 0.038478 0.059943 
0.081768 0.116298 0.096845 0.150267 0.069566 0.013558 0.152818 0.117948 0.098977 0.040013 0.061942 
0.076976 0.141315 0.152559 0.177504 0.041194 0.011581 0.121400 0.087940 0.098388 0.054199 0.036944 
0.061952 0.147378 0.123557 0.151035 0.065285 0.009070 0.130341 0.109718 0.093704 0.058377 0.049581 
0.043020 0.141679 0.161607 0.144355 0.050487 0.005391 0.136661 0.071590 0.128594 0.067039 0.049576 
0.067219 0.115383 0.141149 0.177788 0.040177 0.036983 0.139259 0.087301 0.086747 0.054658 0.053336 
0.143130 0.106157 0.120597 0.135875 0.041112 0.016657 0.128597 0.109830 0.083503 0.028433 0.086109 
0.087969 0.120101 0.154493 0.143800 0.038526 0.006740 0.145018 0.119441 0.083996 0.048482 0.051434 
0.067913 0.115855 0.130480 0.134215 0.057689 0.015910 0.103525 0.109680 0.146090 0.054114 0.064528 
0.081885 0.130640 0.139456 0.126470 0.052335 0.007539 0.133259 0.093553 0.093891 0.076989 0.063983 
0.054044 0.156136 0.190299 0.158261 0.077497 0.008750 0.091465 0.064632 0.088013 0.060434 0.050468 
0.058466 0.120356 0.174520 0.139330 0.063546 0.018022 0.083443 0.116286 0.115740 0.063524 0.046768 
0.082504 0.133929 0.153505 0.146141 0.063581 0.033639 0.087772 0.081221 0.116004 0.065702 0.036004 
0.049092 0.131645 0.154328 0.152279 0.055191 0.014373 0.117324 0.118321 0.094473 0.067776 0.045198 
0.070637 0.126223 0.184665 0.133231 0.049655 0.015861 0.172203 0.091109 0.063358 0.031477 0.061581 
0.070021 0.123730 0.152740 0.161794 0.052027 0.008827 0.118310 0.108528 0.100751 0.060556 0.042716 
0.041514 0.181872 0.110945 0.180999 0.061315 0.005674 0.070171 0.111093 0.099569 0.061541 0.075308 
0.067887 0.158873 0.184666 0.148816 0.039687 0.031323 0.108252 0.071332 0.093719 0.041877 0.053569 
0.066381 0.094693 0.106060 0.180508 0.037524 0.006053 0.163956 0.089466 0.131853 0.038343 0.085162 
0.058088 0.121834 0.163469 0.115138 0.038132 0.012468 0.153115 0.095865 0.146400 0.055680 0.039810 
0.114045 0.065700 0.131742 0.121858 0.064093 0.018360 0.162847 0.111673 0.089980 0.052132 0.067570 
0.066838 0.111611 0.148474 0.169353 0.028215 0.011616 0.141457 0.117050 0.080851 0.055552 0.068984 
0.060559 0.153198 0.128510 0.168115 0.039558 0.020515 0.107915 0.101506 0.096970 0.072678 0.050475 
0.062397 0.080085 0.074941 0.124776 0.051923 0.001314 0.211993 0.195854 0.101572 0.003185 0.091959 
0.050930 0.127155 0.168559 0.206869 0.040061 0.010950 0.145131 0.072920 0.112503 0.028148 0.036774 
0.063557 0.121762 0.142297 0.135901 0.061587 0.031468 0.117098 0.116022 0.085115 0.048950 0.076243 
0.065999 0.141759 0.117457 0.164817 0.059144 0.014177 0.135072 0.082167 0.110518 0.064019 0.044870 
0.095499 0.093479 0.048263 0.097798 0.073170 0.000526 0.169204 0.236431 0.114603 0.001654 0.069372 
0.076932 0.131740 0.158574 0.163799 0.043714 0.010678 0.128948 0.108963 0.079427 0.041916 0.055309 
0.109373 0.166327 0.138225 0.141061 0.040300 0.019730 0.086905 0.103956 0.116954 0.051097 0.026071 
0.101263 0.148856 0.138373 0.129413 0.070175 0.010163 0.078920 0.076681 0.137499 0.074333 0.034325 
0.082197 0.129144 0.142895 0.127751 0.058468 0.010627 0.118348 0.079356 0.133612 0.068829 0.048773 
0.090047 0.093494 0.152132 0.148424 0.047003 0.009498 0.130659 0.143177 0.088965 0.037306 0.059295 
0.066697 0.151556 0.113381 0.151869 0.056026 0.013995 0.130027 0.119649 0.087502 0.051249 0.058049 
0.076290 0.111166 0.141843 0.157981 0.064669 0.010576 0.122199 0.076583 0.139907 0.068177 0.030608 
0.081804 0.160629 0.156184 0.154692 0.063812 0.008685 0.115552 0.094727 0.065051 0.060637 0.038227 
0.089208 0.088568 0.170611 0.104233 0.051107 0.006776 0.176774 0.092913 0.114979 0.078071 0.026758 
0.066430 0.125549 0.179334 0.157214 0.053104 0.024588 0.116172 0.106155 0.089120 0.053119 0.029214 
0.062203 0.132694 0.118600 0.099252 0.046873 0.019755 0.137620 0.095301 0.158565 0.082368 0.046767 
0.043076 0.125449 0.105608 0.213153 0.063449 0.006733 0.109091 0.112741 0.107049 0.062622 0.051028 
0.095714 0.112318 0.117475 0.155490 0.045313 0.030360 0.094092 0.100026 0.120775 0.082099 0.046339 
0.095406 0.118631 0.151992 0.116832 0.041163 0.012072 0.154620 0.115281 0.123659 0.038794 0.031549 
0.055840 0.168844 0.156184 0.060694 0.048741 0.029478 0.097411 0.152666 0.110932 0.087194 0.032016 
0.071444 0.102617 0.116558 0.176220 0.053479 0.011463 0.149702 0.119660 0.110395 0.045594 0.042868 
0.080177 0.131151 0.130026 0.140794 0.063476 0.007269 0.167934 0.078091 0.100728 0.053903 0.046451 
0.086734 0.117362 0.183600 0.188257 0.021660 0.013900 0.122755 0.100086 0.091832 0.037418 0.036396 
0.057090 0.147333 0.077360 0.220935 0.055142 0.006603 0.159867 0.104530 0.056794 0.036773 0.077572 
0.082888 0.109938 0.108244 0.156260 0.077561 0.019578 0.138955 0.103658 0.083525 0.063529 0.055864 
0.081446 0.128542 0.155210 0.156253 0.058966 0.010503 0.116514 0.103439 0.085595 0.061286 0.042246 
0.081340 0.134401 0.220857 0.158147 0.038000 0.009546 0.076287 0.088765 0.085296 0.047462 0.059898 
0.064147 0.135665 0.138403 0.115176 0.052271 0.019761 0.141395 0.093858 0.110595 0.087536 0.041193 
0.070128 0.114217 0.124648 0.144990 0.050097 0.018575 0.132740 0.114416 0.110040 0.071513 0.048637 
endometrium
0.260650 0.030944 0.075679 0.026926 0.047384 0.298634 0.058725 0.082761 0.040644 0.023011 0.054640 
0.035453 0.108442 0.093618 0.112048 0.127618 0.070348 0.079977 0.083671 0.074087 0.091929 0.122811 
0.015817 0.093129 0.122836 0.112904 0.161587 0.070898 0.055261 0.057414 0.085066 0.076261 0.148829 
0.035427 0.115489 0.105835 0.093367 0.177261 0.042844 0.039827 0.048969 0.078469 0.096733 0.165778 
0.027757 0.124287 0.068032 0.090416 0.165497 0.055410 0.059378 0.070031 0.075074 0.104110 0.160008 
0.232385 0.046893 0.048369 0.037901 0.059934 0.264036 0.077174 0.080499 0.047253 0.033128 0.072428 
0.031810 0.137900 0.083940 0.084000 0.143855 0.053604 0.045668 0.071178 0.061459 0.125921 0.160664 
0.017519 0.067684 0.049934 0.075045 0.220879 0.091728 0.027799 0.030865 0.042040 0.151527 0.224980 
0.020978 0.149004 0.104481 0.078342 0.148472 0.041627 0.020047 0.080199 0.080946 0.117147 0.158757 
0.066625 0.145564 0.080731 0.055109 0.234645 0.022744 0.038837 0.048217 0.074445 0.064443 0.168640 
0.086199 0.147617 0.066967 0.117340 0.084692 0.018588 0.125951 0.149315 0.042626 0.038032 0.122671 
0.242435 0.049272 0.049014 0.038101 0.071748 0.253968 0.063222 0.080959 0.046075 0.030680 0.074525 
0.114212 0.152434 0.079501 0.051775 0.192751 0.054103 0.044065 0.053708 0.082805 0.066567 0.108082 
0.064119 0.103486 0.098871 0.085866 0.187959 0.044548 0.062467 0.074358 0.085733 0.073664 0.118927 
0.044197 0.097139 0.081679 0.098960 0.179137 0.056856 0.061065 0.072863 0.055550 0.124678 0.127877 
0.026957 0.128551 0.093754 0.094613 0.164918 0.053219 0.067329 0.057670 0.068444 0.084290 0.160255 
0.069686 0.087048 0.172749 0.092701 0.060478 0.033712 0.133990 0.056437 0.057396 0.164240 0.071562 
0.030562 0.119266 0.114677 0.070541 0.182202 0.043466 0.063125 0.056549 0.073683 0.104204 0.141726 
0.162466 0.061911 0.035174 0.036088 0.133594 0.193264 0.041022 0.045869 0.047983 0.089054 0.153575 
0.010538 0.127777 0.098244 0.109851 0.166880 0.055327 0.037556 0.076928 0.076263 0.118336 0.122300 
0.021312 0.134523 0.087952 0.071225 0.147977 0.047005 0.051832 0.068791 0.086437 0.117918 0.165028 
0.017260 0.102439 0.068536 0.062665 0.178294 0.071103 0.057400 0.080065 0.079571 0.118142 0.164525 
0.343204 0.040545 0.065056 0.028806 0.055857 0.234567 0.051531 0.076860 0.040108 0.023883 0.039582 
0.052993 0.121612 0.088261 0.086535 0.156441 0.040113 0.082118 0.082217 0.072838 0.096241 0.120632 
0.060775 0.133167 0.087637 0.105303 0.152157 0.033549 0.104548 0.075238 0.074841 0.078067 0.094718 
0.040624 0.109281 0.104396 0.079506 0.195566 0.042919 0.060963 0.100586 0.074040 0.063805 0.128315 
0.032174 0.106137 0.092202 0.080412 0.137632 0.054721 0.065641 0.057886 0.070021 0.115749 0.187425 
0.333880 0.048387 0.055255 0.042169 0.049440 0.202817 0.063432 0.099601 0.042410 0.021817 0.040793 
0.026329 0.108346 0.074921 0.039951 0.205246 0.024049 0.027245 0.035880 0.068870 0.069904 0.319260 
0.055485 0.112199 0.107314 0.089666 0.166733 0.035598 0.061633 0.083709 0.069146 0.059130 0.159387 
0.023842 0.104299 0.078011 0.080338 0.202206 0.086266 0.035988 0.037856 0.052316 0.151481 0.147398 
0.339669 0.047812 0.052148 0.032631 0.063256 0.214769 0.050127 0.068818 0.044487 0.034756 0.051527 
0.038638 0.140105 0.124686 0.074518 0.166637 0.051099 0.052009 0.074621 0.074109 0.078662 0.124915 
0.030844 0.112200 0.072062 0.113707 0.165181 0.053588 0.060655 0.073954 0.086410 0.081625 0.149774 
0.025830 0.155349 0.092461 0.085605 0.142104 0.035694 0.080125 0.064815 0.103486 0.108322 0.106208 
0.034707 0.120912 0.079374 0.079851 0.162050 0.054604 0.067202 0.053860 0.065979 0.118211 0.163252 
0.132271 0.099081 0.058297 0.047290 0.135308 0.131808 0.057135 0.060445 0.066328 0.079763 0.132274 
0.061682 0.130369 0.068350 0.162273 0.074556 0.013419 0.133037 0.096739 0.044253 0.076147 0.139175 
0.027688 0.119434 0.084080 0.090391 0.185153 0.050815 0.042554 0.072595 0.071122 0.094849 0.161318 
0.034969 0.115731 0.069316 0.103590 0.158415 0.087179 0.044272 0.046312 0.093702 0.085322 0.161192 
0.268869 0.033971 0.061995 0.030305 0.047176 0.296454 0.056004 0.084761 0.040709 0.023651 0.056107 
0.036355 0.152175 0.166488 0.190744 0.084527 0.032478 0.060666 0.038310 0.074430 0.075084 0.088742 
0.099365 0.048391 0.177346 0.030496 0.023475 0.078060 0.179466 0.037755 0.043501 0.236252 0.045893 
0.023737 0.121320 0.077891 0.072784 0.162732 0.044585 0.025970 0.065311 0.087460 0.160032 0.158178 
0.012398 0.066480 0.042518 0.084407 0.210399 0.082332 0.023922 0.034150 0.036267 0.174230 0.232897 
0.040105 0.100353 0.095141 0.093557 0.161677 0.055740 0.055738 0.092892 0.090035 0.087526 0.127236 
0.042218 0.152910 0.087793 0.104438 0.142267 0.040712 0.057473 0.123961 0.051517 0.074833 0.121880 
0.049048 0.120974 0.091338 0.115517 0.142367 0.044751 0.051033 0.065734 0.089452 0.106907 0.122880 
0.040437 0.138516 0.105206 0.077862 0.135828 0.063785 0.039787 0.068251 0.060983 0.117954 0.151391 
0.030485 0.105909 0.101793 0.087349 0.168166 0.053469 0.058396 0.072634 0.056799 0.097857 0.167144 
0.029638 0.164191 0.080771 0.089478 0.170693 0.055483 0.057040 0.053547 0.052814 0.116721 0.129625 
0.069040 0.108271 0.114626 0.090167 0.123095 0.044980 0.076978 0.070894 0.091203 0.115702 0.095046 
0.045074 0.129794 0.087895 0.084953 0.149326 0.040887 0.057892 0.067885 0.069014 0.079479 0.187800 
0.368849 0.029376 0.081132 0.036538 0.061143 0.194199 0.035226 0.073170 0.043904 0.022211 0.054253 
0.038716 0.115360 0.085947 0.118980 0.132606 0.019827 0.086875 0.063727 0.095611 0.096947 0.145404 
0.023252 0.115089 0.109557 0.073874 0.170288 0.050811 0.055133 0.052066 0.060673 0.128164 0.161093 
0.030279 0.098174 0.090079 0.077553 0.155988 0.049256 0.038314 0.068654 0.063062 0.123185 0.205456 
0.057990 0.055542 0.040079 0.054836 0.145394 0.156815 0.028353 0.044135 0.032408 0.121769 0.262681 
0.341493 0.043350 0.064175 0.036258 0.065423 0.202142 0.051434 0.076299 0.046565 0.026194 0.046666 
0.085124 0.178456 0.073937 0.130407 0.059917 0.011470 0.160414 0.146731 0.036251 0.032845 0.084447 
0.015375 0.091548 0.078207 0.098242 0.166575 0.059688 0.047791 0.056869 0.062974 0.148618 0.174113 
0.034555 0.116598 0.080610 0.089049 0.178287 0.063828 0.059940 0.060463 0.070495 0.108358 0.137818 
0.298387 0.043256 0.051083 0.037150 0.063894 0.261465 0.039377 0.058570 0.044021 0.044706 0.058091 
0.022235 0.126319 0.102690 0.097988 0.152305 0.054417 0.053699 0.055431 0.077423 0.114998 0.142496 
0.019910 0.132376 0.079876 0.096458 0.189207 0.048391 0.033739 0.060030 0.053428 0.121414 0.165171 
0.026104 0.138579 0.092852 0.091184 0.150135 0.045538 0.039303 0.071054 0.067750 0.103049 0.174453 
0.154687 0.087760 0.067385 0.045195 0.150040 0.101686 0.042246 0.061797 0.072786 0.060109 0.156309 
0.057243 0.117906 0.061435 0.076166 0.156911 0.058012 0.091133 0.062598 0.064311 0.103597 0.150686 
0.046562 0.146667 0.114303 0.077436 0.154454 0.025399 0.069504 0.081678 0.101698 0.062339 0.119962 
0.028771 0.126099 0.116613 0.078158 0.189631 0.038469 0.053984 0.065870 0.057290 0.102075 0.143038 
0.007812 0.078325 0.047044 0.079137 0.222469 0.090300 0.018870 0.027153 0.039350 0.177379 0.212160 
0.025285 0.109647 0.086910 0.089870 0.194437 0.053053 0.037635 0.054813 0.062784 0.102967 0.182599 
0.092111 0.058083 0.115388 0.053622 0.066038 0.106893 0.100694 0.047096 0.085999 0.209312 0.064764 
0.297271 0.027024 0.058712 0.028503 0.046433 0.298492 0.040966 0.086365 0.040157 0.033120 0.042958 
0.205358 0.037883 0.047899 0.038070 0.063202 0.322271 0.056217 0.081661 0.042493 0.033672 0.071272 
0.022498 0.123501 0.081601 0.092041 0.176882 0.056698 0.035530 0.045392 0.070702 0.131330 0.163825 
0.033033 0.106854 0.106132 0.107120 0.187290 0.051613 0.050381 0.047541 0.062777 0.122149 0.125110 
0.026806 0.119546 0.118380 0.083640 0.148230 0.039674 0.039896 0.067038 0.059327 0.095900 0.201563 
0.035902 0.119732 0.069425 0.082578 0.174537 0.043542 0.032451 0.111757 0.062420 0.102308 0.165349 
0.017402 0.084682 0.074179 0.114281 0.166405 0.066547 0.044919 0.081519 0.060195 0.127726 0.162146 
0.017391 0.099707 0.096075 0.073238 0.185312 0.050367 0.064852 0.083551 0.062317 0.112919 0.154270 
0.037709 0.185949 0.134430 0.099242 0.122684 0.032105 0.057684 0.087243 0.073800 0.105003 0.064152 
0.030446 0.135960 0.106212 0.090279 0.152830 0.060624 0.049644 0.060576 0.084282 0.099314 0.129833 
0.024508 0.080876 0.078711 0.083778 0.187099 0.045826 0.047243 0.049721 0.068384 0.116647 0.217206 
0.300828 0.052199 0.047907 0.040347 0.055495 0.252200 0.050128 0.073958 0.041609 0.035965 0.049365 
0.039572 0.108057 0.075346 0.104053 0.129626 0.065994 0.051582 0.063515 0.045850 0.162288 0.154116 
0.023809 0.106772 0.082471 0.103032 0.165206 0.069670 0.068151 0.082009 0.072102 0.111533 0.115244 
0.078411 0.158753 0.065240 0.105521 0.121333 0.025249 0.123964 0.089152 0.075987 0.055648 0.100742 
0.098074 0.088015 0.253565 0.083226 0.024127 0.043190 0.171988 0.042917 0.052234 0.108946 0.033719 
large_intestine
0.037235 0.113718 0.081623 0.101510 0.182585 0.037370 0.061379 0.058473 0.036568 0.111042 0.178498 
0.038304 0.125720 0.070112 0.093614 0.159550 0.035531 0.054240 0.065315 0.043699 0.099512 0.214403 
0.034764 0.124262 0.110506 0.117037 0.101178 0.033453 0.104810 0.094933 0.100956 0.075226 0.102876 
0.026235 0.149593 0.110953 0.114917 0.091759 0.044456 0.090248 0.098597 0.083400 0.094244 0.095599 
0.029118 0.145903 0.100398 0.090535 0.090146 0.060121 0.081285 0.122761 0.074754 0.084584 0.120395 
0.053059 0.093309 0.063141 0.073551 0.180751 0.055054 0.052032 0.070674 0.031677 0.121077 0.205674 
0.342770 0.028270 0.062902 0.021211 0.045097 0.265395 0.032687 0.078660 0.040477 0.024153 0.058376 
0.024400 0.070057 0.064635 0.084261 0.207017 0.062028 0.043359 0.034183 0.039172 0.122842 0.248047 
0.035653 0.096254 0.073698 0.081932 0.179099 0.068405 0.047730 0.047629 0.055867 0.121260 0.192473 
0.020768 0.049661 0.041078 0.089640 0.217394 0.089133 0.019065 0.025250 0.026879 0.175004 0.246129 
0.018745 0.062271 0.041769 0.086467 0.226880 0.102338 0.028529 0.032115 0.020939 0.175792 0.204154 
0.027569 0.065316 0.090179 0.077306 0.165996 0.041026 0.053213 0.050345 0.048730 0.092786 0.287532 
0.025500 0.087336 0.080838 0.076144 0.173630 0.036866 0.059110 0.067123 0.052507 0.090530 0.250415 
0.031517 0.096315 0.062967 0.063580 0.221990 0.066067 0.036719 0.037851 0.039885 0.143758 0.199350 
0.039390 0.116906 0.094892 0.068017 0.156156 0.029023 0.049380 0.050816 0.058584 0.056842 0.279994 
0.025370 0.084736 0.059947 0.095815 0.184431 0.063172 0.058910 0.052975 0.033071 0.136073 0.205499 
0.072213 0.125318 0.107703 0.088804 0.158284 0.028358 0.072814 0.059409 0.067111 0.069757 0.150229 
0.028768 0.098175 0.078236 0.098415 0.187337 0.059236 0.056704 0.056021 0.037801 0.112416 0.186891 
0.024737 0.079838 0.049670 0.086280 0.214190 0.060366 0.030911 0.039275 0.030460 0.149960 0.234314 
0.031031 0.117905 0.090837 0.109624 0.243836 0.028020 0.049565 0.078843 0.040204 0.077631 0.132506 
0.026171 0.096902 0.070773 0.087615 0.165614 0.049139 0.057450 0.058658 0.050407 0.093053 0.244219 
0.292909 0.043984 0.060284 0.031428 0.056686 0.163387 0.071764 0.155239 0.053885 0.015577 0.054857 
0.045618 0.181235 0.103254 0.117227 0.092420 0.017844 0.071843 0.098581 0.083382 0.094712 0.093886 
0.032667 0.088247 0.072262 0.072604 0.179515 0.068444 0.048292 0.053900 0.049686 0.130947 0.203436 
0.045759 0.120401 0.132307 0.091565 0.081686 0.070934 0.081821 0.075388 0.061740 0.119344 0.119055 
0.047589 0.106048 0.077056 0.094139 0.198657 0.069311 0.043784 0.056392 0.058642 0.083520 0.164863 
0.043051 0.068818 0.056006 0.098058 0.212222 0.102273 0.055928 0.015978 0.045331 0.111281 0.191055 
0.049041 0.104476 0.094072 0.118944 0.169051 0.051288 0.062905 0.081579 0.030406 0.096393 0.141846 
0.031772 0.118737 0.075733 0.122375 0.172675 0.071910 0.047294 0.046164 0.057835 0.101942 0.153563 
0.049783 0.112950 0.101973 0.123037 0.160667 0.030368 0.077976 0.068468 0.061994 0.057753 0.155031 
0.026738 0.111156 0.077397 0.140156 0.078004 0.051850 0.109814 0.092287 0.065208 0.106773 0.140617 
0.039813 0.109062 0.076277 0.106634 0.189529 0.076562 0.029409 0.039918 0.047254 0.145247 0.140294 
0.061642 0.104276 0.137011 0.098730 0.061614 0.053141 0.112563 0.067337 0.054425 0.177440 0.071821 
0.048937 0.120311 0.079363 0.081994 0.165791 0.034025 0.079004 0.090773 0.050995 0.078890 0.169917 
0.063357 0.111756 0.089882 0.111705 0.071019 0.103502 0.100381 0.073332 0.068921 0.153679 0.052465 
0.071180 0.095902 0.079457 0.125659 0.093429 0.048078 0.093767 0.085923 0.063217 0.125660 0.117727 
0.029558 0.109957 0.086932 0.091659 0.193353 0.038938 0.045307 0.048263 0.053533 0.104100 0.198401 
0.037399 0.077988 0.074201 0.101682 0.186089 0.044298 0.071310 0.046045 0.059995 0.110645 0.190348 
0.024848 0.099300 0.059416 0.080093 0.205668 0.078736 0.050819 0.051121 0.045067 0.128258 0.176674 
0.048488 0.104669 0.061332 0.098002 0.169310 0.048593 0.055202 0.074787 0.050383 0.113762 0.175471 
0.045149 0.089268 0.096776 0.116903 0.111784 0.056203 0.068787 0.108912 0.103740 0.093375 0.109102 
0.047163 0.115489 0.095079 0.132216 0.090880 0.052794 0.068041 0.082910 0.065356 0.134052 0.116020 
0.062447 0.141070 0.096350 0.103246 0.185279 0.019995 0.074486 0.059068 0.075564 0.064741 0.117753 
0.089350 0.139765 0.078334 0.110163 0.132814 0.021682 0.127214 0.075950 0.064210 0.054891 0.105627 
0.087997 0.135135 0.081795 0.109958 0.127010 0.021452 0.129979 0.078919 0.071257 0.054082 0.102415 
0.047253 0.123029 0.116360 0.116785 0.082092 0.042841 0.087476 0.057389 0.050376 0.141043 0.135356 
0.034730 0.095970 0.075365 0.081324 0.163101 0.060376 0.050865 0.058316 0.051789 0.122225 0.205939 
0.258579 0.041752 0.074135 0.045240 0.044459 0.202759 0.077957 0.134659 0.054667 0.018857 0.046936 
0.048618 0.125810 0.109683 0.096568 0.139470 0.038471 0.055605 0.069625 0.056472 0.096992 0.162686 
0.076405 0.142796 0.080278 0.104922 0.218891 0.021527 0.062557 0.049158 0.051857 0.073945 0.117665 
0.040828 0.114851 0.098421 0.090705 0.145664 0.040325 0.068386 0.067147 0.076456 0.092945 0.164271 
0.066365 0.136887 0.092864 0.105269 0.190860 0.019598 0.068530 0.057213 0.077390 0.066308 0.118716 
0.068391 0.133267 0.091534 0.094171 0.187531 0.023974 0.063592 0.058919 0.065888 0.067979 0.144754 
0.074129 0.094185 0.133512 0.092707 0.076104 0.068400 0.109258 0.058101 0.044087 0.170697 0.078821 
0.041520 0.083545 0.139496 0.146785 0.091821 0.047654 0.096205 0.079722 0.068308 0.092605 0.112339 
0.036407 0.081611 0.075181 0.124895 0.136458 0.077496 0.071634 0.055216 0.070110 0.169112 0.101880 
0.065516 0.122140 0.095302 0.158942 0.079017 0.037419 0.088818 0.054996 0.073826 0.094654 0.129369 
0.204371 0.050111 0.046840 0.032938 0.079038 0.234135 0.053828 0.079127 0.072660 0.027693 0.119260 
0.057032 0.117038 0.087490 0.137561 0.096658 0.048383 0.079343 0.103236 0.084707 0.094268 0.094285 
0.030016 0.084368 0.125218 0.135990 0.055910 0.016134 0.169648 0.071953 0.192388 0.036597 0.081780 
0.268888 0.049252 0.059397 0.040666 0.080697 0.180135 0.058814 0.101667 0.044717 0.037826 0.077941 
0.022842 0.094154 0.081780 0.083587 0.200996 0.051486 0.035630 0.046324 0.045007 0.136995 0.201198 
0.021715 0.096751 0.081277 0.082521 0.196272 0.049210 0.037380 0.045722 0.050276 0.136769 0.202106 
0.024071 0.101241 0.075884 0.082264 0.178819 0.059706 0.053960 0.054394 0.055778 0.121558 0.192327 
0.021902 0.106413 0.080735 0.087929 0.176654 0.059390 0.058015 0.052226 0.051972 0.113108 0.191655 
0.036115 0.096112 0.096816 0.119700 0.091453 0.036732 0.084179 0.107713 0.072548 0.126341 0.132291 
0.033744 0.098935 0.101060 0.118894 0.093633 0.037887 0.084234 0.103831 0.070308 0.124874 0.132598 
0.037506 0.102734 0.103293 0.115324 0.090115 0.045183 0.089259 0.095339 0.069561 0.108397 0.143291 
0.035819 0.106871 0.096377 0.108315 0.091528 0.044108 0.085526 0.092840 0.068583 0.114071 0.155962 
0.037378 0.095160 0.102553 0.099570 0.108053 0.061103 0.102097 0.090349 0.069158 0.101620 0.132959 
0.062857 0.125554 0.069207 0.067025 0.148301 0.036593 0.083657 0.078151 0.051245 0.089624 0.187785 
0.053001 0.122738 0.113575 0.096944 0.129932 0.026804 0.078886 0.091622 0.111324 0.076468 0.098706 
0.028131 0.106105 0.076274 0.088407 0.168756 0.046233 0.067463 0.077875 0.052294 0.104912 0.183550 
0.031906 0.104475 0.082547 0.058474 0.126412 0.039455 0.058032 0.057000 0.093514 0.080336 0.267848 
0.036625 0.110675 0.089566 0.076578 0.142817 0.037469 0.077606 0.062189 0.075996 0.074541 0.215937 
0.028393 0.121987 0.083146 0.093963 0.168530 0.024566 0.056073 0.059486 0.066227 0.090596 0.207033 
0.028079 0.105671 0.084414 0.079775 0.175669 0.062130 0.048155 0.051827 0.062994 0.123159 0.178127 
0.035137 0.130709 0.078308 0.095661 0.149686 0.031072 0.081148 0.072715 0.053420 0.082637 0.189508 
0.035282 0.137938 0.079796 0.097925 0.144492 0.028025 0.073447 0.070887 0.054924 0.083487 0.193795 
0.036125 0.135276 0.113698 0.097878 0.127196 0.022495 0.059223 0.075736 0.129893 0.068690 0.133790 
0.070087 0.086593 0.076418 0.126717 0.109232 0.070498 0.073456 0.075587 0.068112 0.111098 0.132202 
0.018447 0.091507 0.081980 0.117778 0.102320 0.092804 0.097169 0.107212 0.087528 0.100347 0.102907 
0.303753 0.032688 0.046479 0.046823 0.090670 0.173316 0.045937 0.038260 0.039133 0.042792 0.140148 
0.055201 0.128867 0.099515 0.111339 0.137634 0.024261 0.085735 0.096874 0.073514 0.061586 0.125473 
0.060592 0.116986 0.097319 0.123156 0.083573 0.055423 0.069590 0.084471 0.083231 0.083351 0.142308 
0.026734 0.097835 0.071279 0.056453 0.171868 0.041478 0.035665 0.038948 0.068697 0.098782 0.292262 
0.035581 0.094470 0.107184 0.109757 0.119631 0.073264 0.077437 0.081211 0.066678 0.148677 0.086109 
0.045295 0.105589 0.129975 0.144032 0.083846 0.070779 0.100000 0.065114 0.072620 0.099142 0.083609 
0.032216 0.097724 0.071524 0.089109 0.187419 0.062059 0.043178 0.042730 0.054554 0.128500 0.190985 
0.024107 0.137365 0.093751 0.090566 0.163356 0.037242 0.060817 0.076829 0.069111 0.088496 0.158360 
0.056662 0.108330 0.102056 0.153246 0.104251 0.041089 0.076033 0.086583 0.068841 0.101399 0.101511 
0.051541 0.080810 0.117409 0.149751 0.077301 0.080833 0.090930 0.083440 0.078949 0.112363 0.076673 
0.061965 0.085481 0.079993 0.130875 0.096235 0.058089 0.080985 0.043173 0.067727 0.168869 0.126609 
0.120231 0.094243 0.128581 0.156005 0.105707 0.036784 0.058962 0.039687 0.082298 0.095355 0.082147 
0.039685 0.136335 0.102207 0.085010 0.140051 0.031138 0.066462 0.067469 0.086963 0.095872 0.148805 
0.075343 0.104827 0.097250 0.125886 0.079059 0.026169 0.107303 0.088138 0.102016 0.072160 0.121848 
0.079064 0.120777 0.111491 0.105382 0.083769 0.033290 0.074874 0.117350 0.103884 0.079293 0.090827 
0.071164 0.085038 0.140325 0.135227 0.065089 0.037552 0.092964 0.109921 0.084011 0.095147 0.083561 
0.032296 0.108656 0.080617 0.096499 0.142339 0.041568 0.075039 0.068535 0.044916 0.112206 0.197329 
0.018868 0.040742 0.059464 0.069514 0.147835 0.250075 0.049262 0.028203 0.061756 0.182403 0.091877 
0.038032 0.072307 0.066964 0.068681 0.159122 0.125354 0.065324 0.040291 0.061056 0.175357 0.127514 
0.031694 0.045825 0.056221 0.091258 0.192589 0.182491 0.042004 0.043211 0.043504 0.166001 0.105202 
0.063275 0.112513 0.058607 0.081358 0.157594 0.066710 0.066497 0.047074 0.044164 0.139162 0.163047 
0.014063 0.086494 0.052319 0.074309 0.195968 0.077559 0.029214 0.052124 0.040457 0.167741 0.209752 
0.023169 0.062778 0.080236 0.076985 0.145373 0.134360 0.051897 0.042848 0.042488 0.210841 0.129026 
0.200267 0.042023 0.045933 0.036930 0.075057 0.256660 0.067790 0.089010 0.057184 0.039317 0.089829 
0.040902 0.105837 0.091219 0.102108 0.105884 0.030304 0.102711 0.105294 0.045507 0.071177 0.199057 
0.028152 0.069015 0.059317 0.106886 0.129017 0.082669 0.051611 0.048640 0.063399 0.121092 0.240201 
0.030423 0.123425 0.073596 0.104134 0.171082 0.047391 0.073800 0.060966 0.056124 0.094320 0.164738 
0.034938 0.107152 0.085457 0.100270 0.163692 0.047067 0.056434 0.063338 0.051047 0.108144 0.182460 
0.017359 0.079665 0.052494 0.085060 0.189163 0.082612 0.040623 0.047257 0.027571 0.150414 0.227781 
0.041323 0.102644 0.069872 0.081738 0.169004 0.057972 0.058971 0.062159 0.052885 0.128682 0.174750 
0.033333 0.099432 0.067228 0.088656 0.170590 0.071801 0.050812 0.049210 0.055581 0.128297 0.185060 
0.035280 0.099707 0.084843 0.083247 0.129461 0.042353 0.094867 0.047378 0.038875 0.116413 0.227576 
0.034957 0.099917 0.072614 0.080305 0.175576 0.049538 0.051666 0.056952 0.047524 0.112396 0.218555 
0.032373 0.104828 0.069925 0.079241 0.192211 0.053821 0.049785 0.057100 0.059996 0.114688 0.186032 
0.020234 0.076398 0.061671 0.096262 0.190117 0.065165 0.039026 0.049095 0.051316 0.150544 0.200172 
0.026544 0.114379 0.088422 0.098473 0.189444 0.039275 0.050017 0.063850 0.050186 0.109382 0.170027 
0.038457 0.109015 0.069928 0.101080 0.158481 0.068737 0.057153 0.071491 0.054987 0.129554 0.141117 
0.022512 0.072801 0.069616 0.080194 0.194090 0.060351 0.039744 0.049737 0.052044 0.140700 0.218211 
0.025236 0.110175 0.065192 0.082410 0.170415 0.063831 0.058291 0.047267 0.059562 0.134907 0.182713 
0.025917 0.100254 0.068975 0.085628 0.183565 0.086202 0.049578 0.056738 0.040469 0.145465 0.157209 
0.013980 0.063090 0.049735 0.099253 0.168303 0.169377 0.040724 0.049530 0.023156 0.200506 0.122346 
0.041999 0.111876 0.083111 0.090760 0.174927 0.046106 0.052458 0.058855 0.055133 0.127728 0.157048 
0.021444 0.073998 0.048490 0.081169 0.193712 0.072676 0.026605 0.042864 0.035640 0.155783 0.247618 
0.038312 0.109623 0.066810 0.081918 0.169596 0.064766 0.048568 0.055644 0.047944 0.145034 0.171785 
0.028815 0.078044 0.182991 0.212411 0.088675 0.024312 0.094571 0.071295 0.076871 0.055887 0.086128 
0.038214 0.070390 0.072580 0.112521 0.118742 0.085267 0.071039 0.062795 0.056372 0.174300 0.137778 
0.048944 0.102885 0.076036 0.086736 0.158062 0.051162 0.051093 0.074096 0.082980 0.096256 0.171749 
0.032054 0.097116 0.073326 0.093166 0.159661 0.061871 0.048427 0.073500 0.028259 0.127187 0.205432 
0.021732 0.064541 0.052334 0.083278 0.179796 0.072653 0.041259 0.039792 0.036146 0.191852 0.216618 
0.029629 0.112094 0.096866 0.069681 0.176768 0.055008 0.075647 0.067824 0.051579 0.081302 0.183602 
0.051395 0.098118 0.053621 0.070976 0.110177 0.078074 0.062650 0.044204 0.072915 0.144916 0.212953 
0.018667 0.047244 0.025887 0.076153 0.186913 0.225459 0.025560 0.041485 0.048675 0.191968 0.111989 
0.037039 0.106348 0.064798 0.092959 0.165577 0.040687 0.063883 0.081493 0.055136 0.095542 0.196538 
0.029169 0.119874 0.097373 0.094065 0.154654 0.056683 0.045187 0.065874 0.044538 0.101909 0.190673 
0.043901 0.113213 0.091919 0.089126 0.163284 0.038063 0.063733 0.086250 0.052839 0.090147 0.167526 
0.027085 0.097825 0.069839 0.087719 0.159520 0.051855 0.041541 0.080502 0.074837 0.124832 0.184444 
0.041995 0.135204 0.087388 0.069174 0.158306 0.033296 0.059584 0.065844 0.069902 0.098312 0.180996 
0.290483 0.039429 0.058940 0.025347 0.071715 0.228070 0.044637 0.091304 0.052584 0.031888 0.065603 
0.031195 0.090758 0.078503 0.074763 0.160829 0.074217 0.059630 0.067370 0.053749 0.149171 0.159815 
0.026820 0.114538 0.108191 0.143988 0.077587 0.018053 0.143946 0.071209 0.071175 0.142261 0.082232 
0.030960 0.039721 0.046318 0.082654 0.203528 0.210646 0.040507 0.036851 0.053416 0.205274 0.050124 
0.027211 0.075778 0.086267 0.091867 0.206799 0.057242 0.041584 0.037569 0.056915 0.121743 0.197026 
0.049275 0.104211 0.081244 0.084950 0.173939 0.046255 0.068933 0.055152 0.053383 0.097862 0.184796 
0.031497 0.071641 0.101959 0.112746 0.128903 0.084755 0.110996 0.049157 0.100763 0.123522 0.084061 
