-9600666.279412
0
0.000000 0.000000 0.000000 0.000000 0.033287 0.000000 0.000000 0.000000 0.000000 0.000000 0.000000 0.000001 0.000000 0.000000 0.000000 0.000000 0.000000 0.000000 0.000000 0.000000 0.000000 0.000000 0.026775 0.000000 0.000000 0.000000 0.000000 0.000000 0.000000 0.000000 0.000000 0.000000 0.000000 0.138314 0.000000 0.000000 0.000000 0.000000 0.000000 0.000000 0.000000 0.000000 0.000000 0.000000 0.000000 0.000000 0.000000 0.000000 0.000000 0.000000 0.000000 0.000001 0.000000 0.000000 0.000000 0.000000 0.000000 0.000001 0.000000 0.000000 0.000000 0.000000 0.000000 0.000000 0.099463 0.000000 0.000000 0.000000 0.016195 0.000000 0.000000 0.000000 0.000000 0.000000 0.000000 0.000000 0.000000 0.000000 0.000000 0.000000 0.002482 0.082211 0.000001 0.601235 0.000000 0.000000 0.000000 0.000000 0.000000 0.000000 0.000000 0.000000 0.000000 0.000000 0.000000 0.000000 
0.000000 0.000000 0.000000 0.000000 0.000000 0.000000 0.000000 0.000000 0.000000 0.000000 0.000000 0.000001 0.000000 0.000000 0.000000 0.000000 0.000000 0.000000 0.000000 0.000000 0.014146 0.000000 0.000000 0.000000 0.000000 0.000000 0.000000 0.000000 0.000000 0.000000 0.000000 0.000000 0.000000 0.611442 0.000000 0.000000 0.000000 0.000000 0.000000 0.000000 0.000000 0.000000 0.000000 0.000000 0.000000 0.000000 0.000000 0.000000 0.000000 0.000000 0.000000 0.000001 0.000000 0.000000 0.000000 0.000000 0.000000 0.000001 0.000000 0.000000 0.000000 0.000000 0.000000 0.000000 0.000000 0.000000 0.000000 0.000000 0.000000 0.000000 0.000000 0.000000 0.000000 0.000000 0.000000 0.000000 0.000000 0.000000 0.000000 0.000000 0.000001 0.017725 0.356646 0.000000 0.000000 0.000000 0.000000 0.000000 0.000000 0.000000 0.000000 0.000000 0.000000 0.000000 0.000000 0.000000 
0.000000 0.000000 0.000000 0.000000 0.000000 0.000000 0.000000 0.000000 0.111693 0.000000 0.000000 0.000001 0.000000 0.000000 0.000000 0.000000 0.000000 0.000000 0.000000 0.000000 0.000000 0.000000 0.000000 0.000000 0.000000 0.000000 0.100752 0.000000 0.000000 0.000000 0.034113 0.000000 0.000000 0.000000 0.000000 0.000000 0.000000 0.000000 0.000000 0.042734 0.000000 0.094688 0.000000 0.000000 0.000000 0.000000 0.000000 0.000000 0.000000 0.091982 0.056321 0.000001 0.000000 0.043104 0.033005 0.034539 0.000000 0.009500 0.000000 0.000000 0.000000 0.000000 0.031775 0.000000 0.000000 0.000000 0.000000 0.000000 0.000000 0.000000 0.000000 0.000000 0.127830 0.000000 0.000000 0.000000 0.000000 0.032630 0.029474 0.125826 0.000001 0.000001 0.000001 0.000000 0.000000 0.000000 0.000000 0.000000 0.000000 0.000000 0.000000 0.000000 0.000000 0.000000 0.000000 0.000000 
0.000000 0.000000 0.000000 0.000000 0.000000 0.000000 0.000000 0.000000 0.000000 0.000000 0.218828 0.000000 0.024930 0.000000 0.000000 0.000000 0.000000 0.076441 0.000000 0.000000 0.000000 0.000000 0.000000 0.000000 0.000000 0.140776 0.000000 0.000000 0.000000 0.000000 0.000000 0.037043 0.453431 0.000000 0.000000 0.000000 0.000000 0.000000 0.000000 0.000000 0.000000 0.000000 0.000000 0.000000 0.011400 0.037113 0.000000 0.000000 0.000000 0.000000 0.000000 0.000000 0.000000 0.000000 0.000000 0.000000 0.000000 0.000001 0.000000 0.000000 0.000000 0.000000 0.000000 0.000000 0.000000 0.000000 0.000000 0.000000 0.000000 0.000000 0.000000 0.000000 0.000000 0.000000 0.000000 0.000000 0.000000 0.000000 0.000000 0.000000 0.000001 0.000001 0.000001 0.000000 0.000000 0.000000 0.000000 0.000000 0.000000 0.000000 0.000000 0.000000 0.000000 0.000000 0.000000 0.000000 
0.000000 0.000000 0.000000 0.000000 0.000000 0.000000 0.000000 0.000000 0.000000 0.000000 0.000001 0.000001 0.000000 0.000000 0.000000 0.000000 0.000000 0.000000 0.000000 0.000000 0.000000 0.000000 0.002478 0.000000 0.000000 0.000000 0.000000 0.000000 0.000000 0.000000 0.000000 0.000000 0.000000 0.000001 0.000000 0.000000 0.000000 0.000000 0.000000 0.000000 0.000000 0.000000 0.000000 0.000000 0.000000 0.000000 0.000000 0.000000 0.000000 0.000000 0.000000 0.000001 0.000000 0.000000 0.000000 0.000000 0.000000 0.015500 0.000001 0.000000 0.000000 0.000000 0.000000 0.000000 0.000000 0.000000 0.000000 0.000000 0.000000 0.000000 0.000000 0.000000 0.000000 0.000000 0.000000 0.000000 0.000000 0.000000 0.000000 0.000000 0.002140 0.979841 0.000001 0.000000 0.000000 0.000000 0.000000 0.000000 0.000000 0.000000 0.000000 0.000000 0.000000 0.000000 0.000000 0.000000 
0.068651 0.000000 0.035169 0.061861 0.000000 0.000000 0.000000 0.029397 0.000000 0.000000 0.000000 0.000000 0.000000 0.000000 0.000000 0.000000 0.063620 0.000000 0.000000 0.071513 0.000000 0.000000 0.000000 0.000000 0.133481 0.000000 0.000000 0.000000 0.000000 0.000000 0.000000 0.000000 0.000000 0.000000 0.000000 0.000000 0.000000 0.041120 0.062637 0.000182 0.000565 0.000000 0.044044 0.000000 0.000000 0.000000 0.000000 0.000000 0.073442 0.000000 0.000000 0.000000 0.000000 0.004559 0.000000 0.000000 0.105483 0.000001 0.000000 0.000000 0.000000 0.000000 0.000000 0.000000 0.000000 0.000000 0.000000 0.000000 0.000000 0.000000 0.000000 0.046302 0.000000 0.000000 0.000000 0.000000 0.000000 0.030122 0.000000 0.000000 0.000001 0.000001 0.000001 0.000000 0.000000 0.000000 0.000000 0.034269 0.000000 0.000000 0.093549 0.000000 0.000000 0.000000 0.000000 0.000000 
0.000000 0.000000 0.000000 0.000000 0.000000 0.000000 0.000000 0.000000 0.000000 0.000000 0.000000 0.000001 0.000000 0.000000 0.034021 0.043304 0.000000 0.000000 0.000000 0.000000 0.000000 0.000000 0.000000 0.000000 0.001527 0.000000 0.000000 0.000000 0.031560 0.000000 0.000000 0.000000 0.000000 0.000000 0.000000 0.000000 0.000000 0.000000 0.000000 0.000000 0.000000 0.000000 0.000000 0.000000 0.000000 0.000000 0.060458 0.104386 0.000000 0.000000 0.000000 0.000000 0.000000 0.000000 0.000000 0.000000 0.000000 0.342515 0.000000 0.000000 0.019034 0.000000 0.000000 0.000000 0.000000 0.000000 0.000000 0.151256 0.000000 0.000000 0.000000 0.000000 0.000000 0.000000 0.023645 0.000000 0.101079 0.000000 0.000000 0.000000 0.000020 0.000001 0.000001 0.000000 0.000000 0.000000 0.000000 0.000000 0.000000 0.087161 0.000000 0.000000 0.000000 0.000000 0.000000 0.000000 
0.000000 0.000000 0.000000 0.000000 0.000000 0.000000 0.000000 0.000000 0.026885 0.169254 0.000000 0.013820 0.000000 0.000000 0.000000 0.000000 0.024023 0.000000 0.000000 0.000000 0.000000 0.024612 0.000000 0.000000 0.000000 0.000000 0.000000 0.000000 0.000000 0.031028 0.000000 0.000000 0.000000 0.000000 0.000000 0.000000 0.000000 0.000000 0.000000 0.000000 0.000000 0.000000 0.145399 0.109877 0.000000 0.000000 0.000000 0.000000 0.000000 0.000000 0.000000 0.001204 0.000000 0.000000 0.000000 0.000000 0.000000 0.000001 0.000000 0.000000 0.000000 0.030297 0.000000 0.000000 0.000000 0.129437 0.111710 0.000000 0.000000 0.000000 0.000000 0.000000 0.000000 0.000000 0.000000 0.000000 0.000000 0.000000 0.000000 0.000000 0.000001 0.000001 0.000001 0.000000 0.000000 0.000000 0.000000 0.000000 0.000000 0.000000 0.000000 0.000000 0.000000 0.000000 0.028315 0.154101 
0.000000 0.058091 0.000000 0.000000 0.000000 0.000000 0.000000 0.000000 0.000000 0.000000 0.000000 0.012796 0.000000 0.000000 0.000000 0.000000 0.000000 0.000000 0.000000 0.000000 0.000000 0.000000 0.000000 0.000000 0.000000 0.000000 0.000000 0.000000 0.000000 0.000000 0.000000 0.000000 0.000000 0.000000 0.000000 0.000000 0.016170 0.000000 0.000000 0.000000 0.000000 0.000000 0.000000 0.000000 0.000000 0.000000 0.000000 0.000000 0.000000 0.000000 0.000000 0.000001 0.000000 0.000000 0.000000 0.000000 0.000000 0.048134 0.000000 0.000000 0.000000 0.000000 0.000000 0.000000 0.036030 0.000000 0.000000 0.000000 0.000000 0.000000 0.000000 0.000000 0.000000 0.000000 0.000000 0.000000 0.000000 0.000000 0.000000 0.000000 0.340637 0.387895 0.079996 0.000000 0.000000 0.000000 0.000000 0.000000 0.000000 0.000000 0.000000 0.000000 0.020214 0.000000 0.000000 0.000000 
0.000000 0.000000 0.000000 0.000000 0.000000 0.000000 0.000000 0.000000 0.000000 0.000000 0.000000 0.000001 0.000000 0.000000 0.000000 0.000000 0.000000 0.000000 0.000000 0.000000 0.000000 0.000000 0.000000 0.000000 0.000000 0.000000 0.000000 0.000000 0.000000 0.000000 0.000000 0.000000 0.000000 0.000000 0.049710 0.537943 0.000000 0.000000 0.000000 0.000000 0.000000 0.000000 0.000000 0.000000 0.000000 0.000000 0.000000 0.000000 0.000000 0.000000 0.000000 0.000001 0.000000 0.000000 0.000000 0.000000 0.000000 0.000001 0.000000 0.000000 0.000000 0.000000 0.000000 0.000000 0.000000 0.000000 0.000000 0.000000 0.000000 0.000000 0.000000 0.000000 0.000000 0.120710 0.000000 0.000000 0.000000 0.000000 0.000000 0.000000 0.291598 0.000001 0.000001 0.000000 0.000000 0.000000 0.000000 0.000000 0.000000 0.000000 0.000000 0.000000 0.000000 0.000000 0.000000 0.000000 
0.000000 0.000000 0.000000 0.000000 0.000000 0.000000 0.000000 0.000000 0.000000 0.000000 0.000000 0.116731 0.000000 0.000000 0.000000 0.000000 0.000000 0.000000 0.168555 0.000000 0.000000 0.000000 0.000000 0.000000 0.000000 0.000000 0.000000 0.000000 0.000000 0.000000 0.000000 0.000000 0.000000 0.000000 0.000000 0.000000 0.000000 0.000000 0.000000 0.000000 0.058488 0.000000 0.000000 0.000000 0.000000 0.000000 0.000000 0.000000 0.000000 0.000000 0.000000 0.066085 0.000000 0.000000 0.000000 0.000000 0.000000 0.000001 0.301729 0.000000 0.000000 0.000000 0.000000 0.000000 0.000000 0.000000 0.044620 0.000000 0.000000 0.032089 0.073518 0.000000 0.000000 0.000000 0.000000 0.000000 0.000000 0.000000 0.000000 0.000000 0.024111 0.000001 0.000001 0.000000 0.000000 0.000000 0.000000 0.000000 0.000000 0.000000 0.000000 0.074025 0.000000 0.040013 0.000000 0.000000 
0.000000 0.000000 0.000000 0.000000 0.000000 0.000000 0.024696 0.000000 0.000000 0.000000 0.000000 0.000001 0.000000 0.000000 0.000000 0.000000 0.000000 0.000000 0.000000 0.000000 0.000000 0.000000 0.000000 0.000000 0.000000 0.000000 0.000000 0.000000 0.000000 0.000000 0.000000 0.000000 0.000000 0.000000 0.778879 0.000000 0.000000 0.000000 0.000000 0.000000 0.000000 0.000000 0.000000 0.000000 0.000000 0.000000 0.000000 0.000000 0.000000 0.000000 0.000000 0.000001 0.000000 0.000000 0.000000 0.000000 0.128739 0.000001 0.000000 0.000000 0.000000 0.000000 0.000000 0.000000 0.000000 0.000000 0.000000 0.000000 0.000000 0.000000 0.000000 0.000000 0.000000 0.000000 0.022363 0.000000 0.000000 0.000000 0.000000 0.000000 0.000001 0.000001 0.000001 0.000000 0.017776 0.027508 0.000000 0.000000 0.000000 0.000000 0.000000 0.000000 0.000000 0.000000 0.000000 0.000000 
0.000000 0.000000 0.000000 0.000000 0.000000 0.028752 0.000000 0.000000 0.000000 0.080898 0.446856 0.000001 0.000000 0.000000 0.000000 0.000000 0.000000 0.000000 0.000000 0.000000 0.000000 0.000000 0.000000 0.000000 0.000000 0.000000 0.000000 0.000000 0.000000 0.000000 0.000000 0.000000 0.000000 0.000000 0.000000 0.000000 0.000000 0.000000 0.000000 0.000000 0.000000 0.000000 0.000000 0.000000 0.000000 0.000000 0.000000 0.000000 0.000000 0.000000 0.000000 0.000001 0.000000 0.000000 0.000000 0.000000 0.000000 0.036028 0.000000 0.356563 0.000000 0.000000 0.000000 0.000000 0.000000 0.000000 0.000000 0.000000 0.000000 0.000000 0.000000 0.000000 0.000000 0.000000 0.000000 0.000000 0.000000 0.000000 0.000000 0.000000 0.009405 0.041459 0.000001 0.000000 0.000000 0.000000 0.000000 0.000000 0.000000 0.000000 0.000000 0.000000 0.000000 0.000000 0.000000 0.000000 
0.000000 0.000000 0.000000 0.000000 0.000000 0.000000 0.000000 0.000000 0.000000 0.000000 0.000000 0.000001 0.000000 0.000000 0.000000 0.000000 0.000000 0.000000 0.000000 0.000000 0.000000 0.000000 0.000000 0.000000 0.000000 0.000000 0.000000 0.000000 0.000000 0.000000 0.000000 0.000000 0.000000 0.000000 0.000000 0.000000 0.000000 0.000000 0.000000 0.000000 0.000000 0.000000 0.000000 0.000000 0.000000 0.000000 0.000000 0.000000 0.000000 0.000000 0.000000 0.000001 0.000000 0.000000 0.000000 0.000000 0.000000 0.000001 0.000001 0.000000 0.000000 0.000000 0.000000 0.000000 0.000000 0.000000 0.000000 0.000000 0.000000 0.000000 0.000000 0.000000 0.000000 0.000000 0.000000 0.000000 0.000000 0.000000 0.000000 0.000000 0.000001 0.000001 0.999957 0.000000 0.000000 0.000000 0.000000 0.000000 0.000000 0.000000 0.000000 0.000000 0.000000 0.000000 0.000000 0.000000 
0.000000 0.000000 0.000000 0.000000 0.000000 0.000000 0.000000 0.000000 0.000000 0.000000 0.000001 0.000001 0.000000 0.000000 0.000000 0.000000 0.000000 0.000000 0.000000 0.000000 0.000000 0.000000 0.000000 0.048836 0.000000 0.000000 0.000000 0.319837 0.000000 0.000000 0.000000 0.000000 0.000000 0.000001 0.000001 0.000000 0.000000 0.000000 0.000000 0.000000 0.000000 0.000000 0.000000 0.000000 0.000000 0.000000 0.000000 0.000000 0.000000 0.000000 0.000000 0.000001 0.000000 0.000000 0.000000 0.000000 0.000000 0.057060 0.000001 0.000000 0.000000 0.000000 0.000000 0.000000 0.000000 0.000000 0.000000 0.000000 0.000000 0.000000 0.000000 0.000000 0.000000 0.000000 0.000000 0.574224 0.000000 0.000000 0.000000 0.000000 0.000001 0.000001 0.000001 0.000000 0.000000 0.000000 0.000000 0.000000 0.000000 0.000000 0.000000 0.000000 0.000000 0.000000 0.000000 0.000000 
0.000000 0.000000 0.000000 0.000000 0.000000 0.000000 0.000000 0.000000 0.000000 0.000000 0.000000 0.000001 0.000000 0.039310 0.000000 0.000000 0.000000 0.000000 0.000000 0.000000 0.000000 0.000000 0.000000 0.000000 0.000000 0.000000 0.000000 0.000000 0.000000 0.000000 0.000000 0.000000 0.000000 0.000000 0.000000 0.000000 0.000000 0.000000 0.000000 0.000000 0.000000 0.000000 0.000000 0.000000 0.000000 0.000000 0.000000 0.000000 0.000000 0.000000 0.000000 0.062461 0.029301 0.000000 0.000000 0.000000 0.000000 0.000001 0.747068 0.000000 0.000000 0.000000 0.000000 0.024530 0.000000 0.000000 0.000000 0.000000 0.000000 0.000000 0.000000 0.000000 0.000000 0.000000 0.000000 0.000000 0.000000 0.000000 0.000000 0.000000 0.000001 0.000001 0.000001 0.000000 0.000000 0.000000 0.024553 0.007413 0.065323 0.000000 0.000000 0.000000 0.000000 0.000000 0.000000 0.000000 
0.063790 0.062588 0.062466 0.064179 0.062747 0.062484 0.063396 0.061250 0.061895 0.062612 0.061144 0.063638 0.061116 0.062877 0.061898 0.061923 
0.065336 0.063173 0.062660 0.058300 0.060334 0.064150 0.063874 0.061670 0.059880 0.065036 0.064010 0.065794 0.060751 0.063419 0.062884 0.058729 
0.065993 0.056940 0.055393 0.061413 0.056416 0.064703 0.063496 0.065745 0.060671 0.065237 0.065815 0.071430 0.057320 0.060533 0.066288 0.062607 
0.063758 0.062072 0.062493 0.063669 0.060100 0.060123 0.063879 0.061856 0.060548 0.064444 0.061270 0.064245 0.064661 0.063579 0.061134 0.062170 
0.058881 0.061856 0.073999 0.068050 0.055289 0.076640 0.063747 0.049786 0.055428 0.069221 0.060872 0.072050 0.055730 0.068785 0.050578 0.059089 
0.061448 0.060434 0.062869 0.062206 0.063192 0.062971 0.063966 0.063528 0.063575 0.063376 0.063042 0.063456 0.061282 0.061335 0.060169 0.063149 
0.063038 0.063027 0.062180 0.062836 0.062135 0.063733 0.063815 0.062786 0.061707 0.061957 0.061852 0.062172 0.062156 0.062049 0.062242 0.062314 
0.074459 0.071196 0.055080 0.057988 0.079454 0.057081 0.058191 0.055095 0.069214 0.075871 0.060448 0.061010 0.063821 0.058566 0.050185 0.052341 
0.065258 0.066595 0.061384 0.058701 0.066414 0.063109 0.056736 0.057430 0.059326 0.063521 0.063741 0.062689 0.063989 0.058604 0.066930 0.065572 
0.059393 0.063498 0.061186 0.065181 0.060050 0.060025 0.068067 0.061506 0.062298 0.066135 0.059344 0.059904 0.062551 0.061249 0.065163 0.064452 
0.061657 0.063534 0.062812 0.060715 0.062170 0.064517 0.061585 0.063502 0.065173 0.060884 0.062296 0.062018 0.060565 0.065306 0.060151 0.063115 
0.061819 0.063252 0.062165 0.063142 0.061861 0.062410 0.066445 0.061347 0.062098 0.061076 0.064567 0.062240 0.061891 0.062784 0.061967 0.060936 
breast
0.084170 0.025029 0.176643 0.062137 0.014490 0.094469 0.105099 0.070965 0.033255 0.051586 0.061357 0.063245 0.106059 0.014159 0.012023 0.025314 
0.062932 0.036211 0.193439 0.087354 0.015003 0.105341 0.106480 0.048492 0.041664 0.071785 0.031781 0.065554 0.072405 0.007819 0.011559 0.042182 
0.071292 0.029205 0.094846 0.074913 0.007896 0.106898 0.108532 0.127325 0.049019 0.063591 0.085414 0.027507 0.081352 0.009457 0.024384 0.038368 
0.071163 0.029149 0.094666 0.074770 0.007886 0.104809 0.108325 0.127083 0.049892 0.064303 0.087204 0.027454 0.081223 0.009439 0.024337 0.038295 
0.074000 0.042253 0.138803 0.085457 0.015865 0.084130 0.097328 0.089956 0.037066 0.050736 0.090497 0.065577 0.060148 0.007960 0.016302 0.043923 
0.063488 0.042130 0.098184 0.077370 0.027009 0.106615 0.092426 0.119547 0.044225 0.067224 0.090205 0.042517 0.063291 0.005865 0.017653 0.042252 
0.055857 0.018719 0.205416 0.100128 0.016787 0.065890 0.084467 0.035031 0.037034 0.058154 0.073785 0.085133 0.096117 0.003822 0.014701 0.048961 
0.062880 0.041182 0.150731 0.113545 0.017508 0.069836 0.093076 0.056599 0.042617 0.102747 0.021246 0.056221 0.096254 0.025485 0.018705 0.031369 
0.126110 0.027737 0.108468 0.070445 0.012854 0.098288 0.126978 0.091641 0.033016 0.021626 0.089579 0.035592 0.069446 0.011587 0.029898 0.046734 
0.093751 0.025816 0.192537 0.094500 0.026667 0.077693 0.087063 0.078712 0.039152 0.068547 0.031693 0.037794 0.087761 0.004280 0.009839 0.044196 
0.071627 0.015714 0.170459 0.065379 0.050596 0.068367 0.073779 0.061620 0.054090 0.086868 0.051060 0.040972 0.110227 0.010324 0.017725 0.051193 
0.091310 0.041081 0.109401 0.095947 0.044739 0.090860 0.123048 0.047274 0.059942 0.081396 0.026601 0.050123 0.087796 0.004660 0.010439 0.035382 
0.036633 0.014430 0.193213 0.077071 0.014724 0.144516 0.056396 0.050485 0.040325 0.096125 0.039604 0.042207 0.087892 0.006111 0.061774 0.038492 
0.064094 0.058223 0.166835 0.107369 0.036652 0.073828 0.054937 0.056953 0.056569 0.073244 0.044808 0.040405 0.084935 0.011990 0.021542 0.047615 
0.086130 0.059543 0.117556 0.120645 0.028696 0.069724 0.090303 0.053284 0.045083 0.066881 0.022527 0.059006 0.108533 0.023021 0.016879 0.032188 
0.059205 0.038475 0.165256 0.093753 0.038357 0.095474 0.102022 0.063308 0.048831 0.066376 0.032480 0.060750 0.082861 0.009417 0.015383 0.028050 
0.067342 0.052490 0.197082 0.079427 0.022266 0.082509 0.111443 0.053762 0.029888 0.070489 0.036459 0.041881 0.078728 0.010795 0.030513 0.034926 
0.071551 0.030322 0.186909 0.087904 0.017127 0.106684 0.109262 0.065246 0.038143 0.037628 0.035403 0.050807 0.104474 0.006024 0.023524 0.028991 
0.050745 0.022242 0.100417 0.070825 0.041287 0.115464 0.047179 0.161358 0.051824 0.050585 0.101392 0.061857 0.073485 0.003545 0.021430 0.026363 
0.076732 0.044299 0.187928 0.086836 0.016777 0.075766 0.108575 0.060350 0.037408 0.053652 0.050783 0.050119 0.072652 0.021615 0.010119 0.046390 
0.069983 0.004910 0.101585 0.076285 0.038636 0.108502 0.023003 0.104412 0.064506 0.052060 0.085973 0.055677 0.057426 0.003875 0.003876 0.149292 
0.058511 0.028855 0.163471 0.063022 0.016961 0.110274 0.141693 0.056149 0.047882 0.054500 0.047085 0.049708 0.112830 0.008564 0.011710 0.028785 
0.110113 0.012734 0.114850 0.084806 0.023645 0.088566 0.149155 0.052198 0.037714 0.064463 0.044307 0.043550 0.089759 0.012538 0.027757 0.043845 
0.054686 0.011170 0.221314 0.093101 0.019276 0.063800 0.101083 0.082256 0.034429 0.063797 0.041961 0.015200 0.111380 0.007966 0.017658 0.060923 
0.069030 0.067829 0.106581 0.120916 0.016797 0.067619 0.065272 0.060494 0.044424 0.109357 0.061345 0.072906 0.076925 0.014153 0.012989 0.033362 
0.067220 0.020884 0.009628 0.115998 0.005336 0.058340 0.204593 0.199844 0.021149 0.005276 0.241494 0.002538 0.001656 0.000971 0.040512 0.004561 
0.045905 0.032793 0.168876 0.120741 0.009068 0.139838 0.100683 0.088664 0.034653 0.052696 0.051710 0.045962 0.029519 0.007686 0.022300 0.048905 
0.060388 0.050116 0.125203 0.103304 0.032452 0.084417 0.098343 0.072975 0.054846 0.047846 0.046008 0.035768 0.095009 0.021413 0.022371 0.049543 
0.062290 0.036213 0.072699 0.072438 0.028798 0.112446 0.088631 0.095334 0.047879 0.094330 0.115856 0.048691 0.069555 0.009448 0.018793 0.026598 
0.110492 0.047862 0.002965 0.097127 0.006199 0.045287 0.168333 0.237374 0.040746 0.001402 0.187251 0.000787 0.002251 0.000395 0.050627 0.000905 
0.081148 0.035155 0.187718 0.108731 0.030300 0.084030 0.095512 0.063479 0.040690 0.062434 0.030436 0.036866 0.076974 0.006923 0.017351 0.042254 
0.110206 0.042503 0.166235 0.070200 0.026631 0.096119 0.087667 0.067483 0.046456 0.031619 0.045708 0.057683 0.060271 0.013407 0.023617 0.054195 
0.070212 0.046125 0.093939 0.081590 0.027796 0.135309 0.051405 0.061552 0.065247 0.080160 0.073153 0.035040 0.063571 0.006617 0.083158 0.025125 
0.083325 0.032472 0.104664 0.077118 0.036045 0.107129 0.088704 0.083992 0.054566 0.079377 0.081013 0.046144 0.075830 0.006852 0.010516 0.032254 
0.081828 0.021101 0.179640 0.097998 0.034306 0.079899 0.098549 0.079386 0.040206 0.054986 0.036931 0.028196 0.091975 0.006126 0.025811 0.043064 
0.073965 0.039364 0.072684 0.086100 0.025573 0.117649 0.070040 0.121896 0.047158 0.085994 0.096825 0.041419 0.051527 0.009403 0.022169 0.038234 
0.088666 0.048288 0.101547 0.079808 0.023723 0.084380 0.098741 0.118759 0.060496 0.064307 0.073729 0.038011 0.067824 0.007109 0.017942 0.026670 
0.086338 0.020648 0.183488 0.114096 0.015364 0.088369 0.119759 0.049040 0.043089 0.059087 0.033325 0.061777 0.054767 0.006062 0.023768 0.041025 
0.096287 0.033590 0.165727 0.080460 0.047736 0.039132 0.117687 0.052779 0.062848 0.094053 0.039652 0.043465 0.063659 0.004273 0.020843 0.037810 
0.075643 0.050320 0.181416 0.115288 0.036268 0.061350 0.081247 0.066462 0.045850 0.067491 0.034022 0.046670 0.071539 0.016576 0.009529 0.040331 
0.073432 0.068019 0.065155 0.094970 0.042022 0.047012 0.050650 0.062223 0.060268 0.139646 0.049668 0.081271 0.112061 0.013097 0.012477 0.028029 
0.043920 0.033168 0.070057 0.105463 0.042750 0.109232 0.070830 0.132916 0.059610 0.066203 0.092480 0.041017 0.070577 0.003965 0.021002 0.036808 
0.103029 0.034204 0.132168 0.124233 0.020155 0.070889 0.065573 0.056377 0.092632 0.088659 0.035940 0.034888 0.063894 0.020863 0.009514 0.046982 
0.097273 0.028688 0.150310 0.066423 0.040417 0.085407 0.125389 0.065659 0.056075 0.063433 0.041324 0.053156 0.072762 0.007908 0.017005 0.028772 
0.047193 0.018290 0.171744 0.024909 0.009159 0.134601 0.080387 0.095746 0.057762 0.064726 0.061116 0.058120 0.075612 0.020428 0.019825 0.060380 
0.055568 0.012202 0.149883 0.125301 0.028046 0.080267 0.129509 0.072817 0.060410 0.049200 0.039335 0.036482 0.071976 0.007612 0.036013 0.045381 
0.091319 0.043001 0.107694 0.099300 0.037367 0.089755 0.119288 0.045300 0.043346 0.098212 0.031641 0.045679 0.094722 0.004520 0.007968 0.040889 
0.086746 0.026019 0.227105 0.137789 0.026957 0.070774 0.094636 0.044548 0.033448 0.044189 0.037041 0.035949 0.069169 0.009295 0.011350 0.044987 
0.040535 0.015392 0.079085 0.074203 0.008609 0.164430 0.129749 0.141088 0.032718 0.017364 0.151915 0.036580 0.027827 0.004565 0.020194 0.055746 
0.074384 0.028616 0.092253 0.066897 0.019488 0.106402 0.108320 0.113462 0.048445 0.049888 0.085021 0.043936 0.042816 0.013423 0.036853 0.069796 
0.085734 0.039725 0.161384 0.108713 0.038878 0.073211 0.076343 0.049002 0.051847 0.081469 0.031390 0.042817 0.086207 0.006703 0.025264 0.041313 
0.094298 0.044784 0.205866 0.140960 0.035518 0.061955 0.052442 0.050541 0.052196 0.054852 0.042611 0.034242 0.056604 0.006283 0.013178 0.053670 
0.070607 0.048067 0.157573 0.066710 0.031747 0.067066 0.085571 0.061037 0.070764 0.109795 0.040362 0.055764 0.079222 0.013335 0.016435 0.025944 
0.067305 0.035666 0.108019 0.127357 0.019206 0.081114 0.065735 0.062661 0.060690 0.096707 0.041495 0.073087 0.095643 0.012763 0.021580 0.030974 
endometrium
0.039372 0.076708 0.065083 0.018514 0.011072 0.029000 0.056453 0.085753 0.034261 0.008419 0.036986 0.020408 0.041174 0.208831 0.227250 0.040716 
0.016885 0.021225 0.073698 0.062282 0.011062 0.094386 0.100239 0.097084 0.034406 0.022665 0.096739 0.097286 0.082480 0.049011 0.056465 0.084088 
0.007624 0.020784 0.099890 0.085588 0.005974 0.072204 0.075560 0.068701 0.036618 0.019454 0.097670 0.078878 0.110524 0.049339 0.073139 0.098054 
0.018462 0.016954 0.071931 0.073697 0.003337 0.075345 0.079981 0.066987 0.021464 0.014359 0.100219 0.118665 0.116321 0.029967 0.073967 0.118344 
0.018050 0.023252 0.048010 0.094700 0.009010 0.084417 0.063433 0.067819 0.016432 0.021251 0.078140 0.131671 0.144020 0.038549 0.049416 0.111831 
0.045676 0.073998 0.033948 0.018782 0.013616 0.039880 0.078111 0.090036 0.033433 0.016686 0.054311 0.024330 0.038834 0.184840 0.198979 0.054538 
0.012684 0.017518 0.071830 0.072780 0.008295 0.098546 0.047063 0.064226 0.027668 0.025269 0.104877 0.155713 0.102339 0.037273 0.049175 0.104744 
0.013375 0.027139 0.032414 0.093820 0.005281 0.041189 0.038026 0.036830 0.017848 0.015397 0.087144 0.164591 0.171133 0.064224 0.032031 0.159558 
0.012485 0.020033 0.073800 0.068892 0.006820 0.099792 0.046280 0.073321 0.025489 0.018909 0.096806 0.155864 0.131429 0.028957 0.038976 0.102147 
0.017884 0.016261 0.046846 0.054377 0.011331 0.067611 0.064973 0.058158 0.022198 0.024194 0.100145 0.076509 0.125307 0.015778 0.159182 0.139246 
0.056341 0.012204 0.063119 0.064141 0.002926 0.123367 0.112160 0.193989 0.030316 0.010693 0.133667 0.047441 0.042886 0.012991 0.027715 0.066043 
0.042109 0.067431 0.037229 0.023225 0.012389 0.033801 0.066106 0.093540 0.029674 0.012851 0.058275 0.026689 0.040631 0.178091 0.220714 0.057244 
0.032202 0.024097 0.048548 0.047287 0.014703 0.075717 0.050770 0.055159 0.023978 0.039472 0.090789 0.073313 0.102479 0.037724 0.188273 0.095488 
0.035821 0.019937 0.064718 0.068750 0.015202 0.091751 0.099380 0.071765 0.028371 0.021249 0.084463 0.084816 0.111249 0.030795 0.094594 0.077139 
0.025821 0.021857 0.064031 0.076893 0.008074 0.083425 0.066180 0.076762 0.027567 0.020958 0.081384 0.135731 0.111474 0.039598 0.066795 0.093449 
0.018811 0.024072 0.064275 0.073593 0.010369 0.093003 0.073721 0.070107 0.021053 0.021462 0.106644 0.114055 0.109052 0.037035 0.064872 0.097877 
0.055387 0.017191 0.212568 0.054152 0.012710 0.104661 0.112518 0.031401 0.057283 0.106923 0.039292 0.051122 0.032941 0.023285 0.030574 0.057993 
0.021528 0.022854 0.074525 0.065222 0.007684 0.077556 0.075186 0.063855 0.023164 0.036069 0.079350 0.130883 0.122286 0.030261 0.074578 0.094997 
0.040104 0.053917 0.016875 0.032989 0.017684 0.033317 0.052727 0.052850 0.027559 0.023719 0.071947 0.080893 0.076423 0.135381 0.167739 0.115876 
0.009169 0.020335 0.082802 0.078203 0.008969 0.095677 0.065002 0.073612 0.017785 0.025265 0.094973 0.143552 0.145495 0.038424 0.031343 0.069394 
0.022853 0.026122 0.055362 0.058633 0.008628 0.089329 0.060987 0.064511 0.024358 0.030221 0.104153 0.145268 0.124678 0.032749 0.044909 0.107238 
0.020170 0.026032 0.045629 0.067108 0.009761 0.070005 0.068111 0.071047 0.031018 0.039321 0.075659 0.132847 0.150068 0.049500 0.036609 0.107116 
0.036983 0.062291 0.054514 0.016110 0.012224 0.037644 0.052745 0.073436 0.029160 0.012792 0.035889 0.018675 0.032098 0.164454 0.328497 0.032488 
0.034838 0.018522 0.070744 0.067073 0.009263 0.080719 0.082103 0.095302 0.034309 0.037127 0.080829 0.115348 0.098004 0.027917 0.066720 0.081182 
0.047134 0.018536 0.062108 0.058362 0.012299 0.088306 0.112401 0.113521 0.034319 0.029584 0.095752 0.089198 0.087731 0.023302 0.056021 0.071426 
0.030607 0.022637 0.069130 0.061838 0.017072 0.088096 0.090885 0.083581 0.028589 0.030007 0.076223 0.084234 0.134251 0.029627 0.069134 0.084089 
0.017229 0.018290 0.068926 0.069034 0.007466 0.089450 0.078423 0.051302 0.020840 0.019854 0.100684 0.141492 0.103732 0.038111 0.047194 0.127974 
0.028249 0.053995 0.049046 0.021449 0.008330 0.042351 0.058127 0.105737 0.024551 0.010303 0.051074 0.019474 0.029650 0.142250 0.323226 0.032187 
0.015300 0.015811 0.029378 0.054468 0.011992 0.040244 0.076654 0.042298 0.020524 0.019911 0.121917 0.096489 0.153791 0.016699 0.048221 0.236302 
0.038835 0.016866 0.076807 0.067618 0.011068 0.086865 0.072376 0.105457 0.031002 0.027095 0.109416 0.071322 0.096200 0.024738 0.062707 0.101628 
0.016394 0.031880 0.056049 0.079734 0.006589 0.070313 0.052333 0.036140 0.036089 0.032612 0.069814 0.164222 0.136775 0.060191 0.053377 0.097490 
0.039267 0.057210 0.041805 0.017607 0.011487 0.035047 0.050180 0.072146 0.027666 0.022517 0.046655 0.022284 0.035616 0.150593 0.328080 0.041841 
0.019949 0.021017 0.094725 0.070987 0.009639 0.092245 0.066747 0.064900 0.022730 0.016185 0.066084 0.120631 0.129002 0.035567 0.073188 0.096406 
0.020710 0.018747 0.060014 0.081910 0.009314 0.113526 0.059114 0.067529 0.028179 0.032062 0.112177 0.080227 0.110781 0.037251 0.073570 0.094889 
0.012531 0.017193 0.069009 0.071888 0.009330 0.108401 0.076077 0.056537 0.041248 0.028711 0.084732 0.137287 0.125232 0.024790 0.052191 0.084843 
0.017707 0.019446 0.055585 0.072752 0.009030 0.072979 0.074152 0.067347 0.025133 0.031240 0.103835 0.128707 0.111556 0.038107 0.053700 0.118725 
0.040649 0.045845 0.032507 0.038057 0.017441 0.047417 0.062151 0.075910 0.028752 0.028909 0.083966 0.079024 0.077940 0.092225 0.143273 0.105934 
0.050771 0.019844 0.054980 0.088825 0.009959 0.082617 0.128765 0.157667 0.026232 0.018125 0.124243 0.083679 0.050302 0.009231 0.010910 0.083849 
0.018801 0.022411 0.053668 0.086085 0.010206 0.092072 0.060001 0.069369 0.024579 0.018010 0.090609 0.117281 0.145734 0.035419 0.040749 0.115006 
0.028377 0.039093 0.046402 0.071536 0.004468 0.092984 0.050219 0.057322 0.032231 0.024903 0.096748 0.097706 0.127565 0.060727 0.048198 0.121523 
0.042019 0.080008 0.052681 0.021753 0.012158 0.025176 0.053296 0.086887 0.032921 0.009651 0.041480 0.023409 0.036695 0.207671 0.233395 0.040799 
0.010805 0.011561 0.161716 0.060312 0.005957 0.228420 0.035715 0.040894 0.046676 0.044264 0.079232 0.063201 0.052899 0.022548 0.060415 0.075383 
0.102001 0.024233 0.200675 0.014550 0.037608 0.025403 0.177115 0.012994 0.145587 0.124522 0.017004 0.025299 0.021234 0.053871 0.003736 0.014170 
0.017085 0.022258 0.055479 0.074961 0.013480 0.069187 0.038383 0.061083 0.025362 0.032276 0.094826 0.167108 0.133566 0.030814 0.062879 0.101253 
0.009383 0.024882 0.028457 0.090690 0.002527 0.042547 0.031122 0.051421 0.011537 0.020745 0.092650 0.185703 0.168294 0.057647 0.018953 0.163439 
0.027880 0.018004 0.063937 0.068793 0.007501 0.086013 0.086092 0.089943 0.036309 0.028379 0.093190 0.086893 0.131329 0.038862 0.047242 0.089633 
0.027017 0.020107 0.063027 0.075199 0.005221 0.119274 0.074481 0.136244 0.023240 0.017881 0.112547 0.090767 0.094323 0.028431 0.053841 0.058399 
0.038127 0.022186 0.065658 0.092625 0.009399 0.073904 0.064113 0.084102 0.030425 0.020610 0.099571 0.127772 0.125087 0.031150 0.033411 0.081858 
0.022039 0.026877 0.077407 0.070212 0.010687 0.098570 0.048714 0.061357 0.028426 0.026277 0.091767 0.145386 0.099485 0.044232 0.062249 0.086315 
0.019260 0.023294 0.077716 0.082668 0.003157 0.078958 0.073580 0.067343 0.024270 0.025048 0.086604 0.115536 0.134224 0.037285 0.046551 0.104504 
0.015919 0.026043 0.051202 0.069342 0.003526 0.116338 0.050716 0.078065 0.020001 0.038909 0.079967 0.154894 0.108010 0.038658 0.059427 0.088981 
0.062645 0.022675 0.102350 0.068268 0.017949 0.078524 0.086169 0.060984 0.060809 0.051615 0.067927 0.083641 0.102047 0.031160 0.036270 0.066965 
0.022647 0.015576 0.062091 0.065275 0.010560 0.096589 0.081065 0.075662 0.028878 0.022618 0.129775 0.090927 0.093511 0.028419 0.076047 0.100361 
0.034229 0.052087 0.070291 0.027435 0.009878 0.031164 0.038902 0.070681 0.027927 0.014315 0.031507 0.015612 0.050074 0.135931 0.348783 0.041183 
0.028729 0.014726 0.067500 0.068556 0.017790 0.093315 0.095171 0.065051 0.038762 0.046899 0.117351 0.099653 0.070017 0.013555 0.058051 0.104873 
0.015816 0.015571 0.079587 0.068370 0.005582 0.083850 0.075546 0.053961 0.021738 0.025394 0.086289 0.146159 0.118980 0.035495 0.062620 0.105043 
0.023755 0.027732 0.054359 0.061803 0.006075 0.072514 0.067209 0.076110 0.022322 0.016588 0.108218 0.137150 0.105517 0.034344 0.048618 0.137686 
0.019182 0.045388 0.028880 0.060907 0.003097 0.036868 0.031799 0.034704 0.021960 0.023247 0.096502 0.126259 0.118858 0.109823 0.058656 0.183870 
0.038388 0.055022 0.055510 0.019513 0.010586 0.032952 0.047761 0.081471 0.029307 0.017630 0.044835 0.017862 0.032850 0.141735 0.335054 0.039526 
0.022755 0.015114 0.066293 0.056966 0.006268 0.140051 0.118661 0.208311 0.017576 0.028395 0.144999 0.027544 0.018908 0.007936 0.069593 0.050630 
0.009031 0.018571 0.058591 0.092082 0.004848 0.067036 0.061566 0.056393 0.019680 0.019393 0.091106 0.171997 0.137225 0.041608 0.035474 0.115399 
0.023705 0.032934 0.046416 0.081128 0.010021 0.085385 0.078758 0.064327 0.032061 0.026308 0.082838 0.115736 0.122141 0.044449 0.057397 0.096397 
0.044912 0.069769 0.040223 0.024773 0.012858 0.033596 0.038689 0.059240 0.030342 0.020825 0.045158 0.034220 0.046653 0.183347 0.271108 0.044285 
0.014286 0.026975 0.082402 0.073034 0.004652 0.081152 0.062609 0.066764 0.022546 0.025569 0.078916 0.146732 0.129804 0.038007 0.047187 0.099363 
0.016685 0.024954 0.059977 0.075769 0.004642 0.074430 0.052699 0.083697 0.020613 0.032076 0.096632 0.145867 0.117827 0.033705 0.056217 0.104212 
0.019626 0.024196 0.066988 0.079895 0.005499 0.077758 0.048072 0.080221 0.018681 0.028781 0.103953 0.129175 0.124299 0.031786 0.048425 0.112645 
0.033800 0.032501 0.043466 0.043530 0.017102 0.048546 0.053483 0.065037 0.025619 0.027561 0.085025 0.060141 0.104685 0.071079 0.165638 0.122785 
0.042548 0.024954 0.041122 0.058696 0.008307 0.065010 0.093972 0.102908 0.029917 0.021361 0.090387 0.114074 0.113581 0.040548 0.026057 0.126557 
0.026215 0.011266 0.079755 0.066030 0.009650 0.078148 0.105297 0.103317 0.032339 0.016958 0.100238 0.103988 0.121231 0.017609 0.059842 0.068118 
0.022679 0.024190 0.077604 0.076210 0.007087 0.075842 0.080276 0.071980 0.021595 0.018443 0.091815 0.120005 0.131578 0.026821 0.056256 0.097619 
0.006755 0.027720 0.028534 0.094392 0.004219 0.042223 0.028494 0.029574 0.015011 0.024825 0.078643 0.194069 0.172463 0.063264 0.038872 0.150943 
0.017493 0.029926 0.044889 0.087640 0.006274 0.079951 0.076474 0.060424 0.016976 0.020735 0.096390 0.115006 0.157609 0.036911 0.039450 0.113853 
0.076582 0.034399 0.119494 0.037438 0.047647 0.061868 0.085059 0.010917 0.141373 0.117587 0.029044 0.033233 0.072829 0.073490 0.025680 0.033360 
0.033813 0.077082 0.049371 0.019078 0.013142 0.022357 0.040888 0.083100 0.034193 0.014860 0.034218 0.028163 0.037870 0.209112 0.272819 0.029934 
0.052789 0.084770 0.036758 0.024683 0.015438 0.029807 0.064129 0.085861 0.040034 0.010139 0.049644 0.027824 0.035928 0.225502 0.165202 0.051492 
0.017639 0.027801 0.057860 0.083696 0.004409 0.079336 0.048619 0.054982 0.021376 0.017686 0.085351 0.158733 0.141432 0.039653 0.045413 0.116014 
0.018578 0.021116 0.069413 0.086870 0.009622 0.081745 0.083025 0.053960 0.026415 0.023130 0.074861 0.143749 0.123308 0.035956 0.057730 0.090522 
0.013411 0.012598 0.091159 0.069649 0.004529 0.084895 0.076052 0.068211 0.021464 0.014407 0.110812 0.112193 0.104551 0.027733 0.053046 0.135291 
0.031752 0.021680 0.043972 0.066922 0.005647 0.082595 0.054890 0.110316 0.020360 0.024690 0.101756 0.113301 0.112253 0.030265 0.058921 0.120680 
0.013412 0.020324 0.066772 0.088254 0.013178 0.091902 0.050225 0.072474 0.026156 0.016799 0.075541 0.145583 0.121319 0.046135 0.032934 0.118990 
0.007033 0.019861 0.075515 0.057073 0.007914 0.085318 0.066407 0.065330 0.022477 0.047403 0.086722 0.125884 0.108326 0.035087 0.088967 0.100684 
0.030376 0.041545 0.091350 0.078945 0.030544 0.104163 0.077562 0.071458 0.050610 0.042502 0.044912 0.130423 0.115965 0.021836 0.031820 0.035989 
0.019307 0.027132 0.070230 0.079263 0.009087 0.096493 0.068635 0.065415 0.029765 0.027499 0.086730 0.123003 0.117324 0.042284 0.051348 0.086483 
0.014348 0.017725 0.058322 0.077320 0.005386 0.063134 0.054594 0.040764 0.025883 0.040504 0.119833 0.106365 0.134311 0.031958 0.057682 0.151872 
0.034810 0.066621 0.038291 0.023685 0.011851 0.041052 0.046572 0.074924 0.026272 0.019058 0.051885 0.028047 0.036453 0.176833 0.284994 0.038650 
0.029553 0.022074 0.042365 0.084820 0.004406 0.089894 0.069140 0.053892 0.026473 0.035893 0.085857 0.182071 0.081889 0.045884 0.032972 0.112817 
0.017619 0.022499 0.067204 0.083143 0.008896 0.102331 0.064843 0.074169 0.026909 0.034189 0.066628 0.120658 0.121072 0.048544 0.059776 0.081518 
0.059716 0.015925 0.050191 0.060854 0.011774 0.115442 0.106307 0.120963 0.034425 0.022583 0.102779 0.071025 0.072560 0.017504 0.041852 0.096100 
0.087165 0.020319 0.314861 0.037368 0.024551 0.058962 0.150538 0.022000 0.067030 0.065835 0.029784 0.032754 0.026171 0.029627 0.016533 0.016505 
large_intestine
0.021033 0.023344 0.048202 0.078170 0.011848 0.060633 0.099629 0.088685 0.023269 0.014663 0.108755 0.119049 0.079629 0.026094 0.070767 0.126228 
0.021591 0.020785 0.038322 0.072602 0.011506 0.068213 0.085798 0.096778 0.022843 0.011508 0.113509 0.113196 0.071175 0.024801 0.073340 0.154033 
0.029002 0.036407 0.101723 0.085394 0.013305 0.115057 0.080693 0.097682 0.032316 0.036153 0.125465 0.064343 0.078137 0.023347 0.019792 0.061184 
0.022761 0.028115 0.100001 0.074714 0.014144 0.113098 0.070872 0.115904 0.033652 0.036633 0.108191 0.097652 0.069085 0.031026 0.015787 0.068364 
0.027671 0.028370 0.091088 0.049536 0.016591 0.125245 0.071088 0.115026 0.026061 0.032317 0.124218 0.089779 0.065376 0.041968 0.014112 0.081554 
0.033621 0.022077 0.030531 0.066205 0.003947 0.052508 0.086701 0.093903 0.024710 0.018847 0.107031 0.128306 0.091823 0.038652 0.059631 0.141505 
0.033690 0.068166 0.051126 0.013530 0.010883 0.024293 0.039528 0.078524 0.033842 0.017385 0.033871 0.013795 0.027460 0.186146 0.322015 0.045748 
0.011237 0.017400 0.037118 0.082469 0.007110 0.051949 0.066772 0.048840 0.019382 0.018983 0.103113 0.127274 0.118764 0.043476 0.068640 0.177475 
0.019044 0.028668 0.044520 0.069544 0.007907 0.060616 0.067052 0.056894 0.025398 0.020420 0.099108 0.136849 0.107863 0.047938 0.075014 0.133165 
0.010533 0.024286 0.027706 0.097073 0.004378 0.027392 0.039404 0.033551 0.017990 0.015884 0.093862 0.179946 0.151258 0.062541 0.037701 0.176496 
0.010713 0.027266 0.025822 0.103269 0.003338 0.031113 0.045382 0.040512 0.019275 0.016420 0.074205 0.181356 0.148566 0.071824 0.054198 0.146739 
0.019306 0.017889 0.055441 0.075616 0.008952 0.048993 0.087129 0.055861 0.024744 0.021368 0.109706 0.096736 0.107688 0.028728 0.033171 0.208673 
0.015525 0.016331 0.048938 0.063200 0.007001 0.070705 0.090812 0.078475 0.018546 0.016517 0.101503 0.104490 0.099036 0.025842 0.063005 0.180072 
0.019085 0.021953 0.037847 0.081742 0.005084 0.037563 0.063932 0.050330 0.020129 0.018371 0.080622 0.161150 0.147120 0.046351 0.054686 0.154035 
0.027193 0.018422 0.050542 0.051823 0.007746 0.066343 0.096623 0.089906 0.021824 0.011385 0.137380 0.065974 0.082685 0.020302 0.045895 0.205960 
0.016371 0.024237 0.043506 0.094028 0.003494 0.053358 0.077579 0.066086 0.013559 0.011683 0.087895 0.145525 0.117055 0.044343 0.054235 0.147047 
0.048161 0.020629 0.066897 0.060982 0.013716 0.077247 0.112599 0.099710 0.038546 0.023404 0.089782 0.078903 0.078462 0.019726 0.059757 0.111477 
0.022789 0.025546 0.049405 0.087834 0.006177 0.071872 0.074972 0.070415 0.023887 0.023927 0.086760 0.120929 0.110379 0.041547 0.053653 0.129907 
0.014112 0.024887 0.034081 0.089330 0.003761 0.049368 0.042427 0.058968 0.014201 0.015905 0.091047 0.158840 0.126561 0.042366 0.058525 0.175619 
0.016456 0.025684 0.054654 0.081184 0.005607 0.079777 0.074576 0.096945 0.014984 0.015302 0.087090 0.094126 0.078015 0.019620 0.154078 0.101901 
0.014436 0.016075 0.048507 0.073560 0.006845 0.052531 0.069453 0.078699 0.018979 0.027562 0.122701 0.098458 0.104033 0.034445 0.064671 0.169045 
0.028683 0.045244 0.045511 0.017456 0.012173 0.035398 0.079599 0.166592 0.033558 0.011393 0.053600 0.009451 0.025586 0.114529 0.279079 0.042150 
0.034219 0.024233 0.102068 0.074108 0.012246 0.142151 0.049441 0.097285 0.023375 0.019202 0.120294 0.102219 0.089247 0.012435 0.018922 0.078556 
