-1903268.329846
0
0.000031 0.000031 0.000031 0.000031 0.000031 0.000031 0.000031 0.000031 0.000047 0.000036 0.000103 0.000036 0.000031 0.000031 0.000031 0.000031 0.000031 0.000031 0.000037 0.000031 0.000031 0.000031 0.000031 0.000031 0.000035 0.000038 0.000031 0.000055 0.000031 0.000031 0.000031 0.000031 0.000031 0.000031 0.000065 0.000031 0.000031 0.000031 0.000031 0.000031 0.000031 0.000031 0.000038 0.000031 0.000031 0.000031 0.000031 0.000031 0.000031 0.000031 0.000031 0.000031 0.000031 0.000031 0.000031 0.000031 0.000069 0.000061 0.000082 0.996773 0.000031 0.000031 0.000031 0.000031 0.000031 0.000031 0.000031 0.000031 0.000031 0.000031 0.000031 0.000031 0.000031 0.000031 0.000031 0.000031 0.000031 0.000031 0.000031 0.000031 0.000031 0.000031 0.000040 0.000031 0.000031 0.000031 0.000031 0.000031 0.000031 0.000031 0.000031 0.000031 0.000031 0.000031 0.000031 0.000031 
0.000000 0.000000 0.000000 0.000000 0.000000 0.000000 0.000000 0.000000 0.000000 0.000000 0.000001 0.000000 0.000000 0.000000 0.000000 0.000000 0.000000 0.000000 0.000000 0.000000 0.000000 0.000000 0.000000 0.000000 0.000000 0.000000 0.000000 0.000000 0.000000 0.000000 0.000000 0.000000 0.000000 0.000000 0.000000 0.000000 0.000000 0.000000 0.000000 0.000000 0.000000 0.000000 0.000000 0.000000 0.000000 0.000000 0.000000 0.000000 0.000000 0.000000 0.000000 0.000000 0.000000 0.000000 0.000000 0.000000 0.000023 0.000000 0.999961 0.000000 0.000000 0.000000 0.000000 0.000000 0.000000 0.000000 0.000000 0.000000 0.000000 0.000000 0.000000 0.000000 0.000000 0.000000 0.000000 0.000000 0.000000 0.000000 0.000000 0.000000 0.000000 0.000000 0.000000 0.000000 0.000000 0.000000 0.000000 0.000000 0.000000 0.000000 0.000000 0.000000 0.000000 0.000000 0.000000 0.000000 
0.000268 0.000268 0.000268 0.000268 0.000268 0.000268 0.000268 0.000268 0.971753 0.000314 0.000894 0.000312 0.000268 0.000268 0.000268 0.000268 0.000268 0.000268 0.000326 0.000268 0.000268 0.000268 0.000268 0.000268 0.000307 0.000329 0.000268 0.000480 0.000268 0.000268 0.000268 0.000268 0.000268 0.000268 0.000570 0.000268 0.000268 0.000268 0.000268 0.000268 0.000268 0.000268 0.000333 0.000268 0.000268 0.000268 0.000268 0.000268 0.000268 0.000268 0.000268 0.000268 0.000268 0.000268 0.000268 0.000268 0.000602 0.000533 0.000716 0.000470 0.000268 0.000268 0.000268 0.000268 0.000268 0.000268 0.000268 0.000268 0.000268 0.000268 0.000268 0.000268 0.000268 0.000268 0.000268 0.000268 0.000268 0.000268 0.000268 0.000268 0.000268 0.000268 0.000345 0.000268 0.000268 0.000268 0.000268 0.000268 0.000268 0.000268 0.000268 0.000268 0.000268 0.000268 0.000268 0.000268 
0.000001 0.000001 0.000001 0.000001 0.000001 0.000001 0.000001 0.000001 0.000002 0.000001 0.999823 0.000001 0.000001 0.000001 0.000001 0.000001 0.000001 0.000001 0.000001 0.000001 0.000001 0.000001 0.000001 0.000001 0.000001 0.000001 0.000001 0.000002 0.000001 0.000001 0.000001 0.000001 0.000001 0.000001 0.000003 0.000001 0.000001 0.000001 0.000001 0.000001 0.000001 0.000001 0.000002 0.000001 0.000001 0.000001 0.000001 0.000001 0.000001 0.000001 0.000001 0.000001 0.000001 0.000001 0.000001 0.000001 0.000003 0.000002 0.000053 0.000002 0.000001 0.000001 0.000001 0.000001 0.000001 0.000001 0.000001 0.000001 0.000001 0.000001 0.000001 0.000001 0.000001 0.000001 0.000001 0.000001 0.000001 0.000001 0.000001 0.000001 0.000001 0.000001 0.000002 0.000001 0.000001 0.000001 0.000001 0.000001 0.000001 0.000001 0.000001 0.000001 0.000001 0.000001 0.000001 0.000001 
0.000001 0.000001 0.000001 0.000001 0.000001 0.000001 0.000001 0.000001 0.000002 0.000001 0.874065 0.000001 0.000001 0.000001 0.000001 0.000001 0.000001 0.000001 0.000001 0.000001 0.000001 0.000001 0.000001 0.000001 0.000001 0.000001 0.000001 0.008781 0.000001 0.000001 0.000001 0.000001 0.000001 0.000001 0.000002 0.000001 0.000001 0.000001 0.000001 0.000001 0.000001 0.000001 0.000001 0.000001 0.000001 0.000001 0.000001 0.000001 0.000001 0.000001 0.000001 0.000001 0.000001 0.000001 0.000001 0.000001 0.000002 0.117055 0.000003 0.000002 0.000001 0.000001 0.000001 0.000001 0.000001 0.000001 0.000001 0.000001 0.000001 0.000001 0.000001 0.000001 0.000001 0.000001 0.000001 0.000001 0.000001 0.000001 0.000001 0.000001 0.000001 0.000001 0.000001 0.000001 0.000001 0.000001 0.000001 0.000001 0.000001 0.000001 0.000001 0.000001 0.000001 0.000001 0.000001 0.000001 
0.000001 0.000001 0.000001 0.000001 0.000001 0.000001 0.000001 0.000001 0.000001 0.000001 0.000003 0.000001 0.000001 0.000001 0.000001 0.000001 0.000001 0.000001 0.000001 0.000001 0.000001 0.000001 0.000001 0.000001 0.000001 0.000001 0.000001 0.000001 0.000001 0.000001 0.000001 0.000001 0.000001 0.000001 0.960696 0.000001 0.000001 0.000001 0.000001 0.000001 0.000001 0.000001 0.000001 0.000001 0.000001 0.000001 0.000001 0.000001 0.000001 0.000001 0.000001 0.000001 0.000001 0.000001 0.000001 0.000001 0.039223 0.000002 0.000002 0.000001 0.000001 0.000001 0.000001 0.000001 0.000001 0.000001 0.000001 0.000001 0.000001 0.000001 0.000001 0.000001 0.000001 0.000001 0.000001 0.000001 0.000001 0.000001 0.000001 0.000001 0.000001 0.000001 0.000001 0.000001 0.000001 0.000001 0.000001 0.000001 0.000001 0.000001 0.000001 0.000001 0.000001 0.000001 0.000001 0.000001 
0.000000 0.000000 0.000000 0.000000 0.000000 0.000000 0.000000 0.000000 0.000042 0.000013 0.067281 0.000009 0.000000 0.000000 0.000000 0.000000 0.000000 0.000000 0.000085 0.000000 0.000000 0.000000 0.000000 0.000000 0.000005 0.000139 0.000000 0.037965 0.000000 0.000000 0.000000 0.000000 0.000000 0.000000 0.130114 0.000000 0.000000 0.000000 0.000000 0.000000 0.000000 0.000000 0.000257 0.000000 0.000000 0.000000 0.000000 0.000000 0.000000 0.000000 0.000000 0.000000 0.000000 0.000000 0.000000 0.000000 0.062626 0.152199 0.543049 0.004446 0.000000 0.000000 0.000000 0.000000 0.000000 0.000000 0.000000 0.000000 0.000000 0.000000 0.000000 0.000000 0.000000 0.000000 0.000000 0.000000 0.000000 0.000000 0.000000 0.000000 0.000000 0.000000 0.001750 0.000000 0.000000 0.000000 0.000000 0.000000 0.000000 0.000000 0.000000 0.000000 0.000000 0.000000 0.000000 0.000000 
0.141903 0.148696 0.125119 0.142404 0.146847 0.146929 0.148102 
0.142223 0.148428 0.123182 0.145654 0.146281 0.146378 0.147855 
0.144434 0.148732 0.127650 0.146651 0.147177 0.137039 0.148316 
0.146342 0.150300 0.130947 0.124697 0.148884 0.148913 0.149918 
breast
0.002668 0.477410 0.000007 0.064680 0.074383 0.091515 0.289337 
0.001691 0.442376 0.000476 0.071739 0.085807 0.095355 0.302555 
0.002604 0.476731 0.000475 0.048108 0.066777 0.091702 0.313604 
0.004637 0.474419 0.000007 0.060947 0.070580 0.098465 0.290945 
0.003153 0.466544 0.000007 0.065986 0.079582 0.092234 0.292494 
0.000792 0.448987 0.000007 0.065213 0.082813 0.099165 0.303024 
0.004648 0.478654 0.000477 0.058634 0.071594 0.099096 0.286896 
0.002151 0.461519 0.000007 0.065775 0.080567 0.085095 0.304886 
0.003134 0.459700 0.000007 0.056334 0.075377 0.105165 0.300283 
0.001214 0.461591 0.000007 0.060173 0.079770 0.089405 0.307841 
0.003144 0.450530 0.000476 0.062749 0.081049 0.103283 0.298770 
0.002625 0.451975 0.000007 0.058565 0.078187 0.098121 0.310519 
0.001240 0.486707 0.000007 0.060044 0.074036 0.088765 0.289202 
0.003570 0.458221 0.000475 0.057009 0.077830 0.082141 0.320755 
0.002167 0.452379 0.000476 0.065360 0.079508 0.100197 0.299912 
0.001693 0.469799 0.000007 0.061277 0.078314 0.092415 0.296495 
0.003636 0.478630 0.000476 0.059295 0.072778 0.091425 0.293760 
0.001183 0.467487 0.000007 0.050313 0.073066 0.085116 0.322829 
0.002671 0.464051 0.000477 0.063787 0.077909 0.100903 0.290201 
0.001237 0.482785 0.000477 0.061216 0.074704 0.088285 0.291296 
0.002653 0.468075 0.000007 0.061371 0.076517 0.095312 0.296064 
0.003126 0.457695 0.000476 0.058401 0.076505 0.099895 0.303902 
0.002206 0.484634 0.000478 0.064543 0.073055 0.096962 0.278122 
0.001243 0.459916 0.000477 0.059468 0.073593 0.113263 0.292040 
0.002157 0.464249 0.000007 0.056768 0.071834 0.102957 0.302028 
0.001723 0.457049 0.000477 0.066625 0.079822 0.108596 0.285707 
0.001232 0.467397 0.000476 0.062493 0.076626 0.094921 0.296854 
0.002207 0.463913 0.000007 0.072772 0.082064 0.097253 0.281784 
0.000811 0.487837 0.000007 0.065294 0.075155 0.087808 0.283087 
0.001644 0.463659 0.000007 0.052933 0.071738 0.090527 0.319492 
0.001686 0.452855 0.000476 0.059539 0.078313 0.104452 0.302680 
0.000799 0.459672 0.000477 0.063367 0.078206 0.101504 0.295976 
0.001207 0.459871 0.000007 0.055278 0.072489 0.100190 0.310959 
0.000417 0.480105 0.000007 0.066165 0.075642 0.093015 0.284649 
0.003143 0.460261 0.000007 0.066051 0.082334 0.090667 0.297538 
0.002144 0.451629 0.000476 0.063569 0.082403 0.089741 0.310038 
0.004132 0.477808 0.000477 0.059394 0.074271 0.089996 0.293922 
0.004619 0.479183 0.000476 0.056009 0.071246 0.092055 0.296412 
0.002158 0.475371 0.000007 0.055671 0.068515 0.099159 0.299119 
0.003163 0.455888 0.000477 0.066786 0.079846 0.103081 0.290759 
0.001728 0.482712 0.000478 0.066958 0.075391 0.094385 0.278348 
0.002640 0.453950 0.000007 0.063992 0.078744 0.096878 0.303789 
0.002656 0.482333 0.000007 0.054022 0.065976 0.103111 0.291895 
0.005117 0.464110 0.000007 0.061106 0.074489 0.096942 0.298230 
0.001221 0.462352 0.000007 0.060337 0.078101 0.094141 0.303842 
0.003154 0.467162 0.000477 0.062426 0.077206 0.097675 0.291900 
0.003160 0.470820 0.000007 0.055547 0.069712 0.112092 0.288663 
0.004139 0.462930 0.000007 0.062738 0.076503 0.100246 0.293438 
0.001692 0.472102 0.000007 0.069780 0.085097 0.073991 0.297332 
0.002630 0.464504 0.000007 0.062760 0.077758 0.086185 0.306156 
0.001693 0.456906 0.000007 0.067210 0.081438 0.093657 0.299089 
0.006089 0.473250 0.000007 0.058715 0.073917 0.083111 0.304911 
0.003118 0.466548 0.000007 0.056311 0.073308 0.095210 0.305498 
0.003131 0.483481 0.000007 0.056599 0.068278 0.091288 0.297217 
0.001702 0.464360 0.000007 0.062127 0.074439 0.104774 0.292591 
0.002633 0.486115 0.000007 0.056548 0.074560 0.078797 0.301342 
0.000414 0.473498 0.000007 0.064633 0.074424 0.098054 0.288971 
0.001679 0.454324 0.000007 0.058237 0.075074 0.105400 0.305279 
0.002173 0.457630 0.000007 0.062595 0.076523 0.104724 0.296348 
0.003633 0.470404 0.000476 0.058660 0.071609 0.098929 0.296289 
0.001237 0.470222 0.000007 0.058799 0.075588 0.100283 0.293865 
0.000812 0.473971 0.000007 0.062459 0.073592 0.104454 0.284705 
0.000781 0.490090 0.000007 0.053918 0.067722 0.086182 0.301300 
0.001238 0.468447 0.001487 0.058589 0.073611 0.103092 0.293536 
0.003123 0.472521 0.000984 0.060551 0.078483 0.080988 0.303350 
0.002624 0.465170 0.000476 0.053733 0.074425 0.095327 0.308245 
0.000794 0.460987 0.000007 0.065716 0.081190 0.091956 0.299350 
0.001247 0.462037 0.000477 0.060625 0.074667 0.110941 0.290006 
0.004078 0.458131 0.000475 0.056976 0.075154 0.089762 0.315424 
0.002171 0.479623 0.000985 0.059214 0.070550 0.094142 0.293316 
0.002638 0.470450 0.000007 0.060378 0.072391 0.092845 0.301292 
0.003174 0.473604 0.000007 0.068879 0.080853 0.089314 0.284169 
0.002193 0.475888 0.000477 0.071733 0.078917 0.085455 0.285337 
0.000417 0.460428 0.000007 0.069245 0.077316 0.103436 0.289151 
0.006111 0.473657 0.000476 0.058512 0.072528 0.090690 0.298026 
0.001221 0.471522 0.000007 0.060018 0.070738 0.095841 0.300653 
0.002148 0.483331 0.000007 0.054374 0.072524 0.085148 0.302469 
0.001232 0.466440 0.000985 0.061711 0.079061 0.093666 0.296905 
0.001678 0.467528 0.000007 0.054427 0.071601 0.101810 0.302951 
0.003144 0.473213 0.000476 0.059277 0.076074 0.092898 0.294919 
0.002157 0.456350 0.000007 0.058071 0.073133 0.107173 0.303110 
0.002693 0.466325 0.000007 0.070323 0.083826 0.094863 0.281964 
0.001678 0.467573 0.000007 0.059332 0.072015 0.096222 0.303173 
0.002631 0.459138 0.000007 0.056527 0.075277 0.100108 0.306313 
0.001687 0.448605 0.000476 0.064908 0.084324 0.096728 0.303273 
0.002662 0.460294 0.000477 0.066756 0.075503 0.100273 0.294034 
0.003630 0.456190 0.000476 0.058657 0.073803 0.108148 0.299096 
0.001703 0.458550 0.000477 0.073934 0.086680 0.084359 0.294297 
0.001234 0.459242 0.000476 0.063549 0.078531 0.099433 0.297534 
0.002670 0.467804 0.000477 0.068306 0.080723 0.089479 0.290541 
0.001237 0.475719 0.000985 0.057046 0.071958 0.100106 0.292950 
0.001688 0.469092 0.000476 0.063017 0.080314 0.085614 0.299799 
0.002184 0.463201 0.000477 0.065800 0.077662 0.099688 0.290988 
0.000117 0.460593 0.000476 0.067151 0.086507 0.085481 0.299675 
0.002653 0.477489 0.000007 0.057142 0.070706 0.097910 0.294093 
0.004655 0.481896 0.000007 0.060274 0.070845 0.098646 0.283677 
0.001677 0.474799 0.000007 0.058901 0.073718 0.088019 0.302879 
0.004132 0.456659 0.000476 0.054781 0.072470 0.114686 0.296797 
0.002635 0.453342 0.000984 0.059840 0.076602 0.101035 0.305561 
0.000788 0.460512 0.000007 0.064245 0.079734 0.091222 0.303494 
prostate
0.004586 0.450309 0.000006 0.059118 0.080059 0.093342 0.312580 
0.004139 0.476710 0.000006 0.065646 0.071451 0.091337 0.290710 
0.003120 0.465744 0.000476 0.056318 0.074137 0.095238 0.304967 
0.000406 0.477866 0.000006 0.063681 0.077342 0.084499 0.296200 
0.000403 0.473283 0.000006 0.060389 0.078208 0.087162 0.300550 
0.000783 0.446049 0.000476 0.063107 0.084291 0.095595 0.309699 
0.003142 0.491709 0.000476 0.053534 0.067660 0.091111 0.292369 
0.004567 0.462875 0.000006 0.054299 0.074939 0.086674 0.316639 
0.001232 0.464903 0.000476 0.061351 0.074131 0.100770 0.297137 
0.003659 0.469130 0.000477 0.060144 0.070964 0.108993 0.286632 
0.002202 0.468180 0.000477 0.070445 0.079359 0.096349 0.282988 
0.003637 0.462058 0.000476 0.059349 0.074317 0.104225 0.295937 
0.001249 0.469866 0.000006 0.063451 0.073856 0.104018 0.287554 
0.002661 0.478517 0.000006 0.059400 0.073623 0.094467 0.291326 
0.001673 0.473666 0.000984 0.057297 0.071161 0.090689 0.304529 
0.002626 0.469419 0.001486 0.056747 0.072235 0.090985 0.306502 
0.004103 0.460613 0.000984 0.054576 0.071996 0.101502 0.306226 
0.002624 0.453313 0.000475 0.059967 0.077596 0.095952 0.310072 
0.001683 0.470701 0.000476 0.065338 0.081733 0.078203 0.301866 
0.003106 0.460088 0.000475 0.057535 0.073533 0.094691 0.310571 
0.004092 0.464171 0.000006 0.054609 0.074865 0.092377 0.309879 
0.002686 0.464427 0.000006 0.063091 0.074904 0.111080 0.283806 
0.005147 0.462122 0.000985 0.067205 0.079092 0.096340 0.289109 
0.000797 0.478703 0.000476 0.063012 0.074094 0.089481 0.293437 
0.002158 0.471390 0.000006 0.061384 0.074506 0.090247 0.300308 
0.001696 0.466819 0.000476 0.058618 0.073351 0.103656 0.295384 
0.004133 0.476968 0.000476 0.059546 0.074820 0.090401 0.293655 
0.001223 0.467386 0.000006 0.064261 0.074234 0.092091 0.300799 
0.004644 0.477185 0.000006 0.062364 0.075095 0.092173 0.288533 
0.000413 0.472289 0.000006 0.063721 0.073838 0.099765 0.289966 
0.004644 0.464470 0.000006 0.064192 0.077854 0.098295 0.290538 
0.000117 0.462775 0.000006 0.066602 0.080251 0.092407 0.297842 
0.003129 0.474316 0.000006 0.055852 0.071359 0.095293 0.300045 
0.003105 0.462407 0.000475 0.054294 0.072149 0.097105 0.310464 
0.002185 0.491033 0.000006 0.057078 0.069008 0.095103 0.285587 
0.000786 0.462706 0.000006 0.063876 0.082101 0.086388 0.304137 
0.001687 0.449152 0.000476 0.063905 0.079073 0.103002 0.302706 
0.002636 0.489443 0.000476 0.052230 0.066590 0.089329 0.299297 
0.003154 0.481914 0.000006 0.063618 0.075619 0.085731 0.289957 
0.000787 0.474790 0.000006 0.054398 0.071861 0.096645 0.301512 
0.003175 0.483567 0.000006 0.064504 0.077731 0.088832 0.282185 
0.002150 0.481566 0.000006 0.057797 0.071909 0.084557 0.302014 
0.001712 0.461389 0.001487 0.065861 0.080160 0.099705 0.289686 
0.003623 0.465722 0.000476 0.059702 0.074770 0.094998 0.300709 
0.005115 0.460465 0.000006 0.062307 0.081768 0.090349 0.299989 
0.003080 0.450804 0.000983 0.053345 0.074941 0.094683 0.322164 
0.000011 0.442424 0.000006 0.066005 0.086955 0.091003 0.313596 
0.002178 0.467732 0.000477 0.067834 0.079732 0.088965 0.293082 
0.001232 0.473338 0.000006 0.059249 0.072757 0.098226 0.295191 
0.004129 0.475932 0.000006 0.057697 0.076073 0.090876 0.295288 
0.002675 0.452627 0.000985 0.066859 0.081347 0.104822 0.290686 
0.003657 0.459551 0.000477 0.061902 0.076174 0.109032 0.289206 
0.005125 0.462103 0.000476 0.064162 0.078198 0.093840 0.296095 
0.002144 0.467462 0.000984 0.057285 0.073507 0.092215 0.306402 
0.001245 0.475677 0.000006 0.062953 0.074681 0.097209 0.288229 
0.000783 0.480973 0.000476 0.050997 0.068182 0.096439 0.302151 
0.003122 0.469935 0.000984 0.052477 0.069204 0.101104 0.303174 
0.004673 0.462857 0.000985 0.064979 0.076273 0.109639 0.280594 
0.001205 0.459135 0.000475 0.058503 0.077123 0.091367 0.312191 
0.001678 0.452116 0.000006 0.061113 0.078771 0.099963 0.306352 
0.000792 0.461421 0.000476 0.059702 0.073208 0.103883 0.300518 
0.003649 0.469856 0.000006 0.057714 0.073252 0.104687 0.290836 
0.004160 0.483165 0.000477 0.062678 0.071646 0.095371 0.282503 
0.004109 0.478486 0.000006 0.057302 0.073009 0.085647 0.301440 
0.002693 0.476758 0.000006 0.074059 0.081132 0.085176 0.280177 
0.001259 0.462163 0.000006 0.073795 0.083002 0.095355 0.284419 
0.000827 0.498864 0.000478 0.065579 0.067651 0.096256 0.270345 
0.001699 0.467241 0.000006 0.065662 0.081712 0.088844 0.294837 
0.002646 0.471052 0.000006 0.064757 0.076632 0.086349 0.298558 
0.004150 0.473040 0.000477 0.059235 0.073534 0.101374 0.288189 
0.001667 0.476229 0.000006 0.051081 0.065987 0.098843 0.306185 
0.002642 0.442384 0.000006 0.062616 0.081685 0.105593 0.305073 
0.002638 0.464112 0.000476 0.059633 0.076380 0.094087 0.302674 
0.002151 0.444152 0.000006 0.062418 0.082587 0.100541 0.308146 
0.002163 0.484494 0.000006 0.062560 0.074775 0.079767 0.296234 
0.001658 0.466365 0.000984 0.052423 0.070992 0.094532 0.313046 
0.001241 0.478981 0.000477 0.061445 0.068835 0.099621 0.289401 
0.002661 0.468123 0.000477 0.064818 0.077859 0.092400 0.293663 
0.005618 0.468915 0.000006 0.056409 0.068105 0.105108 0.295838 
0.003167 0.477174 0.000006 0.062047 0.076832 0.094982 0.285792 
0.001219 0.473425 0.000476 0.062130 0.080883 0.078835 0.303033 
0.004179 0.477449 0.001487 0.066175 0.073162 0.100164 0.277384 
0.003133 0.472311 0.000006 0.066495 0.077880 0.080889 0.299285 
0.001242 0.472752 0.000985 0.060700 0.069509 0.105432 0.289379 
0.005058 0.451551 0.000006 0.057156 0.081124 0.084339 0.320765 
0.002657 0.475418 0.000476 0.056885 0.071392 0.099403 0.293769 
0.000417 0.462758 0.000985 0.068230 0.080103 0.098193 0.289316 
0.002150 0.475738 0.000006 0.055382 0.068815 0.095531 0.302376 
0.004115 0.467456 0.000006 0.061627 0.079684 0.085727 0.301384 
0.000114 0.456423 0.000476 0.057006 0.079309 0.100517 0.306154 
0.001675 0.474445 0.000006 0.061509 0.079597 0.078451 0.304316 
0.006111 0.465835 0.000476 0.059130 0.076127 0.093162 0.299159 
0.002163 0.475544 0.000006 0.057226 0.073565 0.093856 0.297639 
0.002184 0.478027 0.000006 0.068952 0.078592 0.083289 0.288949 
0.003655 0.453317 0.000006 0.070653 0.085673 0.094733 0.291963 
0.003639 0.475981 0.000476 0.060580 0.073468 0.092492 0.293364 
0.001676 0.466271 0.000476 0.060636 0.074102 0.092662 0.304178 
0.003633 0.462470 0.000006 0.057342 0.074299 0.104673 0.297576 
0.003669 0.472244 0.000477 0.064251 0.076592 0.099198 0.283570 
0.002682 0.465446 0.000006 0.070316 0.081069 0.094449 0.286031 
skin
0.002209 0.474511 0.000007 0.068369 0.078241 0.097070 0.279594 
0.004112 0.468499 0.000007 0.058866 0.072246 0.094573 0.301698 
0.002671 0.467387 0.000007 0.070323 0.081395 0.088507 0.289711 
0.000112 0.484800 0.000007 0.057488 0.066742 0.088410 0.302441 
0.001201 0.454773 0.000007 0.056334 0.073210 0.099519 0.314957 
0.003136 0.472158 0.000007 0.058554 0.070007 0.098833 0.297306 
0.001675 0.477450 0.000007 0.059204 0.073782 0.084767 0.303115 
0.002633 0.466892 0.000984 0.056829 0.073942 0.094299 0.304420 
0.001720 0.470983 0.000007 0.066540 0.077520 0.098678 0.284552 
0.001676 0.470206 0.000984 0.060277 0.073995 0.089089 0.303773 
0.001715 0.458277 0.000477 0.066540 0.078031 0.106275 0.288685 
0.002159 0.478405 0.000007 0.061456 0.075186 0.083901 0.298887 
0.002149 0.490860 0.000007 0.052685 0.067112 0.086746 0.300441 
0.003604 0.452031 0.000476 0.059339 0.070025 0.105665 0.308860 
0.004117 0.455844 0.000984 0.064917 0.081026 0.090428 0.302683 
0.003603 0.462702 0.000476 0.056508 0.075085 0.092875 0.308752 
0.003641 0.474243 0.000007 0.058714 0.071705 0.098966 0.292724 
0.002642 0.464037 0.000007 0.057125 0.075199 0.099602 0.301389 
0.002194 0.471002 0.000007 0.062601 0.074907 0.103824 0.285464 
0.002672 0.478465 0.000007 0.061227 0.075085 0.095302 0.287242 
0.002154 0.462318 0.000007 0.063471 0.079700 0.088357 0.303993 
0.002160 0.475641 0.000007 0.055518 0.072944 0.095098 0.298632 
0.003168 0.465446 0.000007 0.068082 0.081431 0.094535 0.287330 
0.004635 0.458408 0.000007 0.070250 0.084463 0.087631 0.294606 
0.004138 0.466738 0.000477 0.063537 0.077219 0.094622 0.293269 
0.001251 0.463683 0.000007 0.067725 0.079676 0.099444 0.288215 
0.002148 0.459595 0.000007 0.056050 0.072998 0.102874 0.306327 
0.001682 0.470546 0.000476 0.057902 0.072668 0.095453 0.301272 
0.002168 0.471294 0.000477 0.061828 0.077196 0.090586 0.296451 
0.001229 0.469866 0.000985 0.059658 0.073425 0.097490 0.297347 
0.005106 0.459390 0.000984 0.058127 0.075503 0.097731 0.303160 
0.002172 0.473773 0.000477 0.066022 0.076789 0.086414 0.294353 
0.002687 0.454725 0.000477 0.075104 0.084377 0.096615 0.286015 
0.004155 0.478540 0.001487 0.067658 0.078219 0.083918 0.286023 
0.003132 0.465753 0.000476 0.059734 0.073886 0.096730 0.300289 
0.002161 0.460343 0.000007 0.061470 0.079279 0.095356 0.301386 
0.004597 0.468748 0.000476 0.055485 0.070038 0.095140 0.305516 
0.004174 0.476824 0.000007 0.061986 0.070279 0.107636 0.279095 
0.000803 0.467854 0.000007 0.062601 0.077578 0.098824 0.292333 
0.002652 0.441317 0.000007 0.061288 0.077440 0.116714 0.300583 
0.003617 0.464480 0.000476 0.059492 0.079977 0.088286 0.303671 
0.002151 0.474273 0.000007 0.060165 0.071892 0.088868 0.302645 
0.001704 0.481946 0.000007 0.062092 0.073075 0.092002 0.289174 
0.000405 0.474293 0.000476 0.060585 0.076259 0.089616 0.298366 
0.002167 0.466233 0.000007 0.063193 0.077540 0.093385 0.297475 
0.003151 0.489874 0.000007 0.059517 0.070192 0.087829 0.289430 
0.000818 0.466652 0.000007 0.069550 0.080417 0.098966 0.283590 
0.005127 0.473578 0.000007 0.055336 0.074705 0.097043 0.294204 
0.003130 0.463983 0.000007 0.052006 0.069630 0.110020 0.301224 
0.000409 0.484198 0.000007 0.062749 0.073856 0.086423 0.292359 
0.000409 0.467203 0.000477 0.062911 0.073417 0.100334 0.295249 
0.002677 0.447418 0.000985 0.064280 0.075310 0.119387 0.289944 
0.003138 0.468992 0.000007 0.065200 0.079052 0.085722 0.297889 
0.001243 0.472204 0.000007 0.069813 0.081528 0.084184 0.291022 
0.003137 0.467921 0.000476 0.062178 0.074744 0.093454 0.298090 
0.002144 0.466429 0.000476 0.059962 0.072809 0.091714 0.306466 
0.002657 0.476969 0.000007 0.061789 0.075868 0.089049 0.293660 
0.002140 0.483152 0.000007 0.052812 0.071407 0.084619 0.305864 
0.001236 0.465999 0.000007 0.060639 0.077380 0.099244 0.295496 
0.001226 0.452420 0.000007 0.057668 0.074096 0.112483 0.302100 
0.002670 0.477690 0.000477 0.061152 0.072003 0.097546 0.288462 
0.001244 0.466394 0.000477 0.063576 0.077392 0.099168 0.291749 
0.002129 0.472120 0.000007 0.059239 0.072985 0.081079 0.312441 
0.000121 0.475879 0.000477 0.064419 0.075219 0.099355 0.284529 
0.004127 0.463359 0.000985 0.059245 0.075166 0.099548 0.297571 
0.001691 0.472415 0.000007 0.064818 0.079031 0.084614 0.297425 
0.002605 0.476907 0.001486 0.052905 0.072265 0.079759 0.314072 
0.000776 0.477186 0.000007 0.056746 0.073547 0.083754 0.307985 
0.002674 0.465856 0.000007 0.068023 0.085519 0.088616 0.289304 
0.002641 0.470330 0.000476 0.054890 0.072551 0.098346 0.300767 
0.001232 0.482298 0.000477 0.054002 0.068292 0.099979 0.293722 
0.000792 0.487872 0.000476 0.056808 0.073635 0.084807 0.295610 
0.002196 0.452450 0.000477 0.070236 0.084383 0.101793 0.288464 
0.002674 0.490528 0.000007 0.062354 0.071260 0.088721 0.284456 
0.001699 0.464858 0.000477 0.063166 0.078703 0.096480 0.294617 
0.003648 0.478579 0.000477 0.061903 0.076764 0.088096 0.290534 
0.001226 0.480294 0.000007 0.058183 0.071548 0.091600 0.297141 
0.000791 0.468207 0.000476 0.060268 0.074480 0.095520 0.300258 
0.002669 0.456815 0.000477 0.071733 0.087357 0.088581 0.292368 
0.002692 0.480629 0.000007 0.063702 0.072358 0.101685 0.278927 
0.002131 0.463477 0.001486 0.054719 0.070994 0.094298 0.312895 
0.001685 0.465107 0.000984 0.059296 0.074782 0.097185 0.300959 
0.004147 0.465777 0.000007 0.064377 0.074969 0.100707 0.290017 
0.001655 0.462836 0.000007 0.055756 0.075184 0.089721 0.314841 
0.003164 0.449064 0.000007 0.061817 0.074617 0.120735 0.290596 
0.001251 0.462727 0.000477 0.069232 0.079848 0.098223 0.288242 
0.004162 0.478396 0.000007 0.062618 0.072618 0.099149 0.283050 
0.003120 0.468254 0.000007 0.060520 0.075158 0.088726 0.304216 
0.001229 0.471240 0.000476 0.063667 0.078159 0.087012 0.298217 
0.001241 0.481448 0.000007 0.060438 0.071646 0.095958 0.289263 
0.000787 0.484236 0.000476 0.059772 0.076096 0.078933 0.299701 
0.001218 0.460371 0.000476 0.059237 0.075371 0.097745 0.305582 
0.004117 0.486367 0.000007 0.057912 0.072842 0.081121 0.297633 
0.002661 0.476980 0.000007 0.062824 0.074681 0.090900 0.291948 
0.004115 0.484129 0.000007 0.058949 0.069799 0.084816 0.298185 
0.002641 0.466428 0.000007 0.059777 0.074532 0.095535 0.301080 
0.002200 0.476288 0.000007 0.065135 0.075627 0.098359 0.282384 
0.001236 0.471124 0.000007 0.064705 0.077118 0.092019 0.293791 
0.003646 0.461582 0.000007 0.062683 0.077433 0.101482 0.293168 
0.002169 0.479765 0.000007 0.053442 0.070255 0.099925 0.294437 
stomach
0.003657 0.464377 0.000985 0.059763 0.074914 0.107284 0.289021 
0.002182 0.460869 0.000477 0.066695 0.078192 0.099014 0.292572 
0.002171 0.462700 0.000477 0.067946 0.080854 0.088573 0.297279 
0.002671 0.455495 0.000477 0.064102 0.073909 0.112450 0.290897 
0.002643 0.478028 0.000007 0.059510 0.071945 0.089438 0.298429 
0.003648 0.468170 0.000007 0.062989 0.074435 0.099332 0.291419 
0.004137 0.459168 0.000007 0.060419 0.078793 0.102333 0.295143 
0.003652 0.477598 0.000477 0.063254 0.076468 0.089815 0.288736 
0.000416 0.472035 0.000477 0.066531 0.077995 0.093999 0.288546 
0.002189 0.482197 0.000007 0.059602 0.068034 0.102853 0.285118 
0.002701 0.469348 0.000478 0.064065 0.073457 0.112503 0.277448 
0.003170 0.482900 0.000007 0.064012 0.070517 0.096324 0.283071 
0.002643 0.461220 0.000476 0.059054 0.074441 0.100796 0.301369 
0.005128 0.464852 0.000007 0.063555 0.080326 0.091310 0.294822 
0.001267 0.464495 0.000007 0.072899 0.080421 0.100827 0.280084 
0.004147 0.465764 0.000985 0.062899 0.077197 0.098335 0.290673 
0.003634 0.469001 0.000007 0.058871 0.073534 0.099112 0.295841 
0.004085 0.466299 0.000984 0.052614 0.068218 0.096376 0.311425 
0.003644 0.475086 0.000985 0.061337 0.074463 0.092514 0.291971 
0.001238 0.457917 0.000007 0.063193 0.078619 0.103515 0.295511 
0.001228 0.477117 0.000007 0.060280 0.074533 0.089949 0.296885 
0.004117 0.473040 0.000007 0.061443 0.078438 0.083354 0.299601 
0.003134 0.468912 0.000007 0.058614 0.072189 0.098139 0.299006 
0.003119 0.475001 0.000007 0.054470 0.069849 0.094104 0.303450 
0.002186 0.448139 0.000477 0.066381 0.075723 0.114757 0.292336 
0.001692 0.483579 0.000007 0.061614 0.071953 0.087259 0.293895 
0.002686 0.467845 0.000478 0.062681 0.072532 0.110213 0.283565 
0.000789 0.465130 0.000007 0.061865 0.077447 0.092499 0.302264 
0.003189 0.478387 0.000007 0.069983 0.080681 0.089750 0.278003 
0.004108 0.464570 0.000476 0.055910 0.075074 0.095548 0.304314 
0.002186 0.480797 0.000985 0.065883 0.074424 0.088767 0.286958 
0.003644 0.449088 0.000477 0.068577 0.083090 0.098898 0.296226 
0.001682 0.457673 0.000007 0.064135 0.083342 0.088673 0.304489 
0.001713 0.458911 0.000007 0.070757 0.083057 0.095397 0.290158 
0.004119 0.469796 0.000007 0.058009 0.070206 0.098642 0.299221 
0.001253 0.482432 0.000478 0.063921 0.074693 0.093594 0.283629 
0.002656 0.482221 0.000007 0.059900 0.074845 0.087168 0.293203 
0.002169 0.456063 0.000007 0.060489 0.076711 0.105961 0.298600 
0.003640 0.457851 0.000007 0.060105 0.075268 0.107170 0.295960 
0.000808 0.470582 0.000007 0.062885 0.074094 0.103853 0.287769 
0.001686 0.457254 0.000007 0.058387 0.075864 0.104528 0.302275 
0.001689 0.468733 0.000985 0.060932 0.072395 0.097132 0.298133 
0.002153 0.456246 0.000007 0.059790 0.080040 0.096178 0.305585 
0.002617 0.464724 0.000007 0.054036 0.071851 0.095974 0.310791 
0.005085 0.478058 0.000007 0.053818 0.069232 0.086366 0.307434 
0.002165 0.457926 0.000985 0.064181 0.081876 0.092417 0.300451 
0.005130 0.458639 0.000007 0.062039 0.077811 0.101124 0.295250 
0.000807 0.464288 0.000007 0.068549 0.081020 0.094409 0.290920 
0.002186 0.453470 0.000477 0.070116 0.086692 0.094141 0.292917 
0.002156 0.461665 0.000985 0.064644 0.078160 0.089297 0.303092 
0.000782 0.465206 0.000476 0.058822 0.070426 0.098378 0.305911 
0.002646 0.468528 0.000007 0.065018 0.080104 0.084652 0.299046 
0.001244 0.448593 0.000985 0.070881 0.084950 0.098746 0.294601 
0.000119 0.454201 0.000007 0.065084 0.082954 0.101749 0.295885 
0.004138 0.455388 0.000007 0.069726 0.085598 0.089456 0.295686 
0.002659 0.460881 0.000477 0.067471 0.078775 0.094066 0.295671 
0.003134 0.471975 0.000007 0.065751 0.080241 0.079868 0.299023 
0.002637 0.463373 0.000476 0.061887 0.080609 0.087032 0.303986 
0.003657 0.467300 0.000985 0.065545 0.080028 0.093523 0.288962 
0.004142 0.473538 0.000007 0.064660 0.077486 0.088811 0.291355 
0.000413 0.485750 0.000477 0.059950 0.071100 0.094918 0.287391 
0.002165 0.483167 0.000007 0.059397 0.073197 0.086174 0.295893 
0.002663 0.483676 0.000477 0.058563 0.071342 0.093536 0.289743 
0.001244 0.478973 0.000477 0.063449 0.075232 0.092243 0.288380 
0.002689 0.477697 0.000478 0.066632 0.079152 0.091915 0.281436 
0.000786 0.460138 0.000007 0.062058 0.077698 0.094823 0.304490 
0.001228 0.465681 0.000007 0.064274 0.074452 0.095162 0.299196 
0.003133 0.492560 0.000007 0.055901 0.069781 0.083011 0.295607 
0.001681 0.449665 0.000007 0.064451 0.083431 0.094798 0.305967 
0.003124 0.470626 0.000007 0.056529 0.074598 0.092507 0.302610 
0.003129 0.470844 0.000007 0.060900 0.080402 0.083524 0.301194 
0.002626 0.462411 0.000984 0.059501 0.075374 0.091204 0.307901 
0.001267 0.468479 0.000478 0.067423 0.077822 0.105250 0.279281 
0.000119 0.475188 0.000007 0.066332 0.078145 0.090325 0.289883 
0.003112 0.447496 0.000007 0.062623 0.081831 0.093994 0.310937 
0.007138 0.467508 0.000007 0.062166 0.074721 0.099026 0.289435 
0.002685 0.469285 0.000007 0.063229 0.075450 0.105543 0.283802 
0.002162 0.472832 0.000985 0.060972 0.078769 0.084977 0.299304 
0.002167 0.457741 0.000007 0.061216 0.078349 0.101366 0.299154 
0.005115 0.458392 0.000007 0.061775 0.077915 0.096372 0.300424 
0.001259 0.467624 0.000478 0.066958 0.074393 0.106469 0.282819 
0.000115 0.465541 0.000007 0.064114 0.079134 0.087315 0.303774 
0.003196 0.462022 0.000007 0.073273 0.083879 0.099739 0.277883 
0.001707 0.467546 0.000477 0.056994 0.073956 0.108761 0.290558 
0.001233 0.471035 0.000477 0.064095 0.076632 0.090775 0.295752 
0.002167 0.458276 0.000007 0.064251 0.079377 0.096948 0.298974 
0.002667 0.466388 0.000007 0.057222 0.069350 0.114003 0.290363 
0.000795 0.457984 0.000007 0.065868 0.076805 0.099035 0.299508 
0.003158 0.478417 0.000007 0.063489 0.075138 0.091002 0.288790 
0.001668 0.471838 0.000476 0.057262 0.071810 0.089494 0.307453 
0.002655 0.474688 0.000477 0.062284 0.077989 0.086894 0.295013 
0.001722 0.482630 0.000007 0.064080 0.076170 0.093514 0.281877 
0.006137 0.483954 0.000477 0.055233 0.070333 0.096050 0.287815 
0.001226 0.465187 0.000007 0.055018 0.073985 0.103963 0.300616 
0.000406 0.466011 0.000477 0.063308 0.079532 0.090869 0.299399 
0.003146 0.479421 0.000007 0.064477 0.076825 0.082657 0.293467 
0.002659 0.471182 0.000007 0.058606 0.075169 0.098320 0.294058 
0.001232 0.467370 0.000007 0.055120 0.073255 0.106354 0.296662 
0.001658 0.444061 0.000007 0.061638 0.081726 0.094106 0.316804 
0.003167 0.474662 0.000985 0.063199 0.074476 0.097251 0.286259 
9.85409 10.1997 8.74786 9.60165 10.0864 9.92485 10.1678 
0.149341 0.170638 0.104885 0.161345 0.162998 0.163536 0.168603 
0.0601233 0.0601233 0.0601233 0.0601233 0.0601233 0.0601233 0.0601233 0.0601233 0.0906946 0.0704506 0.196689 0.06987 0.0601233 0.0601233 0.0601233 0.0601233 0.0601233 0.0601233 0.0730483 0.0601233 0.0601233 0.0601233 0.0601233 0.0601233 0.0688032 0.0737386 0.0601233 0.107479 0.0601233 0.0601233 0.0601233 0.0601233 0.0601233 0.0601233 0.126743 0.0601233 0.0601233 0.0601233 0.0601233 0.0601233 0.0601233 0.0601233 0.0745984 0.0601233 0.0601233 0.0601233 0.0601233 0.0601233 0.0601233 0.0601233 0.0601233 0.0601233 0.0601233 0.0601233 0.0601233 0.0601233 0.134386 0.119109 0.159117 0.105354 0.0601233 0.0601233 0.0601233 0.0601233 0.0601233 0.0601233 0.0601233 0.0601233 0.0601233 0.0601233 0.0601233 0.0601233 0.0601233 0.0601233 0.0601233 0.0601233 0.0601233 0.0601233 0.0601233 0.0601233 0.0601233 0.0601233 0.0774023 0.0601233 0.0601233 0.0601233 0.0601233 0.0601233 0.0601233 0.0601233 0.0601233 0.0601233 0.0601233 0.0601233 0.0601233 0.0601233 
