-710060.627184
0
0.003125 0.003125 0.003125 0.003125 0.003125 0.003125 0.003125 0.003125 0.003954 0.003575 0.007334 0.003541 0.003125 0.003125 0.003125 0.003125 0.003125 0.003125 0.681680 0.003125 0.003125 0.003125 0.003125 0.003125 0.003480 0.004172 0.003125 0.004342 0.003125 0.003125 0.003125 0.003125 0.003125 0.003125 0.004635 0.003125 0.003125 0.003125 0.003125 0.003125 0.003125 0.003125 0.003834 0.003125 0.003125 0.003125 0.003125 0.003125 0.003125 0.003125 0.003125 0.003125 0.003125 0.003125 0.003125 0.003125 0.007258 0.005344 0.004899 0.004213 0.003125 0.003125 0.003125 0.003125 0.003125 0.003125 0.003125 0.003125 0.003125 0.003125 0.003125 0.003125 0.003125 0.003125 0.003125 0.003125 0.003125 0.003125 0.003125 0.003125 0.003125 0.003125 0.004655 0.003125 0.003125 0.003125 0.003125 0.003125 0.003125 0.003125 0.003125 0.003125 0.003125 0.003125 0.003125 0.003125 
0.000000 0.000000 0.000000 0.000000 0.000000 0.000000 0.000000 0.000000 0.000000 0.000000 0.000000 0.000000 0.000000 0.000000 0.000000 0.000000 0.000000 0.000000 0.000000 0.000000 0.000000 0.000000 0.000000 0.000000 0.000000 0.000000 0.000000 0.000000 0.000000 0.000000 0.000000 0.000000 0.000000 0.000000 0.000000 0.000000 0.000000 0.000000 0.000000 0.000000 0.000000 0.000000 0.000000 0.000000 0.000000 0.000000 0.000000 0.000000 0.000000 0.000000 0.000000 0.000000 0.000000 0.000000 0.000000 0.000000 0.002365 0.000000 0.997617 0.000000 0.000000 0.000000 0.000000 0.000000 0.000000 0.000000 0.000000 0.000000 0.000000 0.000000 0.000000 0.000000 0.000000 0.000000 0.000000 0.000000 0.000000 0.000000 0.000000 0.000000 0.000000 0.000000 0.000000 0.000000 0.000000 0.000000 0.000000 0.000000 0.000000 0.000000 0.000000 0.000000 0.000000 0.000000 0.000000 0.000000 
0.009710 0.009710 0.009710 0.009710 0.009710 0.009710 0.009710 0.009710 0.012279 0.011109 0.022467 0.011004 0.009710 0.009710 0.009710 0.009710 0.009710 0.009710 0.011602 0.009710 0.009710 0.009710 0.009710 0.009710 0.010813 0.012960 0.009710 0.013480 0.009710 0.009710 0.009710 0.009710 0.009710 0.009710 0.014385 0.009710 0.009710 0.009710 0.009710 0.009710 0.009710 0.009710 0.011905 0.009710 0.009710 0.009710 0.009710 0.009710 0.009710 0.009710 0.009710 0.009710 0.009710 0.009710 0.009710 0.009710 0.022244 0.016552 0.015192 0.013084 0.009710 0.009710 0.009710 0.009710 0.009710 0.009710 0.009710 0.009710 0.009710 0.009710 0.009710 0.009710 0.009710 0.009710 0.009710 0.009710 0.009710 0.009710 0.009710 0.009710 0.009710 0.009710 0.014452 0.009710 0.009710 0.009710 0.009710 0.009710 0.009710 0.009710 0.009710 0.009710 0.009710 0.009710 0.009710 0.009710 
0.000001 0.000001 0.000001 0.000001 0.000001 0.000001 0.000001 0.000001 0.000001 0.000001 0.999293 0.000025 0.000001 0.000001 0.000001 0.000001 0.000001 0.000001 0.000001 0.000001 0.000001 0.000001 0.000001 0.000001 0.000001 0.000380 0.000001 0.000002 0.000001 0.000001 0.000001 0.000001 0.000001 0.000001 0.000002 0.000001 0.000001 0.000001 0.000001 0.000001 0.000001 0.000001 0.000001 0.000001 0.000001 0.000001 0.000001 0.000001 0.000001 0.000001 0.000001 0.000001 0.000001 0.000001 0.000001 0.000001 0.000125 0.000002 0.000002 0.000001 0.000001 0.000001 0.000001 0.000001 0.000001 0.000001 0.000001 0.000001 0.000001 0.000001 0.000001 0.000001 0.000001 0.000001 0.000001 0.000001 0.000001 0.000001 0.000001 0.000001 0.000001 0.000001 0.000076 0.000001 0.000001 0.000001 0.000001 0.000001 0.000001 0.000001 0.000001 0.000001 0.000001 0.000001 0.000001 0.000001 
0.000001 0.000001 0.000001 0.000001 0.000001 0.000001 0.000001 0.000001 0.000001 0.000001 0.385209 0.000001 0.000001 0.000001 0.000001 0.000001 0.000001 0.000001 0.000001 0.000001 0.000001 0.000001 0.000001 0.000001 0.000013 0.000010 0.000001 0.111178 0.000001 0.000001 0.000001 0.000001 0.000001 0.000001 0.000002 0.000001 0.000001 0.000001 0.000001 0.000001 0.000001 0.000001 0.000001 0.000001 0.000001 0.000001 0.000001 0.000001 0.000001 0.000001 0.000001 0.000001 0.000001 0.000001 0.000001 0.000001 0.000003 0.503487 0.000002 0.000001 0.000001 0.000001 0.000001 0.000001 0.000001 0.000001 0.000001 0.000001 0.000001 0.000001 0.000001 0.000001 0.000001 0.000001 0.000001 0.000001 0.000001 0.000001 0.000001 0.000001 0.000001 0.000001 0.000002 0.000001 0.000001 0.000001 0.000001 0.000001 0.000001 0.000001 0.000001 0.000001 0.000001 0.000001 0.000001 0.000001 
0.000005 0.000005 0.000005 0.000005 0.000005 0.000005 0.000005 0.000005 0.000007 0.000006 0.000013 0.000006 0.000005 0.000005 0.000005 0.000005 0.000005 0.000005 0.000006 0.000005 0.000005 0.000005 0.000005 0.000005 0.000006 0.000007 0.000005 0.000007 0.000005 0.000005 0.000005 0.000005 0.000005 0.000005 0.000008 0.000005 0.000005 0.000005 0.000005 0.000005 0.000005 0.000005 0.003569 0.000005 0.000005 0.000005 0.000005 0.000005 0.000005 0.000005 0.000005 0.000005 0.000005 0.000005 0.000005 0.000005 0.972032 0.000009 0.000008 0.000007 0.000005 0.000005 0.000005 0.000005 0.000005 0.000005 0.000005 0.000005 0.000005 0.000005 0.000005 0.000005 0.000005 0.000005 0.000005 0.000005 0.000005 0.000005 0.000005 0.000005 0.000005 0.000005 0.023871 0.000005 0.000005 0.000005 0.000005 0.000005 0.000005 0.000005 0.000005 0.000005 0.000005 0.000005 0.000005 0.000005 
0.009710 0.009710 0.009710 0.009710 0.009710 0.009710 0.009710 0.009710 0.012279 0.011109 0.022467 0.011004 0.009710 0.009710 0.009710 0.009710 0.009710 0.009710 0.011602 0.009710 0.009710 0.009710 0.009710 0.009710 0.010813 0.012960 0.009710 0.013480 0.009710 0.009710 0.009710 0.009710 0.009710 0.009710 0.014385 0.009710 0.009710 0.009710 0.009710 0.009710 0.009710 0.009710 0.011905 0.009710 0.009710 0.009710 0.009710 0.009710 0.009710 0.009710 0.009710 0.009710 0.009710 0.009710 0.009710 0.009710 0.022244 0.016552 0.015192 0.013084 0.009710 0.009710 0.009710 0.009710 0.009710 0.009710 0.009710 0.009710 0.009710 0.009710 0.009710 0.009710 0.009710 0.009710 0.009710 0.009710 0.009710 0.009710 0.009710 0.009710 0.009710 0.009710 0.014452 0.009710 0.009710 0.009710 0.009710 0.009710 0.009710 0.009710 0.009710 0.009710 0.009710 0.009710 0.009710 0.009710 
0.007377 0.007377 0.007377 0.007377 0.007377 0.007377 0.007377 0.007377 0.009329 0.248521 0.017150 0.008360 0.007377 0.007377 0.007377 0.007377 0.007377 0.007377 0.008814 0.007377 0.007377 0.007377 0.007377 0.007377 0.008215 0.009846 0.007377 0.010244 0.007377 0.007377 0.007377 0.007377 0.007377 0.007377 0.010934 0.007377 0.007377 0.007377 0.007377 0.007377 0.007377 0.007377 0.009044 0.007377 0.007377 0.007377 0.007377 0.007377 0.007377 0.007377 0.007377 0.007377 0.007377 0.007377 0.007377 0.007377 0.016980 0.012590 0.011550 0.009943 0.007377 0.007377 0.007377 0.007377 0.007377 0.007377 0.007377 0.007377 0.007377 0.007377 0.007377 0.007377 0.007377 0.007377 0.007377 0.007377 0.007377 0.007377 0.007377 0.007377 0.007377 0.007377 0.010979 0.007377 0.007377 0.007377 0.007377 0.007377 0.007377 0.007377 0.007377 0.007377 0.007377 0.007377 0.007377 0.007377 
0.000001 0.000001 0.000001 0.000001 0.000001 0.000001 0.000001 0.000001 0.002127 0.000001 0.000002 0.000001 0.000001 0.000001 0.000001 0.000001 0.000001 0.000001 0.000001 0.000001 0.000001 0.000001 0.000001 0.000001 0.000001 0.000001 0.000001 0.000001 0.000001 0.000001 0.000001 0.000001 0.000001 0.000001 0.969639 0.000001 0.000001 0.000001 0.000001 0.000001 0.000001 0.000001 0.000001 0.000001 0.000001 0.000001 0.000001 0.000001 0.000001 0.000001 0.000001 0.000001 0.000001 0.000001 0.000001 0.000001 0.000002 0.000082 0.000001 0.028067 0.000001 0.000001 0.000001 0.000001 0.000001 0.000001 0.000001 0.000001 0.000001 0.000001 0.000001 0.000001 0.000001 0.000001 0.000001 0.000001 0.000001 0.000001 0.000001 0.000001 0.000001 0.000001 0.000001 0.000001 0.000001 0.000001 0.000001 0.000001 0.000001 0.000001 0.000001 0.000001 0.000001 0.000001 0.000001 0.000001 
0.099096 0.123499 0.098251 0.115876 0.122566 0.121627 0.097972 0.098427 0.122685 
0.089665 0.126728 0.095143 0.122718 0.125490 0.124298 0.095106 0.095204 0.125647 
0.102099 0.117904 0.101001 0.119985 0.121839 0.121038 0.093004 0.101188 0.121942 
0.113549 0.137162 0.113356 0.008794 0.136195 0.128852 0.112697 0.113067 0.136327 
breast
0.000004 0.638019 0.000004 0.112888 0.094621 0.025944 0.000004 0.000004 0.128512 
0.000004 0.604916 0.000004 0.123353 0.111163 0.028542 0.000004 0.000004 0.132012 
0.000004 0.645964 0.000004 0.083254 0.117264 0.020490 0.000004 0.000004 0.133013 
0.000004 0.635485 0.000004 0.106672 0.093342 0.026973 0.000004 0.000004 0.137512 
0.000004 0.627423 0.000004 0.113917 0.106608 0.020525 0.000004 0.000004 0.131512 
0.000004 0.612386 0.000004 0.111367 0.119649 0.019572 0.000004 0.000004 0.137012 
0.000004 0.638522 0.000004 0.102589 0.098918 0.019943 0.000004 0.000004 0.140013 
0.000004 0.626343 0.000004 0.114208 0.110828 0.025095 0.000004 0.000004 0.123512 
0.000004 0.622943 0.000004 0.097276 0.116738 0.017015 0.000004 0.000004 0.146013 
0.000004 0.627496 0.000004 0.103671 0.120336 0.020969 0.000004 0.000004 0.127513 
0.000004 0.612461 0.000004 0.108114 0.116393 0.019505 0.000004 0.000004 0.143513 
0.000004 0.617972 0.000004 0.102418 0.115088 0.028494 0.000004 0.000004 0.136014 
0.000004 0.647908 0.000004 0.104489 0.103527 0.017048 0.000004 0.000004 0.127013 
0.000004 0.628425 0.000004 0.096784 0.129738 0.020526 0.000004 0.000004 0.124512 
0.000004 0.614966 0.000004 0.113020 0.109988 0.023499 0.000004 0.000004 0.138512 
0.000004 0.632365 0.000004 0.105393 0.114645 0.015570 0.000004 0.000004 0.132012 
0.000004 0.640986 0.000004 0.102253 0.106264 0.017971 0.000004 0.000004 0.132512 
0.000004 0.638963 0.000004 0.087875 0.123635 0.025998 0.000004 0.000004 0.123513 
0.000004 0.623921 0.000004 0.111353 0.102668 0.022529 0.000004 0.000004 0.139513 
0.000004 0.644536 0.000004 0.105872 0.105137 0.017928 0.000004 0.000004 0.126512 
0.000004 0.630504 0.000004 0.105297 0.111711 0.017462 0.000004 0.000004 0.135012 
0.000004 0.621950 0.000004 0.101276 0.114237 0.022510 0.000004 0.000004 0.140013 
0.000004 0.641982 0.000004 0.111291 0.095229 0.015472 0.000004 0.000004 0.136011 
0.000004 0.620480 0.000004 0.102914 0.105592 0.019986 0.000004 0.000004 0.151013 
0.000004 0.628441 0.000004 0.099495 0.104522 0.027013 0.000004 0.000004 0.140513 
0.000004 0.614967 0.000004 0.115470 0.103038 0.020498 0.000004 0.000004 0.146013 
0.000004 0.629968 0.000004 0.108189 0.106827 0.022490 0.000004 0.000004 0.132512 
0.000004 0.620904 0.000004 0.124925 0.100104 0.019041 0.000004 0.000004 0.135012 
0.000004 0.647003 0.000004 0.113593 0.095425 0.019952 0.000004 0.000004 0.124012 
0.000004 0.633950 0.000004 0.091109 0.120409 0.025005 0.000004 0.000004 0.129512 
0.000004 0.616471 0.000004 0.102069 0.119438 0.017996 0.000004 0.000004 0.144013 
0.000004 0.621446 0.000004 0.109148 0.109868 0.020512 0.000004 0.000004 0.139012 
0.000004 0.626994 0.000004 0.095213 0.115794 0.023972 0.000004 0.000004 0.138012 
0.000004 0.639481 0.000004 0.113619 0.099901 0.017473 0.000004 0.000004 0.129511 
0.000004 0.622373 0.000004 0.113773 0.113252 0.020075 0.000004 0.000004 0.130512 
0.000004 0.617471 0.000004 0.109325 0.120183 0.024494 0.000004 0.000004 0.128512 
0.000004 0.640026 0.000004 0.103154 0.106354 0.019439 0.000004 0.000004 0.131013 
0.000004 0.642447 0.000004 0.097072 0.107951 0.018002 0.000004 0.000004 0.134512 
0.000004 0.639463 0.000004 0.097379 0.100640 0.025491 0.000004 0.000004 0.137013 
0.000004 0.615435 0.000004 0.115491 0.104524 0.022523 0.000004 0.000004 0.142012 
0.000004 0.639976 0.000004 0.114986 0.097035 0.014977 0.000004 0.000004 0.133011 
0.000504 0.617944 0.000004 0.110517 0.109998 0.026015 0.000004 0.000004 0.135012 
0.000004 0.644464 0.000004 0.094594 0.097426 0.021488 0.000004 0.000004 0.142013 
0.000004 0.626994 0.000004 0.105220 0.107288 0.022471 0.000004 0.000004 0.138012 
0.000004 0.626995 0.000004 0.104022 0.115985 0.020971 0.000004 0.000004 0.132013 
0.000004 0.627956 0.000004 0.107755 0.108261 0.018000 0.000004 0.000004 0.138012 
0.000004 0.631005 0.000004 0.096720 0.102786 0.016961 0.000004 0.000504 0.152013 
0.000004 0.623954 0.000004 0.109746 0.103768 0.022504 0.000004 0.000004 0.140013 
0.000004 0.634974 0.000004 0.119494 0.114526 0.018980 0.000004 0.000004 0.112012 
0.000004 0.629973 0.000004 0.108905 0.109109 0.027985 0.000004 0.000004 0.124012 
0.000004 0.619415 0.000004 0.115782 0.109741 0.024035 0.000004 0.000004 0.131012 
0.000004 0.638958 0.000004 0.101635 0.109879 0.024000 0.000004 0.000004 0.125512 
0.000004 0.632005 0.000004 0.098446 0.109561 0.025960 0.000004 0.000004 0.134013 
0.000004 0.647476 0.000004 0.098509 0.100012 0.023476 0.000004 0.000004 0.130512 
0.000004 0.625492 0.000004 0.106351 0.106658 0.018474 0.000004 0.000004 0.143011 
0.000004 0.651508 0.000004 0.097897 0.114620 0.016949 0.000004 0.000004 0.119013 
0.000004 0.634011 0.000004 0.111980 0.099530 0.020453 0.000004 0.000004 0.134011 
0.000004 0.618975 0.000004 0.100780 0.112726 0.024491 0.000004 0.000004 0.143013 
0.000504 0.619443 0.000004 0.107971 0.107544 0.021515 0.000004 0.000004 0.143012 
0.000004 0.633008 0.000004 0.102608 0.100399 0.025957 0.000004 0.000004 0.138013 
0.000004 0.632007 0.000004 0.102772 0.109735 0.016958 0.000004 0.000004 0.138513 
0.000004 0.632967 0.000004 0.107881 0.100136 0.017489 0.000004 0.000004 0.141512 
0.000004 0.655993 0.000004 0.094036 0.103985 0.022459 0.000004 0.000004 0.123512 
0.000004 0.630002 0.000004 0.101786 0.106221 0.019964 0.000004 0.000004 0.142013 
0.000004 0.637485 0.000004 0.105122 0.113894 0.021973 0.000004 0.000004 0.121513 
0.000004 0.631506 0.000004 0.093996 0.119010 0.019461 0.000004 0.000004 0.136013 
0.000004 0.623918 0.000004 0.113075 0.112449 0.021531 0.000004 0.000004 0.129012 
0.000004 0.621879 0.000004 0.105851 0.102170 0.021572 0.000004 0.000004 0.148513 
0.000004 0.626407 0.000004 0.098428 0.117590 0.026548 0.000004 0.000004 0.131012 
0.000004 0.641959 0.000004 0.102626 0.100397 0.021492 0.000004 0.000004 0.133512 
0.000004 0.634922 0.000004 0.104285 0.104243 0.025025 0.000004 0.000004 0.131512 
0.000004 0.632007 0.000004 0.119142 0.101868 0.018957 0.000004 0.000004 0.128012 
0.000004 0.634979 0.000004 0.124186 0.095334 0.022475 0.000004 0.000004 0.123011 
0.000004 0.619977 0.000004 0.119583 0.095926 0.026987 0.000004 0.000004 0.137512 
0.000004 0.637018 0.000004 0.101761 0.104747 0.023447 0.000004 0.000004 0.133013 
0.000004 0.635985 0.000004 0.103551 0.101965 0.025973 0.000004 0.000004 0.132511 
0.000004 0.648885 0.000004 0.094929 0.112108 0.019051 0.000004 0.000004 0.125013 
0.000004 0.628953 0.000004 0.106755 0.115263 0.015502 0.000004 0.000004 0.133512 
0.000004 0.632423 0.000004 0.093634 0.114888 0.017528 0.000004 0.000004 0.141512 
0.000004 0.635516 0.000004 0.102142 0.112865 0.015450 0.000004 0.000004 0.134012 
0.000004 0.620421 0.000004 0.100909 0.107603 0.026040 0.000004 0.000004 0.145013 
0.000004 0.623488 0.000004 0.120786 0.107223 0.014476 0.000004 0.000004 0.134012 
0.000004 0.632506 0.000004 0.102890 0.104118 0.027459 0.000004 0.000004 0.133012 
0.000004 0.624353 0.000004 0.098166 0.115366 0.022086 0.000004 0.000004 0.140013 
0.000004 0.611960 0.000004 0.110962 0.122546 0.018506 0.000004 0.000004 0.136012 
0.000004 0.621454 0.000004 0.115441 0.097074 0.028504 0.000004 0.000004 0.137512 
0.000004 0.618977 0.000004 0.100116 0.113391 0.017990 0.000004 0.000004 0.149512 
0.000004 0.619477 0.000004 0.125654 0.112856 0.019486 0.000004 0.000004 0.122511 
0.000004 0.621481 0.000004 0.109594 0.109914 0.021984 0.000004 0.000004 0.137012 
0.000004 0.627996 0.000004 0.118455 0.102554 0.023467 0.000004 0.000004 0.127512 
0.000004 0.637519 0.000004 0.100127 0.102379 0.021946 0.000004 0.000004 0.138013 
0.000004 0.632477 0.000004 0.110496 0.108518 0.025481 0.000004 0.000004 0.123013 
0.000004 0.623486 0.000004 0.113185 0.104324 0.020978 0.000004 0.000004 0.138012 
0.000504 0.623415 0.000004 0.116548 0.116467 0.021041 0.000004 0.000004 0.122013 
0.000004 0.639984 0.000004 0.098810 0.105197 0.018482 0.000004 0.000004 0.137512 
0.000004 0.640946 0.000004 0.104870 0.096154 0.018502 0.000004 0.000004 0.139512 
0.000004 0.639964 0.000004 0.102706 0.106308 0.025495 0.000004 0.000004 0.125513 
0.000004 0.618475 0.000004 0.095724 0.109281 0.020992 0.000004 0.000004 0.155514 
0.000004 0.617941 0.000004 0.103091 0.114422 0.023518 0.000004 0.000004 0.141012 
0.000004 0.624990 0.000004 0.109693 0.115816 0.020975 0.000004 0.000004 0.128512 
prostate
0.000003 0.616971 0.000004 0.101528 0.124479 0.021995 0.000004 0.000004 0.135013 
0.000003 0.637962 0.000004 0.113357 0.091667 0.026989 0.000004 0.000004 0.130011 
0.000003 0.630970 0.000004 0.097859 0.113154 0.022489 0.000004 0.000004 0.135513 
0.000003 0.640990 0.000004 0.109802 0.107716 0.020466 0.000004 0.000004 0.121012 
0.000003 0.637519 0.000004 0.104658 0.113850 0.019945 0.000004 0.000004 0.124013 
0.000003 0.611422 0.000004 0.108099 0.125908 0.020544 0.000004 0.000004 0.134013 
0.000003 0.654560 0.000004 0.093112 0.103896 0.016405 0.000004 0.000004 0.132013 
0.000504 0.631905 0.000004 0.093851 0.122168 0.022549 0.000004 0.000004 0.129013 
0.000003 0.627437 0.000004 0.106969 0.101539 0.026528 0.000004 0.000004 0.137513 
0.000003 0.628425 0.000004 0.104425 0.097598 0.020525 0.000004 0.000004 0.149012 
0.000003 0.625993 0.000004 0.120747 0.099764 0.018971 0.000004 0.000004 0.134511 
0.000003 0.623987 0.000004 0.102725 0.107783 0.020978 0.000004 0.000004 0.144513 
0.000003 0.629468 0.000004 0.110601 0.095914 0.023989 0.000004 0.000004 0.140013 
0.000003 0.639982 0.000004 0.102926 0.105591 0.017474 0.000004 0.000004 0.134013 
0.000003 0.639492 0.000004 0.099992 0.106523 0.024467 0.000004 0.000004 0.129512 
0.000003 0.635484 0.000004 0.099560 0.107948 0.025982 0.000004 0.000004 0.131013 
0.000003 0.625960 0.000004 0.094899 0.112114 0.024000 0.000004 0.000004 0.143013 
0.000003 0.619389 0.000004 0.103594 0.115932 0.025559 0.000004 0.000004 0.135513 
0.000003 0.635013 0.000004 0.113056 0.112454 0.023451 0.000004 0.000004 0.116012 
0.000003 0.626964 0.000004 0.099217 0.113297 0.025995 0.000004 0.000004 0.134512 
0.000003 0.631004 0.000004 0.094238 0.120769 0.019962 0.000004 0.000004 0.134013 
0.000003 0.622351 0.000004 0.108840 0.101697 0.016585 0.000004 0.000004 0.150512 
0.000003 0.621449 0.000004 0.116389 0.101627 0.023008 0.000004 0.000004 0.137512 
0.000003 0.640992 0.000004 0.109712 0.100806 0.021964 0.000004 0.000004 0.126512 
0.000003 0.635454 0.000004 0.106564 0.104457 0.025498 0.000004 0.000004 0.128012 
0.000003 0.629000 0.000004 0.101144 0.108364 0.018966 0.000004 0.000004 0.142512 
0.000003 0.638984 0.000004 0.103622 0.106394 0.019473 0.000004 0.000004 0.131513 
0.000003 0.631477 0.000004 0.110869 0.101147 0.028481 0.000004 0.000004 0.128012 
0.000003 0.637520 0.000004 0.107903 0.103106 0.018445 0.000004 0.000004 0.133012 
0.000003 0.632976 0.000004 0.110611 0.097406 0.023981 0.000004 0.000004 0.135012 
0.000003 0.624488 0.000004 0.111795 0.102714 0.022977 0.000004 0.000004 0.138013 
0.000003 0.625457 0.000004 0.114399 0.109618 0.022499 0.000004 0.000004 0.128012 
0.000003 0.638521 0.000004 0.097476 0.106532 0.022944 0.000004 0.000004 0.134513 
0.000003 0.629402 0.000004 0.093877 0.115643 0.023053 0.000004 0.000004 0.138013 
0.000003 0.651501 0.000004 0.098950 0.100059 0.014964 0.000004 0.000004 0.134512 
0.000003 0.627454 0.000004 0.109113 0.120895 0.018011 0.000004 0.000004 0.124512 
0.000003 0.612431 0.000004 0.110300 0.110714 0.026028 0.000004 0.000004 0.140513 
0.000003 0.654523 0.000004 0.092419 0.102095 0.021935 0.000004 0.000004 0.129013 
0.000003 0.642996 0.000004 0.110635 0.100382 0.021460 0.000004 0.000004 0.124512 
0.000003 0.639523 0.000004 0.095481 0.108526 0.022942 0.000004 0.000004 0.133514 
0.000003 0.641982 0.000004 0.112030 0.101990 0.015472 0.000004 0.000004 0.128513 
0.000504 0.647007 0.000004 0.100428 0.106088 0.022950 0.000004 0.000004 0.123012 
0.000003 0.620942 0.000004 0.113687 0.107330 0.019014 0.000004 0.000004 0.139013 
0.000003 0.629500 0.000004 0.103422 0.108587 0.023465 0.000004 0.000004 0.135013 
0.000003 0.623443 0.000004 0.107067 0.119950 0.016513 0.000004 0.000004 0.133013 
0.000003 0.620918 0.000004 0.091562 0.126956 0.024037 0.000004 0.000004 0.136513 
0.000003 0.608924 0.000004 0.114631 0.123383 0.027035 0.000004 0.000004 0.126013 
0.000003 0.628999 0.000004 0.116191 0.106819 0.020465 0.000004 0.000004 0.127512 
0.000003 0.635974 0.000004 0.101824 0.107693 0.017983 0.000004 0.000004 0.136512 
0.000003 0.638523 0.000004 0.099489 0.115519 0.013443 0.000004 0.000004 0.133013 
0.000003 0.611922 0.000004 0.115080 0.108937 0.019534 0.000004 0.000004 0.144513 
0.000003 0.618899 0.000004 0.107267 0.105257 0.019050 0.000004 0.000004 0.149513 
0.000003 0.623888 0.000004 0.110945 0.107078 0.022563 0.000004 0.000004 0.135512 
0.000003 0.633439 0.000004 0.098565 0.113956 0.021512 0.000004 0.000004 0.132512 
0.000003 0.635932 0.000004 0.108593 0.102425 0.018024 0.000004 0.000004 0.135012 
0.000003 0.646501 0.000004 0.088990 0.110024 0.019458 0.000004 0.000004 0.135013 
0.000003 0.634945 0.000004 0.091666 0.108853 0.022508 0.000004 0.000004 0.142013 
0.000003 0.619397 0.000004 0.112689 0.098327 0.018559 0.000004 0.000004 0.151013 
0.000003 0.626429 0.000004 0.100730 0.119291 0.023524 0.000004 0.000004 0.130013 
0.000003 0.616937 0.000004 0.104763 0.118252 0.021522 0.000004 0.000004 0.138512 
0.000003 0.624934 0.000004 0.104248 0.102765 0.028025 0.000004 0.000004 0.140013 
0.000003 0.630503 0.000004 0.100850 0.104657 0.019463 0.000004 0.000004 0.144514 
0.000003 0.641900 0.000004 0.108325 0.095712 0.017537 0.000004 0.000004 0.136512 
0.000003 0.643419 0.000004 0.099172 0.110359 0.020024 0.000004 0.000004 0.127012 
0.000003 0.634011 0.000004 0.127450 0.095062 0.020952 0.000004 0.000004 0.122511 
0.000003 0.619978 0.000004 0.126521 0.100990 0.020985 0.000004 0.000004 0.131512 
0.000003 0.654559 0.000004 0.114544 0.077468 0.021904 0.000004 0.000004 0.131511 
0.000003 0.628887 0.000004 0.113733 0.110292 0.020061 0.000004 0.000004 0.127013 
0.000003 0.634450 0.000004 0.111826 0.104198 0.025000 0.000004 0.000004 0.124512 
0.000003 0.632928 0.000004 0.103347 0.102677 0.018521 0.000004 0.000004 0.142513 
0.000003 0.643032 0.000004 0.088283 0.109224 0.021934 0.000004 0.000004 0.137512 
0.000003 0.605854 0.000004 0.108374 0.117146 0.024099 0.000004 0.000004 0.144513 
0.000003 0.628428 0.000004 0.103071 0.112952 0.021523 0.000004 0.000004 0.134013 
0.000504 0.608881 0.000004 0.107132 0.122882 0.020577 0.000004 0.000004 0.140013 
0.000003 0.647948 0.000004 0.109050 0.100980 0.024495 0.000004 0.000004 0.117512 
0.000003 0.634482 0.000004 0.091572 0.113940 0.026479 0.000004 0.000004 0.133513 
0.000003 0.639996 0.000004 0.107345 0.089671 0.027463 0.000004 0.000004 0.135512 
0.000003 0.629499 0.000004 0.112713 0.102796 0.024465 0.000004 0.000004 0.130513 
0.000003 0.631505 0.000004 0.097606 0.101403 0.022961 0.000004 0.000004 0.146512 
0.000003 0.636518 0.000004 0.107484 0.106024 0.014947 0.000004 0.000004 0.135013 
0.000003 0.638396 0.000004 0.107045 0.118481 0.018052 0.000004 0.000004 0.118013 
0.000003 0.633973 0.000004 0.114506 0.091012 0.019483 0.000004 0.000004 0.141012 
0.000003 0.635958 0.000004 0.115018 0.102999 0.027000 0.000004 0.000004 0.119012 
0.000003 0.633407 0.000004 0.104877 0.096154 0.022037 0.000004 0.000004 0.143512 
0.000003 0.620949 0.000004 0.098768 0.129245 0.024511 0.000004 0.000004 0.126513 
0.000003 0.637484 0.000004 0.099680 0.102334 0.021974 0.000004 0.000004 0.138513 
0.000504 0.622484 0.000004 0.116873 0.106136 0.018480 0.000004 0.000004 0.135512 
0.000003 0.640996 0.000004 0.096507 0.103501 0.025469 0.000004 0.000004 0.133513 
0.000003 0.631464 0.000004 0.106082 0.116926 0.018501 0.000004 0.000004 0.127013 
0.000003 0.621441 0.000004 0.098589 0.123425 0.018017 0.000004 0.000004 0.138514 
0.000003 0.639987 0.000004 0.106093 0.116924 0.019969 0.000004 0.000004 0.117012 
0.000003 0.628962 0.000004 0.102365 0.112150 0.019996 0.000004 0.000004 0.136513 
0.000003 0.638983 0.000004 0.099365 0.109651 0.018974 0.000004 0.000004 0.133013 
0.000003 0.638456 0.000004 0.119377 0.098149 0.023492 0.000004 0.000004 0.120512 
0.000003 0.612927 0.000004 0.121742 0.110276 0.021029 0.000004 0.000004 0.134013 
0.000003 0.637946 0.000004 0.104956 0.103568 0.020503 0.000004 0.000004 0.133012 
0.000504 0.631385 0.000004 0.105004 0.106523 0.025561 0.000004 0.000004 0.131012 
0.000003 0.624953 0.000004 0.099608 0.110406 0.020006 0.000004 0.000004 0.145013 
0.000003 0.630504 0.000004 0.111997 0.101011 0.016961 0.000004 0.000004 0.139513 
0.000003 0.623954 0.000004 0.121680 0.099838 0.022502 0.000004 0.000004 0.132012 
skin
0.000004 0.631467 0.000004 0.118671 0.095847 0.019488 0.000003 0.000004 0.134512 
0.000004 0.632975 0.000004 0.101366 0.107649 0.022983 0.000003 0.000004 0.135012 
0.000004 0.627455 0.000004 0.119879 0.107141 0.017999 0.000003 0.000004 0.127511 
0.000004 0.651021 0.000004 0.099392 0.098624 0.027437 0.000003 0.000004 0.123511 
0.000004 0.622925 0.000004 0.096623 0.117396 0.025529 0.000003 0.000004 0.137512 
0.000004 0.635419 0.000004 0.101500 0.101028 0.024027 0.000003 0.000004 0.138012 
0.000004 0.642996 0.000004 0.102082 0.109927 0.021968 0.000003 0.000004 0.123012 
0.000004 0.631974 0.000004 0.099152 0.110361 0.024485 0.000003 0.000004 0.134013 
0.000004 0.629465 0.000004 0.115668 0.097841 0.021499 0.000003 0.000004 0.135512 
0.000004 0.635514 0.000004 0.103448 0.110061 0.022951 0.000003 0.000004 0.128012 
0.000004 0.617403 0.000004 0.114795 0.102230 0.021545 0.000003 0.000004 0.144012 
0.000004 0.642494 0.000004 0.105927 0.108090 0.020962 0.000003 0.000004 0.122512 
0.000004 0.656452 0.000004 0.092020 0.104508 0.020993 0.000003 0.000004 0.126012 
0.000004 0.617926 0.000004 0.102641 0.101876 0.033530 0.000003 0.000004 0.144012 
0.000004 0.619385 0.000004 0.112168 0.112360 0.024559 0.000003 0.000004 0.131512 
0.000004 0.628998 0.000004 0.097924 0.116083 0.023467 0.000003 0.000004 0.133513 
0.000004 0.635942 0.000004 0.101974 0.102549 0.020508 0.000003 0.000004 0.139012 
0.000004 0.627997 0.000004 0.098584 0.115423 0.018468 0.000003 0.000004 0.139513 
0.000004 0.629958 0.000004 0.108136 0.102382 0.016997 0.000003 0.000004 0.142512 
0.000004 0.638523 0.000004 0.106556 0.104953 0.014942 0.000003 0.000004 0.135012 
0.000004 0.626960 0.000004 0.108996 0.115012 0.022005 0.000003 0.000004 0.127012 
0.000004 0.639479 0.000004 0.096051 0.112965 0.016478 0.000003 0.000004 0.135013 
0.000004 0.624447 0.000004 0.117122 0.106896 0.017507 0.000003 0.000004 0.134012 
0.000004 0.619436 0.000004 0.119496 0.114524 0.017518 0.000003 0.000004 0.129011 
0.000004 0.627997 0.000004 0.109334 0.107675 0.019467 0.000003 0.000004 0.135512 
0.000004 0.622950 0.000004 0.117085 0.102432 0.021506 0.000003 0.000004 0.136012 
0.000004 0.624931 0.000004 0.097797 0.110221 0.026023 0.000003 0.000004 0.141013 
0.000004 0.635013 0.000004 0.100924 0.108084 0.021952 0.000003 0.000004 0.134012 
0.000004 0.633898 0.000004 0.107102 0.108930 0.020043 0.000003 0.000004 0.130012 
0.000504 0.632933 0.000004 0.103851 0.106165 0.020024 0.000003 0.000004 0.136512 
0.000004 0.623454 0.000004 0.101001 0.112013 0.023505 0.000003 0.000004 0.140013 
0.000004 0.635914 0.000004 0.113650 0.102875 0.022535 0.000003 0.000004 0.125011 
0.000004 0.612401 0.000004 0.129546 0.098979 0.025047 0.000003 0.000004 0.134012 
0.000004 0.637980 0.000004 0.116391 0.101629 0.018474 0.000003 0.000004 0.125512 
0.000504 0.629500 0.000004 0.103180 0.107828 0.022465 0.000003 0.000004 0.136512 
0.000004 0.623846 0.000004 0.106518 0.114020 0.021089 0.000003 0.000004 0.134513 
0.000004 0.634511 0.000004 0.096355 0.107153 0.025954 0.000003 0.000004 0.136012 
0.000504 0.634011 0.000004 0.108489 0.089020 0.021454 0.000003 0.000004 0.146512 
0.000004 0.628956 0.000004 0.107780 0.109738 0.016999 0.000003 0.000004 0.136512 
0.000004 0.603351 0.000004 0.106200 0.110319 0.025102 0.000003 0.000004 0.155013 
0.000004 0.629000 0.000004 0.102975 0.119532 0.018966 0.000003 0.000004 0.129513 
0.000004 0.639466 0.000004 0.104255 0.102766 0.026987 0.000003 0.000004 0.126512 
0.000004 0.642954 0.000004 0.107432 0.100094 0.019494 0.000003 0.000004 0.130012 
0.000004 0.637979 0.000004 0.105087 0.111430 0.017977 0.000003 0.000004 0.127512 
0.000004 0.628999 0.000004 0.109366 0.109643 0.019965 0.000003 0.000004 0.132012 
0.000004 0.651514 0.000004 0.103498 0.097519 0.020442 0.000003 0.000004 0.127012 
0.000004 0.624454 0.000004 0.120753 0.098264 0.022001 0.000003 0.000004 0.134512 
0.000004 0.635470 0.000004 0.096921 0.111594 0.016487 0.000003 0.000004 0.139514 
0.000004 0.627894 0.000004 0.091223 0.108801 0.022053 0.000003 0.000004 0.150014 
0.000004 0.646504 0.000004 0.108575 0.100942 0.021452 0.000003 0.000004 0.122512 
0.000504 0.629468 0.000004 0.108566 0.100943 0.023997 0.000003 0.000004 0.136512 
0.000004 0.606412 0.000004 0.110205 0.103310 0.021546 0.000003 0.000004 0.158512 
0.000004 0.631937 0.000004 0.112328 0.108689 0.022020 0.000003 0.000004 0.125012 
0.000004 0.632973 0.000004 0.120091 0.104928 0.020982 0.000003 0.000004 0.121012 
0.000004 0.630916 0.000004 0.108148 0.102379 0.026030 0.000003 0.000004 0.132512 
0.000004 0.632447 0.000004 0.102981 0.108540 0.025506 0.000003 0.000004 0.130511 
0.000004 0.639022 0.000004 0.107464 0.104545 0.021441 0.000003 0.000004 0.127513 
0.000004 0.649967 0.000004 0.091831 0.114691 0.018983 0.000003 0.000004 0.124513 
0.000004 0.627997 0.000004 0.105057 0.110951 0.018968 0.000003 0.000004 0.137013 
0.000004 0.615904 0.000004 0.100761 0.110258 0.023049 0.000003 0.000004 0.150013 
0.000004 0.638019 0.000004 0.107586 0.093422 0.025945 0.000003 0.000004 0.135013 
0.000004 0.626993 0.000004 0.111322 0.101186 0.024971 0.000003 0.000004 0.135513 
0.000004 0.640474 0.000004 0.102738 0.107782 0.030480 0.000003 0.000004 0.118512 
0.000004 0.634970 0.000004 0.110874 0.101145 0.016985 0.000003 0.000004 0.136012 
0.000004 0.625872 0.000004 0.102144 0.111387 0.018569 0.000003 0.000004 0.142012 
0.000004 0.635478 0.000004 0.111652 0.109365 0.020978 0.000003 0.000004 0.122512 
0.000004 0.646007 0.000004 0.092312 0.116201 0.024952 0.000003 0.000004 0.120513 
0.000004 0.644536 0.000004 0.097963 0.116546 0.018929 0.000003 0.000004 0.122012 
0.000004 0.625439 0.000004 0.116974 0.115034 0.014026 0.000003 0.000004 0.128512 
0.000004 0.634438 0.000004 0.095778 0.110743 0.020513 0.000003 0.000004 0.138513 
0.000004 0.645037 0.000004 0.094021 0.103987 0.018428 0.000003 0.000004 0.138513 
0.000004 0.651498 0.000004 0.098072 0.112446 0.013956 0.000003 0.000004 0.124012 
0.000004 0.610845 0.000004 0.121045 0.107981 0.019601 0.000003 0.000004 0.140512 
0.000004 0.650508 0.000004 0.107842 0.095677 0.018447 0.000003 0.000004 0.127511 
0.000004 0.626494 0.000004 0.108705 0.111303 0.017471 0.000003 0.000504 0.135512 
0.000004 0.639524 0.000004 0.108142 0.103867 0.020440 0.000003 0.000004 0.128013 
0.000004 0.643966 0.000004 0.101298 0.103224 0.022485 0.000003 0.000004 0.129012 
0.000004 0.631977 0.000004 0.105621 0.102893 0.027981 0.000003 0.000004 0.131513 
0.001004 0.616972 0.000004 0.122030 0.116980 0.013991 0.000003 0.000004 0.129012 
0.000004 0.637980 0.000004 0.110588 0.092930 0.018475 0.000003 0.000004 0.140012 
0.000004 0.631504 0.000004 0.094065 0.114943 0.024962 0.000003 0.000004 0.134512 
0.000504 0.628966 0.000004 0.102975 0.108540 0.022992 0.000003 0.000004 0.136013 
0.000004 0.625923 0.000004 0.111094 0.100422 0.022034 0.000003 0.000004 0.140512 
0.000004 0.631467 0.000004 0.095037 0.124478 0.019492 0.000003 0.000004 0.129512 
0.000004 0.608414 0.000004 0.106123 0.105892 0.019544 0.000003 0.000004 0.160012 
0.000004 0.621887 0.000004 0.119853 0.099679 0.023554 0.000003 0.000004 0.135012 
0.000004 0.636979 0.000004 0.108762 0.095755 0.019477 0.000003 0.000004 0.139012 
0.000504 0.633447 0.000004 0.104797 0.108718 0.024511 0.000003 0.000004 0.128012 
0.000004 0.634388 0.000004 0.110943 0.105593 0.024549 0.000003 0.000004 0.124513 
0.000004 0.642459 0.000004 0.105342 0.097681 0.021490 0.000003 0.000004 0.133012 
0.000004 0.649047 0.000004 0.102628 0.114381 0.016417 0.000003 0.000004 0.117512 
0.000004 0.625490 0.000004 0.102780 0.110727 0.025975 0.000003 0.000004 0.135013 
0.000004 0.650510 0.000004 0.101359 0.106657 0.019446 0.000003 0.000004 0.122012 
0.000004 0.638521 0.000004 0.109924 0.100085 0.022443 0.000003 0.000004 0.129012 
0.000004 0.648511 0.000004 0.101723 0.101794 0.022947 0.000003 0.000004 0.125011 
0.000004 0.630469 0.000004 0.103216 0.109299 0.022489 0.000003 0.000004 0.134512 
0.000004 0.634471 0.000004 0.112689 0.098329 0.017984 0.000003 0.000004 0.136512 
0.000004 0.632971 0.000004 0.111157 0.106361 0.019985 0.000003 0.000004 0.129512 
0.000004 0.622446 0.000004 0.108213 0.108303 0.019511 0.000003 0.000004 0.141512 
0.000004 0.642481 0.000004 0.092811 0.109705 0.014975 0.000003 0.000004 0.140013 
stomach
0.000004 0.623952 0.000004 0.104252 0.104255 0.019509 0.000004 0.000004 0.148015 
0.000004 0.621425 0.000004 0.115681 0.100834 0.025529 0.000004 0.000004 0.136514 
0.000004 0.624961 0.000004 0.117997 0.106013 0.024499 0.000004 0.000004 0.126513 
0.000004 0.615347 0.000004 0.110609 0.098905 0.024109 0.000004 0.000004 0.151013 
0.000004 0.641999 0.000004 0.103096 0.103413 0.023462 0.000004 0.000004 0.128013 
0.000004 0.628968 0.000004 0.109014 0.100995 0.022493 0.000004 0.000004 0.138514 
0.000004 0.620483 0.000004 0.105328 0.113671 0.016986 0.000004 0.000004 0.143515 
0.000004 0.638024 0.000004 0.109055 0.105447 0.016944 0.000004 0.000004 0.130513 
0.000004 0.631947 0.000004 0.116126 0.097890 0.024506 0.000004 0.000004 0.129514 
0.000004 0.641997 0.000004 0.103658 0.092351 0.021464 0.000004 0.000004 0.140513 
0.000004 0.625451 0.000004 0.111708 0.094303 0.017008 0.000004 0.000004 0.151514 
0.000004 0.641960 0.000004 0.111467 0.090552 0.020992 0.000004 0.000004 0.135013 
0.000004 0.624992 0.000004 0.102062 0.109938 0.022977 0.000004 0.000004 0.140014 
0.000004 0.626402 0.000004 0.109002 0.115019 0.015546 0.000004 0.000004 0.134014 
0.000004 0.620893 0.000004 0.126776 0.091249 0.025051 0.000004 0.000004 0.136014 
0.000004 0.625958 0.000004 0.109066 0.105443 0.020002 0.000004 0.000004 0.139514 
0.000004 0.631509 0.000004 0.100940 0.110561 0.016960 0.000004 0.000004 0.140013 
0.000004 0.633932 0.000004 0.091849 0.108160 0.028528 0.000004 0.000004 0.137514 
0.000004 0.636520 0.000004 0.105852 0.105150 0.018948 0.000004 0.000004 0.133513 
0.000004 0.619367 0.000004 0.108932 0.110593 0.019577 0.000004 0.000004 0.141514 
0.000004 0.640530 0.000004 0.104544 0.108458 0.018438 0.000004 0.000004 0.128013 
0.000004 0.636920 0.000004 0.104941 0.117560 0.015049 0.000004 0.000004 0.125513 
0.000004 0.632510 0.000004 0.101096 0.106905 0.021959 0.000004 0.000004 0.137513 
0.000004 0.640436 0.000004 0.095417 0.105600 0.025015 0.000004 0.000004 0.133514 
0.000004 0.607925 0.000004 0.114961 0.097047 0.029037 0.000004 0.000004 0.151013 
0.000004 0.646431 0.000004 0.106061 0.101465 0.020514 0.000004 0.000004 0.125513 
0.000004 0.625995 0.000004 0.108731 0.095770 0.020973 0.000004 0.000004 0.148514 
0.000004 0.629469 0.000004 0.107555 0.110953 0.022492 0.000004 0.000004 0.129514 
0.000004 0.635017 0.000004 0.120498 0.100505 0.014949 0.000004 0.000004 0.129013 
0.000004 0.629429 0.000004 0.097019 0.115995 0.020026 0.000004 0.000004 0.137515 
0.000004 0.640881 0.000004 0.113589 0.096930 0.020571 0.000004 0.000004 0.128013 
0.000004 0.609899 0.000004 0.118721 0.107793 0.025555 0.000004 0.000004 0.138014 
0.000004 0.621985 0.000004 0.110853 0.118148 0.022483 0.000004 0.000004 0.126514 
0.000004 0.618443 0.000004 0.121686 0.105824 0.021516 0.000004 0.000004 0.132513 
0.000004 0.633511 0.000004 0.100781 0.101720 0.025957 0.000004 0.000004 0.138014 
0.000505 0.641489 0.000004 0.110828 0.098183 0.017469 0.000004 0.000004 0.131514 
0.000004 0.644539 0.000004 0.103831 0.107170 0.017929 0.000004 0.000004 0.126514 
0.000004 0.618384 0.000004 0.105467 0.108052 0.024065 0.000004 0.000004 0.144015 
0.000004 0.619416 0.000004 0.104729 0.105776 0.023547 0.000004 0.000004 0.146515 
0.000004 0.630353 0.000004 0.108809 0.100225 0.019583 0.000004 0.000004 0.141014 
0.000004 0.620982 0.000004 0.101638 0.111362 0.023987 0.000004 0.000004 0.142015 
0.000004 0.631951 0.000004 0.105810 0.100704 0.026505 0.000004 0.000004 0.135014 
0.000004 0.620911 0.000004 0.103427 0.119588 0.020543 0.000004 0.000004 0.135515 
0.000004 0.632008 0.000004 0.093799 0.114201 0.024961 0.000004 0.000004 0.135014 
0.000004 0.645038 0.000004 0.094276 0.106225 0.027430 0.000004 0.000004 0.127014 
0.000004 0.620984 0.000004 0.109942 0.118059 0.018485 0.000004 0.000004 0.132514 
0.000004 0.619981 0.000004 0.107075 0.110425 0.019988 0.000004 0.000004 0.142514 
0.000004 0.624430 0.000004 0.119140 0.101876 0.024523 0.000004 0.000004 0.130014 
0.000004 0.613428 0.000004 0.120611 0.113900 0.019031 0.000004 0.000004 0.133014 
0.000505 0.625994 0.000004 0.111164 0.109339 0.024974 0.000004 0.000004 0.128013 
0.000004 0.630980 0.000004 0.102376 0.101130 0.031483 0.000004 0.000004 0.134013 
0.000004 0.631852 0.000004 0.112391 0.112146 0.019081 0.000004 0.000004 0.124513 
0.000004 0.608890 0.000004 0.121719 0.110290 0.022570 0.000004 0.000004 0.136514 
0.000004 0.615470 0.000004 0.112601 0.113900 0.020498 0.000004 0.000004 0.137514 
0.000004 0.616372 0.000004 0.120366 0.111651 0.022080 0.000004 0.000004 0.129514 
0.000004 0.622458 0.000004 0.117045 0.100957 0.028009 0.000004 0.000004 0.131514 
0.000004 0.635450 0.000004 0.113471 0.109546 0.022503 0.000004 0.000004 0.119013 
0.000004 0.627963 0.000004 0.106769 0.117740 0.020497 0.000004 0.000004 0.127014 
0.000004 0.626918 0.000004 0.114340 0.105679 0.018532 0.000004 0.000004 0.134514 
0.000004 0.634515 0.000004 0.112010 0.103492 0.021453 0.000004 0.000004 0.128514 
0.000004 0.646502 0.000004 0.103954 0.099056 0.018457 0.000004 0.000004 0.132013 
0.000004 0.646507 0.000004 0.103336 0.104172 0.021453 0.000004 0.000004 0.124514 
0.000004 0.645040 0.000004 0.101260 0.103241 0.016928 0.000004 0.000004 0.133513 
0.000505 0.639528 0.000004 0.109257 0.103245 0.016940 0.000004 0.000004 0.130513 
0.000004 0.635425 0.000004 0.115465 0.101558 0.016022 0.000004 0.000004 0.131514 
0.000004 0.624867 0.000004 0.107107 0.111899 0.024096 0.000004 0.000004 0.132014 
0.000004 0.628953 0.000004 0.112428 0.096085 0.032504 0.000004 0.000004 0.130014 
0.000004 0.656487 0.000004 0.097416 0.103600 0.019466 0.000004 0.000004 0.123014 
0.000004 0.613935 0.000004 0.111317 0.118190 0.024026 0.000004 0.000004 0.132514 
0.000004 0.635518 0.000004 0.097244 0.116756 0.016451 0.000004 0.000505 0.133514 
0.000004 0.635017 0.000004 0.104975 0.119025 0.016951 0.000004 0.000004 0.124014 
0.000004 0.628470 0.000004 0.103488 0.112019 0.024992 0.000004 0.000004 0.131014 
0.000004 0.624993 0.000004 0.117026 0.096476 0.019475 0.000004 0.000004 0.142014 
0.000004 0.635981 0.000004 0.114317 0.103694 0.019978 0.000004 0.000004 0.126013 
0.000004 0.613433 0.000004 0.107110 0.122897 0.022529 0.000004 0.000004 0.134014 
0.000004 0.627427 0.000004 0.107885 0.101631 0.021026 0.000004 0.000004 0.142014 
0.000004 0.627460 0.000004 0.109920 0.099589 0.019000 0.000004 0.000004 0.144014 
0.000004 0.636406 0.000004 0.106005 0.112520 0.020038 0.000004 0.000004 0.125014 
0.000004 0.620444 0.000004 0.106248 0.113760 0.019017 0.000004 0.000004 0.140514 
0.000004 0.621452 0.000004 0.106868 0.111139 0.023010 0.000004 0.000004 0.137514 
0.000004 0.625493 0.000004 0.115863 0.092639 0.023474 0.000004 0.000004 0.142513 
0.000004 0.630473 0.000004 0.110302 0.112207 0.023987 0.000004 0.000004 0.123013 
0.000004 0.617433 0.000004 0.126051 0.100962 0.017023 0.000004 0.000004 0.138513 
