-1583134.188741
0
0.000028 0.000028 0.000028 0.000028 0.000028 0.000028 0.000028 0.000028 0.000039 0.000032 0.000169 0.000032 0.000028 0.000028 0.000028 0.000028 0.000028 0.000028 0.000038 0.000028 0.000028 0.000028 0.000028 0.000028 0.000032 0.000039 0.000028 0.000063 0.000028 0.000028 0.000028 0.000028 0.000028 0.000028 0.003100 0.000028 0.000028 0.000028 0.000028 0.000028 0.000028 0.000028 0.000040 0.000028 0.000028 0.000028 0.000028 0.000028 0.000028 0.000028 0.000028 0.000028 0.000028 0.000028 0.000028 0.000028 0.000084 0.000081 0.000066 0.993863 0.000028 0.000028 0.000028 0.000028 0.000028 0.000028 0.000028 0.000028 0.000028 0.000028 0.000028 0.000028 0.000028 0.000028 0.000028 0.000028 0.000028 0.000028 0.000028 0.000028 0.000028 0.000028 0.000043 0.000028 0.000028 0.000028 0.000028 0.000028 0.000028 0.000028 0.000028 0.000028 0.000028 0.000028 0.000028 0.000028 
0.000000 0.000000 0.000000 0.000000 0.000000 0.000000 0.000000 0.000000 0.000000 0.000000 0.000001 0.000000 0.000000 0.000000 0.000000 0.000000 0.000000 0.000000 0.000000 0.000000 0.000000 0.000000 0.000000 0.000000 0.000000 0.000000 0.000000 0.000000 0.000000 0.000000 0.000000 0.000000 0.000000 0.000000 0.000000 0.000000 0.000000 0.000000 0.000000 0.000000 0.000000 0.000000 0.000000 0.000000 0.000000 0.000000 0.000000 0.000000 0.000000 0.000000 0.000000 0.000000 0.000000 0.000000 0.000000 0.000000 0.000129 0.000000 0.999858 0.000000 0.000000 0.000000 0.000000 0.000000 0.000000 0.000000 0.000000 0.000000 0.000000 0.000000 0.000000 0.000000 0.000000 0.000000 0.000000 0.000000 0.000000 0.000000 0.000000 0.000000 0.000000 0.000000 0.000000 0.000000 0.000000 0.000000 0.000000 0.000000 0.000000 0.000000 0.000000 0.000000 0.000000 0.000000 0.000000 0.000000 
0.000261 0.000261 0.000261 0.000261 0.000261 0.000261 0.000261 0.000261 0.971094 0.000300 0.001236 0.000298 0.000261 0.000261 0.000261 0.000261 0.000261 0.000261 0.000355 0.000261 0.000261 0.000261 0.000261 0.000261 0.000293 0.000358 0.000261 0.000579 0.000261 0.000261 0.000261 0.000261 0.000261 0.000261 0.000952 0.000261 0.000261 0.000261 0.000261 0.000261 0.000261 0.000261 0.000369 0.000261 0.000261 0.000261 0.000261 0.000261 0.000261 0.000261 0.000261 0.000261 0.000261 0.000261 0.000261 0.000261 0.000774 0.000751 0.000612 0.000529 0.000261 0.000261 0.000261 0.000261 0.000261 0.000261 0.000261 0.000261 0.000261 0.000261 0.000261 0.000261 0.000261 0.000261 0.000261 0.000261 0.000261 0.000261 0.000261 0.000261 0.000261 0.000261 0.000396 0.000261 0.000261 0.000261 0.000261 0.000261 0.000261 0.000261 0.000261 0.000261 0.000261 0.000261 0.000261 0.000261 
0.000001 0.000001 0.000001 0.000001 0.000001 0.000001 0.000001 0.000001 0.000002 0.000001 0.999193 0.000001 0.000001 0.000001 0.000001 0.000001 0.000001 0.000001 0.000002 0.000001 0.000001 0.000001 0.000001 0.000001 0.000001 0.000552 0.000001 0.000003 0.000001 0.000001 0.000001 0.000001 0.000001 0.000001 0.000088 0.000001 0.000001 0.000001 0.000001 0.000001 0.000001 0.000001 0.000002 0.000001 0.000001 0.000001 0.000001 0.000001 0.000001 0.000001 0.000001 0.000001 0.000001 0.000001 0.000001 0.000001 0.000004 0.000046 0.000003 0.000002 0.000001 0.000001 0.000001 0.000001 0.000001 0.000001 0.000001 0.000001 0.000001 0.000001 0.000001 0.000001 0.000001 0.000001 0.000001 0.000001 0.000001 0.000001 0.000001 0.000001 0.000001 0.000001 0.000002 0.000001 0.000001 0.000001 0.000001 0.000001 0.000001 0.000001 0.000001 0.000001 0.000001 0.000001 0.000001 0.000001 
0.000001 0.000001 0.000001 0.000001 0.000001 0.000001 0.000001 0.000001 0.000002 0.000001 0.665604 0.000001 0.000001 0.000001 0.000001 0.000001 0.000001 0.000001 0.000002 0.000001 0.000001 0.000001 0.000001 0.000001 0.000001 0.000105 0.000001 0.018995 0.000001 0.000001 0.000001 0.000001 0.000001 0.000001 0.000004 0.000001 0.000001 0.000001 0.000001 0.000001 0.000001 0.000001 0.000002 0.000001 0.000001 0.000001 0.000001 0.000001 0.000001 0.000001 0.000001 0.000001 0.000001 0.000001 0.000001 0.000001 0.000004 0.315178 0.000003 0.000002 0.000001 0.000001 0.000001 0.000001 0.000001 0.000001 0.000001 0.000001 0.000001 0.000001 0.000001 0.000001 0.000001 0.000001 0.000001 0.000001 0.000001 0.000001 0.000001 0.000001 0.000001 0.000001 0.000002 0.000001 0.000001 0.000001 0.000001 0.000001 0.000001 0.000001 0.000001 0.000001 0.000001 0.000001 0.000001 0.000001 
0.000001 0.000001 0.000001 0.000001 0.000001 0.000001 0.000001 0.000001 0.000001 0.000001 0.000004 0.000001 0.000001 0.000001 0.000001 0.000001 0.000001 0.000001 0.000001 0.000001 0.000001 0.000001 0.000001 0.000001 0.000001 0.000001 0.000001 0.000002 0.000001 0.000001 0.000001 0.000001 0.000001 0.000001 0.961324 0.000001 0.000001 0.000001 0.000001 0.000001 0.000001 0.000001 0.000001 0.000001 0.000001 0.000001 0.000001 0.000001 0.000001 0.000001 0.000001 0.000001 0.000001 0.000001 0.000001 0.000001 0.038582 0.000003 0.000002 0.000002 0.000001 0.000001 0.000001 0.000001 0.000001 0.000001 0.000001 0.000001 0.000001 0.000001 0.000001 0.000001 0.000001 0.000001 0.000001 0.000001 0.000001 0.000001 0.000001 0.000001 0.000001 0.000001 0.000001 0.000001 0.000001 0.000001 0.000001 0.000001 0.000001 0.000001 0.000001 0.000001 0.000001 0.000001 0.000001 0.000001 
0.000001 0.000001 0.000001 0.000001 0.000001 0.000001 0.000001 0.000001 0.000001 0.000001 0.264709 0.000033 0.000001 0.000001 0.000001 0.000001 0.000001 0.000001 0.000192 0.000001 0.000001 0.000001 0.000001 0.000001 0.000017 0.000001 0.000001 0.069333 0.000001 0.000001 0.000001 0.000001 0.000001 0.000001 0.307245 0.000001 0.000001 0.000001 0.000001 0.000001 0.000001 0.000001 0.000524 0.000001 0.000001 0.000001 0.000001 0.000001 0.000001 0.000001 0.000001 0.000001 0.000001 0.000001 0.000001 0.000001 0.121240 0.217026 0.009087 0.007077 0.000001 0.000001 0.000001 0.000001 0.000001 0.000001 0.000001 0.000001 0.000001 0.000001 0.000001 0.000001 0.000001 0.000001 0.000001 0.000001 0.000001 0.000001 0.000001 0.000001 0.000001 0.000001 0.003433 0.000001 0.000001 0.000001 0.000001 0.000001 0.000001 0.000001 0.000001 0.000001 0.000001 0.000001 0.000001 0.000001 
0.000001 0.000001 0.000001 0.000001 0.000001 0.000001 0.000001 0.000001 0.000021 0.000049 0.272180 0.000001 0.000001 0.000001 0.000001 0.000001 0.000001 0.000001 0.000132 0.000001 0.000001 0.000001 0.000001 0.000001 0.000001 0.000001 0.000001 0.067797 0.000001 0.000001 0.000001 0.000001 0.000001 0.000001 0.305550 0.000001 0.000001 0.000001 0.000001 0.000001 0.000001 0.000001 0.000456 0.000001 0.000001 0.000001 0.000001 0.000001 0.000001 0.000001 0.000001 0.000001 0.000001 0.000001 0.000001 0.000001 0.121617 0.213198 0.008996 0.006697 0.000001 0.000001 0.000001 0.000001 0.000001 0.000001 0.000001 0.000001 0.000001 0.000001 0.000001 0.000001 0.000001 0.000001 0.000001 0.000001 0.000001 0.000001 0.000001 0.000001 0.000001 0.000001 0.003224 0.000001 0.000001 0.000001 0.000001 0.000001 0.000001 0.000001 0.000001 0.000001 0.000001 0.000001 0.000001 0.000001 
0.123938 0.129623 0.111448 0.123937 0.128100 0.128293 0.126442 0.128218 
0.125846 0.122821 0.110034 0.128344 0.128592 0.128788 0.126859 0.128716 
0.126509 0.129577 0.113428 0.118547 0.128316 0.128473 0.126728 0.128421 
0.140489 0.145419 0.126768 0.143620 0.143838 0.144062 0.011854 0.143949 
breast
0.002946 0.635193 0.000006 0.066662 0.061368 0.082499 0.075565 0.075761 
0.001869 0.602035 0.000502 0.073452 0.070006 0.082107 0.084969 0.085060 
0.002905 0.643098 0.000503 0.046913 0.061344 0.083115 0.082049 0.080075 
0.004928 0.632671 0.000006 0.061871 0.057680 0.088831 0.076957 0.077056 
0.003426 0.624642 0.000006 0.068105 0.067554 0.082658 0.076832 0.076775 
0.000957 0.609539 0.000006 0.066263 0.070647 0.087304 0.082790 0.082494 
0.004967 0.635703 0.000503 0.059796 0.062006 0.090919 0.073032 0.073073 
0.002399 0.623594 0.000006 0.068142 0.068459 0.074975 0.081351 0.081073 
0.003400 0.620089 0.000006 0.056257 0.067386 0.094885 0.079127 0.078848 
0.001433 0.624584 0.000006 0.060757 0.071432 0.079348 0.081302 0.081138 
0.003382 0.609573 0.000502 0.063507 0.070492 0.091812 0.080415 0.080317 
0.002858 0.615057 0.000006 0.058073 0.069317 0.086265 0.084226 0.084199 
0.001511 0.645212 0.000006 0.061971 0.065632 0.081848 0.072043 0.071777 
0.003845 0.625521 0.000502 0.056795 0.069709 0.071876 0.086128 0.085624 
0.002385 0.612072 0.000502 0.067217 0.065887 0.088439 0.081754 0.081743 
0.001952 0.629631 0.000006 0.062744 0.069407 0.083639 0.076459 0.076164 
0.003948 0.638167 0.000503 0.060589 0.062739 0.083247 0.075478 0.075329 
0.001419 0.636067 0.000006 0.049042 0.069325 0.075658 0.084457 0.084026 
0.002929 0.621148 0.000503 0.065230 0.066668 0.090851 0.076324 0.076347 
0.001497 0.641695 0.000503 0.063131 0.064999 0.080661 0.073771 0.073744 
0.002924 0.627625 0.000006 0.062617 0.065893 0.085855 0.077610 0.077470 
0.003382 0.619081 0.000502 0.058384 0.067305 0.089050 0.081227 0.081068 
0.002497 0.639224 0.000503 0.067430 0.060051 0.089396 0.070446 0.070452 
0.001447 0.617605 0.000503 0.059719 0.061870 0.102161 0.078377 0.078318 
0.002400 0.625603 0.000006 0.056355 0.061677 0.092182 0.080936 0.080841 
0.001938 0.612131 0.000503 0.068406 0.066628 0.097496 0.076395 0.076505 
0.001454 0.627128 0.000503 0.063675 0.065282 0.085030 0.078482 0.078446 
0.002446 0.618156 0.000006 0.076375 0.066234 0.087158 0.074784 0.074840 
0.001044 0.644238 0.000006 0.068296 0.063409 0.080586 0.071157 0.071264 
0.001881 0.631037 0.000006 0.051819 0.063606 0.079992 0.086037 0.085622 
0.001901 0.613556 0.000502 0.059695 0.068421 0.093097 0.081525 0.081303 
0.000981 0.618598 0.000503 0.064452 0.066193 0.090676 0.079341 0.079257 
0.001412 0.624048 0.000006 0.054448 0.062633 0.088908 0.084388 0.084156 
0.000587 0.636688 0.000006 0.068983 0.062136 0.084666 0.073472 0.073463 
0.003407 0.619609 0.000006 0.067956 0.071216 0.080637 0.078695 0.078473 
0.002369 0.614548 0.000502 0.064252 0.071733 0.078282 0.084202 0.084111 
0.004452 0.637181 0.000503 0.060702 0.065439 0.081924 0.074918 0.074880 
0.004949 0.639665 0.000503 0.056689 0.063120 0.084135 0.075589 0.075349 
0.002425 0.636639 0.000006 0.055541 0.058115 0.089671 0.078859 0.078744 
0.003401 0.612612 0.000503 0.068434 0.066242 0.091786 0.078488 0.078535 
0.002001 0.637217 0.000503 0.070341 0.061735 0.086657 0.070769 0.070778 
0.002867 0.615062 0.000006 0.064626 0.065830 0.085046 0.083442 0.083121 
0.002953 0.641678 0.000006 0.054094 0.056166 0.094714 0.075267 0.075123 
0.005396 0.624109 0.000006 0.061836 0.062316 0.086526 0.079941 0.079870 
0.001437 0.624092 0.000006 0.060933 0.068621 0.083898 0.080572 0.080441 
0.003432 0.625142 0.000503 0.063920 0.066531 0.088257 0.076154 0.076061 
0.003441 0.628152 0.000006 0.055689 0.060141 0.102742 0.074231 0.075596 
0.004415 0.621136 0.000006 0.064704 0.064869 0.090117 0.077377 0.077374 
0.001954 0.632157 0.000006 0.073194 0.074019 0.065736 0.076489 0.076444 
0.002887 0.627103 0.000006 0.063610 0.066452 0.075852 0.082049 0.082041 
0.001908 0.616588 0.000006 0.068855 0.068163 0.082510 0.081011 0.080960 
0.006412 0.636132 0.000006 0.059399 0.064434 0.074270 0.079794 0.079552 
0.003393 0.629112 0.000006 0.056063 0.064747 0.085134 0.080801 0.080745 
0.003439 0.644670 0.000006 0.057152 0.057765 0.083011 0.077046 0.076911 
0.001930 0.622608 0.000006 0.063149 0.061255 0.094224 0.078467 0.078361 
0.002965 0.648685 0.000006 0.057733 0.069113 0.072122 0.074802 0.074573 
0.000572 0.631153 0.000006 0.066510 0.060496 0.088477 0.077110 0.075677 
0.001889 0.616054 0.000006 0.057779 0.064289 0.093469 0.083315 0.083198 
0.002399 0.616586 0.000006 0.063302 0.063830 0.093401 0.080418 0.080056 
0.003913 0.630146 0.000503 0.059009 0.060622 0.089036 0.078356 0.078415 
0.001478 0.629155 0.000006 0.060528 0.067287 0.091485 0.075079 0.074983 
0.001018 0.630168 0.000006 0.064135 0.061177 0.095303 0.074118 0.074074 
0.001016 0.653180 0.000006 0.054254 0.059636 0.078851 0.076626 0.076430 
0.001465 0.627141 0.001504 0.059161 0.063760 0.093451 0.076785 0.076734 
0.003426 0.634649 0.001004 0.061796 0.070863 0.072579 0.077890 0.077793 
0.002907 0.628604 0.000503 0.054152 0.068796 0.086034 0.079624 0.079381 
0.000979 0.621099 0.000006 0.067367 0.069338 0.081552 0.079886 0.079774 
0.001458 0.619126 0.000503 0.061220 0.063423 0.100321 0.077048 0.076902 
0.004347 0.623544 0.000502 0.056451 0.065799 0.078830 0.085453 0.085074 
0.002450 0.639167 0.001004 0.060261 0.059142 0.085557 0.076266 0.076152 
0.002902 0.632110 0.000006 0.060986 0.059920 0.082859 0.080698 0.080518 
0.003465 0.629200 0.000006 0.072198 0.068570 0.080823 0.072803 0.072935 
0.002463 0.632198 0.000503 0.076354 0.063168 0.076786 0.074183 0.074344 
0.000552 0.617117 0.000006 0.071137 0.060476 0.091620 0.079439 0.079652 
0.006429 0.634157 0.000503 0.059217 0.062621 0.081740 0.077678 0.077657 
0.001440 0.633110 0.000006 0.060434 0.057371 0.085519 0.081096 0.081023 
0.002459 0.646169 0.000006 0.054863 0.067321 0.077964 0.075781 0.075437 
0.001468 0.626131 0.001004 0.063990 0.070005 0.084699 0.076450 0.076255 
0.001926 0.629591 0.000006 0.054131 0.063084 0.092083 0.079779 0.079400 
0.003445 0.632655 0.000503 0.060529 0.067839 0.084534 0.075326 0.075171 
0.002379 0.617563 0.000006 0.057552 0.061609 0.095285 0.082908 0.082697 
0.002962 0.620676 0.000006 0.073879 0.071409 0.085818 0.072601 0.072649 
0.001909 0.629602 0.000006 0.059439 0.059768 0.085540 0.081872 0.081864 
0.002885 0.621571 0.000006 0.056189 0.066942 0.089494 0.081633 0.081279 
0.001896 0.609051 0.000502 0.066063 0.073509 0.085212 0.081961 0.081805 
0.002888 0.618605 0.000502 0.068052 0.059382 0.088536 0.080955 0.081079 
0.003878 0.616063 0.000502 0.058661 0.061909 0.096766 0.081229 0.080991 
0.001925 0.616609 0.000503 0.077532 0.071514 0.073989 0.078948 0.078980 
0.001438 0.618598 0.000502 0.064599 0.066538 0.088506 0.079917 0.079901 
0.002934 0.625166 0.000503 0.070904 0.067969 0.079918 0.076219 0.076387 
0.001480 0.634676 0.001004 0.057563 0.063368 0.091343 0.075272 0.075295 
0.001943 0.629658 0.000503 0.064465 0.071830 0.076519 0.077502 0.077581 
0.002422 0.620625 0.000503 0.067562 0.063918 0.089165 0.077886 0.077919 
0.000203 0.620623 0.000503 0.069341 0.077546 0.075839 0.078149 0.077797 
0.002944 0.637156 0.000006 0.057819 0.060806 0.089305 0.076096 0.075868 
0.004977 0.638208 0.000006 0.061945 0.059618 0.090738 0.072285 0.072223 
0.001935 0.637140 0.000006 0.059509 0.064155 0.078959 0.079224 0.079072 
0.004393 0.615598 0.000503 0.054096 0.063837 0.103591 0.079047 0.078936 
0.002867 0.615052 0.001003 0.059771 0.065427 0.089310 0.083374 0.083197 
0.000969 0.622076 0.000006 0.065485 0.067544 0.080548 0.081748 0.081624 
prostate
0.004846 0.614034 0.000006 0.059011 0.071353 0.081948 0.084521 0.084279 
0.004423 0.635162 0.000006 0.067576 0.055292 0.081701 0.077890 0.077950 
0.003398 0.628104 0.000502 0.056231 0.066004 0.085412 0.080263 0.080085 
0.000574 0.638162 0.000006 0.065718 0.066557 0.076121 0.076458 0.076404 
0.000569 0.634647 0.000006 0.061606 0.070387 0.078563 0.077147 0.077076 
0.000948 0.608523 0.000502 0.063654 0.074464 0.083711 0.084243 0.083955 
0.003485 0.651715 0.000503 0.054300 0.060522 0.084589 0.072517 0.072370 
0.004866 0.629059 0.000006 0.053717 0.068456 0.076877 0.083893 0.083126 
0.001443 0.624616 0.000502 0.061896 0.061896 0.090038 0.079864 0.079744 
0.003932 0.625650 0.000503 0.060966 0.058332 0.099069 0.075811 0.075737 
0.002450 0.623164 0.000503 0.073673 0.063879 0.086601 0.074810 0.074921 
0.003902 0.621111 0.000502 0.059730 0.063461 0.093686 0.078839 0.078768 
0.001468 0.626658 0.000006 0.064809 0.060595 0.093921 0.076224 0.076320 
0.002960 0.637177 0.000006 0.060754 0.064298 0.086367 0.074277 0.074161 
0.001930 0.636626 0.001003 0.058346 0.060811 0.081466 0.079975 0.079842 
0.002903 0.632619 0.001504 0.057527 0.062875 0.081444 0.080647 0.080480 
0.004376 0.623080 0.001003 0.053830 0.063204 0.090748 0.081982 0.081777 
0.002858 0.616541 0.000502 0.059845 0.066969 0.084328 0.084605 0.084352 
0.001940 0.632148 0.000503 0.067419 0.071968 0.069400 0.078289 0.078333 
0.003360 0.624056 0.000502 0.057119 0.062737 0.083560 0.084431 0.084234 
0.004387 0.628085 0.000006 0.054279 0.068287 0.082695 0.081271 0.080991 
0.002938 0.619637 0.000006 0.064554 0.061987 0.100960 0.075038 0.074879 
0.005421 0.618645 0.001004 0.069322 0.065617 0.086035 0.076936 0.077021 
0.001013 0.638175 0.000503 0.065672 0.061960 0.081022 0.075827 0.075829 
0.002418 0.632630 0.000006 0.062320 0.063006 0.080612 0.079538 0.079470 
0.001936 0.626119 0.000502 0.059089 0.062773 0.093676 0.078011 0.077894 
0.004453 0.636180 0.000503 0.060872 0.066279 0.082329 0.074727 0.074657 
0.001431 0.628603 0.000006 0.065288 0.059481 0.081259 0.081950 0.081981 
0.004961 0.634688 0.000006 0.064324 0.064342 0.083934 0.073873 0.073872 
0.000569 0.630154 0.000006 0.065194 0.060322 0.089875 0.076905 0.076975 
0.004924 0.621652 0.000006 0.065745 0.066240 0.088264 0.076532 0.076637 
0.000201 0.622603 0.000006 0.068397 0.067135 0.081868 0.079907 0.079882 
0.003423 0.635646 0.000006 0.055976 0.062787 0.086255 0.077990 0.077918 
0.003373 0.626563 0.000502 0.053553 0.063569 0.086631 0.083121 0.082689 
0.002499 0.648722 0.000006 0.058591 0.059793 0.088406 0.071088 0.070896 
0.000980 0.624589 0.000006 0.065419 0.072245 0.076658 0.080190 0.079913 
0.001882 0.609547 0.000502 0.064305 0.065865 0.090424 0.083759 0.083716 
0.002965 0.651702 0.000503 0.053182 0.059614 0.082387 0.074890 0.074757 
0.003465 0.640206 0.000006 0.065916 0.064793 0.077937 0.073816 0.073862 
0.001000 0.636648 0.000006 0.054263 0.065032 0.087749 0.077685 0.077618 
0.003499 0.639235 0.000006 0.067521 0.068244 0.081895 0.069793 0.069807 
0.002440 0.644158 0.000006 0.058568 0.062659 0.076394 0.078080 0.077694 
0.001943 0.618133 0.001504 0.067808 0.068120 0.089533 0.076487 0.076471 
0.003899 0.626615 0.000502 0.060208 0.064221 0.084904 0.079850 0.079801 
0.005412 0.620609 0.000006 0.063692 0.073395 0.080833 0.078134 0.077920 
0.003326 0.617994 0.001003 0.051966 0.067309 0.082985 0.087944 0.087472 
0.000018 0.606017 0.000006 0.067514 0.076195 0.078562 0.085869 0.085817 
0.002431 0.626138 0.000503 0.070348 0.066089 0.079299 0.077584 0.077609 
0.001466 0.633132 0.000006 0.060137 0.061786 0.089014 0.077324 0.077135 
0.004458 0.635666 0.000006 0.058895 0.069678 0.083188 0.074161 0.073950 
0.002903 0.609098 0.001003 0.068556 0.068162 0.093415 0.078446 0.078416 
0.003916 0.616121 0.000503 0.062853 0.064568 0.098426 0.076859 0.076754 
0.005406 0.621118 0.000502 0.065589 0.066244 0.083660 0.078828 0.078653 
0.002404 0.630590 0.001003 0.057399 0.063857 0.082425 0.081307 0.081016 
0.001484 0.633165 0.000006 0.064825 0.062704 0.088428 0.074774 0.074613 
0.001009 0.643651 0.000503 0.050580 0.062139 0.088380 0.076994 0.076744 
0.003408 0.632116 0.001003 0.051776 0.061465 0.091559 0.079463 0.079210 
0.004944 0.616660 0.001004 0.066845 0.063076 0.099501 0.074014 0.073958 
0.001415 0.623552 0.000502 0.058426 0.067838 0.080625 0.083961 0.083680 
0.001887 0.614040 0.000006 0.061317 0.067616 0.088217 0.083572 0.083346 
0.000970 0.622092 0.000502 0.059626 0.061163 0.092480 0.081627 0.081541 
0.003939 0.627660 0.000006 0.058276 0.064408 0.095451 0.075145 0.075114 
0.004479 0.639206 0.000503 0.064969 0.059013 0.087595 0.072170 0.072065 
0.004434 0.640649 0.000006 0.058093 0.064740 0.077600 0.077382 0.077097 
0.002972 0.631216 0.000006 0.078604 0.065270 0.076648 0.072523 0.072761 
0.001463 0.617145 0.000006 0.077391 0.066578 0.084798 0.076224 0.076395 
0.001069 0.651796 0.000503 0.069020 0.052088 0.089503 0.067860 0.068161 
0.001949 0.626144 0.000006 0.067824 0.071552 0.079700 0.076494 0.076330 
0.002915 0.631634 0.000006 0.066451 0.063771 0.076784 0.079240 0.079200 
0.004455 0.630176 0.000503 0.060342 0.064123 0.092710 0.073893 0.073799 
0.001925 0.640107 0.000006 0.050199 0.057077 0.089480 0.080736 0.080470 
0.002850 0.603024 0.000006 0.062701 0.070589 0.092755 0.084170 0.083905 
0.002902 0.625600 0.000502 0.060165 0.066734 0.084101 0.080098 0.079897 
0.002360 0.606015 0.000006 0.062681 0.072106 0.088248 0.084599 0.083985 
0.002460 0.645195 0.000006 0.064525 0.064305 0.072109 0.075721 0.075679 
0.001902 0.631582 0.001003 0.051369 0.063802 0.084370 0.083092 0.082878 
0.001471 0.637176 0.000503 0.062500 0.054635 0.090065 0.076759 0.076892 
0.002926 0.626653 0.000503 0.066535 0.065911 0.082650 0.077349 0.077474 
0.005906 0.628621 0.000006 0.056264 0.056031 0.094819 0.079224 0.079128 
0.003476 0.633698 0.000006 0.064166 0.067743 0.087160 0.071891 0.071861 
0.001469 0.635639 0.000503 0.063903 0.073494 0.070811 0.077250 0.076931 
0.004475 0.631212 0.001504 0.068920 0.058490 0.091495 0.071901 0.072003 
0.003413 0.633145 0.000006 0.068585 0.064704 0.071555 0.079311 0.079281 
0.001465 0.630639 0.001004 0.061560 0.055440 0.095472 0.077274 0.077147 
0.005339 0.618031 0.000006 0.056735 0.075171 0.073557 0.085730 0.085430 
0.002944 0.634668 0.000503 0.057349 0.062464 0.090600 0.075758 0.075714 
0.000564 0.619624 0.001004 0.070623 0.065907 0.087808 0.077358 0.077114 
0.002419 0.638131 0.000006 0.055205 0.058674 0.086103 0.079816 0.079645 
0.004418 0.628625 0.000006 0.063013 0.071178 0.076790 0.078105 0.077864 
0.000200 0.618570 0.000502 0.056921 0.072961 0.090040 0.080534 0.080272 
0.001946 0.637142 0.000006 0.063061 0.071824 0.070273 0.077953 0.077795 
0.006420 0.626127 0.000503 0.059860 0.067324 0.083786 0.078067 0.077914 
0.002446 0.636153 0.000006 0.057903 0.065548 0.085375 0.076366 0.076203 
0.002459 0.635693 0.000006 0.072129 0.064973 0.074816 0.074916 0.075008 
0.003901 0.610111 0.000006 0.073273 0.072480 0.083757 0.078214 0.078257 
0.003941 0.635163 0.000503 0.061910 0.062728 0.083866 0.076001 0.075889 
0.001911 0.628591 0.000502 0.061090 0.062184 0.082312 0.081978 0.081432 
0.003906 0.622110 0.000006 0.057431 0.065249 0.094451 0.078506 0.078342 
0.003967 0.627694 0.000503 0.067359 0.065125 0.090667 0.072318 0.072368 
0.002936 0.621162 0.000006 0.073271 0.066776 0.084466 0.075620 0.075762 
skin
0.002476 0.628707 0.000006 0.071504 0.064891 0.088327 0.071976 0.072112 
0.004395 0.630106 0.000006 0.059228 0.060649 0.084553 0.080614 0.080449 
0.002933 0.624641 0.000006 0.073542 0.066854 0.078999 0.076532 0.076492 
0.000206 0.648143 0.000006 0.057829 0.053839 0.079402 0.080321 0.080254 
0.001393 0.620011 0.000006 0.055350 0.062135 0.087452 0.087001 0.086653 
0.003410 0.632625 0.000006 0.058906 0.057803 0.088990 0.079219 0.079040 
0.001941 0.640137 0.000006 0.060126 0.063929 0.076154 0.078961 0.078746 
0.002904 0.629115 0.001004 0.056798 0.065490 0.084485 0.080158 0.080046 
0.001965 0.626680 0.000006 0.068905 0.064548 0.089269 0.074285 0.074342 
0.001921 0.632607 0.001004 0.060996 0.062400 0.079333 0.080927 0.080813 
0.001928 0.614612 0.000503 0.068177 0.063606 0.095031 0.078078 0.078064 
0.002442 0.639656 0.000006 0.063005 0.064748 0.075559 0.077347 0.077237 
0.002465 0.653686 0.000006 0.052938 0.059947 0.079775 0.075730 0.075452 
0.003818 0.615019 0.000502 0.058262 0.054673 0.092139 0.087836 0.087751 
0.004378 0.616585 0.001004 0.066133 0.069411 0.079575 0.081524 0.081392 
0.003880 0.626087 0.000503 0.056289 0.066919 0.082677 0.081901 0.081743 
0.003936 0.633156 0.000006 0.059515 0.061104 0.089948 0.076235 0.076100 
0.002908 0.625102 0.000006 0.057285 0.066793 0.089692 0.079207 0.079006 
0.002456 0.627162 0.000006 0.064272 0.063051 0.094577 0.074268 0.074207 
0.002977 0.635697 0.000006 0.063998 0.065495 0.087628 0.072129 0.072069 
0.002401 0.624091 0.000006 0.064677 0.068652 0.078157 0.081106 0.080910 
0.002447 0.636645 0.000006 0.055963 0.065856 0.086794 0.076271 0.076017 
0.003440 0.621653 0.000006 0.070829 0.068936 0.085051 0.075049 0.075036 
0.004906 0.616606 0.000006 0.073146 0.070880 0.077466 0.078549 0.078440 
0.004422 0.625137 0.000503 0.065157 0.065453 0.084985 0.077189 0.077153 
0.001462 0.620141 0.000006 0.069957 0.066061 0.089091 0.076607 0.076675 
0.002385 0.622073 0.000006 0.055360 0.063487 0.091681 0.082594 0.082413 
0.001934 0.632127 0.000503 0.059086 0.062627 0.086037 0.078892 0.078794 
0.002440 0.631145 0.000503 0.063270 0.067448 0.081703 0.076830 0.076661 
0.001461 0.630129 0.001004 0.061252 0.062543 0.088123 0.077995 0.077493 
0.005386 0.620595 0.001004 0.058139 0.066243 0.087164 0.080801 0.080668 
0.002437 0.633150 0.000503 0.068268 0.063401 0.077322 0.077531 0.077389 
0.002909 0.609627 0.000503 0.078480 0.067355 0.085099 0.077923 0.078105 
0.004470 0.635203 0.001504 0.070957 0.065508 0.076025 0.073154 0.073178 
0.003398 0.626607 0.000503 0.060198 0.062580 0.086487 0.080288 0.079938 
0.002409 0.621095 0.000006 0.062284 0.069853 0.085149 0.079732 0.079472 
0.004887 0.631606 0.000503 0.055081 0.059874 0.085032 0.081559 0.081458 
0.004466 0.631208 0.000006 0.063553 0.057046 0.098595 0.072617 0.072509 
0.001003 0.626134 0.000006 0.064116 0.066829 0.089346 0.076344 0.076221 
0.002847 0.600521 0.000006 0.060837 0.064587 0.103041 0.084200 0.083961 
0.003912 0.626120 0.000503 0.060333 0.073318 0.079134 0.078410 0.078269 
0.002412 0.636625 0.000006 0.060800 0.059665 0.079234 0.080673 0.080584 
0.001976 0.640187 0.000006 0.064003 0.061424 0.083912 0.074286 0.074206 
0.000573 0.635148 0.000503 0.062759 0.066956 0.081195 0.076510 0.076356 
0.002425 0.626126 0.000006 0.065451 0.066021 0.083739 0.078150 0.078082 
0.003477 0.648720 0.000006 0.061238 0.059633 0.080694 0.073129 0.073102 
0.001010 0.621671 0.000006 0.072373 0.066515 0.089021 0.074620 0.074784 
0.005461 0.632677 0.000006 0.055892 0.069722 0.089125 0.073640 0.073477 
0.003400 0.625101 0.000006 0.050990 0.062106 0.099745 0.079472 0.079179 
0.000582 0.643690 0.000006 0.064775 0.062252 0.078456 0.075120 0.075118 
0.000556 0.626613 0.000503 0.063860 0.059362 0.089664 0.079891 0.079552 
0.002875 0.603558 0.001004 0.064764 0.059463 0.106254 0.081075 0.081008 
0.003418 0.629134 0.000006 0.067146 0.067310 0.076397 0.078368 0.078220 
0.001474 0.630166 0.000006 0.073025 0.068239 0.075236 0.075899 0.075955 
0.003406 0.628127 0.000503 0.063134 0.062623 0.083419 0.079428 0.079360 
0.002389 0.629579 0.000503 0.060230 0.060150 0.081154 0.083096 0.082900 
0.002950 0.636180 0.000006 0.063423 0.066014 0.080652 0.075370 0.075405 
0.002450 0.647157 0.000006 0.052943 0.066440 0.077281 0.077023 0.076701 
0.001461 0.625131 0.000006 0.061604 0.068037 0.089566 0.077130 0.077063 
0.001420 0.613058 0.000006 0.057906 0.063213 0.100538 0.082032 0.081826 
0.002952 0.635200 0.000503 0.062401 0.060493 0.088596 0.074831 0.075025 
0.001463 0.624156 0.000503 0.064904 0.066148 0.089090 0.076786 0.076951 
0.002389 0.637598 0.000006 0.059437 0.061756 0.071269 0.083830 0.083716 
0.000219 0.632175 0.000503 0.066662 0.062442 0.090534 0.073744 0.073722 
0.004408 0.623107 0.001004 0.059837 0.065111 0.089636 0.078591 0.078306 
0.001946 0.632647 0.000006 0.066873 0.067905 0.075717 0.077480 0.077425 
0.002911 0.643129 0.001504 0.052572 0.067014 0.071530 0.080782 0.080559 
0.000994 0.641623 0.000006 0.058108 0.065345 0.075497 0.079342 0.079084 
0.002954 0.622661 0.000006 0.071105 0.075975 0.079979 0.073727 0.073593 
0.002924 0.631630 0.000503 0.054822 0.065324 0.089221 0.077899 0.077677 
0.001488 0.642176 0.000503 0.054254 0.059995 0.091945 0.074881 0.074758 
0.001036 0.648694 0.000503 0.058213 0.067452 0.078260 0.073038 0.072804 
0.002417 0.608108 0.000503 0.072728 0.070670 0.090583 0.077547 0.077445 
0.002990 0.647729 0.000006 0.064832 0.059196 0.081670 0.071793 0.071785 
0.001941 0.623624 0.000503 0.064666 0.067932 0.086749 0.076587 0.077998 
0.003966 0.636707 0.000503 0.063824 0.068068 0.080297 0.073280 0.073356 
0.001475 0.641164 0.000006 0.058995 0.061732 0.083168 0.076789 0.076672 
0.000984 0.629130 0.000503 0.060721 0.063767 0.085317 0.079758 0.079820 
0.002919 0.614109 0.000503 0.075082 0.074408 0.078569 0.077509 0.076901 
0.002981 0.635214 0.000006 0.066018 0.059295 0.093396 0.071516 0.071574 
0.002375 0.628556 0.001504 0.053912 0.060946 0.083515 0.084718 0.084474 
0.001923 0.626108 0.001004 0.059658 0.064544 0.086997 0.080068 0.079698 
0.004416 0.623133 0.000006 0.065883 0.061053 0.090396 0.077609 0.077503 
0.001895 0.628545 0.000006 0.055436 0.066909 0.079573 0.084029 0.083607 
0.003377 0.605562 0.000006 0.062004 0.060384 0.108058 0.080373 0.080235 
0.001458 0.619137 0.000503 0.071643 0.065181 0.087642 0.077197 0.077240 
0.004467 0.634201 0.000006 0.064571 0.060303 0.090685 0.072869 0.072897 
0.003396 0.630609 0.000006 0.061188 0.064353 0.078934 0.080995 0.080519 
0.001462 0.631647 0.000503 0.065263 0.067644 0.077882 0.077845 0.077753 
0.001490 0.639689 0.000006 0.061846 0.060466 0.087627 0.074456 0.074420 
0.001020 0.646174 0.000503 0.061500 0.068346 0.071794 0.075413 0.075249 
0.001424 0.622581 0.000503 0.059200 0.064750 0.086647 0.082471 0.082426 
0.004469 0.647704 0.000006 0.060122 0.065231 0.074349 0.074121 0.073997 
0.002951 0.635687 0.000006 0.065431 0.063235 0.082408 0.075102 0.075179 
0.004436 0.645668 0.000006 0.060056 0.058239 0.076686 0.077508 0.077400 
0.002903 0.627607 0.000006 0.060298 0.063638 0.085436 0.080125 0.079988 
0.002473 0.631694 0.000006 0.067614 0.062991 0.089758 0.072717 0.072746 
0.001464 0.630139 0.000006 0.066627 0.064557 0.082622 0.077325 0.077258 
0.003911 0.619619 0.000006 0.063857 0.065990 0.091154 0.077777 0.077687 
0.002465 0.639668 0.000006 0.053718 0.063717 0.092137 0.074273 0.074016 
stomach
0.003934 0.621150 0.001004 0.060548 0.064997 0.097445 0.075439 0.075484 
0.002414 0.618623 0.000503 0.068336 0.064112 0.088027 0.078917 0.079067 
0.002418 0.622129 0.000503 0.070933 0.067576 0.078450 0.078921 0.079070 
0.002890 0.612585 0.000503 0.064806 0.058362 0.100307 0.080348 0.080199 
0.002932 0.639155 0.000007 0.060455 0.060892 0.080632 0.077956 0.077971 
0.003921 0.626143 0.000007 0.064311 0.061514 0.089338 0.077341 0.077424 
0.004421 0.617626 0.000007 0.062125 0.070172 0.092495 0.076588 0.076566 
0.003965 0.635190 0.000504 0.065532 0.065893 0.081810 0.073521 0.073586 
0.000577 0.629179 0.000504 0.068793 0.065430 0.084635 0.075334 0.075548 
0.002467 0.639194 0.000007 0.060793 0.055107 0.094204 0.074066 0.074161 
0.002967 0.622688 0.000504 0.066870 0.059810 0.103125 0.071957 0.072079 
0.003472 0.639210 0.000007 0.067162 0.056006 0.088139 0.072952 0.073052 
0.002893 0.622092 0.000503 0.059194 0.063518 0.089968 0.080915 0.080917 
0.005431 0.623631 0.000007 0.065425 0.070497 0.082189 0.076480 0.076340 
0.001474 0.618174 0.000007 0.076211 0.064005 0.090274 0.074786 0.075069 
0.004432 0.623151 0.001004 0.064404 0.066241 0.088732 0.075986 0.076048 
0.003921 0.628624 0.000007 0.059633 0.062996 0.089644 0.077637 0.077537 
0.004368 0.631080 0.001004 0.051441 0.058902 0.085861 0.083792 0.083552 
0.003946 0.633670 0.001005 0.062911 0.063645 0.083911 0.075434 0.075479 
0.001444 0.616593 0.000007 0.064239 0.066922 0.092645 0.079129 0.079020 
0.001479 0.637661 0.000007 0.062481 0.064576 0.081680 0.076066 0.076048 
0.004436 0.634137 0.000007 0.063184 0.069683 0.075197 0.076848 0.076509 
0.003407 0.629618 0.000007 0.059005 0.060896 0.088168 0.079458 0.079442 
0.003416 0.637637 0.000007 0.054235 0.061448 0.085047 0.079166 0.079045 
0.002374 0.605066 0.000503 0.066924 0.058856 0.101113 0.082471 0.082693 
0.001966 0.643672 0.000007 0.063377 0.059701 0.079175 0.076096 0.076005 
0.002940 0.623160 0.000504 0.063962 0.058840 0.099991 0.075216 0.075387 
0.000985 0.626612 0.000007 0.063644 0.066746 0.082598 0.079708 0.079699 
0.003494 0.632228 0.000007 0.074066 0.068036 0.082068 0.069957 0.070144 
0.004404 0.626607 0.000503 0.055899 0.067974 0.085999 0.079399 0.079215 
0.002468 0.638190 0.001005 0.068587 0.060631 0.080542 0.074352 0.074226 
0.003875 0.607084 0.000503 0.070213 0.069354 0.086871 0.080985 0.081114 
0.001913 0.619095 0.000007 0.065404 0.073967 0.078279 0.080642 0.080693 
0.001933 0.615624 0.000007 0.073501 0.068573 0.084651 0.077779 0.077932 
0.004400 0.630625 0.000007 0.058106 0.058340 0.088426 0.080012 0.080084 
0.001509 0.638713 0.000504 0.066450 0.063085 0.085845 0.072026 0.071868 
0.002969 0.641696 0.000007 0.061571 0.066403 0.079695 0.073815 0.073844 
0.002399 0.615589 0.000007 0.060701 0.065999 0.094620 0.080365 0.080320 
0.003894 0.616603 0.000007 0.060352 0.064198 0.096018 0.079492 0.079436 
0.001009 0.627647 0.000007 0.064377 0.061310 0.094224 0.075749 0.075676 
0.001908 0.618085 0.000007 0.058218 0.066188 0.093260 0.081152 0.081182 
0.001926 0.629123 0.001004 0.061536 0.059576 0.086790 0.079999 0.080048 
0.002397 0.618076 0.000007 0.060152 0.071884 0.085597 0.081019 0.080867 
0.002881 0.629080 0.000007 0.053255 0.063537 0.085571 0.082881 0.082786 
0.005411 0.642148 0.000007 0.053526 0.061183 0.077645 0.080027 0.080053 
0.002409 0.618093 0.001004 0.065633 0.071357 0.082085 0.079726 0.079692 
0.005404 0.617111 0.000007 0.062987 0.066808 0.090536 0.078562 0.078585 
0.000996 0.621647 0.000007 0.070896 0.067824 0.084171 0.077136 0.077323 
0.002418 0.610611 0.000503 0.072756 0.074503 0.083432 0.077845 0.077932 
0.002395 0.623092 0.001004 0.065850 0.065104 0.078575 0.082084 0.081896 
0.000962 0.628084 0.000503 0.058437 0.057227 0.086910 0.083888 0.083989 
0.002924 0.629124 0.000007 0.067056 0.069119 0.075610 0.078908 0.077252 
0.001428 0.606077 0.001004 0.073100 0.070245 0.086731 0.080695 0.080720 
0.000204 0.612598 0.000007 0.066431 0.072256 0.090612 0.078894 0.078997 
0.004402 0.613613 0.000007 0.072230 0.073368 0.078950 0.078728 0.078703 
0.002899 0.619620 0.000503 0.069163 0.064388 0.082992 0.080131 0.080304 
0.003428 0.632652 0.000007 0.068015 0.069285 0.071144 0.077723 0.077746 
0.002908 0.625110 0.000503 0.063039 0.071970 0.077478 0.079526 0.079467 
0.003951 0.624173 0.001005 0.068712 0.069292 0.084698 0.074059 0.074109 
0.004445 0.631678 0.000007 0.066819 0.066051 0.080047 0.075399 0.075553 
0.000595 0.643705 0.000504 0.061616 0.060266 0.087249 0.073011 0.073056 
0.002462 0.643689 0.000007 0.060760 0.064008 0.078433 0.075305 0.075336 
0.002973 0.642196 0.000504 0.059987 0.061600 0.085932 0.073401 0.073408 
0.001494 0.636683 0.000504 0.065675 0.063576 0.084024 0.074122 0.073923 
0.002989 0.632717 0.000504 0.069828 0.068196 0.084199 0.070742 0.070826 
0.000969 0.622075 0.000007 0.062680 0.066252 0.083976 0.082182 0.081859 
0.001434 0.626119 0.000007 0.065101 0.060201 0.084004 0.081453 0.081681 
0.003480 0.653716 0.000007 0.057070 0.062239 0.076559 0.073507 0.073421 
0.001891 0.611057 0.000007 0.065288 0.072753 0.083105 0.082946 0.082953 
0.003421 0.632619 0.000007 0.056957 0.067001 0.083654 0.077503 0.078839 
0.003435 0.632146 0.000007 0.062408 0.073535 0.075249 0.076643 0.076577 
0.002887 0.625589 0.001004 0.060560 0.064812 0.080877 0.082161 0.082111 
0.001490 0.622187 0.000504 0.070007 0.064219 0.095586 0.072876 0.073132 
0.000215 0.633171 0.000007 0.068865 0.065629 0.081491 0.075257 0.075364 
0.003345 0.610523 0.000007 0.062993 0.070865 0.082031 0.085191 0.085046 
0.007443 0.624657 0.000007 0.063532 0.062982 0.089478 0.075938 0.075963 
0.002953 0.624673 0.000007 0.064928 0.063580 0.096083 0.073833 0.073942 
0.002448 0.633658 0.001004 0.062428 0.071230 0.076721 0.076300 0.076211 
0.002411 0.617596 0.000007 0.062770 0.068122 0.090871 0.079150 0.079073 
0.005389 0.618598 0.000007 0.062497 0.067081 0.085659 0.080385 0.080383 
0.001469 0.622660 0.000503 0.068968 0.058506 0.095858 0.075881 0.076154 
0.000201 0.627601 0.000007 0.065432 0.067433 0.077170 0.081065 0.081091 
0.003454 0.614673 0.000007 0.077169 0.068921 0.089824 0.072877 0.073075 
0.001960 0.625149 0.000504 0.057466 0.065789 0.099453 0.074852 0.074828 
0.001466 0.630655 0.000503 0.066615 0.064589 0.081499 0.077278 0.077394 
0.002402 0.618089 0.000007 0.065452 0.067223 0.086084 0.080426 0.080317 
0.002922 0.624124 0.000007 0.057239 0.057470 0.103584 0.077383 0.077271 
0.000963 0.618077 0.000007 0.066847 0.061565 0.087087 0.082680 0.082774 
0.003459 0.636185 0.000007 0.065687 0.063428 0.082749 0.074222 0.074262 
0.001917 0.635609 0.000503 0.057294 0.061448 0.079740 0.081743 0.081744 
0.002950 0.634172 0.000504 0.064115 0.068856 0.078610 0.075367 0.075426 
0.002004 0.638226 0.000007 0.066811 0.065666 0.086096 0.070540 0.070649 
0.006496 0.641715 0.000504 0.056270 0.063288 0.089117 0.071327 0.071283 
0.001455 0.626111 0.000007 0.054812 0.066965 0.094238 0.078291 0.078121 
0.000562 0.626608 0.000503 0.064889 0.068845 0.081312 0.078695 0.078586 
0.003452 0.638696 0.000007 0.066733 0.065782 0.074510 0.075327 0.075493 
0.002943 0.630159 0.000007 0.059452 0.066879 0.089413 0.075559 0.075588 
0.001466 0.627127 0.000007 0.055093 0.065997 0.096938 0.076882 0.076490 
0.001860 0.608990 0.000007 0.062421 0.070919 0.081903 0.087129 0.086770 
0.003456 0.631195 0.001005 0.064996 0.062763 0.088379 0.074054 0.074153 
10.302 10.504 9.25722 10.2576 10.5307 10.5453 7.92001 10.5394 
0.159677 0.18138 0.111981 0.171678 0.172274 0.173373 0.168894 0.173 
0.06085 0.06085 0.06085 0.06085 0.06085 0.06085 0.06085 0.06085 0.0841409 0.0699862 0.267054 0.0694765 0.06085 0.06085 0.06085 0.06085 0.06085 0.06085 0.0828507 0.06085 0.06085 0.06085 0.06085 0.06085 0.0685372 0.0834449 0.06085 0.134804 0.06085 0.06085 0.06085 0.06085 0.06085 0.06085 0.216212 0.06085 0.06085 0.06085 0.06085 0.06085 0.06085 0.06085 0.086169 0.06085 0.06085 0.06085 0.06085 0.06085 0.06085 0.06085 0.06085 0.06085 0.06085 0.06085 0.06085 0.06085 0.176765 0.172935 0.142514 0.123239 0.06085 0.06085 0.06085 0.06085 0.06085 0.06085 0.06085 0.06085 0.06085 0.06085 0.06085 0.06085 0.06085 0.06085 0.06085 0.06085 0.06085 0.06085 0.06085 0.06085 0.06085 0.06085 0.0923535 0.06085 0.06085 0.06085 0.06085 0.06085 0.06085 0.06085 0.06085 0.06085 0.06085 0.06085 0.06085 0.06085 
