-1601931.861058
0
0.009461 0.009461 0.009461 0.009461 0.009461 0.009461 0.009461 0.009461 0.011094 0.010441 0.023981 0.010378 0.009461 0.009461 0.009461 0.009461 0.009461 0.009461 0.010724 0.009461 0.009461 0.009461 0.009461 0.009461 0.010262 0.011915 0.009461 0.011711 0.009461 0.009461 0.009461 0.009461 0.009461 0.009461 0.030946 0.009461 0.009461 0.009461 0.009461 0.009461 0.009461 0.009461 0.012217 0.009461 0.009461 0.009461 0.009461 0.009461 0.009461 0.009461 0.009461 0.009461 0.009461 0.009461 0.009461 0.009461 0.017276 0.019491 0.026619 0.013744 0.009461 0.009461 0.009461 0.009461 0.009461 0.009461 0.009461 0.009461 0.009461 0.009461 0.009461 0.009461 0.009461 0.009461 0.009461 0.009461 0.009461 0.009461 0.009461 0.009461 0.009461 0.009461 0.012857 0.009461 0.009461 0.009461 0.009461 0.009461 0.009461 0.009461 0.009461 0.009461 0.009461 0.009461 0.009461 0.009461 
0.000000 0.000000 0.000000 0.000000 0.000000 0.000000 0.000000 0.000000 0.000000 0.000000 0.002161 0.000009 0.000000 0.000000 0.000000 0.000000 0.000000 0.000000 0.000083 0.000000 0.000000 0.000000 0.000000 0.000000 0.000004 0.000000 0.000000 0.000000 0.000000 0.000000 0.000000 0.000000 0.000000 0.000000 0.033338 0.000000 0.000000 0.000000 0.000000 0.000000 0.000000 0.000000 0.000070 0.000000 0.000000 0.000000 0.000000 0.000000 0.000000 0.000000 0.000000 0.000000 0.000000 0.000000 0.000000 0.000000 0.000589 0.024594 0.935838 0.003010 0.000000 0.000000 0.000000 0.000000 0.000000 0.000000 0.000000 0.000000 0.000000 0.000000 0.000000 0.000000 0.000000 0.000000 0.000000 0.000000 0.000000 0.000000 0.000000 0.000000 0.000000 0.000000 0.000276 0.000000 0.000000 0.000000 0.000000 0.000000 0.000000 0.000000 0.000000 0.000000 0.000000 0.000000 0.000000 0.000000 
0.000001 0.000001 0.000001 0.000001 0.000001 0.000001 0.000001 0.000001 0.003058 0.000001 0.015798 0.000001 0.000001 0.000001 0.000001 0.000001 0.000001 0.000001 0.000001 0.000001 0.000001 0.000001 0.000001 0.000001 0.000001 0.000001 0.000001 0.000001 0.000001 0.000001 0.000001 0.000001 0.000001 0.000001 0.750881 0.000001 0.000001 0.000001 0.000001 0.000001 0.000001 0.000001 0.000001 0.000001 0.000001 0.000001 0.000001 0.000001 0.000001 0.000001 0.000001 0.000001 0.000001 0.000001 0.000001 0.000001 0.000002 0.003986 0.226180 0.000002 0.000001 0.000001 0.000001 0.000001 0.000001 0.000001 0.000001 0.000001 0.000001 0.000001 0.000001 0.000001 0.000001 0.000001 0.000001 0.000001 0.000001 0.000001 0.000001 0.000001 0.000001 0.000001 0.000001 0.000001 0.000001 0.000001 0.000001 0.000001 0.000001 0.000001 0.000001 0.000001 0.000001 0.000001 0.000001 0.000001 
0.000001 0.000001 0.000001 0.000001 0.000001 0.000001 0.000001 0.000001 0.000001 0.000001 0.999436 0.000001 0.000001 0.000001 0.000001 0.000001 0.000001 0.000001 0.000001 0.000001 0.000001 0.000001 0.000001 0.000001 0.000001 0.000364 0.000001 0.000001 0.000001 0.000001 0.000001 0.000001 0.000001 0.000001 0.000080 0.000001 0.000001 0.000001 0.000001 0.000001 0.000001 0.000001 0.000001 0.000001 0.000001 0.000001 0.000001 0.000001 0.000001 0.000001 0.000001 0.000001 0.000001 0.000001 0.000001 0.000001 0.000002 0.000006 0.000021 0.000001 0.000001 0.000001 0.000001 0.000001 0.000001 0.000001 0.000001 0.000001 0.000001 0.000001 0.000001 0.000001 0.000001 0.000001 0.000001 0.000001 0.000001 0.000001 0.000001 0.000001 0.000001 0.000001 0.000001 0.000001 0.000001 0.000001 0.000001 0.000001 0.000001 0.000001 0.000001 0.000001 0.000001 0.000001 0.000001 0.000001 
0.000001 0.000001 0.000001 0.000001 0.000001 0.000001 0.000001 0.000001 0.000001 0.000001 0.453097 0.000001 0.000001 0.000001 0.000001 0.000001 0.000001 0.000001 0.000001 0.000001 0.000001 0.000001 0.000001 0.000001 0.000001 0.000056 0.000001 0.112204 0.000001 0.000001 0.000001 0.000001 0.000001 0.000001 0.000003 0.000001 0.000001 0.000001 0.000001 0.000001 0.000001 0.000001 0.000001 0.000001 0.000001 0.000001 0.000001 0.000001 0.000001 0.000001 0.000001 0.000001 0.000001 0.000001 0.000001 0.000001 0.000002 0.434553 0.000003 0.000001 0.000001 0.000001 0.000001 0.000001 0.000001 0.000001 0.000001 0.000001 0.000001 0.000001 0.000001 0.000001 0.000001 0.000001 0.000001 0.000001 0.000001 0.000001 0.000001 0.000001 0.000001 0.000001 0.000001 0.000001 0.000001 0.000001 0.000001 0.000001 0.000001 0.000001 0.000001 0.000001 0.000001 0.000001 0.000001 0.000001 
0.000008 0.000008 0.000008 0.000008 0.000008 0.000008 0.000008 0.000008 0.000010 0.000009 0.000022 0.000009 0.000008 0.000008 0.000008 0.000008 0.000008 0.000008 0.000009 0.000008 0.000008 0.000008 0.000008 0.000008 0.000009 0.000011 0.000008 0.000010 0.000008 0.000008 0.000008 0.000008 0.000008 0.000008 0.001707 0.000008 0.000008 0.000008 0.000008 0.000008 0.000008 0.000008 0.004798 0.000008 0.000008 0.000008 0.000008 0.000008 0.000008 0.000008 0.000008 0.000008 0.000008 0.000008 0.000008 0.000008 0.954295 0.000021 0.000554 0.000012 0.000008 0.000008 0.000008 0.000008 0.000008 0.000008 0.000008 0.000008 0.000008 0.000008 0.000008 0.000008 0.000008 0.000008 0.000008 0.000008 0.000008 0.000008 0.000008 0.000008 0.000008 0.000008 0.037845 0.000008 0.000008 0.000008 0.000008 0.000008 0.000008 0.000008 0.000008 0.000008 0.000008 0.000008 0.000008 0.000008 
0.009461 0.009461 0.009461 0.009461 0.009461 0.009461 0.009461 0.009461 0.011094 0.010441 0.023981 0.010378 0.009461 0.009461 0.009461 0.009461 0.009461 0.009461 0.010724 0.009461 0.009461 0.009461 0.009461 0.009461 0.010262 0.011915 0.009461 0.011711 0.009461 0.009461 0.009461 0.009461 0.009461 0.009461 0.030946 0.009461 0.009461 0.009461 0.009461 0.009461 0.009461 0.009461 0.012217 0.009461 0.009461 0.009461 0.009461 0.009461 0.009461 0.009461 0.009461 0.009461 0.009461 0.009461 0.009461 0.009461 0.017276 0.019491 0.026619 0.013744 0.009461 0.009461 0.009461 0.009461 0.009461 0.009461 0.009461 0.009461 0.009461 0.009461 0.009461 0.009461 0.009461 0.009461 0.009461 0.009461 0.009461 0.009461 0.009461 0.009461 0.009461 0.009461 0.012857 0.009461 0.009461 0.009461 0.009461 0.009461 0.009461 0.009461 0.009461 0.009461 0.009461 0.009461 0.009461 0.009461 
0.006909 0.006909 0.006909 0.006909 0.006909 0.006909 0.006909 0.006909 0.008101 0.276947 0.017576 0.007578 0.006909 0.006909 0.006909 0.006909 0.006909 0.006909 0.007831 0.006909 0.006909 0.006909 0.006909 0.006909 0.007494 0.008701 0.006909 0.008552 0.006909 0.006909 0.006909 0.006909 0.006909 0.006909 0.022825 0.006909 0.006909 0.006909 0.006909 0.006909 0.006909 0.006909 0.008921 0.006909 0.006909 0.006909 0.006909 0.006909 0.006909 0.006909 0.006909 0.006909 0.006909 0.006909 0.006909 0.006909 0.012625 0.014255 0.019555 0.010038 0.006909 0.006909 0.006909 0.006909 0.006909 0.006909 0.006909 0.006909 0.006909 0.006909 0.006909 0.006909 0.006909 0.006909 0.006909 0.006909 0.006909 0.006909 0.006909 0.006909 0.006909 0.006909 0.009388 0.006909 0.006909 0.006909 0.006909 0.006909 0.006909 0.006909 0.006909 0.006909 0.006909 0.006909 0.006909 0.006909 
0.000034 0.000034 0.000034 0.000034 0.000034 0.000034 0.000034 0.000034 0.000039 0.000037 0.000087 0.000037 0.000034 0.000034 0.000034 0.000034 0.000034 0.000034 0.000038 0.000034 0.000034 0.000034 0.000034 0.000034 0.000036 0.000042 0.000034 0.000042 0.000034 0.000034 0.000034 0.000034 0.000034 0.000034 0.001185 0.000034 0.000034 0.000034 0.000034 0.000034 0.000034 0.000034 0.000043 0.000034 0.000034 0.000034 0.000034 0.000034 0.000034 0.000034 0.000034 0.000034 0.000034 0.000034 0.000034 0.000034 0.000062 0.000070 0.000099 0.995415 0.000034 0.000034 0.000034 0.000034 0.000034 0.000034 0.000034 0.000034 0.000034 0.000034 0.000034 0.000034 0.000034 0.000034 0.000034 0.000034 0.000034 0.000034 0.000034 0.000034 0.000034 0.000034 0.000046 0.000034 0.000034 0.000034 0.000034 0.000034 0.000034 0.000034 0.000034 0.000034 0.000034 0.000034 0.000034 0.000034 
0.000002 0.000002 0.000002 0.000002 0.000002 0.000002 0.000002 0.000002 0.000002 0.000002 0.000005 0.000002 0.000002 0.000002 0.000002 0.000002 0.000002 0.000002 0.000002 0.000002 0.000002 0.000002 0.000002 0.000002 0.000002 0.000002 0.000002 0.000002 0.000002 0.000002 0.000002 0.000002 0.000002 0.000002 0.999802 0.000002 0.000002 0.000002 0.000002 0.000002 0.000002 0.000002 0.000002 0.000002 0.000002 0.000002 0.000002 0.000002 0.000002 0.000002 0.000002 0.000002 0.000002 0.000002 0.000002 0.000002 0.000004 0.000004 0.000006 0.000003 0.000002 0.000002 0.000002 0.000002 0.000002 0.000002 0.000002 0.000002 0.000002 0.000002 0.000002 0.000002 0.000002 0.000002 0.000002 0.000002 0.000002 0.000002 0.000002 0.000002 0.000002 0.000002 0.000003 0.000002 0.000002 0.000002 0.000002 0.000002 0.000002 0.000002 0.000002 0.000002 0.000002 0.000002 0.000002 0.000002 
0.000000 0.000000 0.000000 0.000000 0.000000 0.000000 0.000000 0.000000 0.000000 0.000000 0.000001 0.000000 0.000000 0.000000 0.000000 0.000000 0.000000 0.000000 0.000000 0.000000 0.000000 0.000000 0.000000 0.000000 0.000000 0.000000 0.000000 0.000000 0.000000 0.000000 0.000000 0.000000 0.000000 0.000000 0.000001 0.000000 0.000000 0.000000 0.000000 0.000000 0.000000 0.000000 0.000000 0.000000 0.000000 0.000000 0.000000 0.000000 0.000000 0.000000 0.000000 0.000000 0.000000 0.000000 0.000000 0.000000 0.000001 0.000001 0.999969 0.000000 0.000000 0.000000 0.000000 0.000000 0.000000 0.000000 0.000000 0.000000 0.000000 0.000000 0.000000 0.000000 0.000000 0.000000 0.000000 0.000000 0.000000 0.000000 0.000000 0.000000 0.000000 0.000000 0.000000 0.000000 0.000000 0.000000 0.000000 0.000000 0.000000 0.000000 0.000000 0.000000 0.000000 0.000000 0.000000 0.000000 
0.000009 0.000009 0.000009 0.000009 0.000009 0.000009 0.000009 0.000009 0.000010 0.000009 0.000022 0.000009 0.000009 0.000009 0.000009 0.000009 0.000009 0.000009 0.000010 0.000009 0.000009 0.000009 0.000009 0.000009 0.000009 0.000011 0.000009 0.000011 0.000009 0.000009 0.000009 0.000009 0.000009 0.000009 0.000397 0.000009 0.000009 0.000009 0.000009 0.000009 0.000009 0.000009 0.000011 0.000009 0.000009 0.000009 0.000009 0.000009 0.000009 0.000009 0.000009 0.000009 0.000009 0.000009 0.000009 0.000009 0.998735 0.000018 0.000025 0.000013 0.000009 0.000009 0.000009 0.000009 0.000009 0.000009 0.000009 0.000009 0.000009 0.000009 0.000009 0.000009 0.000009 0.000009 0.000009 0.000009 0.000009 0.000009 0.000009 0.000009 0.000009 0.000009 0.000012 0.000009 0.000009 0.000009 0.000009 0.000009 0.000009 0.000009 0.000009 0.000009 0.000009 0.000009 0.000009 0.000009 
0.074720 0.087648 0.087359 0.086299 0.087382 0.086104 0.073371 0.074495 0.086490 0.081608 0.087660 0.086864 
0.072222 0.087947 0.087585 0.087583 0.087626 0.086208 0.070996 0.071093 0.086471 0.087322 0.087968 0.086980 
0.080214 0.093349 0.093052 0.093048 0.093087 0.091640 0.006547 0.080402 0.089936 0.092808 0.093376 0.092540 
0.080312 0.091043 0.090802 0.090800 0.090828 0.034507 0.079321 0.080384 0.089949 0.090604 0.091057 0.090392 
breast
0.000003 0.306282 0.089939 0.104204 0.093413 0.012896 0.000003 0.000003 0.003078 0.046651 0.329056 0.014469 
0.000003 0.290398 0.092147 0.113336 0.111753 0.014747 0.000003 0.000003 0.002126 0.049698 0.310715 0.015070 
0.000003 0.312596 0.093122 0.075329 0.114096 0.011589 0.000003 0.000003 0.003063 0.048380 0.331712 0.010102 
0.000003 0.305015 0.093702 0.098247 0.091863 0.014038 0.000003 0.000003 0.005082 0.050658 0.327121 0.014263 
0.000003 0.301704 0.090993 0.104595 0.106114 0.011596 0.000003 0.000003 0.003591 0.048379 0.322913 0.010106 
0.000003 0.294411 0.094875 0.101512 0.119916 0.011033 0.000003 0.000003 0.001138 0.053412 0.314087 0.009606 
0.000003 0.307127 0.095884 0.094253 0.096779 0.010095 0.000003 0.000003 0.005076 0.051389 0.328125 0.011262 
0.000003 0.301826 0.087027 0.104692 0.110564 0.015484 0.000003 0.000003 0.002593 0.044524 0.322765 0.010515 
0.000003 0.300244 0.098691 0.088413 0.115181 0.009322 0.000003 0.000003 0.003595 0.056752 0.318851 0.008941 
0.000003 0.302535 0.089826 0.094439 0.119309 0.010559 0.000003 0.000003 0.001604 0.047268 0.322649 0.011802 
0.000003 0.294716 0.097787 0.098703 0.115678 0.009864 0.000003 0.000003 0.003610 0.055108 0.313524 0.011000 
0.000003 0.298803 0.093411 0.093621 0.113029 0.014068 0.000003 0.000003 0.003101 0.051501 0.316650 0.015805 
0.000003 0.312508 0.090181 0.095897 0.101701 0.010283 0.000003 0.000003 0.001580 0.046317 0.333866 0.007657 
0.000003 0.302586 0.087367 0.087359 0.129506 0.011592 0.000003 0.000003 0.004088 0.043689 0.323694 0.010109 
0.000003 0.294870 0.095688 0.103440 0.110063 0.011732 0.000003 0.000003 0.002611 0.052769 0.315682 0.013137 
0.000003 0.304690 0.092197 0.096150 0.113808 0.009752 0.000003 0.000003 0.002090 0.049336 0.325150 0.006817 
0.000003 0.307680 0.092305 0.093418 0.105324 0.009787 0.000003 0.000003 0.004073 0.047698 0.330229 0.009475 
0.000003 0.310000 0.087836 0.079619 0.120647 0.014126 0.000003 0.000003 0.001587 0.044683 0.328446 0.013046 
0.000003 0.300593 0.096300 0.102473 0.101079 0.012555 0.000003 0.000003 0.003095 0.052703 0.320030 0.011162 
0.000003 0.309513 0.090498 0.097026 0.103999 0.009156 0.000003 0.000003 0.001585 0.045633 0.332383 0.010197 
0.000003 0.302646 0.093237 0.096086 0.111234 0.008925 0.000003 0.000003 0.003088 0.050547 0.324296 0.009930 
0.000003 0.299797 0.096145 0.092364 0.112730 0.011920 0.000003 0.000003 0.003597 0.052797 0.318772 0.011869 
0.000003 0.306945 0.095180 0.102336 0.094880 0.008603 0.000003 0.000003 0.002577 0.050449 0.330874 0.008144 
0.000003 0.297550 0.103166 0.094042 0.104482 0.010102 0.000003 0.000003 0.001615 0.060287 0.317484 0.011261 
0.000003 0.302969 0.096461 0.091086 0.102350 0.014694 0.000003 0.000003 0.002591 0.053991 0.322302 0.013546 
0.000003 0.295196 0.100110 0.106226 0.102264 0.010333 0.000003 0.000003 0.002114 0.057294 0.314921 0.011532 
0.000003 0.302742 0.093414 0.099141 0.105894 0.011917 0.000003 0.000003 0.001602 0.049433 0.323976 0.011869 
0.000003 0.297302 0.093328 0.115178 0.100698 0.010883 0.000003 0.000003 0.002604 0.051126 0.319559 0.009313 
0.000003 0.310606 0.088815 0.104838 0.094258 0.010730 0.000003 0.000003 0.001102 0.044974 0.334129 0.010539 
0.000003 0.305469 0.090740 0.082399 0.119036 0.013739 0.000003 0.000003 0.002087 0.047932 0.326099 0.012488 
0.000003 0.296293 0.098952 0.092748 0.118785 0.009163 0.000003 0.000003 0.002111 0.056128 0.315612 0.010197 
0.000003 0.298322 0.096995 0.099833 0.109371 0.010977 0.000003 0.000003 0.001129 0.053668 0.318891 0.010804 
0.000003 0.301367 0.095524 0.086389 0.114666 0.011966 0.000003 0.000003 0.001606 0.053226 0.321846 0.013400 
0.000003 0.305780 0.091912 0.104358 0.099994 0.009551 0.000003 0.000003 0.000650 0.048567 0.329968 0.009209 
0.000003 0.299980 0.090273 0.104230 0.112855 0.011868 0.000003 0.000003 0.003596 0.047977 0.320012 0.009198 
0.000003 0.297334 0.090245 0.099749 0.119797 0.012195 0.000003 0.000003 0.002605 0.047049 0.317342 0.013674 
0.000003 0.307991 0.091190 0.094481 0.104734 0.009857 0.000003 0.000003 0.004573 0.046602 0.329563 0.010998 
0.000003 0.309250 0.092881 0.088535 0.106261 0.010392 0.000003 0.000003 0.005070 0.048200 0.330619 0.008782 
0.000003 0.307561 0.094868 0.089113 0.098674 0.013978 0.000003 0.000003 0.002578 0.051655 0.328814 0.012750 
0.000003 0.295472 0.097116 0.106139 0.104072 0.011923 0.000003 0.000003 0.003608 0.054148 0.315643 0.011870 
0.000003 0.305824 0.093747 0.105752 0.097152 0.008365 0.000003 0.000003 0.002085 0.049116 0.330069 0.007880 
0.000003 0.298119 0.092829 0.101191 0.109542 0.013569 0.000003 0.000003 0.003102 0.050955 0.316949 0.013734 
0.000003 0.309710 0.097485 0.086541 0.095232 0.012073 0.000003 0.000003 0.003069 0.054029 0.331223 0.010628 
0.000003 0.300714 0.093392 0.096153 0.106819 0.011263 0.000003 0.000003 0.005594 0.050958 0.322496 0.012601 
0.000003 0.301834 0.092307 0.094867 0.115014 0.010561 0.000003 0.000003 0.001605 0.049808 0.322194 0.011800 
0.000003 0.301798 0.095277 0.098638 0.107400 0.009792 0.000003 0.000003 0.003590 0.051463 0.322557 0.009475 
0.000003 0.303159 0.102221 0.088357 0.100803 0.008699 0.000003 0.000504 0.003586 0.059915 0.323092 0.009656 
0.000003 0.300166 0.094993 0.100769 0.102624 0.011920 0.000003 0.000003 0.004596 0.052724 0.320330 0.011869 
0.000003 0.305398 0.081074 0.109644 0.114797 0.010254 0.000003 0.000003 0.002087 0.038256 0.328466 0.010014 
0.000003 0.303393 0.087133 0.099843 0.108135 0.014504 0.000003 0.000003 0.003087 0.044418 0.324675 0.014801 
0.000003 0.297731 0.091301 0.106204 0.109654 0.013269 0.000003 0.000003 0.002107 0.049209 0.318554 0.011960 
0.000003 0.307819 0.086205 0.092845 0.108686 0.013172 0.000003 0.000003 0.006576 0.043052 0.329646 0.011988 
0.000003 0.304970 0.092446 0.089980 0.107350 0.012898 0.000003 0.000003 0.003582 0.049639 0.324657 0.014468 
0.000003 0.310960 0.090946 0.090138 0.098518 0.013021 0.000003 0.000003 0.003564 0.047207 0.333944 0.011691 
0.000003 0.299141 0.097995 0.097087 0.106689 0.009397 0.000003 0.000003 0.002102 0.055836 0.321281 0.010462 
0.000003 0.314474 0.084860 0.089262 0.112717 0.009305 0.000003 0.000003 0.003057 0.041017 0.336352 0.008945 
0.000003 0.304113 0.094180 0.102176 0.099571 0.010329 0.000003 0.000003 0.000654 0.051274 0.326163 0.011531 
0.000003 0.297718 0.097767 0.091846 0.111534 0.012202 0.000003 0.000003 0.002108 0.056046 0.317101 0.013667 
0.000003 0.298393 0.097505 0.098774 0.106996 0.011451 0.000003 0.000003 0.002603 0.055734 0.317198 0.011335 
0.000003 0.304346 0.095145 0.094167 0.098557 0.012900 0.000003 0.000003 0.004083 0.051023 0.325302 0.014467 
0.000003 0.304406 0.096046 0.093959 0.108033 0.008694 0.000003 0.000003 0.001599 0.053294 0.324298 0.009661 
0.000003 0.303205 0.098011 0.098941 0.099434 0.009557 0.000003 0.000003 0.001118 0.055266 0.325252 0.009206 
0.000003 0.315706 0.088656 0.085859 0.101876 0.012539 0.000003 0.000003 0.001091 0.044448 0.338653 0.011162 
0.000003 0.302612 0.100048 0.093088 0.104592 0.010097 0.000003 0.000003 0.001603 0.053663 0.323025 0.011262 
0.000003 0.307640 0.087010 0.096184 0.112299 0.011673 0.000003 0.000003 0.003575 0.041473 0.328530 0.011607 
0.000003 0.305005 0.094470 0.085361 0.116815 0.009860 0.000003 0.000003 0.003083 0.050506 0.323892 0.010997 
0.000003 0.300068 0.090877 0.103538 0.112195 0.012075 0.000003 0.000003 0.001125 0.048497 0.320978 0.010636 
0.000003 0.299421 0.101905 0.097144 0.100415 0.012605 0.000003 0.000003 0.001612 0.058767 0.318142 0.009978 
0.000003 0.302108 0.090707 0.089484 0.116415 0.015008 0.000003 0.000003 0.004590 0.047055 0.322006 0.012617 
0.000003 0.307769 0.094434 0.093962 0.099352 0.012070 0.000003 0.000003 0.002576 0.048515 0.330680 0.010632 
0.000003 0.304681 0.091417 0.095357 0.103675 0.014365 0.000003 0.000003 0.003082 0.048450 0.327163 0.011799 
0.000003 0.303621 0.089233 0.109869 0.101291 0.009623 0.000003 0.000003 0.003585 0.046271 0.325762 0.010734 
0.000003 0.303606 0.087751 0.114701 0.095831 0.011912 0.000003 0.000003 0.002586 0.043460 0.328270 0.011873 
0.000003 0.296205 0.095741 0.110242 0.096141 0.013369 0.000003 0.000003 0.000668 0.053731 0.318890 0.015003 
0.000003 0.306339 0.091080 0.093174 0.103204 0.011727 0.000003 0.000003 0.006580 0.046711 0.328040 0.013134 
0.000003 0.304384 0.092832 0.094670 0.101594 0.013566 0.000003 0.000003 0.001597 0.049829 0.327786 0.013731 
0.000003 0.314042 0.088462 0.086587 0.109493 0.012019 0.000003 0.000003 0.002562 0.044635 0.334182 0.008008 
0.000003 0.302474 0.094615 0.097394 0.114565 0.008604 0.000003 0.000003 0.001603 0.049472 0.323115 0.008147 
0.000003 0.304231 0.097327 0.084894 0.113567 0.010160 0.000003 0.000003 0.002091 0.054731 0.324474 0.008516 
0.000003 0.305685 0.093266 0.093180 0.111670 0.007989 0.000003 0.000003 0.003579 0.048975 0.326783 0.008862 
0.000003 0.298530 0.098625 0.092148 0.106243 0.014143 0.000003 0.000003 0.002602 0.056851 0.317806 0.013042 
0.000003 0.299297 0.092582 0.111105 0.107219 0.007523 0.000003 0.000003 0.003098 0.050181 0.320654 0.008331 
0.000003 0.303501 0.092738 0.094127 0.103153 0.013600 0.000003 0.000003 0.002092 0.049931 0.325580 0.015269 
0.000003 0.301620 0.095751 0.089372 0.113586 0.013517 0.000003 0.000003 0.003093 0.053558 0.319929 0.009564 
0.000003 0.294285 0.094499 0.101111 0.122584 0.009394 0.000003 0.000003 0.002116 0.051721 0.313811 0.010469 
0.000003 0.297231 0.095097 0.106236 0.097099 0.014747 0.000003 0.000003 0.003102 0.051707 0.319707 0.015065 
0.000003 0.296288 0.100888 0.090896 0.113229 0.009165 0.000003 0.000003 0.004104 0.058075 0.317149 0.010195 
0.000003 0.296492 0.087303 0.115321 0.114303 0.009855 0.000003 0.000003 0.002109 0.043939 0.319662 0.011007 
0.000003 0.298401 0.095632 0.100305 0.109352 0.011031 0.000003 0.000003 0.001613 0.052252 0.319070 0.012334 
0.000003 0.301787 0.089806 0.109211 0.101870 0.011727 0.000003 0.000003 0.003091 0.045860 0.323500 0.013138 
0.000003 0.307081 0.097390 0.091857 0.099803 0.011030 0.000003 0.000003 0.001593 0.051702 0.327205 0.012329 
0.000003 0.305885 0.087952 0.101693 0.106339 0.013326 0.000003 0.000003 0.002088 0.043766 0.325471 0.013469 
0.000003 0.298548 0.095706 0.103825 0.104264 0.010563 0.000003 0.000003 0.002600 0.052193 0.320490 0.011800 
0.000003 0.302350 0.088232 0.107035 0.115326 0.011741 0.000003 0.000003 0.000250 0.044586 0.320067 0.010402 
0.000003 0.307413 0.094876 0.090195 0.103915 0.009926 0.000003 0.000003 0.003075 0.051641 0.329179 0.009771 
0.000003 0.307699 0.094962 0.096345 0.094774 0.010636 0.000003 0.000003 0.005074 0.051594 0.329862 0.009045 
0.000003 0.308557 0.088805 0.094098 0.104561 0.013889 0.000003 0.000003 0.002080 0.045481 0.329737 0.012781 
0.000003 0.298067 0.103874 0.087305 0.106888 0.010570 0.000003 0.000003 0.004602 0.061210 0.315679 0.011794 
0.000003 0.296939 0.097544 0.093907 0.113697 0.012393 0.000003 0.000003 0.003104 0.053237 0.316768 0.012401 
0.000003 0.299750 0.090594 0.100055 0.116076 0.010560 0.000003 0.000003 0.001125 0.048210 0.321819 0.011803 
prostate
0.000003 0.297505 0.091676 0.092194 0.123685 0.011028 0.000003 0.000003 0.005104 0.049871 0.316589 0.012337 
0.000003 0.304540 0.089880 0.104356 0.091977 0.014688 0.000003 0.000003 0.004580 0.046697 0.329721 0.013550 
0.000003 0.304274 0.093930 0.089198 0.111293 0.011917 0.000003 0.000003 0.003584 0.049966 0.323960 0.011868 
0.000003 0.307899 0.087182 0.100643 0.107096 0.010966 0.000003 0.000003 0.000646 0.043802 0.330949 0.010807 
0.000003 0.307350 0.088759 0.095709 0.112311 0.010090 0.000003 0.000003 0.000649 0.045550 0.328306 0.011267 
0.000003 0.294693 0.093912 0.098336 0.125639 0.010883 0.000003 0.000003 0.001138 0.051173 0.313377 0.010839 
0.000003 0.314651 0.092675 0.084963 0.101713 0.008456 0.000003 0.000003 0.003554 0.047268 0.337320 0.009391 
0.000003 0.306707 0.088710 0.085095 0.120413 0.013073 0.000003 0.000003 0.005079 0.046021 0.324382 0.010510 
0.000003 0.301780 0.096085 0.098227 0.100164 0.014295 0.000003 0.000003 0.001606 0.052330 0.322169 0.013335 
0.000003 0.301183 0.101000 0.095743 0.096520 0.011603 0.000003 0.000003 0.004091 0.057427 0.322323 0.010100 
0.000003 0.299046 0.093895 0.111147 0.100363 0.009627 0.000003 0.000003 0.002598 0.050138 0.322443 0.010733 
0.000003 0.299721 0.098399 0.093854 0.106611 0.010565 0.000003 0.000003 0.004096 0.055013 0.319932 0.011797 
0.000003 0.302031 0.096837 0.101863 0.094720 0.012628 0.000003 0.000003 0.001604 0.054241 0.323400 0.012665 
0.000003 0.307811 0.092985 0.094201 0.104170 0.009551 0.000003 0.000003 0.003074 0.049659 0.329331 0.009208 
0.000003 0.307060 0.092370 0.091271 0.105344 0.012857 0.000003 0.000003 0.002082 0.046662 0.329410 0.012933 
0.000003 0.305917 0.093231 0.090950 0.106225 0.013479 0.000003 0.000003 0.003080 0.046514 0.326833 0.013761 
0.000003 0.301506 0.098035 0.086356 0.110196 0.012628 0.000003 0.000003 0.004592 0.053248 0.320764 0.012666 
0.000003 0.298438 0.093857 0.094412 0.115029 0.014612 0.000003 0.000003 0.003101 0.050635 0.317843 0.012063 
0.000003 0.305954 0.084025 0.103758 0.111583 0.011722 0.000003 0.000003 0.002086 0.039899 0.327824 0.013140 
0.000003 0.301326 0.093228 0.090277 0.112415 0.013567 0.000003 0.000003 0.003591 0.049566 0.322287 0.013733 
0.000003 0.304458 0.091802 0.085480 0.119075 0.010093 0.000003 0.000003 0.004583 0.049127 0.324106 0.011266 
0.000003 0.298472 0.101436 0.099731 0.101143 0.010257 0.000003 0.000003 0.003100 0.059644 0.318875 0.007334 
0.000003 0.298268 0.094452 0.107150 0.101096 0.012155 0.000003 0.000003 0.005602 0.049718 0.319413 0.012137 
0.000003 0.307283 0.090672 0.100730 0.100168 0.011677 0.000003 0.000003 0.001108 0.046033 0.330715 0.011603 
0.000003 0.305593 0.089799 0.097704 0.103392 0.013975 0.000003 0.000003 0.002583 0.046744 0.327446 0.012754 
0.000003 0.301808 0.098550 0.092269 0.107321 0.009630 0.000003 0.000003 0.002096 0.054846 0.322742 0.010728 
0.000003 0.307885 0.091443 0.094964 0.104600 0.010496 0.000003 0.000003 0.004574 0.046905 0.328851 0.010273 
0.000003 0.302268 0.090241 0.101717 0.101141 0.014742 0.000003 0.000003 0.001602 0.047453 0.325760 0.015065 
0.000003 0.306162 0.091271 0.099019 0.102114 0.009391 0.000003 0.000003 0.005078 0.048067 0.328424 0.010464 
0.000003 0.303297 0.094748 0.101737 0.096619 0.012626 0.000003 0.000003 0.000655 0.051867 0.325775 0.012666 
0.000003 0.300544 0.093673 0.102878 0.101383 0.011497 0.000003 0.000003 0.005095 0.051284 0.320768 0.012868 
0.000003 0.299935 0.090932 0.104837 0.109674 0.011917 0.000003 0.000003 0.000252 0.048461 0.322112 0.011871 
0.000003 0.307617 0.092913 0.089100 0.104401 0.011496 0.000003 0.000003 0.003574 0.049713 0.328312 0.012865 
0.000003 0.303404 0.095203 0.085198 0.114080 0.013322 0.000003 0.000003 0.003586 0.051440 0.322987 0.010770 
0.000003 0.312795 0.093864 0.090548 0.098519 0.008252 0.000003 0.000003 0.002563 0.049853 0.335684 0.007913 
0.000003 0.301966 0.088441 0.099441 0.120833 0.009686 0.000003 0.000003 0.001121 0.045884 0.323105 0.009512 
0.000003 0.294171 0.096970 0.100914 0.110308 0.013573 0.000003 0.000003 0.002117 0.054270 0.313935 0.013733 
0.000003 0.315408 0.091264 0.084471 0.099338 0.011674 0.000003 0.000003 0.003054 0.045883 0.337299 0.011600 
0.000003 0.309247 0.087539 0.101848 0.099118 0.011439 0.000003 0.000003 0.003569 0.044004 0.331888 0.011338 
0.000003 0.308858 0.093789 0.087283 0.105659 0.011496 0.000003 0.000003 0.001107 0.050503 0.328430 0.012864 
0.000003 0.309087 0.089779 0.103155 0.100570 0.008599 0.000003 0.000003 0.003570 0.046225 0.330856 0.008147 
0.000003 0.312431 0.087255 0.091863 0.104516 0.012145 0.000003 0.000003 0.002565 0.043620 0.333459 0.012135 
0.000003 0.298095 0.097896 0.104316 0.106757 0.010267 0.000003 0.000003 0.002106 0.051982 0.318563 0.010007 
0.000003 0.302633 0.093359 0.094551 0.107413 0.011730 0.000003 0.000003 0.004088 0.049463 0.323620 0.013135 
0.000003 0.300669 0.090544 0.097637 0.119218 0.009079 0.000003 0.000003 0.005596 0.048233 0.320335 0.008681 
0.000003 0.299422 0.094789 0.082614 0.125687 0.013268 0.000003 0.000003 0.003597 0.050333 0.318321 0.011959 
0.000003 0.293506 0.089602 0.104755 0.123028 0.014039 0.000003 0.000003 0.000019 0.048143 0.312626 0.014271 
0.000003 0.301178 0.090064 0.106593 0.107201 0.010325 0.000003 0.000003 0.002593 0.046136 0.324364 0.011536 
0.000003 0.304934 0.095034 0.092857 0.107064 0.009791 0.000003 0.000003 0.001596 0.052065 0.327175 0.009473 
0.000003 0.307735 0.091529 0.090643 0.113963 0.007054 0.000003 0.000003 0.004574 0.048306 0.328393 0.007793 
0.000003 0.293632 0.099346 0.105504 0.108761 0.010508 0.000003 0.000003 0.003113 0.055410 0.313443 0.010273 
0.000003 0.297466 0.100979 0.098259 0.104165 0.010887 0.000003 0.000003 0.004103 0.058028 0.316794 0.009308 
0.000003 0.300206 0.092666 0.101738 0.106414 0.013082 0.000003 0.000003 0.005597 0.049072 0.320706 0.010509 
0.000003 0.304438 0.093572 0.089618 0.113031 0.012072 0.000003 0.000003 0.002585 0.048240 0.325801 0.010634 
0.000003 0.305144 0.094260 0.099566 0.101822 0.010299 0.000003 0.000003 0.001596 0.051201 0.327289 0.008812 
0.000003 0.311679 0.095474 0.080914 0.107299 0.010497 0.000003 0.000003 0.001101 0.050582 0.332175 0.010268 
0.000003 0.306061 0.098310 0.083445 0.106387 0.012552 0.000003 0.000003 0.003579 0.052940 0.325557 0.011160 
0.000003 0.297182 0.102032 0.103677 0.097454 0.010552 0.000003 0.000003 0.005104 0.057715 0.317200 0.009074 
0.000003 0.301773 0.091845 0.091577 0.118357 0.013027 0.000003 0.000003 0.001605 0.048165 0.321945 0.011694 
0.000003 0.296594 0.095255 0.095327 0.117918 0.011450 0.000003 0.000003 0.002110 0.053555 0.316443 0.011338 
0.000003 0.300570 0.097635 0.095580 0.101215 0.015092 0.000003 0.000003 0.001125 0.054119 0.320552 0.014103 
0.000003 0.303795 0.097912 0.092397 0.102429 0.009864 0.000003 0.000003 0.004085 0.055334 0.323179 0.010994 
0.000003 0.307413 0.094313 0.099489 0.095158 0.010732 0.000003 0.000003 0.004573 0.049618 0.330836 0.007859 
0.000003 0.310089 0.088299 0.090467 0.108907 0.011945 0.000003 0.000003 0.004567 0.044832 0.331714 0.009170 
0.000003 0.303259 0.086506 0.117919 0.095557 0.010556 0.000003 0.000003 0.003085 0.043463 0.327841 0.011804 
0.000003 0.296488 0.091932 0.116677 0.101802 0.010561 0.000003 0.000003 0.001617 0.049758 0.319353 0.011803 
0.000003 0.311713 0.093935 0.106222 0.076818 0.011028 0.000003 0.000003 0.001097 0.048380 0.338468 0.012328 
0.000003 0.303490 0.089378 0.104434 0.109317 0.011863 0.000003 0.000003 0.002094 0.046639 0.323576 0.009198 
0.000003 0.304627 0.087547 0.102646 0.103850 0.013737 0.000003 0.000003 0.003083 0.044564 0.327447 0.012491 
0.000003 0.304843 0.097350 0.094788 0.100727 0.010639 0.000003 0.000003 0.004582 0.053262 0.324754 0.009045 
0.000003 0.308643 0.095436 0.080010 0.107588 0.011030 0.000003 0.000003 0.002078 0.052137 0.330740 0.012328 
0.000003 0.292444 0.097643 0.098971 0.116244 0.013821 0.000003 0.000003 0.003118 0.056767 0.309685 0.011296 
0.000003 0.302636 0.093319 0.094051 0.111817 0.012074 0.000003 0.000003 0.003089 0.049489 0.322881 0.010634 
0.000003 0.294670 0.095508 0.097499 0.122472 0.011514 0.000003 0.000003 0.002614 0.054378 0.311200 0.010134 
0.000003 0.312048 0.084257 0.100350 0.099553 0.014113 0.000003 0.000003 0.002566 0.040579 0.334986 0.011539 
0.000003 0.306227 0.094428 0.083267 0.111446 0.013801 0.000003 0.000003 0.002086 0.049028 0.325709 0.013997 
0.000003 0.306136 0.095379 0.098893 0.088615 0.014273 0.000003 0.000003 0.001593 0.050810 0.329762 0.014528 
0.000003 0.302653 0.091492 0.103725 0.101695 0.012195 0.000003 0.000003 0.003089 0.047487 0.323984 0.013670 
0.000003 0.302395 0.097862 0.089054 0.100429 0.011501 0.000003 0.000003 0.006089 0.055360 0.324437 0.012863 
0.000003 0.306252 0.093198 0.098598 0.104635 0.007756 0.000003 0.000003 0.003578 0.050038 0.327341 0.008594 
0.000003 0.308279 0.085497 0.097749 0.117482 0.010876 0.000003 0.000003 0.001590 0.041148 0.329215 0.008154 
0.000003 0.302722 0.098019 0.105575 0.090701 0.010502 0.000003 0.000003 0.004586 0.051294 0.326320 0.010271 
0.000003 0.305590 0.084215 0.105817 0.102665 0.014603 0.000003 0.000003 0.003579 0.041223 0.328718 0.013580 
0.000003 0.302609 0.100234 0.096047 0.095776 0.012927 0.000003 0.000003 0.001601 0.054995 0.325586 0.010216 
0.000003 0.300762 0.086793 0.089619 0.127734 0.012857 0.000003 0.000003 0.005596 0.044700 0.318991 0.012939 
0.000003 0.307133 0.096105 0.091380 0.099958 0.011681 0.000003 0.000003 0.003077 0.051705 0.327350 0.011600 
0.000003 0.298714 0.096090 0.107221 0.106497 0.009394 0.000003 0.000003 0.000664 0.051378 0.319566 0.010466 
0.000003 0.308233 0.092963 0.088160 0.101753 0.013243 0.000003 0.000003 0.002576 0.049649 0.329921 0.013492 
0.000003 0.304502 0.087991 0.096840 0.116052 0.009922 0.000003 0.000003 0.004583 0.045196 0.325125 0.009777 
0.000003 0.300027 0.097223 0.089559 0.121661 0.009794 0.000003 0.000003 0.000253 0.053936 0.318063 0.009474 
0.000003 0.308693 0.084010 0.096918 0.115863 0.010727 0.000003 0.000003 0.002079 0.040817 0.330339 0.010543 
0.000003 0.303031 0.092782 0.093471 0.110765 0.010736 0.000003 0.000003 0.006590 0.048911 0.323166 0.010540 
0.000003 0.307925 0.092659 0.090743 0.107828 0.010261 0.000003 0.000003 0.002577 0.049409 0.328582 0.010005 
0.000003 0.306467 0.085747 0.110180 0.097799 0.013020 0.000003 0.000003 0.002580 0.042500 0.330001 0.011696 
0.000003 0.294875 0.091694 0.111951 0.110255 0.011212 0.000003 0.000003 0.004110 0.049972 0.314846 0.011075 
0.000003 0.306523 0.092514 0.096151 0.102464 0.011593 0.000003 0.000003 0.004076 0.048066 0.328499 0.010104 
0.000003 0.304680 0.092255 0.096048 0.105660 0.015136 0.000003 0.000003 0.002090 0.048278 0.324423 0.011419 
0.000003 0.301136 0.097968 0.090902 0.108651 0.010741 0.000003 0.000003 0.004093 0.055823 0.320140 0.010536 
0.000003 0.302618 0.095936 0.102978 0.100066 0.008693 0.000003 0.000003 0.004087 0.051940 0.324009 0.009662 
0.000003 0.299530 0.091494 0.112303 0.099544 0.011918 0.000003 0.000003 0.003097 0.049049 0.321184 0.011871 
skin
0.000004 0.303068 0.093383 0.109616 0.095068 0.010501 0.000000 0.000004 0.002590 0.050482 0.325012 0.010273 
0.000004 0.303655 0.092442 0.092448 0.107045 0.012153 0.000000 0.000004 0.004585 0.049645 0.325885 0.012135 
0.000004 0.300285 0.089049 0.110003 0.108094 0.009789 0.000000 0.000004 0.003094 0.046451 0.323748 0.009479 
0.000004 0.310981 0.089077 0.090814 0.098126 0.014268 0.000000 0.000004 0.000240 0.045194 0.336763 0.014530 
0.000004 0.299272 0.095104 0.087566 0.116799 0.013984 0.000000 0.000004 0.001611 0.053092 0.319810 0.012753 
0.000004 0.304858 0.094735 0.092825 0.100082 0.013887 0.000000 0.000004 0.003581 0.051805 0.326947 0.011271 
0.000004 0.309143 0.087457 0.093191 0.109021 0.011582 0.000000 0.000004 0.002078 0.044031 0.331854 0.011636 
0.000004 0.304757 0.094130 0.090579 0.108294 0.012859 0.000000 0.000004 0.003084 0.048819 0.324537 0.012934 
0.000004 0.302422 0.094127 0.106692 0.096858 0.011354 0.000000 0.000004 0.002096 0.051396 0.323679 0.011368 
0.000004 0.304462 0.091428 0.094329 0.109747 0.011494 0.000000 0.000004 0.002089 0.045966 0.327608 0.012869 
0.000004 0.295876 0.099069 0.105436 0.102042 0.012084 0.000000 0.000004 0.002112 0.056086 0.316655 0.010632 
0.000004 0.308682 0.086906 0.096907 0.107391 0.011203 0.000000 0.000004 0.002574 0.043492 0.331765 0.011073 
0.000004 0.316406 0.089215 0.083951 0.102113 0.012424 0.000000 0.000004 0.002555 0.044981 0.338653 0.009694 
0.000004 0.295585 0.097878 0.093730 0.101638 0.017776 0.000000 0.000004 0.004107 0.054986 0.317292 0.017000 
0.000004 0.298275 0.091573 0.102740 0.111803 0.014130 0.000000 0.000004 0.004601 0.046992 0.318338 0.011539 
0.000004 0.303236 0.092478 0.089149 0.114442 0.011729 0.000000 0.000004 0.004087 0.048639 0.323098 0.013136 
0.000004 0.305678 0.095051 0.093348 0.101150 0.011596 0.000000 0.000004 0.004079 0.052051 0.326935 0.010103 
0.000004 0.302369 0.095597 0.089708 0.114028 0.009395 0.000000 0.000004 0.003090 0.053169 0.322174 0.010463 
0.000004 0.302190 0.097638 0.099145 0.101587 0.009321 0.000000 0.000004 0.002592 0.055082 0.323496 0.008941 
0.000004 0.306778 0.093509 0.097642 0.103821 0.007757 0.000000 0.000004 0.003077 0.050267 0.328547 0.008594 
0.000004 0.301620 0.088983 0.099562 0.114720 0.011587 0.000000 0.000004 0.002594 0.046461 0.322828 0.011637 
0.000004 0.308153 0.093751 0.087431 0.111160 0.009078 0.000000 0.000004 0.002577 0.050521 0.328646 0.008676 
0.000004 0.299900 0.092302 0.107596 0.106750 0.009555 0.000000 0.000004 0.003596 0.049881 0.321202 0.009212 
0.000004 0.297044 0.088521 0.109391 0.115541 0.009553 0.000000 0.000004 0.005104 0.046427 0.319196 0.009215 
0.000004 0.301267 0.093341 0.100102 0.107260 0.009860 0.000000 0.000004 0.004592 0.049512 0.323058 0.011000 
0.000004 0.298994 0.094466 0.107757 0.102023 0.011449 0.000000 0.000004 0.001612 0.052188 0.320166 0.011338 
0.000004 0.301418 0.096594 0.089228 0.108243 0.014221 0.000000 0.000004 0.002595 0.054404 0.320273 0.013016 
0.000004 0.305035 0.094056 0.092121 0.106886 0.011029 0.000000 0.000004 0.002088 0.049851 0.326594 0.012332 
0.000004 0.305382 0.091577 0.098080 0.107747 0.011952 0.000000 0.000004 0.002584 0.047343 0.326157 0.009170 
0.000004 0.305042 0.096325 0.094918 0.105192 0.011264 0.000000 0.000004 0.001598 0.051035 0.324751 0.009869 
0.000004 0.300430 0.095802 0.092199 0.110386 0.012391 0.000000 0.000004 0.005597 0.051064 0.319722 0.012402 
0.000004 0.304985 0.088844 0.104351 0.102862 0.013074 0.000000 0.000004 0.002584 0.044535 0.328246 0.010512 
0.000004 0.293505 0.092977 0.119759 0.099449 0.013748 0.000000 0.000004 0.003114 0.050001 0.314947 0.012492 
0.000004 0.305543 0.089450 0.107059 0.101576 0.010021 0.000000 0.000004 0.004579 0.042589 0.329431 0.009745 
0.000004 0.303223 0.094410 0.094255 0.106938 0.011263 0.000000 0.000004 0.003587 0.050590 0.323126 0.012600 
0.000004 0.301228 0.093049 0.097362 0.112776 0.013025 0.000000 0.000004 0.002596 0.050736 0.320174 0.009045 
0.000004 0.304908 0.093458 0.087851 0.105641 0.012899 0.000000 0.000004 0.005082 0.049320 0.326366 0.014468 
0.000004 0.304848 0.098841 0.100120 0.087466 0.010800 0.000000 0.000004 0.004582 0.056078 0.325196 0.012061 
0.000004 0.302147 0.095143 0.098567 0.109056 0.009319 0.000000 0.000004 0.001121 0.052559 0.323137 0.008943 
0.000004 0.290369 0.103166 0.097027 0.109408 0.014309 0.000000 0.000004 0.003124 0.062944 0.307825 0.011820 
0.000004 0.303783 0.090297 0.093924 0.117947 0.009624 0.000000 0.000004 0.004086 0.046387 0.323210 0.010735 
0.000004 0.306932 0.089051 0.095464 0.101964 0.014687 0.000000 0.000004 0.002579 0.045803 0.329963 0.013550 
0.000004 0.308478 0.091426 0.098588 0.099275 0.011113 0.000000 0.000004 0.002079 0.047895 0.331562 0.009576 
0.000004 0.306621 0.091397 0.095968 0.110561 0.009787 0.000000 0.000004 0.000650 0.046953 0.328580 0.009476 
0.000004 0.301939 0.091824 0.100040 0.109312 0.010094 0.000000 0.000004 0.002592 0.049193 0.323731 0.011267 
0.000004 0.312711 0.089144 0.095029 0.096155 0.010966 0.000000 0.000004 0.003559 0.045137 0.336486 0.010804 
0.000004 0.299862 0.094006 0.111534 0.097571 0.011684 0.000000 0.000004 0.001127 0.051557 0.321048 0.011604 
0.000004 0.307622 0.094496 0.088586 0.108650 0.009079 0.000000 0.000004 0.005577 0.051464 0.325843 0.008676 
0.000004 0.303346 0.100998 0.083082 0.105950 0.012930 0.000000 0.000004 0.003588 0.058866 0.321019 0.010214 
0.000004 0.310045 0.088184 0.099700 0.100164 0.011439 0.000000 0.000004 0.000643 0.044463 0.334016 0.011338 
0.000004 0.302254 0.096092 0.099511 0.100646 0.012539 0.000000 0.000004 0.000658 0.052284 0.323311 0.012696 
0.000004 0.289411 0.106631 0.100769 0.103641 0.011460 0.000000 0.000004 0.003124 0.063707 0.309915 0.011334 
0.000004 0.303940 0.087476 0.102996 0.108339 0.012220 0.000000 0.000004 0.003585 0.044634 0.325873 0.010931 
0.000004 0.303742 0.086437 0.110528 0.105035 0.011204 0.000000 0.000004 0.001600 0.043493 0.326878 0.011076 
0.000004 0.303383 0.092322 0.099286 0.101278 0.014847 0.000000 0.000004 0.003586 0.048289 0.324672 0.012328 
0.000004 0.303070 0.091741 0.093876 0.108362 0.013978 0.000000 0.000004 0.002589 0.047720 0.325901 0.012754 
0.000004 0.307594 0.089376 0.098693 0.103054 0.010792 0.000000 0.000004 0.003076 0.046061 0.329278 0.012067 
0.000004 0.314102 0.088181 0.083512 0.112227 0.010867 0.000000 0.000004 0.002561 0.044347 0.334883 0.009312 
0.000004 0.302370 0.095113 0.096092 0.109557 0.009629 0.000000 0.000004 0.001605 0.052583 0.322312 0.010731 
0.000004 0.296368 0.101696 0.091859 0.108916 0.012802 0.000000 0.000004 0.001620 0.060463 0.314844 0.011424 
0.000004 0.306806 0.094249 0.099305 0.091245 0.012899 0.000000 0.000004 0.003078 0.049721 0.328222 0.014467 
0.000004 0.301950 0.095036 0.102583 0.099349 0.012433 0.000000 0.000004 0.001606 0.051194 0.321907 0.013935 
0.000004 0.308060 0.084552 0.093934 0.106802 0.016341 0.000000 0.000004 0.002576 0.041379 0.330937 0.015411 
0.000004 0.303690 0.096346 0.101720 0.100839 0.009318 0.000000 0.000004 0.000249 0.052088 0.326800 0.008942 
