-930569.618441
0
0.000000 0.000000 0.000000 0.000000 0.000000 0.000000 0.000000 0.000000 0.000001 0.000001 0.000001 0.000001 0.000000 0.000000 0.000000 0.000000 0.000000 0.000000 0.000172 0.000000 0.000000 0.000000 0.000000 0.000000 0.000001 0.000001 0.000000 0.081948 0.000000 0.000000 0.000000 0.000000 0.000000 0.000000 0.891980 0.000000 0.000000 0.000000 0.000000 0.000000 0.000000 0.000000 0.000001 0.000000 0.000000 0.000000 0.000000 0.000000 0.000000 0.000000 0.000000 0.000000 0.000000 0.000000 0.000000 0.000000 0.000001 0.000001 0.000001 0.025859 0.000000 0.000000 0.000000 0.000000 0.000000 0.000000 0.000000 0.000000 0.000000 0.000000 0.000000 0.000000 0.000000 0.000000 0.000000 0.000000 0.000000 0.000000 0.000000 0.000000 0.000000 0.000000 0.000001 0.000000 0.000000 0.000000 0.000000 0.000000 0.000000 0.000000 0.000000 0.000000 0.000000 0.000000 0.000000 0.000000 
0.000000 0.000000 0.000000 0.000000 0.000000 0.000000 0.000000 0.000000 0.000000 0.000000 0.000000 0.000000 0.000000 0.000000 0.000000 0.000000 0.000000 0.000000 0.000000 0.000000 0.000000 0.000000 0.000000 0.000000 0.000000 0.000000 0.000000 0.000000 0.000000 0.000000 0.000000 0.000000 0.000000 0.000000 0.000043 0.000000 0.000000 0.000000 0.000000 0.000000 0.000000 0.000000 0.000117 0.000000 0.000000 0.000000 0.000000 0.000000 0.000000 0.000000 0.000000 0.000000 0.000000 0.000000 0.000000 0.000000 0.034238 0.000000 0.965593 0.000000 0.000000 0.000000 0.000000 0.000000 0.000000 0.000000 0.000000 0.000000 0.000000 0.000000 0.000000 0.000000 0.000000 0.000000 0.000000 0.000000 0.000000 0.000000 0.000000 0.000000 0.000000 0.000000 0.000000 0.000000 0.000000 0.000000 0.000000 0.000000 0.000000 0.000000 0.000000 0.000000 0.000000 0.000000 0.000000 0.000000 
0.000001 0.000001 0.000001 0.000001 0.000001 0.000001 0.000001 0.000001 0.005184 0.000070 0.000002 0.000001 0.000001 0.000001 0.000001 0.000001 0.000001 0.000001 0.000002 0.000001 0.000001 0.000001 0.000001 0.000001 0.000001 0.000002 0.000001 0.000002 0.000001 0.000001 0.000001 0.000001 0.000001 0.000001 0.003134 0.000001 0.000001 0.000001 0.000001 0.000001 0.000001 0.000001 0.000002 0.000001 0.000001 0.000001 0.000001 0.000001 0.000001 0.000001 0.000001 0.000001 0.000001 0.000001 0.000001 0.000001 0.000002 0.982071 0.000002 0.000002 0.000001 0.000001 0.000001 0.000001 0.000001 0.000001 0.000001 0.000001 0.000001 0.000001 0.000001 0.000001 0.000001 0.000001 0.000001 0.000001 0.000001 0.000001 0.000001 0.000001 0.000001 0.000001 0.009434 0.000001 0.000001 0.000001 0.000001 0.000001 0.000001 0.000001 0.000001 0.000001 0.000001 0.000001 0.000001 0.000001 
0.000000 0.000000 0.000000 0.000000 0.000000 0.000000 0.000000 0.000000 0.000001 0.000001 0.999652 0.000017 0.000000 0.000000 0.000000 0.000000 0.000000 0.000000 0.000001 0.000000 0.000000 0.000000 0.000000 0.000000 0.000009 0.000280 0.000000 0.000001 0.000000 0.000000 0.000000 0.000000 0.000000 0.000000 0.000001 0.000000 0.000000 0.000000 0.000000 0.000000 0.000000 0.000000 0.000001 0.000000 0.000000 0.000000 0.000000 0.000000 0.000000 0.000000 0.000000 0.000000 0.000000 0.000000 0.000000 0.000000 0.000001 0.000001 0.000001 0.000001 0.000000 0.000000 0.000000 0.000000 0.000000 0.000000 0.000000 0.000000 0.000000 0.000000 0.000000 0.000000 0.000000 0.000000 0.000000 0.000000 0.000000 0.000000 0.000000 0.000000 0.000000 0.000000 0.000001 0.000000 0.000000 0.000000 0.000000 0.000000 0.000000 0.000000 0.000000 0.000000 0.000000 0.000000 0.000000 0.000000 
0.249455 0.255935 0.245608 0.249001 
0.249113 0.256819 0.244888 0.249180 
0.249443 0.254795 0.246268 0.249493 
0.248950 0.254650 0.246735 0.249665 
breast
0.136824 0.664000 0.048668 0.150507 
0.143805 0.633001 0.056189 0.167006 
0.146792 0.665499 0.061200 0.126509 
0.146327 0.662000 0.048165 0.143507 
0.142810 0.647000 0.054683 0.155507 
0.152799 0.631501 0.058694 0.157006 
0.147310 0.658500 0.053182 0.141008 
0.135802 0.649500 0.057691 0.157006 
0.158288 0.639501 0.061204 0.141008 
0.140286 0.648500 0.062207 0.149007 
0.154789 0.632001 0.060703 0.152507 
0.143272 0.646501 0.064220 0.146007 
0.136304 0.664500 0.054688 0.144507 
0.144299 0.647998 0.063195 0.144507 
0.151812 0.638500 0.054181 0.155507 
0.145296 0.646500 0.059197 0.149007 
0.145819 0.658499 0.052674 0.143007 
0.133259 0.664500 0.069232 0.133008 
0.145793 0.645501 0.057198 0.151507 
0.137813 0.662500 0.053180 0.146507 
0.149814 0.648000 0.054179 0.148007 
0.150287 0.644001 0.061205 0.144507 
0.148337 0.657000 0.045656 0.149007 
0.162307 0.640501 0.053685 0.143507 
0.148794 0.654501 0.057197 0.139508 
0.154303 0.635502 0.054188 0.156007 
0.143305 0.652001 0.055188 0.149507 
0.147328 0.639001 0.048666 0.165006 
0.132821 0.666501 0.049172 0.151507 
0.145796 0.657999 0.060697 0.135508 
0.158292 0.634501 0.060200 0.147007 
0.151303 0.641501 0.055689 0.151507 
0.153302 0.651000 0.057190 0.138508 
0.143834 0.656500 0.046659 0.153007 
0.142298 0.641500 0.058695 0.157506 
0.141290 0.642000 0.061703 0.155007 
0.140807 0.659500 0.055686 0.144007 
0.146308 0.659499 0.056185 0.138008 
0.147311 0.664000 0.052680 0.136008 
0.151808 0.637501 0.054184 0.156507 
0.146338 0.654500 0.045655 0.153507 
0.147807 0.643500 0.055686 0.153007 
0.152317 0.665000 0.050674 0.132008 
0.152324 0.649499 0.051669 0.146507 
0.144794 0.648000 0.059198 0.148007 
0.149306 0.645500 0.055687 0.149507 
0.162307 0.648001 0.053684 0.136008 
0.149307 0.646001 0.054686 0.150007 
0.125810 0.653499 0.056685 0.164006 
0.134803 0.657500 0.056690 0.151007 
0.143306 0.642501 0.055687 0.158506 
0.138315 0.662499 0.055679 0.143507 
0.142791 0.658000 0.059201 0.140008 
0.142824 0.669999 0.050168 0.137008 
0.159328 0.644000 0.049165 0.147507 
0.130795 0.667999 0.060198 0.141008 
0.147833 0.654500 0.046660 0.151007 
0.155297 0.643501 0.057695 0.143507 
0.156312 0.640501 0.053681 0.149507 
0.146310 0.659000 0.053182 0.141508 
0.148292 0.649001 0.058200 0.144507 
0.153823 0.650001 0.049170 0.147007 
0.135310 0.677500 0.053682 0.133508 
0.150797 0.650001 0.056695 0.142508 
0.130286 0.659000 0.062207 0.148507 
0.146276 0.651000 0.064716 0.138008 
0.141801 0.644501 0.057192 0.156507 
0.155794 0.642502 0.056197 0.145507 
0.144295 0.651999 0.061198 0.142508 
0.145322 0.662500 0.050671 0.141508 
0.145823 0.658499 0.051170 0.144507 
0.137316 0.651000 0.052178 0.159506 
0.134839 0.657000 0.045655 0.162506 
0.149333 0.647001 0.045659 0.158006 
0.143315 0.660499 0.054179 0.142008 
0.147833 0.661500 0.047660 0.143007 
0.134281 0.666000 0.062711 0.137008 
0.145793 0.644000 0.059699 0.150507 
0.156801 0.649000 0.057691 0.136508 
0.146302 0.651000 0.057691 0.145007 
0.156302 0.646001 0.055690 0.142008 
0.145312 0.638001 0.053681 0.163006 
0.145820 0.660000 0.051173 0.143007 
0.150780 0.644501 0.063212 0.141508 
0.150290 0.630501 0.061703 0.157506 
0.149332 0.649500 0.047161 0.154007 
0.166819 0.637000 0.053174 0.143007 
0.138825 0.639000 0.052170 0.170006 
0.148804 0.643501 0.055689 0.152007 
0.135810 0.651501 0.053683 0.159006 
0.143791 0.659501 0.057200 0.139508 
0.127273 0.657501 0.062719 0.152507 
0.150822 0.644500 0.050671 0.154007 
0.129267 0.644002 0.065225 0.161506 
0.150819 0.658500 0.051673 0.139008 
0.149826 0.658500 0.049167 0.142508 
0.135301 0.665000 0.056191 0.143507 
0.163285 0.639501 0.060206 0.137008 
0.153798 0.641000 0.058695 0.146507 
0.145314 0.646000 0.054680 0.154007 
prostate
0.149288 0.639000 0.063705 0.148007 
0.144354 0.663999 0.041640 0.150007 
0.145789 0.653000 0.060703 0.140508 
0.133812 0.661000 0.053681 0.151507 
0.134287 0.657501 0.060205 0.148007 
0.147779 0.632001 0.064714 0.155507 
0.143314 0.671000 0.053178 0.132508 
0.142785 0.653499 0.064708 0.139008 
0.146307 0.654001 0.053184 0.146507 
0.159822 0.648001 0.049669 0.142508 
0.147836 0.645000 0.046658 0.160506 
0.155807 0.645000 0.055185 0.144007 
0.148818 0.653001 0.049674 0.148507 
0.145310 0.657000 0.054183 0.143507 
0.141812 0.663500 0.054181 0.140508 
0.140299 0.661500 0.057694 0.140508 
0.153291 0.649500 0.060200 0.137008 
0.147790 0.643500 0.061203 0.147507 
0.125795 0.658500 0.059198 0.156507 
0.148807 0.652500 0.056686 0.142008 
0.147288 0.651000 0.062704 0.139008 
0.162818 0.637501 0.051174 0.148507 
0.146315 0.644000 0.053179 0.156507 
0.138322 0.662500 0.050171 0.149007 
0.139312 0.660000 0.053681 0.147007 
0.155309 0.648000 0.054183 0.142508 
0.140300 0.658000 0.057192 0.144507 
0.142333 0.659500 0.047661 0.150507 
0.144321 0.656000 0.051672 0.148007 
0.145823 0.656501 0.048669 0.149007 
0.145806 0.647501 0.054686 0.152007 
0.141812 0.647500 0.053681 0.157006 
0.144302 0.661500 0.056190 0.138008 
0.151294 0.651500 0.060198 0.137008 
0.146825 0.666500 0.049167 0.137508 
0.140300 0.645500 0.059194 0.155007 
0.152301 0.638001 0.056691 0.153007 
0.137804 0.676000 0.055188 0.131008 
0.133816 0.664000 0.052177 0.150007 
0.140781 0.662501 0.060210 0.136508 
0.136808 0.657001 0.054185 0.152007 
0.135312 0.669499 0.054181 0.141008 
0.148299 0.639501 0.056693 0.155507 
0.146307 0.653000 0.055686 0.145007 
0.145792 0.639500 0.062202 0.152507 
0.151780 0.644000 0.066212 0.138008 
0.136767 0.635502 0.066225 0.161506 
0.141826 0.649500 0.050668 0.158006 
0.151820 0.653500 0.051673 0.143008 
0.145297 0.652000 0.059696 0.143008 
0.155303 0.631001 0.056190 0.157506 
0.159303 0.637001 0.055689 0.148007 
0.146309 0.645500 0.055684 0.152507 
0.146804 0.654000 0.057689 0.141508 
0.147822 0.653500 0.050171 0.148507 
0.145289 0.665500 0.059202 0.130008 
0.151290 0.656500 0.059701 0.132508 
0.159315 0.637501 0.051677 0.151507 
0.143789 0.649000 0.061703 0.145507 
0.153799 0.638000 0.058694 0.149507 
0.148801 0.652501 0.054690 0.144007 
0.152297 0.650001 0.056695 0.141008 
0.148835 0.658000 0.047158 0.146007 
0.139806 0.661999 0.057187 0.141008 
0.133841 0.655000 0.045154 0.166006 
0.144331 0.641001 0.047663 0.167006 
0.140360 0.676500 0.036632 0.146507 
0.136291 0.648001 0.059201 0.156507 
0.137322 0.658500 0.051672 0.152507 
0.150300 0.650501 0.056192 0.143008 
0.153317 0.664999 0.052675 0.129009 
0.154778 0.629001 0.063213 0.153007 
0.145796 0.649000 0.059197 0.146007 
0.154284 0.629001 0.063208 0.153507 
0.126811 0.671000 0.053682 0.148507 
0.142780 0.660500 0.062712 0.134008 
0.145336 0.667000 0.044656 0.143008 
0.138807 0.654001 0.054185 0.153007 
0.160833 0.654499 0.048160 0.136508 
0.144805 0.651501 0.055187 0.148507 
0.129786 0.655500 0.062707 0.152007 
0.150839 0.653000 0.045154 0.151007 
0.130824 0.662499 0.051170 0.155507 
0.156833 0.654000 0.046659 0.142508 
0.138268 0.645000 0.070225 0.146507 
0.145798 0.659001 0.056194 0.139008 
0.149320 0.641001 0.051173 0.158506 
0.145315 0.666500 0.052177 0.136008 
0.139799 0.650000 0.059694 0.150507 
0.148760 0.639002 0.067731 0.144507 
0.129293 0.659500 0.060700 0.150507 
0.147299 0.648500 0.059194 0.145007 
0.143797 0.657500 0.057695 0.141008 
0.130825 0.661000 0.049669 0.158506 
0.144301 0.633501 0.057192 0.165006 
0.144315 0.657500 0.053178 0.145007 
0.143810 0.655500 0.054683 0.146007 
0.155294 0.644501 0.058698 0.141508 
0.148815 0.647501 0.052178 0.151507 
0.141317 0.646001 0.051176 0.161506 
skin
0.142820 0.650501 0.049673 0.157007 
0.150324 0.655499 0.051669 0.142508 
0.143833 0.644999 0.049161 0.162006 
0.139843 0.677999 0.044651 0.137508 
0.154805 0.647500 0.057188 0.140508 
0.151324 0.658000 0.050168 0.140508 
0.137316 0.664999 0.053677 0.144007 
0.142286 0.656000 0.060705 0.141008 
0.143815 0.651001 0.050677 0.154507 
0.143321 0.658499 0.052673 0.145507 
0.155315 0.638001 0.051677 0.155007 
0.136318 0.662999 0.053176 0.147507 
0.137307 0.675999 0.055185 0.131508 
0.158831 0.650500 0.048662 0.142008 
0.141795 0.642500 0.060199 0.155507 
0.144790 0.652500 0.061202 0.141508 
0.150315 0.655500 0.052678 0.141508 
0.152295 0.646500 0.059197 0.142008 
0.154318 0.646501 0.051175 0.148007 
0.146313 0.653500 0.053180 0.147007 
0.141307 0.649000 0.056686 0.153007 
0.147296 0.655500 0.058696 0.138508 
0.145813 0.641500 0.053680 0.159006 
0.145823 0.636499 0.053672 0.164006 
0.148318 0.647500 0.053176 0.151007 
0.146313 0.644001 0.052180 0.157506 
0.150788 0.650001 0.059703 0.139508 
0.146309 0.657000 0.054684 0.142008 
0.140297 0.652500 0.058196 0.149007 
0.148810 0.652500 0.054183 0.144507 
0.149291 0.646500 0.060701 0.143507 
0.138327 0.657499 0.050167 0.154007 
0.143320 0.636501 0.050674 0.169506 
0.136827 0.655999 0.050667 0.156507 
0.149815 0.652000 0.053678 0.144507 
0.144782 0.643001 0.062210 0.150007 
0.148314 0.660499 0.054179 0.137008 
0.154833 0.655501 0.045659 0.144007 
0.149305 0.645501 0.055187 0.150007 
0.165793 0.627501 0.058198 0.148507 
0.139278 0.648000 0.064714 0.148007 
0.139824 0.665499 0.050669 0.144007 
0.142324 0.661500 0.049669 0.146507 
0.140302 0.655500 0.056691 0.147507 
0.145814 0.649000 0.053679 0.151507 
0.138329 0.671499 0.048664 0.141508 
0.142310 0.646001 0.051682 0.160006 
0.145775 0.651501 0.063716 0.139008 
0.158281 0.648501 0.061210 0.132008 
0.134824 0.667500 0.049669 0.148007 
0.150328 0.653500 0.048164 0.148007 
0.172826 0.627501 0.049166 0.150507 
0.137815 0.653500 0.054179 0.154507 
0.133320 0.653500 0.051674 0.161506 
0.142310 0.655500 0.054183 0.148007 
0.146824 0.656999 0.051669 0.144507 
0.136807 0.660500 0.054686 0.148007 
0.135787 0.668000 0.061705 0.134508 
0.147293 0.647001 0.058199 0.147507 
0.161292 0.638001 0.058199 0.142508 
0.140312 0.664001 0.051180 0.144507 
0.140793 0.652002 0.056198 0.151007 
0.131815 0.669999 0.054179 0.144007 
0.148823 0.651500 0.049169 0.150507 
0.154301 0.643000 0.058192 0.144507 
0.135311 0.656000 0.054682 0.154007 
0.129278 0.670499 0.064714 0.135508 
0.138810 0.663499 0.056183 0.141508 
0.139294 0.639501 0.059700 0.161506 
0.147284 0.654001 0.061208 0.137508 
0.149308 0.663500 0.053684 0.133508 
0.136298 0.665000 0.058195 0.140508 
0.150299 0.629501 0.056693 0.163506 
0.140339 0.668499 0.045654 0.145507 
0.147802 0.644000 0.056690 0.151507 
0.134297 0.660000 0.057196 0.148507 
0.139809 0.665500 0.053683 0.141008 
0.138293 0.659501 0.056698 0.145507 
0.145313 0.631000 0.056182 0.167506 
0.150333 0.656000 0.046160 0.147507 
0.149808 0.656499 0.056685 0.137008 
0.146297 0.651500 0.057695 0.144507 
0.153330 0.647500 0.048663 0.150507 
0.148301 0.650499 0.060193 0.141008 
0.174821 0.627501 0.050671 0.147007 
0.144312 0.644001 0.052180 0.159506 
0.149328 0.656000 0.048164 0.146507 
0.140811 0.657499 0.055183 0.146507 
0.132291 0.657001 0.058702 0.152007 
0.142817 0.663000 0.050675 0.143507 
0.131807 0.665499 0.056686 0.146007 
0.145796 0.651501 0.057696 0.145007 
0.132809 0.669499 0.055684 0.142008 
0.138818 0.661000 0.051175 0.149007 
0.140338 0.670998 0.047656 0.141008 
0.147811 0.652500 0.054682 0.145007 
0.147324 0.652000 0.049169 0.151507 
0.143822 0.652500 0.051172 0.152507 
0.153307 0.641500 0.055185 0.150007 
0.151296 0.657000 0.057695 0.134008 
stomach
0.154793 0.643001 0.057698 0.144507 
0.145812 0.646001 0.052681 0.155507 
0.137311 0.649000 0.054182 0.159506 
0.163828 0.638501 0.048164 0.149507 
0.140822 0.664999 0.051171 0.143008 
0.150323 0.651000 0.050169 0.148507 
0.153288 0.637501 0.060704 0.148507 
0.142318 0.655000 0.052675 0.150007 
0.135802 0.655501 0.053690 0.155007 
0.152338 0.663000 0.044654 0.140008 
0.161326 0.642001 0.047666 0.149007 
0.147848 0.662000 0.042646 0.147507 
0.152306 0.648000 0.055687 0.144007 
0.147805 0.641000 0.058189 0.153007 
0.142820 0.644502 0.048673 0.164006 
0.148303 0.645500 0.056189 0.150007 
0.155820 0.648499 0.052673 0.143008 
0.148301 0.661500 0.057691 0.132508 
0.145318 0.655500 0.052675 0.146507 
0.153798 0.637501 0.057194 0.151507 
0.141815 0.659000 0.053178 0.146007 
0.141813 0.651999 0.056681 0.149507 
0.151821 0.654500 0.051672 0.142008 
0.142796 0.664000 0.057695 0.135508 
0.161825 0.636501 0.048167 0.153507 
0.140833 0.665499 0.048160 0.145507 
0.158827 0.647001 0.047665 0.146507 
0.141801 0.651500 0.056692 0.150007 
0.139825 0.650000 0.049668 0.160506 
0.147783 0.648500 0.063210 0.140508 
0.140335 0.660499 0.047159 0.152007 
0.146798 0.634501 0.057695 0.161006 
0.136782 0.644501 0.062711 0.156007 
0.144315 0.639501 0.052679 0.163506 
0.150324 0.659500 0.050168 0.140008 
0.141820 0.658500 0.050173 0.149507 
0.137307 0.662500 0.055186 0.145007 
0.152286 0.641001 0.059706 0.147007 
0.155298 0.642501 0.056694 0.145507 
0.152816 0.648001 0.051176 0.148007 
0.151286 0.645001 0.059705 0.144007 
0.145817 0.657500 0.051676 0.145007 
0.146275 0.640501 0.064717 0.148507 
0.147295 0.657000 0.059197 0.136508 
0.136806 0.672499 0.056186 0.134508 
0.145797 0.639500 0.059696 0.155007 
0.154306 0.640000 0.056186 0.149507 
0.137801 0.648001 0.054691 0.159506 
0.143292 0.632001 0.059701 0.165006 
0.141817 0.650999 0.053677 0.153507 
0.145819 0.662000 0.050673 0.141508 
0.138306 0.649000 0.057187 0.155507 
0.147803 0.631001 0.056190 0.165006 
0.146781 0.636002 0.060710 0.156507 
0.139296 0.637500 0.059197 0.164006 
0.140817 0.650500 0.051677 0.157007 
0.130809 0.656999 0.056185 0.156007 
0.138287 0.648000 0.062206 0.151507 
0.142297 0.644501 0.057695 0.155507 
0.138817 0.656000 0.052677 0.152507 
0.143321 0.664500 0.049671 0.142508 
0.134809 0.667500 0.054183 0.143508 
0.145821 0.662000 0.051172 0.141008 
0.143824 0.656500 0.050169 0.149507 
0.139807 0.650501 0.054186 0.155507 
0.144801 0.648500 0.056691 0.150007 
0.138315 0.660501 0.050677 0.150507 
0.133812 0.674999 0.054181 0.137008 
0.143281 0.637501 0.062711 0.156507 
0.147799 0.651999 0.059194 0.141008 
0.135789 0.652000 0.062204 0.150007 
0.143302 0.653000 0.057691 0.146007 
0.149816 0.644501 0.050176 0.155507 
0.138318 0.655500 0.051175 0.155007 
0.149795 0.635500 0.061198 0.153507 
0.152318 0.647500 0.052675 0.147507 
0.152811 0.646001 0.052181 0.149007 
0.132779 0.655000 0.063213 0.149007 
0.152795 0.639001 0.058697 0.149507 
0.148802 0.644000 0.057691 0.149507 
0.153336 0.649001 0.044656 0.153007 
0.136806 0.654000 0.055687 0.153507 
0.148820 0.634001 0.050673 0.166506 
0.156789 0.644001 0.058702 0.140508 
0.138311 0.656500 0.053182 0.152007 
0.148807 0.642000 0.055686 0.153507 
0.164816 0.646001 0.051175 0.138008 
0.147822 0.648000 0.050171 0.154007 
0.143326 0.657000 0.050168 0.149507 
0.140813 0.664499 0.054180 0.140508 
0.136801 0.656000 0.057192 0.150007 
0.140312 0.657001 0.052181 0.150507 
0.149809 0.659000 0.055183 0.136008 
0.151776 0.647001 0.062715 0.138508 
0.144806 0.646000 0.056687 0.152507 
0.129813 0.665000 0.053180 0.152007 
0.146293 0.652001 0.058199 0.143508 
0.154782 0.646501 0.060708 0.138008 
0.150788 0.632500 0.063706 0.153007 
0.142309 0.656501 0.052683 0.148507 
6.15814 6.30137 6.08172 6.16028 
0.142529 0.1514 0.137533 0.142618 
0.0491191 0.0491191 0.0491191 0.0491191 0.0491191 0.0491191 0.0491191 0.0491191 0.0718179 0.0636382 0.0876467 0.0628815 0.0491191 0.0491191 0.0491191 0.0491191 0.0491191 0.0491191 0.0670758 0.0491191 0.0491191 0.0491191 0.0491191 0.0491191 0.0614966 0.0680067 0.0491191 0.0804995 0.0491191 0.0491191 0.0491191 0.0491191 0.0491191 0.0491191 0.173105 0.0491191 0.0491191 0.0491191 0.0491191 0.0491191 0.0491191 0.0491191 0.0691774 0.0491191 0.0491191 0.0491191 0.0491191 0.0491191 0.0491191 0.0491191 0.0491191 0.0491191 0.0491191 0.0491191 0.0491191 0.0491191 0.0821668 0.0846409 0.0923702 0.0776016 0.0491191 0.0491191 0.0491191 0.0491191 0.0491191 0.0491191 0.0491191 0.0491191 0.0491191 0.0491191 0.0491191 0.0491191 0.0491191 0.0491191 0.0491191 0.0491191 0.0491191 0.0491191 0.0491191 0.0491191 0.0491191 0.0491191 0.0730827 0.0491191 0.0491191 0.0491191 0.0491191 0.0491191 0.0491191 0.0491191 0.0491191 0.0491191 0.0491191 0.0491191 0.0491191 0.0491191 
