-3813005.192652
0
0.000001 0.000001 0.000001 0.000001 0.000001 0.000001 0.000001 0.000001 0.000001 0.000001 0.059126 0.000001 0.000001 0.000001 0.000001 0.000001 0.000001 0.000001 0.000065 0.000001 0.000001 0.000001 0.000001 0.000001 0.000001 0.000053 0.000001 0.017714 0.000001 0.000001 0.000001 0.000001 0.000001 0.000001 0.078202 0.000001 0.000001 0.000001 0.000001 0.000001 0.000001 0.000001 0.000001 0.000001 0.000001 0.000001 0.000001 0.000001 0.000001 0.000001 0.000001 0.000001 0.000001 0.000001 0.000001 0.000001 0.000409 0.062937 0.778974 0.001140 0.000001 0.000001 0.000001 0.000001 0.000001 0.000001 0.000001 0.000001 0.000001 0.000001 0.000001 0.000001 0.000001 0.000001 0.000001 0.000001 0.000001 0.000001 0.000001 0.000001 0.000001 0.000001 0.001313 0.000001 0.000001 0.000001 0.000001 0.000001 0.000001 0.000001 0.000001 0.000001 0.000001 0.000001 0.000001 0.000001 
0.000001 0.000001 0.000001 0.000001 0.000001 0.000001 0.000001 0.000001 0.000001 0.000037 0.003064 0.000025 0.000001 0.000001 0.000001 0.000001 0.000001 0.000001 0.000001 0.000001 0.000001 0.000001 0.000001 0.000001 0.000013 0.000001 0.000001 0.001552 0.000001 0.000001 0.000001 0.000001 0.000001 0.000001 0.006268 0.000001 0.000001 0.000001 0.000001 0.000001 0.000001 0.000001 0.000001 0.000001 0.000001 0.000001 0.000001 0.000001 0.000001 0.000001 0.000001 0.000001 0.000001 0.000001 0.000001 0.000001 0.000037 0.004665 0.983983 0.000196 0.000001 0.000001 0.000001 0.000001 0.000001 0.000001 0.000001 0.000001 0.000001 0.000001 0.000001 0.000001 0.000001 0.000001 0.000001 0.000001 0.000001 0.000001 0.000001 0.000001 0.000001 0.000001 0.000098 0.000001 0.000001 0.000001 0.000001 0.000001 0.000001 0.000001 0.000001 0.000001 0.000001 0.000001 0.000001 0.000001 
0.000254 0.000254 0.000254 0.000254 0.000254 0.000254 0.000254 0.000254 0.966087 0.000275 0.002350 0.000274 0.000254 0.000254 0.000254 0.000254 0.000254 0.000254 0.000355 0.000254 0.000254 0.000254 0.000254 0.000254 0.000272 0.000378 0.000254 0.000803 0.000254 0.000254 0.000254 0.000254 0.000254 0.000254 0.001431 0.000254 0.000254 0.000254 0.000254 0.000254 0.000254 0.000254 0.000283 0.000254 0.000254 0.000254 0.000254 0.000254 0.000254 0.000254 0.000254 0.000254 0.000254 0.000254 0.000254 0.000254 0.000635 0.001058 0.004232 0.000600 0.000254 0.000254 0.000254 0.000254 0.000254 0.000254 0.000254 0.000254 0.000254 0.000254 0.000254 0.000254 0.000254 0.000254 0.000254 0.000254 0.000254 0.000254 0.000254 0.000254 0.000254 0.000254 0.000428 0.000254 0.000254 0.000254 0.000254 0.000254 0.000254 0.000254 0.000254 0.000254 0.000254 0.000254 0.000254 0.000254 
0.000001 0.000001 0.000001 0.000001 0.000001 0.000001 0.000001 0.000001 0.000001 0.000001 0.998136 0.000001 0.000001 0.000001 0.000001 0.000001 0.000001 0.000001 0.000002 0.000001 0.000001 0.000001 0.000001 0.000001 0.000001 0.000354 0.000001 0.000004 0.000001 0.000001 0.000001 0.000001 0.000001 0.000001 0.000008 0.000001 0.000001 0.000001 0.000001 0.000001 0.000001 0.000001 0.000001 0.000001 0.000001 0.000001 0.000001 0.000001 0.000001 0.000001 0.000001 0.000001 0.000001 0.000001 0.000001 0.000001 0.000003 0.000008 0.001372 0.000003 0.000001 0.000001 0.000001 0.000001 0.000001 0.000001 0.000001 0.000001 0.000001 0.000001 0.000001 0.000001 0.000001 0.000001 0.000001 0.000001 0.000001 0.000001 0.000001 0.000001 0.000001 0.000001 0.000002 0.000001 0.000001 0.000001 0.000001 0.000001 0.000001 0.000001 0.000001 0.000001 0.000001 0.000001 0.000001 0.000001 
0.000001 0.000001 0.000001 0.000001 0.000001 0.000001 0.000001 0.000001 0.000001 0.000001 0.692335 0.000001 0.000001 0.000001 0.000001 0.000001 0.000001 0.000001 0.000002 0.000001 0.000001 0.000001 0.000001 0.000001 0.000001 0.000002 0.000001 0.037966 0.000001 0.000001 0.000001 0.000001 0.000001 0.000001 0.000007 0.000001 0.000001 0.000001 0.000001 0.000001 0.000001 0.000001 0.000001 0.000001 0.000001 0.000001 0.000001 0.000001 0.000001 0.000001 0.000001 0.000001 0.000001 0.000001 0.000001 0.000001 0.000003 0.269466 0.000117 0.000003 0.000001 0.000001 0.000001 0.000001 0.000001 0.000001 0.000001 0.000001 0.000001 0.000001 0.000001 0.000001 0.000001 0.000001 0.000001 0.000001 0.000001 0.000001 0.000001 0.000001 0.000001 0.000001 0.000002 0.000001 0.000001 0.000001 0.000001 0.000001 0.000001 0.000001 0.000001 0.000001 0.000001 0.000001 0.000001 0.000001 
0.000001 0.000001 0.000001 0.000001 0.000001 0.000001 0.000001 0.000001 0.000001 0.000001 0.042780 0.000001 0.000001 0.000001 0.000001 0.000001 0.000001 0.000001 0.000001 0.000001 0.000001 0.000001 0.000001 0.000001 0.000001 0.000001 0.000001 0.017641 0.000001 0.000001 0.000001 0.000001 0.000001 0.000001 0.070286 0.000001 0.000001 0.000001 0.000001 0.000001 0.000001 0.000001 0.000940 0.000001 0.000001 0.000001 0.000001 0.000001 0.000001 0.000001 0.000001 0.000001 0.000001 0.000001 0.000001 0.000001 0.094057 0.061240 0.712240 0.000733 0.000001 0.000001 0.000001 0.000001 0.000001 0.000001 0.000001 0.000001 0.000001 0.000001 0.000001 0.000001 0.000001 0.000001 0.000001 0.000001 0.000001 0.000001 0.000001 0.000001 0.000001 0.000001 0.000002 0.000001 0.000001 0.000001 0.000001 0.000001 0.000001 0.000001 0.000001 0.000001 0.000001 0.000001 0.000001 0.000001 
0.000001 0.000001 0.000001 0.000001 0.000001 0.000001 0.000001 0.000001 0.000001 0.000001 0.059055 0.000001 0.000001 0.000001 0.000001 0.000001 0.000001 0.000001 0.000063 0.000001 0.000001 0.000001 0.000001 0.000001 0.000001 0.000053 0.000001 0.017739 0.000001 0.000001 0.000001 0.000001 0.000001 0.000001 0.078187 0.000001 0.000001 0.000001 0.000001 0.000001 0.000001 0.000001 0.000001 0.000001 0.000001 0.000001 0.000001 0.000001 0.000001 0.000001 0.000001 0.000001 0.000001 0.000001 0.000001 0.000001 0.000409 0.062983 0.778982 0.001144 0.000001 0.000001 0.000001 0.000001 0.000001 0.000001 0.000001 0.000001 0.000001 0.000001 0.000001 0.000001 0.000001 0.000001 0.000001 0.000001 0.000001 0.000001 0.000001 0.000001 0.000001 0.000001 0.001317 0.000001 0.000001 0.000001 0.000001 0.000001 0.000001 0.000001 0.000001 0.000001 0.000001 0.000001 0.000001 0.000001 
0.000001 0.000001 0.000001 0.000001 0.000001 0.000001 0.000001 0.000001 0.000001 0.000001 0.059088 0.000001 0.000001 0.000001 0.000001 0.000001 0.000001 0.000001 0.000064 0.000001 0.000001 0.000001 0.000001 0.000001 0.000001 0.000053 0.000001 0.017725 0.000001 0.000001 0.000001 0.000001 0.000001 0.000001 0.078190 0.000001 0.000001 0.000001 0.000001 0.000001 0.000001 0.000001 0.000001 0.000001 0.000001 0.000001 0.000001 0.000001 0.000001 0.000001 0.000001 0.000001 0.000001 0.000001 0.000001 0.000001 0.000409 0.062966 0.778983 0.001142 0.000001 0.000001 0.000001 0.000001 0.000001 0.000001 0.000001 0.000001 0.000001 0.000001 0.000001 0.000001 0.000001 0.000001 0.000001 0.000001 0.000001 0.000001 0.000001 0.000001 0.000001 0.000001 0.001314 0.000001 0.000001 0.000001 0.000001 0.000001 0.000001 0.000001 0.000001 0.000001 0.000001 0.000001 0.000001 0.000001 
0.000001 0.000001 0.000001 0.000001 0.000001 0.000001 0.000001 0.000001 0.000001 0.000001 0.059298 0.000001 0.000001 0.000001 0.000001 0.000001 0.000001 0.000001 0.000069 0.000001 0.000001 0.000001 0.000001 0.000001 0.000001 0.000053 0.000001 0.017651 0.000001 0.000001 0.000001 0.000001 0.000001 0.000001 0.078238 0.000001 0.000001 0.000001 0.000001 0.000001 0.000001 0.000001 0.000001 0.000001 0.000001 0.000001 0.000001 0.000001 0.000001 0.000001 0.000001 0.000001 0.000001 0.000001 0.000001 0.000001 0.000408 0.062829 0.778956 0.001131 0.000001 0.000001 0.000001 0.000001 0.000001 0.000001 0.000001 0.000001 0.000001 0.000001 0.000001 0.000001 0.000001 0.000001 0.000001 0.000001 0.000001 0.000001 0.000001 0.000001 0.000001 0.000001 0.001301 0.000001 0.000001 0.000001 0.000001 0.000001 0.000001 0.000001 0.000001 0.000001 0.000001 0.000001 0.000001 0.000001 
0.000001 0.000001 0.000001 0.000001 0.000001 0.000001 0.000001 0.000001 0.000001 0.000001 0.000014 0.000001 0.000001 0.000001 0.000001 0.000001 0.000001 0.000001 0.000001 0.000001 0.000001 0.000001 0.000001 0.000001 0.000001 0.000001 0.000001 0.000003 0.000001 0.000001 0.000001 0.000001 0.000001 0.000001 0.999856 0.000001 0.000001 0.000001 0.000001 0.000001 0.000001 0.000001 0.000001 0.000001 0.000001 0.000001 0.000001 0.000001 0.000001 0.000001 0.000001 0.000001 0.000001 0.000001 0.000001 0.000001 0.000002 0.000004 0.000035 0.000002 0.000001 0.000001 0.000001 0.000001 0.000001 0.000001 0.000001 0.000001 0.000001 0.000001 0.000001 0.000001 0.000001 0.000001 0.000001 0.000001 0.000001 0.000001 0.000001 0.000001 0.000001 0.000001 0.000002 0.000001 0.000001 0.000001 0.000001 0.000001 0.000001 0.000001 0.000001 0.000001 0.000001 0.000001 0.000001 0.000001 
0.000001 0.000001 0.000001 0.000001 0.000001 0.000001 0.000001 0.000001 0.000001 0.000001 0.000009 0.000001 0.000001 0.000001 0.000001 0.000001 0.000001 0.000001 0.000001 0.000001 0.000001 0.000001 0.000001 0.000001 0.000001 0.000001 0.000001 0.000002 0.000001 0.000001 0.000001 0.000001 0.000001 0.000001 0.000004 0.000001 0.000001 0.000001 0.000001 0.000001 0.000001 0.000001 0.000001 0.000001 0.000001 0.000001 0.000001 0.000001 0.000001 0.000001 0.000001 0.000001 0.000001 0.000001 0.000001 0.000001 0.000002 0.000003 0.999912 0.000002 0.000001 0.000001 0.000001 0.000001 0.000001 0.000001 0.000001 0.000001 0.000001 0.000001 0.000001 0.000001 0.000001 0.000001 0.000001 0.000001 0.000001 0.000001 0.000001 0.000001 0.000001 0.000001 0.000001 0.000001 0.000001 0.000001 0.000001 0.000001 0.000001 0.000001 0.000001 0.000001 0.000001 0.000001 0.000001 0.000001 
0.000004 0.000004 0.000004 0.000004 0.000004 0.000004 0.000004 0.000004 0.000004 0.000004 0.004117 0.000004 0.000004 0.000004 0.000004 0.000004 0.000004 0.000004 0.000005 0.000004 0.000004 0.000004 0.000004 0.000004 0.000004 0.000005 0.000004 0.000012 0.000004 0.000004 0.000004 0.000004 0.000004 0.000004 0.268017 0.000004 0.000004 0.000004 0.000004 0.000004 0.000004 0.000004 0.000004 0.000004 0.000004 0.000004 0.000004 0.000004 0.000004 0.000004 0.000004 0.000004 0.000004 0.000004 0.000004 0.000004 0.712073 0.000017 0.015419 0.000009 0.000004 0.000004 0.000004 0.000004 0.000004 0.000004 0.000004 0.000004 0.000004 0.000004 0.000004 0.000004 0.000004 0.000004 0.000004 0.000004 0.000004 0.000004 0.000004 0.000004 0.000004 0.000004 0.000006 0.000004 0.000004 0.000004 0.000004 0.000004 0.000004 0.000004 0.000004 0.000004 0.000004 0.000004 0.000004 0.000004 
0.000023 0.000023 0.000023 0.000023 0.000023 0.000023 0.000023 0.000023 0.000025 0.000024 0.028326 0.000024 0.000023 0.000023 0.000023 0.000023 0.000023 0.000023 0.000032 0.000023 0.000023 0.000023 0.000023 0.000023 0.000024 0.000034 0.000023 0.000072 0.000023 0.000023 0.000023 0.000023 0.000023 0.000023 0.000140 0.000023 0.000023 0.000023 0.000023 0.000023 0.000023 0.000023 0.000025 0.000023 0.000023 0.000023 0.000023 0.000023 0.000023 0.000023 0.000023 0.000023 0.000023 0.000023 0.000023 0.000023 0.000057 0.000097 0.002292 0.966963 0.000023 0.000023 0.000023 0.000023 0.000023 0.000023 0.000023 0.000023 0.000023 0.000023 0.000023 0.000023 0.000023 0.000023 0.000023 0.000023 0.000023 0.000023 0.000023 0.000023 0.000023 0.000023 0.000038 0.000023 0.000023 0.000023 0.000023 0.000023 0.000023 0.000023 0.000023 0.000023 0.000023 0.000023 0.000023 0.000023 
0.000001 0.000001 0.000001 0.000001 0.000001 0.000001 0.000001 0.000001 0.000001 0.000001 0.166803 0.000001 0.000001 0.000001 0.000001 0.000001 0.000001 0.000001 0.000001 0.000001 0.000001 0.000001 0.000001 0.000001 0.000001 0.000001 0.000001 0.010376 0.000001 0.000001 0.000001 0.000001 0.000001 0.000001 0.074202 0.000001 0.000001 0.000001 0.000001 0.000001 0.000001 0.000001 0.000001 0.000001 0.000001 0.000001 0.000001 0.000001 0.000001 0.000001 0.000001 0.000001 0.000001 0.000001 0.000001 0.000001 0.000700 0.069156 0.678332 0.000357 0.000001 0.000001 0.000001 0.000001 0.000001 0.000001 0.000001 0.000001 0.000001 0.000001 0.000001 0.000001 0.000001 0.000001 0.000001 0.000001 0.000001 0.000001 0.000001 0.000001 0.000001 0.000001 0.000001 0.000001 0.000001 0.000001 0.000001 0.000001 0.000001 0.000001 0.000001 0.000001 0.000001 0.000001 0.000001 0.000001 
0.072148 0.072290 0.065902 0.071833 0.072162 0.072205 0.072275 0.072295 0.072300 0.069038 0.072115 0.072040 0.071722 0.071675 
0.073334 0.073341 0.065963 0.073224 0.073194 0.069511 0.073336 0.073336 0.073336 0.073250 0.059864 0.072999 0.072620 0.072693 
0.080420 0.079767 0.005062 0.080344 0.076309 0.080345 0.080441 0.080444 0.080441 0.080353 0.080251 0.080134 0.079791 0.035897 
0.071902 0.071903 0.066871 0.071844 0.071806 0.071833 0.071904 0.071904 0.071904 0.071842 0.071738 0.071719 0.071511 0.071319 
breast
0.095766 0.106421 0.000005 0.063511 0.061257 0.082294 0.095764 0.095766 0.095774 0.075084 0.107325 0.025778 0.003558 0.091697 
0.093524 0.097716 0.000506 0.072332 0.075599 0.080898 0.093526 0.093525 0.093521 0.079210 0.098069 0.028411 0.002554 0.090607 
0.100656 0.107688 0.000506 0.044676 0.061443 0.083393 0.100664 0.100660 0.100636 0.078935 0.106522 0.018555 0.003526 0.092140 
0.095896 0.105763 0.000005 0.059197 0.058159 0.082134 0.095896 0.095897 0.095899 0.081546 0.106582 0.026622 0.005610 0.090794 
0.096669 0.102994 0.000005 0.065024 0.068499 0.079879 0.096671 0.096670 0.096663 0.078570 0.103512 0.018802 0.004070 0.091972 
0.096232 0.098510 0.000005 0.064312 0.075243 0.080800 0.096237 0.096235 0.096221 0.086424 0.098667 0.017972 0.001533 0.091609 
0.096885 0.106181 0.000506 0.056488 0.060181 0.080667 0.096884 0.096886 0.096890 0.084404 0.106950 0.019503 0.005604 0.091971 
0.097190 0.102217 0.000005 0.065531 0.070650 0.082540 0.097197 0.097193 0.097173 0.071395 0.102639 0.021675 0.003043 0.091552 
0.097682 0.101152 0.000005 0.054118 0.068476 0.079458 0.097687 0.097685 0.097672 0.092622 0.101398 0.016069 0.004059 0.091918 
0.097572 0.102207 0.000005 0.058600 0.073065 0.082116 0.097576 0.097575 0.097566 0.076152 0.102566 0.020213 0.002023 0.092762 
0.095577 0.099017 0.000506 0.061664 0.073105 0.079448 0.095579 0.095579 0.095573 0.089737 0.099283 0.019247 0.004073 0.091611 
0.095336 0.100480 0.000005 0.057338 0.071190 0.082907 0.095337 0.095338 0.095336 0.081826 0.100909 0.028904 0.003557 0.091536 
0.098628 0.107745 0.000005 0.057909 0.062853 0.082753 0.098629 0.098630 0.098627 0.076233 0.108498 0.014294 0.002017 0.093180 
0.099686 0.101600 0.000506 0.054689 0.074208 0.082942 0.099697 0.099691 0.099659 0.070496 0.101680 0.018288 0.004562 0.092296 
0.095242 0.099913 0.000506 0.065080 0.069830 0.080735 0.095245 0.095244 0.095238 0.085247 0.100290 0.023474 0.003052 0.090903 
0.098933 0.103392 0.000005 0.059452 0.069564 0.078802 0.098939 0.098936 0.098917 0.080944 0.103730 0.013094 0.002526 0.092766 
0.098582 0.106086 0.000506 0.056941 0.062769 0.080878 0.098585 0.098584 0.098574 0.078413 0.106667 0.016556 0.004569 0.092290 
0.099250 0.104454 0.000005 0.047724 0.069206 0.086515 0.099256 0.099254 0.099237 0.071219 0.104854 0.024165 0.002007 0.092852 
0.095674 0.102448 0.000506 0.062826 0.066472 0.079668 0.095675 0.095675 0.095673 0.085939 0.103026 0.021301 0.003560 0.091558 
0.098309 0.107099 0.000506 0.059211 0.063896 0.081224 0.098310 0.098311 0.098309 0.075033 0.107812 0.016943 0.002020 0.093017 
0.097648 0.103341 0.000005 0.059500 0.067443 0.080368 0.097651 0.097650 0.097642 0.082426 0.103771 0.016743 0.003550 0.092261 
0.096700 0.101226 0.000506 0.056678 0.068961 0.081217 0.096703 0.096702 0.096693 0.085614 0.101578 0.021745 0.004064 0.091611 
0.097689 0.106987 0.000506 0.062639 0.059590 0.078633 0.097689 0.097689 0.097688 0.083769 0.107738 0.014231 0.003041 0.092110 
0.095929 0.101290 0.000506 0.057614 0.063916 0.079653 0.095930 0.095930 0.095928 0.098532 0.101702 0.020069 0.002030 0.090972 
0.096595 0.103204 0.000005 0.054827 0.062615 0.082233 0.096598 0.096597 0.096589 0.086693 0.103740 0.026234 0.003040 0.091028 
0.094379 0.100422 0.000506 0.066063 0.068035 0.078615 0.094378 0.094379 0.094385 0.093589 0.100931 0.020540 0.002547 0.091230 
0.096801 0.103535 0.000506 0.061076 0.066461 0.081321 0.096803 0.096802 0.096797 0.080351 0.104081 0.021536 0.002028 0.091902 
0.095342 0.101866 0.000005 0.072728 0.068299 0.077916 0.095343 0.095343 0.095340 0.083445 0.102409 0.017477 0.003057 0.091430 
0.097475 0.108303 0.000005 0.063875 0.061494 0.080818 0.097474 0.097475 0.097478 0.073528 0.109223 0.018528 0.001525 0.092800 
0.099364 0.103313 0.000005 0.050245 0.066828 0.084300 0.099372 0.099368 0.099343 0.076611 0.103571 0.023407 0.002516 0.091757 
0.096845 0.099556 0.000506 0.057788 0.071695 0.079836 0.096850 0.096848 0.096837 0.091603 0.099735 0.017639 0.002533 0.091729 
0.096383 0.101287 0.000506 0.062100 0.068614 0.080003 0.096386 0.096385 0.096378 0.087493 0.101671 0.019672 0.001530 0.091590 
0.097629 0.102122 0.000005 0.052911 0.066153 0.083163 0.097634 0.097632 0.097619 0.085423 0.102435 0.023848 0.002019 0.091407 
0.097687 0.106064 0.000005 0.064637 0.062946 0.079769 0.097689 0.097688 0.097684 0.079627 0.106738 0.016134 0.001037 0.092294 
0.096590 0.101358 0.000005 0.065259 0.072722 0.080899 0.096594 0.096593 0.096582 0.077826 0.101745 0.017647 0.004070 0.092110 
0.096034 0.100030 0.000506 0.062680 0.075471 0.082271 0.096037 0.096036 0.096028 0.075467 0.100342 0.024114 0.003047 0.091938 
0.097754 0.106082 0.000506 0.057340 0.064217 0.081452 0.097755 0.097756 0.097754 0.076328 0.106758 0.018606 0.005085 0.092606 
0.099208 0.106260 0.000506 0.053322 0.062160 0.080858 0.099213 0.099211 0.099196 0.079312 0.106803 0.016049 0.005591 0.092311 
0.097777 0.105932 0.000005 0.053188 0.058516 0.082715 0.097780 0.097779 0.097770 0.083351 0.106582 0.024345 0.003033 0.091226 
0.094747 0.100418 0.000506 0.066217 0.068528 0.079395 0.094747 0.094748 0.094746 0.088018 0.100887 0.021973 0.004079 0.090990 
0.097588 0.106426 0.000506 0.065409 0.061798 0.078357 0.097589 0.097589 0.097587 0.081548 0.107139 0.013655 0.002534 0.092276 
0.095756 0.100497 0.000005 0.063067 0.069499 0.081526 0.095748 0.095750 0.095773 0.081449 0.100905 0.025538 0.003560 0.090926 
0.098437 0.107229 0.000005 0.051054 0.055365 0.081490 0.098440 0.098439 0.098431 0.088182 0.107924 0.020116 0.003541 0.091346 
0.096530 0.102893 0.000005 0.059314 0.064943 0.081610 0.096533 0.096532 0.096526 0.082244 0.103380 0.022159 0.006122 0.091209 
0.097244 0.102303 0.000005 0.058706 0.070402 0.081688 0.097247 0.097247 0.097239 0.080438 0.102695 0.020406 0.002025 0.092355 
0.097035 0.102994 0.000506 0.060860 0.067105 0.079464 0.097037 0.097037 0.097030 0.084490 0.103466 0.016869 0.004066 0.092041 
0.096980 0.105292 0.000005 0.052975 0.059881 0.079156 0.096981 0.096981 0.096980 0.098320 0.104271 0.016797 0.004061 0.091319 
0.095841 0.102382 0.000005 0.062031 0.065561 0.080240 0.095843 0.095842 0.095839 0.085346 0.102934 0.021804 0.005098 0.091234 
0.097652 0.104490 0.000005 0.069273 0.074725 0.081060 0.097655 0.097654 0.097645 0.061842 0.105054 0.016977 0.002535 0.093435 
0.096427 0.103571 0.000005 0.061628 0.068366 0.083404 0.096430 0.096429 0.096423 0.070596 0.104159 0.027226 0.003554 0.091781 
0.095851 0.100918 0.000005 0.066679 0.071227 0.080686 0.095854 0.095852 0.095843 0.079078 0.101331 0.022668 0.002542 0.091466 
0.097952 0.105499 0.000005 0.056620 0.065153 0.084526 0.097956 0.097954 0.097944 0.069172 0.106094 0.021997 0.007140 0.091989 
0.096844 0.103971 0.000005 0.054316 0.065151 0.083298 0.096846 0.096846 0.096843 0.079542 0.104548 0.025882 0.004060 0.091848 
0.098733 0.107878 0.000005 0.053923 0.057756 0.082896 0.098737 0.098735 0.098724 0.076469 0.108601 0.021806 0.004053 0.091683 
0.096839 0.102345 0.000005 0.060261 0.064423 0.079930 0.096842 0.096841 0.096835 0.090975 0.102748 0.018151 0.002534 0.091271 
0.100286 0.108115 0.000005 0.053992 0.066459 0.082144 0.100291 0.100289 0.100277 0.066990 0.108735 0.014978 0.003533 0.093904 
0.096545 0.106237 0.000005 0.063129 0.062378 0.080644 0.096545 0.096546 0.096546 0.083454 0.105340 0.020027 0.001039 0.091565 
0.096078 0.100575 0.000005 0.056487 0.067535 0.081880 0.096081 0.096080 0.096074 0.089984 0.100913 0.024689 0.002534 0.091086 
0.096240 0.100839 0.000005 0.061218 0.066740 0.079924 0.096231 0.096233 0.096256 0.090221 0.101224 0.020881 0.003047 0.090940 
0.096118 0.104790 0.000506 0.056770 0.061044 0.082504 0.096118 0.096119 0.096121 0.082519 0.105502 0.026062 0.004579 0.091247 
0.097594 0.103774 0.000005 0.057369 0.066229 0.079794 0.097596 0.097595 0.097592 0.087216 0.104284 0.016398 0.002022 0.092531 
0.097141 0.104462 0.000005 0.060612 0.061763 0.079080 0.097142 0.097142 0.097139 0.090659 0.105045 0.016556 0.001526 0.091728 
0.100123 0.109554 0.000005 0.050914 0.058284 0.083790 0.100127 0.100125 0.100112 0.072090 0.110303 0.020445 0.001507 0.092621 
0.096838 0.103586 0.001509 0.056599 0.063971 0.080618 0.096839 0.096839 0.096837 0.088720 0.104125 0.019666 0.002025 0.091827 
0.097939 0.105082 0.001008 0.058970 0.069946 0.082478 0.097942 0.097941 0.097933 0.067627 0.105671 0.020385 0.004058 0.093019 
0.098393 0.103111 0.000506 0.051836 0.068433 0.081865 0.098398 0.098396 0.098385 0.082325 0.103481 0.018803 0.003540 0.092528 
0.096837 0.101730 0.000005 0.064841 0.071625 0.080524 0.096841 0.096839 0.096828 0.078350 0.102124 0.019853 0.001530 0.092073 
0.095780 0.101707 0.000506 0.059128 0.063861 0.080347 0.095781 0.095781 0.095777 0.096138 0.102197 0.019958 0.002031 0.091009 
0.097604 0.101906 0.000506 0.054998 0.068942 0.084650 0.097611 0.097608 0.097589 0.075442 0.102220 0.024506 0.005084 0.091333 
0.098231 0.106564 0.001008 0.056883 0.059560 0.081548 0.098235 0.098233 0.098223 0.079800 0.107222 0.019817 0.003034 0.091644 
0.097888 0.104599 0.000005 0.058396 0.062327 0.082297 0.097894 0.097891 0.097874 0.077986 0.105116 0.023046 0.003548 0.091133 
0.095963 0.104626 0.000005 0.068299 0.067888 0.079672 0.095961 0.095963 0.095968 0.075469 0.105363 0.018157 0.004074 0.092592 
0.095991 0.105569 0.000506 0.071920 0.064324 0.080630 0.095991 0.095991 0.095992 0.070761 0.106387 0.021210 0.003051 0.091676 
0.094070 0.101960 0.000005 0.068901 0.064071 0.080970 0.094069 0.094070 0.094076 0.086168 0.102617 0.027497 0.001050 0.090477 
0.097095 0.105537 0.000506 0.056417 0.062701 0.082613 0.097096 0.097096 0.097094 0.075775 0.106216 0.022947 0.007145 0.091763 
0.097357 0.105055 0.000005 0.057919 0.060423 0.083164 0.097361 0.097359 0.097350 0.080002 0.105648 0.025335 0.002023 0.090999 
0.100544 0.107364 0.000005 0.051714 0.064403 0.081522 0.100551 0.100547 0.100526 0.072902 0.107908 0.015757 0.003021 0.093234 
0.098110 0.102703 0.001008 0.060584 0.070366 0.079121 0.098115 0.098113 0.098100 0.081888 0.103068 0.014148 0.002023 0.092653 
0.099220 0.103218 0.000005 0.051657 0.064628 0.080485 0.099227 0.099223 0.099203 0.089360 0.103483 0.015892 0.002520 0.091880 
0.098323 0.104504 0.000506 0.057140 0.067340 0.079982 0.098326 0.098326 0.098318 0.080730 0.104982 0.014582 0.004057 0.092883 
0.095886 0.101062 0.000005 0.056270 0.064525 0.082968 0.095889 0.095888 0.095881 0.091312 0.101462 0.025247 0.003043 0.090561 
0.095908 0.102235 0.000005 0.069930 0.071602 0.077357 0.095908 0.095909 0.095910 0.082503 0.102763 0.013758 0.003564 0.092649 
0.096589 0.104296 0.000005 0.057443 0.062349 0.083577 0.096591 0.096591 0.096588 0.079789 0.104905 0.027596 0.002531 0.091149 
0.098072 0.101391 0.000005 0.054510 0.068236 0.080594 0.098080 0.098076 0.098053 0.086665 0.101637 0.019584 0.003546 0.091549 
0.096126 0.098510 0.000506 0.064058 0.077399 0.079654 0.096130 0.096129 0.096119 0.084125 0.098680 0.017946 0.002540 0.092078 
0.094610 0.102225 0.000506 0.066013 0.063104 0.081586 0.094611 0.094611 0.094610 0.083068 0.102846 0.028483 0.003566 0.090160 
0.096987 0.100411 0.000506 0.056423 0.066116 0.079855 0.096992 0.096990 0.096977 0.094928 0.100622 0.017748 0.004578 0.090867 
0.095690 0.100990 0.000506 0.074100 0.075658 0.079936 0.095692 0.095692 0.095687 0.071375 0.101412 0.018548 0.002546 0.092169 
0.095927 0.101434 0.000506 0.062395 0.069006 0.080828 0.095929 0.095929 0.095926 0.084827 0.101873 0.021752 0.002032 0.091638 
0.095266 0.103689 0.000506 0.067906 0.068394 0.081020 0.095265 0.095266 0.095272 0.074348 0.104409 0.023021 0.003563 0.092075 
0.096988 0.105649 0.001008 0.054939 0.061681 0.081613 0.096988 0.096989 0.096992 0.084907 0.106370 0.021674 0.002022 0.092181 
0.096273 0.104339 0.000506 0.062191 0.070185 0.082291 0.096272 0.096274 0.096275 0.070567 0.105046 0.024448 0.002535 0.092799 
0.095735 0.102250 0.000506 0.064726 0.066437 0.080189 0.095736 0.095736 0.095735 0.085071 0.102769 0.020688 0.003050 0.091370 
0.096331 0.101496 0.000506 0.066954 0.077164 0.081480 0.096320 0.096324 0.096351 0.072418 0.101990 0.019032 0.000577 0.093056 
0.098177 0.105784 0.000005 0.054552 0.060982 0.082368 0.098180 0.098179 0.098174 0.084434 0.106370 0.017239 0.003543 0.092012 
0.097728 0.106673 0.000005 0.058027 0.058513 0.079600 0.097730 0.097729 0.097725 0.084727 0.107398 0.016852 0.005602 0.091690 
0.097569 0.105847 0.000005 0.057016 0.064125 0.084605 0.097571 0.097571 0.097565 0.073067 0.106525 0.023829 0.002526 0.092179 
0.095852 0.100731 0.000506 0.052619 0.064523 0.080040 0.095854 0.095854 0.095852 0.099801 0.101111 0.021199 0.005092 0.090965 
0.096394 0.100231 0.001008 0.058225 0.069100 0.081369 0.096399 0.096397 0.096385 0.086482 0.100510 0.022898 0.003555 0.091048 
0.097101 0.101813 0.000005 0.062945 0.071406 0.081649 0.097105 0.097104 0.097093 0.077698 0.102162 0.020312 0.001528 0.092078 
prostate
0.096832 0.099585 0.000005 0.057517 0.074947 0.081902 0.096837 0.096836 0.096822 0.079980 0.099737 0.021500 0.005603 0.091894 
0.096460 0.106312 0.000005 0.064152 0.057950 0.082282 0.096462 0.096461 0.096455 0.075021 0.107068 0.025773 0.005097 0.090501 
0.097692 0.103377 0.000506 0.054179 0.066598 0.082140 0.097696 0.097695 0.097684 0.081090 0.103782 0.021502 0.004058 0.092002 
0.098158 0.106056 0.000005 0.062148 0.066793 0.081832 0.098161 0.098160 0.098153 0.071030 0.106660 0.018916 0.001034 0.092896 
0.098007 0.104967 0.000005 0.058715 0.069584 0.081995 0.098008 0.098008 0.098004 0.073827 0.105500 0.019019 0.001032 0.093329 
0.096168 0.098088 0.000506 0.062159 0.078672 0.081864 0.096172 0.096171 0.096159 0.082818 0.098186 0.019419 0.001531 0.092085 
0.099845 0.109431 0.000506 0.050305 0.057963 0.081698 0.099847 0.099846 0.099841 0.078178 0.110144 0.015423 0.004045 0.092929 
0.099163 0.102769 0.000005 0.051912 0.069903 0.084098 0.099159 0.099159 0.099166 0.073958 0.103016 0.020000 0.005588 0.092104 
0.095380 0.103182 0.000506 0.059952 0.063361 0.084539 0.095380 0.095381 0.095383 0.084585 0.103789 0.025476 0.002030 0.091055 
0.096551 0.103571 0.000506 0.058099 0.059370 0.079351 0.096553 0.096552 0.096546 0.094196 0.104086 0.019380 0.004581 0.090657 
0.095547 0.103180 0.000506 0.069852 0.066072 0.079166 0.095547 0.095547 0.095549 0.082193 0.103763 0.018446 0.003054 0.091578 
0.096316 0.102125 0.000506 0.057488 0.065101 0.080618 0.096318 0.096318 0.096314 0.089663 0.102538 0.020817 0.004580 0.091299 
0.095635 0.104077 0.000005 0.062144 0.061299 0.080620 0.095634 0.095635 0.095638 0.087848 0.104743 0.023552 0.002032 0.091136 
0.098301 0.105898 0.000005 0.057205 0.063314 0.080293 0.098303 0.098302 0.098296 0.081365 0.106465 0.016160 0.003545 0.092548 
0.098208 0.105661 0.001008 0.055504 0.061976 0.083318 0.098212 0.098210 0.098199 0.075894 0.106216 0.023450 0.002523 0.091622 
0.097215 0.104761 0.001509 0.055164 0.063550 0.084842 0.097217 0.097216 0.097211 0.075794 0.105339 0.025067 0.003546 0.091569 
0.097148 0.102248 0.001008 0.052260 0.064854 0.082175 0.097152 0.097151 0.097139 0.086622 0.102594 0.023397 0.005086 0.091165 
0.096970 0.100381 0.000506 0.058487 0.070423 0.081754 0.096977 0.096973 0.096954 0.081474 0.100597 0.023803 0.003553 0.091149 
0.096928 0.104731 0.000506 0.064495 0.072046 0.082807 0.096929 0.096930 0.096928 0.064277 0.105350 0.022450 0.002534 0.093089 
0.097307 0.102376 0.000506 0.055478 0.066276 0.083271 0.097312 0.097310 0.097296 0.079629 0.102708 0.025324 0.004060 0.091146 
0.098442 0.102947 0.000005 0.052182 0.069320 0.082362 0.098446 0.098445 0.098431 0.079418 0.103234 0.019216 0.005079 0.092473 
0.096731 0.101787 0.000005 0.061453 0.063361 0.077051 0.096734 0.096732 0.096721 0.097990 0.102140 0.014780 0.003558 0.090958 
0.094975 0.102141 0.001008 0.066583 0.066968 0.079916 0.094975 0.094975 0.094975 0.081245 0.102703 0.022248 0.006134 0.091154 
0.097675 0.106420 0.000506 0.061863 0.062291 0.081775 0.097677 0.097676 0.097671 0.075054 0.107107 0.020729 0.001523 0.092031 
0.097309 0.104920 0.000005 0.059760 0.064162 0.082546 0.097312 0.097311 0.097302 0.075093 0.105499 0.024044 0.003039 0.091697 
0.097249 0.103121 0.000506 0.056465 0.064241 0.080523 0.097251 0.097251 0.097245 0.089789 0.103528 0.018612 0.002530 0.091689 
0.097845 0.105790 0.000506 0.057580 0.064694 0.080971 0.097847 0.097846 0.097842 0.076892 0.106402 0.018111 0.005086 0.092589 
0.096277 0.104216 0.000005 0.062964 0.063065 0.083238 0.096279 0.096278 0.096272 0.075615 0.104812 0.028030 0.002030 0.090918 
0.097246 0.105697 0.000005 0.060579 0.063780 0.080476 0.097247 0.097247 0.097247 0.078525 0.106344 0.017668 0.005605 0.092333 
0.096260 0.104749 0.000005 0.062316 0.061547 0.081264 0.096260 0.096260 0.096260 0.083906 0.105411 0.023356 0.001039 0.091365 
0.095155 0.102807 0.000005 0.063227 0.066441 0.080523 0.095154 0.095155 0.095160 0.082914 0.103416 0.022826 0.005616 0.091601 
0.096492 0.102296 0.000005 0.065760 0.070000 0.081143 0.096495 0.096494 0.096487 0.078110 0.102727 0.021470 0.000576 0.091943 
0.097634 0.105609 0.000005 0.053494 0.062360 0.082740 0.097636 0.097636 0.097633 0.080361 0.106209 0.022546 0.004057 0.092080 
0.098296 0.102556 0.000506 0.051800 0.065754 0.083589 0.098302 0.098299 0.098280 0.083392 0.102817 0.020954 0.004054 0.091402 
0.099152 0.108813 0.000005 0.054157 0.057798 0.081371 0.099153 0.099153 0.099151 0.082426 0.109539 0.013533 0.003028 0.092720 
0.097751 0.102063 0.000005 0.062560 0.074630 0.082169 0.097755 0.097753 0.097742 0.074398 0.102350 0.016367 0.001525 0.092931 
0.095027 0.099253 0.000506 0.063058 0.070118 0.081083 0.095029 0.095028 0.095021 0.087276 0.099550 0.025803 0.002543 0.090704 
0.099564 0.109476 0.000506 0.049641 0.056962 0.083388 0.099567 0.099566 0.099558 0.075004 0.110248 0.020593 0.003533 0.092395 
0.097408 0.107149 0.000005 0.062118 0.063462 0.081539 0.097408 0.097409 0.097408 0.071471 0.107926 0.020050 0.004063 0.092585 
0.097823 0.105679 0.000005 0.052054 0.063460 0.082864 0.097824 0.097824 0.097823 0.081676 0.106286 0.022581 0.001516 0.092586 
0.097744 0.106813 0.000005 0.063051 0.065236 0.078878 0.097743 0.097744 0.097745 0.076219 0.107539 0.013956 0.004063 0.093263 
0.098997 0.107437 0.000005 0.055467 0.062310 0.083315 0.098988 0.098990 0.099012 0.070389 0.108105 0.021531 0.003029 0.092425 
0.095868 0.101500 0.001509 0.064999 0.069290 0.078898 0.095869 0.095869 0.095866 0.086032 0.101925 0.018049 0.002541 0.091786 
0.096704 0.103444 0.000506 0.057915 0.065694 0.082197 0.096706 0.096706 0.096701 0.080096 0.103939 0.023154 0.004577 0.091660 
0.097502 0.101368 0.000005 0.060897 0.074241 0.079387 0.097506 0.097505 0.097492 0.078597 0.101627 0.015074 0.006118 0.092680 
0.098462 0.099999 0.001008 0.050945 0.071747 0.083103 0.098471 0.098466 0.098439 0.081311 0.100024 0.022569 0.004053 0.091403 
0.095198 0.097800 0.000005 0.066471 0.080358 0.081866 0.095201 0.095200 0.095190 0.076250 0.098007 0.026460 0.000178 0.091817 
0.096460 0.103466 0.000506 0.066931 0.068504 0.080841 0.096461 0.096461 0.096458 0.075125 0.103988 0.019716 0.003048 0.092035 
0.098419 0.104646 0.000005 0.056913 0.063229 0.080594 0.098423 0.098421 0.098409 0.085048 0.105073 0.016810 0.002020 0.091992 
0.099021 0.105072 0.000005 0.055327 0.068000 0.079532 0.099024 0.099024 0.099015 0.079516 0.105499 0.012503 0.005079 0.093382 
0.095029 0.099301 0.001008 0.066250 0.070887 0.078349 0.095031 0.095030 0.095026 0.090954 0.099607 0.018809 0.003566 0.091153 
0.096022 0.100975 0.000506 0.060433 0.065744 0.078296 0.096024 0.096023 0.096015 0.095169 0.101331 0.017843 0.004585 0.091034 
0.096187 0.102115 0.000506 0.063030 0.067817 0.081563 0.096190 0.096189 0.096180 0.079800 0.102556 0.020418 0.006126 0.091322 
0.098687 0.103705 0.001008 0.054961 0.065987 0.082118 0.098694 0.098690 0.098671 0.078833 0.104029 0.019752 0.003032 0.091832 
0.097486 0.104998 0.000005 0.061170 0.063172 0.080963 0.097488 0.097487 0.097482 0.083882 0.105559 0.016235 0.002025 0.092048 
0.099716 0.106965 0.000506 0.047879 0.060574 0.082443 0.099720 0.099719 0.099707 0.082941 0.107485 0.018223 0.001507 0.092614 
0.098313 0.104385 0.001008 0.049736 0.061456 0.081984 0.098317 0.098315 0.098301 0.086683 0.104811 0.021150 0.004053 0.091487 
0.094929 0.101607 0.001008 0.063853 0.063700 0.078812 0.094928 0.094928 0.094930 0.095469 0.102119 0.017305 0.005619 0.090793 
0.098038 0.101800 0.000506 0.056666 0.070786 0.082492 0.098045 0.098041 0.098022 0.077696 0.102035 0.021908 0.002021 0.091942 
0.096787 0.099700 0.000005 0.059614 0.071791 0.080904 0.096792 0.096790 0.096775 0.086304 0.099863 0.020682 0.002534 0.091457 
0.095596 0.102487 0.000506 0.058171 0.063193 0.083474 0.095597 0.095597 0.095594 0.087152 0.103013 0.027346 0.001528 0.090747 
0.096645 0.103875 0.000005 0.055672 0.063299 0.080166 0.096645 0.096646 0.096647 0.090279 0.104427 0.019197 0.004577 0.091922 
0.098206 0.106837 0.000506 0.060547 0.058763 0.079023 0.098209 0.098207 0.098197 0.082107 0.107486 0.015196 0.005089 0.091629 
0.099564 0.106302 0.000005 0.054850 0.064253 0.081732 0.099570 0.099566 0.099547 0.072904 0.106784 0.017358 0.005077 0.092488 
0.095371 0.105556 0.000005 0.074071 0.065959 0.080098 0.095369 0.095370 0.095378 0.070587 0.106386 0.020137 0.003567 0.092147 
0.094593 0.101774 0.000005 0.074016 0.069407 0.079269 0.094592 0.094593 0.094597 0.080645 0.102338 0.020598 0.002044 0.091530 
0.096488 0.111214 0.000506 0.063659 0.050979 0.081023 0.096483 0.096486 0.096500 0.079731 0.112425 0.021505 0.001527 0.091475 
0.096899 0.103070 0.000005 0.064838 0.071263 0.081135 0.096901 0.096900 0.096893 0.075815 0.103554 0.017549 0.002535 0.092642 
0.097090 0.104764 0.000005 0.063516 0.065573 0.082259 0.097092 0.097091 0.097082 0.071552 0.105348 0.023360 0.003554 0.091714 
0.097296 0.104452 0.000506 0.057245 0.062727 0.079233 0.097298 0.097297 0.097292 0.087715 0.104998 0.016982 0.005090 0.091869 
0.099277 0.106156 0.000005 0.047784 0.058638 0.083696 0.099281 0.099280 0.099267 0.084385 0.106609 0.021505 0.002514 0.091603 
0.095016 0.097229 0.000005 0.061834 0.074306 0.081036 0.095019 0.095018 0.095006 0.091194 0.097369 0.022558 0.003563 0.090847 
0.097679 0.102719 0.000506 0.057843 0.068117 0.081197 0.097683 0.097681 0.097667 0.080486 0.103070 0.019880 0.003549 0.091922 
0.096249 0.097470 0.000005 0.061365 0.076441 0.080959 0.096242 0.096244 0.096259 0.087692 0.097540 0.019097 0.003047 0.091390 
0.098340 0.108118 0.000005 0.060948 0.063036 0.082719 0.098343 0.098341 0.098332 0.065403 0.108899 0.021915 0.003035 0.092566 
0.098074 0.104090 0.001008 0.049930 0.064656 0.084111 0.098078 0.098077 0.098065 0.079272 0.104518 0.025798 0.002520 0.091803 
0.096221 0.106903 0.000506 0.059572 0.055680 0.082519 0.096220 0.096221 0.096223 0.082260 0.107747 0.027186 0.002027 0.090716 
0.095623 0.103953 0.000506 0.063889 0.066390 0.081649 0.095622 0.095624 0.095627 0.076860 0.104618 0.024202 0.003560 0.091875 
0.096868 0.104176 0.000005 0.053795 0.058307 0.081874 0.096871 0.096870 0.096864 0.089585 0.104686 0.022963 0.006632 0.090503 
0.097553 0.105246 0.000005 0.060297 0.065862 0.078943 0.097553 0.097554 0.097554 0.082390 0.105838 0.014173 0.004063 0.092969 
0.099018 0.104740 0.000506 0.060579 0.072773 0.082253 0.099023 0.099021 0.099005 0.067319 0.105162 0.015017 0.002019 0.093564 
0.095968 0.105541 0.001509 0.064747 0.058896 0.079060 0.095967 0.095968 0.095970 0.085370 0.106290 0.018551 0.005101 0.091061 
0.096389 0.105319 0.000005 0.065611 0.066258 0.084336 0.096390 0.096389 0.096386 0.065762 0.106023 0.025248 0.004068 0.091815 
0.097392 0.104615 0.001008 0.058505 0.057669 0.080255 0.097396 0.097394 0.097381 0.090450 0.105132 0.020291 0.002025 0.090487 
0.097505 0.100292 0.000005 0.055537 0.077545 0.083247 0.097511 0.097508 0.097490 0.071071 0.100461 0.023281 0.006111 0.092435 
0.097347 0.105570 0.000506 0.054671 0.061171 0.081414 0.097348 0.097348 0.097346 0.084488 0.106206 0.021112 0.003547 0.091926 
0.096134 0.101772 0.001008 0.067458 0.068645 0.079144 0.096123 0.096127 0.096155 0.084543 0.102216 0.017982 0.001045 0.091649 
0.097643 0.106185 0.000005 0.052832 0.059499 0.084987 0.097645 0.097645 0.097641 0.079915 0.106820 0.024646 0.003032 0.091506 
0.097669 0.103381 0.000005 0.060032 0.071602 0.082324 0.097672 0.097672 0.097663 0.073384 0.103792 0.016851 0.005087 0.092865 
0.097758 0.100437 0.000506 0.055176 0.073811 0.080140 0.097762 0.097760 0.097747 0.088097 0.100603 0.016948 0.000567 0.092687 
0.098755 0.105368 0.000005 0.059882 0.071422 0.082348 0.098759 0.098758 0.098746 0.065948 0.105862 0.018131 0.002524 0.093491 
0.097352 0.103112 0.000506 0.057235 0.067643 0.080813 0.097356 0.097355 0.097345 0.079816 0.103526 0.018788 0.007145 0.092008 
0.098493 0.105397 0.000005 0.054929 0.064654 0.081227 0.098496 0.098495 0.098486 0.080564 0.105905 0.017684 0.003032 0.092634 
0.096666 0.106196 0.000005 0.068287 0.065106 0.081283 0.096666 0.096666 0.096664 0.068648 0.106966 0.021622 0.003047 0.092179 
0.094691 0.099649 0.000005 0.070796 0.074633 0.078939 0.094692 0.094692 0.094690 0.080794 0.100035 0.020072 0.004595 0.091715 
0.097923 0.105544 0.000506 0.058579 0.062759 0.080898 0.097926 0.097925 0.097915 0.078689 0.106113 0.018726 0.004573 0.091923 
0.097691 0.103480 0.000506 0.058917 0.064493 0.083278 0.097684 0.097685 0.097699 0.078015 0.103926 0.023000 0.002529 0.091096 
0.096976 0.102095 0.000005 0.055303 0.065882 0.080214 0.096979 0.096978 0.096970 0.090752 0.102455 0.019212 0.004576 0.091605 
0.096375 0.104146 0.000506 0.063417 0.064307 0.078730 0.096374 0.096375 0.096377 0.085658 0.104762 0.016416 0.004583 0.091976 
0.094979 0.102782 0.000005 0.070156 0.067783 0.079707 0.094978 0.094979 0.094982 0.079411 0.103412 0.021627 0.003567 0.091632 
skin
0.095753 0.104701 0.000000 0.067674 0.064216 0.078954 0.095751 0.095752 0.095757 0.082566 0.105467 0.018459 0.003052 0.091896 
0.097687 0.104102 0.000000 0.056660 0.063189 0.082339 0.097691 0.097689 0.097677 0.080086 0.104583 0.022013 0.005087 0.091195 
0.096764 0.103000 0.000000 0.069644 0.069631 0.079438 0.096767 0.096766 0.096758 0.075664 0.103492 0.016563 0.003561 0.091951 
0.098756 0.108729 0.000000 0.054781 0.056145 0.085091 0.098759 0.098758 0.098748 0.072347 0.109510 0.026560 0.000561 0.091255 
0.097889 0.100909 0.000000 0.054106 0.067254 0.083008 0.097897 0.097893 0.097870 0.084887 0.101094 0.024406 0.002021 0.090765 
0.097839 0.104878 0.000000 0.056273 0.059578 0.081677 0.097844 0.097841 0.097826 0.083809 0.105422 0.022186 0.004061 0.090765 
0.098473 0.106316 0.000000 0.057027 0.064799 0.084565 0.098476 0.098476 0.098468 0.071096 0.106930 0.020406 0.002524 0.092443 
0.097286 0.103850 0.001003 0.054854 0.065756 0.082615 0.097289 0.097288 0.097281 0.079391 0.104380 0.023650 0.003548 0.091809 
0.095325 0.104063 0.000000 0.065715 0.064459 0.081207 0.095323 0.095325 0.095332 0.083627 0.104807 0.020582 0.002542 0.091691 
0.097828 0.104628 0.001003 0.058257 0.065161 0.083121 0.097831 0.097830 0.097820 0.074787 0.105144 0.022312 0.002528 0.091749 
0.095350 0.100804 0.000501 0.065736 0.066276 0.078877 0.095352 0.095351 0.095345 0.091504 0.101246 0.020444 0.002545 0.090670 
0.098507 0.106389 0.000000 0.059541 0.065255 0.082392 0.098511 0.098509 0.098500 0.070422 0.107016 0.019401 0.003035 0.092522 
0.100631 0.109586 0.000000 0.049513 0.057903 0.083007 0.100637 0.100634 0.100617 0.073302 0.110292 0.018354 0.003020 0.092505 
