-1068774.750578
0
0.009289 0.009289 0.009289 0.009289 0.009289 0.009289 0.009289 0.009289 0.010720 0.010092 0.035928 0.010032 0.009289 0.009289 0.009289 0.009289 0.009289 0.009289 0.010363 0.009289 0.009289 0.009289 0.009289 0.009289 0.009923 0.010435 0.009289 0.022445 0.009289 0.009289 0.009289 0.009289 0.009289 0.009289 0.028448 0.009289 0.009289 0.009289 0.009289 0.009289 0.009289 0.009289 0.010524 0.009289 0.009289 0.009289 0.009289 0.009289 0.009289 0.009289 0.009289 0.009289 0.009289 0.009289 0.009289 0.009289 0.019778 0.025138 0.019379 0.012499 0.009289 0.009289 0.009289 0.009289 0.009289 0.009289 0.009289 0.009289 0.009289 0.009289 0.009289 0.009289 0.009289 0.009289 0.009289 0.009289 0.009289 0.009289 0.009289 0.009289 0.009289 0.009289 0.011876 0.009289 0.009289 0.009289 0.009289 0.009289 0.009289 0.009289 0.009289 0.009289 0.009289 0.009289 0.009289 0.009289 
0.000000 0.000000 0.000000 0.000000 0.000000 0.000000 0.000000 0.000000 0.000904 0.000012 0.020587 0.000008 0.000000 0.000000 0.000000 0.000000 0.000000 0.000000 0.000000 0.000000 0.000000 0.000000 0.000000 0.000000 0.000004 0.000131 0.000000 0.024494 0.000000 0.000000 0.000000 0.000000 0.000000 0.000000 0.050128 0.000000 0.000000 0.000000 0.000000 0.000000 0.000000 0.000000 0.000000 0.000000 0.000000 0.000000 0.000000 0.000000 0.000000 0.000000 0.000000 0.000000 0.000000 0.000000 0.000000 0.000000 0.007228 0.018265 0.876477 0.000117 0.000000 0.000000 0.000000 0.000000 0.000000 0.000000 0.000000 0.000000 0.000000 0.000000 0.000000 0.000000 0.000000 0.000000 0.000000 0.000000 0.000000 0.000000 0.000000 0.000000 0.000000 0.000000 0.001612 0.000000 0.000000 0.000000 0.000000 0.000000 0.000000 0.000000 0.000000 0.000000 0.000000 0.000000 0.000000 0.000000 
0.009289 0.009289 0.009289 0.009289 0.009289 0.009289 0.009289 0.009289 0.010720 0.010092 0.035928 0.010032 0.009289 0.009289 0.009289 0.009289 0.009289 0.009289 0.010363 0.009289 0.009289 0.009289 0.009289 0.009289 0.009923 0.010435 0.009289 0.022445 0.009289 0.009289 0.009289 0.009289 0.009289 0.009289 0.028448 0.009289 0.009289 0.009289 0.009289 0.009289 0.009289 0.009289 0.010524 0.009289 0.009289 0.009289 0.009289 0.009289 0.009289 0.009289 0.009289 0.009289 0.009289 0.009289 0.009289 0.009289 0.019778 0.025138 0.019379 0.012499 0.009289 0.009289 0.009289 0.009289 0.009289 0.009289 0.009289 0.009289 0.009289 0.009289 0.009289 0.009289 0.009289 0.009289 0.009289 0.009289 0.009289 0.009289 0.009289 0.009289 0.009289 0.009289 0.011876 0.009289 0.009289 0.009289 0.009289 0.009289 0.009289 0.009289 0.009289 0.009289 0.009289 0.009289 0.009289 0.009289 
0.000002 0.000002 0.000002 0.000002 0.000002 0.000002 0.000002 0.000002 0.000003 0.000003 0.999744 0.000003 0.000002 0.000002 0.000002 0.000002 0.000002 0.000002 0.000003 0.000002 0.000002 0.000002 0.000002 0.000002 0.000003 0.000003 0.000002 0.000006 0.000002 0.000002 0.000002 0.000002 0.000002 0.000002 0.000016 0.000002 0.000002 0.000002 0.000002 0.000002 0.000002 0.000002 0.000003 0.000002 0.000002 0.000002 0.000002 0.000002 0.000002 0.000002 0.000002 0.000002 0.000002 0.000002 0.000002 0.000002 0.000005 0.000007 0.000005 0.000003 0.000002 0.000002 0.000002 0.000002 0.000002 0.000002 0.000002 0.000002 0.000002 0.000002 0.000002 0.000002 0.000002 0.000002 0.000002 0.000002 0.000002 0.000002 0.000002 0.000002 0.000002 0.000002 0.000003 0.000002 0.000002 0.000002 0.000002 0.000002 0.000002 0.000002 0.000002 0.000002 0.000002 0.000002 0.000002 0.000002 
0.000002 0.000002 0.000002 0.000002 0.000002 0.000002 0.000002 0.000002 0.000003 0.000003 0.875359 0.000003 0.000002 0.000002 0.000002 0.000002 0.000002 0.000002 0.000003 0.000002 0.000002 0.000002 0.000002 0.000002 0.000003 0.000003 0.000002 0.027913 0.000002 0.000002 0.000002 0.000002 0.000002 0.000002 0.000008 0.000002 0.000002 0.000002 0.000002 0.000002 0.000002 0.000002 0.000003 0.000002 0.000002 0.000002 0.000002 0.000002 0.000002 0.000002 0.000002 0.000002 0.000002 0.000002 0.000002 0.000002 0.000005 0.096493 0.000005 0.000003 0.000002 0.000002 0.000002 0.000002 0.000002 0.000002 0.000002 0.000002 0.000002 0.000002 0.000002 0.000002 0.000002 0.000002 0.000002 0.000002 0.000002 0.000002 0.000002 0.000002 0.000002 0.000002 0.000003 0.000002 0.000002 0.000002 0.000002 0.000002 0.000002 0.000002 0.000002 0.000002 0.000002 0.000002 0.000002 0.000002 
0.000007 0.000007 0.000007 0.000007 0.000007 0.000007 0.000007 0.000007 0.000009 0.000008 0.031667 0.000008 0.000007 0.000007 0.000007 0.000007 0.000007 0.000007 0.000008 0.000007 0.000007 0.000007 0.000007 0.000007 0.000008 0.000008 0.000007 0.037600 0.000007 0.000007 0.000007 0.000007 0.000007 0.000007 0.081299 0.000007 0.000007 0.000007 0.000007 0.000007 0.000007 0.000007 0.004739 0.000007 0.000007 0.000007 0.000007 0.000007 0.000007 0.000007 0.000007 0.000007 0.000007 0.000007 0.000007 0.000007 0.807163 0.029382 0.006848 0.000010 0.000007 0.000007 0.000007 0.000007 0.000007 0.000007 0.000007 0.000007 0.000007 0.000007 0.000007 0.000007 0.000007 0.000007 0.000007 0.000007 0.000007 0.000007 0.000007 0.000007 0.000007 0.000007 0.000644 0.000007 0.000007 0.000007 0.000007 0.000007 0.000007 0.000007 0.000007 0.000007 0.000007 0.000007 0.000007 0.000007 
0.009289 0.009289 0.009289 0.009289 0.009289 0.009289 0.009289 0.009289 0.010720 0.010092 0.035928 0.010032 0.009289 0.009289 0.009289 0.009289 0.009289 0.009289 0.010363 0.009289 0.009289 0.009289 0.009289 0.009289 0.009923 0.010435 0.009289 0.022445 0.009289 0.009289 0.009289 0.009289 0.009289 0.009289 0.028448 0.009289 0.009289 0.009289 0.009289 0.009289 0.009289 0.009289 0.010524 0.009289 0.009289 0.009289 0.009289 0.009289 0.009289 0.009289 0.009289 0.009289 0.009289 0.009289 0.009289 0.009289 0.019778 0.025138 0.019379 0.012499 0.009289 0.009289 0.009289 0.009289 0.009289 0.009289 0.009289 0.009289 0.009289 0.009289 0.009289 0.009289 0.009289 0.009289 0.009289 0.009289 0.009289 0.009289 0.009289 0.009289 0.009289 0.009289 0.011876 0.009289 0.009289 0.009289 0.009289 0.009289 0.009289 0.009289 0.009289 0.009289 0.009289 0.009289 0.009289 0.009289 
0.009289 0.009289 0.009289 0.009289 0.009289 0.009289 0.009289 0.009289 0.010720 0.010092 0.035928 0.010032 0.009289 0.009289 0.009289 0.009289 0.009289 0.009289 0.010363 0.009289 0.009289 0.009289 0.009289 0.009289 0.009923 0.010435 0.009289 0.022445 0.009289 0.009289 0.009289 0.009289 0.009289 0.009289 0.028448 0.009289 0.009289 0.009289 0.009289 0.009289 0.009289 0.009289 0.010524 0.009289 0.009289 0.009289 0.009289 0.009289 0.009289 0.009289 0.009289 0.009289 0.009289 0.009289 0.009289 0.009289 0.019778 0.025138 0.019379 0.012499 0.009289 0.009289 0.009289 0.009289 0.009289 0.009289 0.009289 0.009289 0.009289 0.009289 0.009289 0.009289 0.009289 0.009289 0.009289 0.009289 0.009289 0.009289 0.009289 0.009289 0.009289 0.009289 0.011876 0.009289 0.009289 0.009289 0.009289 0.009289 0.009289 0.009289 0.009289 0.009289 0.009289 0.009289 0.009289 0.009289 
0.009289 0.009289 0.009289 0.009289 0.009289 0.009289 0.009289 0.009289 0.010720 0.010092 0.035928 0.010032 0.009289 0.009289 0.009289 0.009289 0.009289 0.009289 0.010363 0.009289 0.009289 0.009289 0.009289 0.009289 0.009923 0.010435 0.009289 0.022445 0.009289 0.009289 0.009289 0.009289 0.009289 0.009289 0.028448 0.009289 0.009289 0.009289 0.009289 0.009289 0.009289 0.009289 0.010524 0.009289 0.009289 0.009289 0.009289 0.009289 0.009289 0.009289 0.009289 0.009289 0.009289 0.009289 0.009289 0.009289 0.019778 0.025138 0.019379 0.012499 0.009289 0.009289 0.009289 0.009289 0.009289 0.009289 0.009289 0.009289 0.009289 0.009289 0.009289 0.009289 0.009289 0.009289 0.009289 0.009289 0.009289 0.009289 0.009289 0.009289 0.009289 0.009289 0.011876 0.009289 0.009289 0.009289 0.009289 0.009289 0.009289 0.009289 0.009289 0.009289 0.009289 0.009289 0.009289 0.009289 
0.000001 0.000001 0.000001 0.000001 0.000001 0.000001 0.000001 0.000001 0.000001 0.000001 0.000006 0.000001 0.000001 0.000001 0.000001 0.000001 0.000001 0.000001 0.000001 0.000001 0.000001 0.000001 0.000001 0.000001 0.000001 0.000001 0.000001 0.000003 0.000001 0.000001 0.000001 0.000001 0.000001 0.000001 0.999887 0.000001 0.000001 0.000001 0.000001 0.000001 0.000001 0.000001 0.000001 0.000001 0.000001 0.000001 0.000001 0.000001 0.000001 0.000001 0.000001 0.000001 0.000001 0.000001 0.000001 0.000001 0.000002 0.000003 0.000002 0.000001 0.000001 0.000001 0.000001 0.000001 0.000001 0.000001 0.000001 0.000001 0.000001 0.000001 0.000001 0.000001 0.000001 0.000001 0.000001 0.000001 0.000001 0.000001 0.000001 0.000001 0.000001 0.000001 0.000001 0.000001 0.000001 0.000001 0.000001 0.000001 0.000001 0.000001 0.000001 0.000001 0.000001 0.000001 0.000001 0.000001 
0.000000 0.000000 0.000000 0.000000 0.000000 0.000000 0.000000 0.000000 0.000000 0.000000 0.000002 0.000000 0.000000 0.000000 0.000000 0.000000 0.000000 0.000000 0.000071 0.000000 0.000000 0.000000 0.000000 0.000000 0.000000 0.000000 0.000000 0.000001 0.000000 0.000000 0.000000 0.000000 0.000000 0.000000 0.000001 0.000000 0.000000 0.000000 0.000000 0.000000 0.000000 0.000000 0.000000 0.000000 0.000000 0.000000 0.000000 0.000000 0.000000 0.000000 0.000000 0.000000 0.000000 0.000000 0.000000 0.000000 0.000001 0.000001 0.999893 0.000000 0.000000 0.000000 0.000000 0.000000 0.000000 0.000000 0.000000 0.000000 0.000000 0.000000 0.000000 0.000000 0.000000 0.000000 0.000000 0.000000 0.000000 0.000000 0.000000 0.000000 0.000000 0.000000 0.000000 0.000000 0.000000 0.000000 0.000000 0.000000 0.000000 0.000000 0.000000 0.000000 0.000000 0.000000 0.000000 0.000000 
0.000017 0.000017 0.000017 0.000017 0.000017 0.000017 0.000017 0.000017 0.000019 0.000018 0.000107 0.000018 0.000017 0.000017 0.000017 0.000017 0.000017 0.000017 0.000019 0.000017 0.000017 0.000017 0.000017 0.000017 0.000018 0.000019 0.000017 0.000043 0.000017 0.000017 0.000017 0.000017 0.000017 0.000017 0.012187 0.000017 0.000017 0.000017 0.000017 0.000017 0.000017 0.000017 0.000019 0.000017 0.000017 0.000017 0.000017 0.000017 0.000017 0.000017 0.000017 0.000017 0.000017 0.000017 0.000017 0.000017 0.986043 0.000050 0.000036 0.000023 0.000017 0.000017 0.000017 0.000017 0.000017 0.000017 0.000017 0.000017 0.000017 0.000017 0.000017 0.000017 0.000017 0.000017 0.000017 0.000017 0.000017 0.000017 0.000017 0.000017 0.000017 0.000017 0.000021 0.000017 0.000017 0.000017 0.000017 0.000017 0.000017 0.000017 0.000017 0.000017 0.000017 0.000017 0.000017 0.000017 
0.000002 0.000002 0.000002 0.000002 0.000002 0.000002 0.000002 0.000002 0.000003 0.000003 0.918840 0.000003 0.000002 0.000002 0.000002 0.000002 0.000002 0.000002 0.000003 0.000002 0.000002 0.000002 0.000002 0.000002 0.000003 0.000003 0.000002 0.001164 0.000002 0.000002 0.000002 0.000002 0.000002 0.000002 0.003446 0.000002 0.000002 0.000002 0.000002 0.000002 0.000002 0.000002 0.000003 0.000002 0.000002 0.000002 0.000002 0.000002 0.000002 0.000002 0.000002 0.000002 0.000002 0.000002 0.000002 0.000002 0.000294 0.002170 0.000017 0.073856 0.000002 0.000002 0.000002 0.000002 0.000002 0.000002 0.000002 0.000002 0.000002 0.000002 0.000002 0.000002 0.000002 0.000002 0.000002 0.000002 0.000002 0.000002 0.000002 0.000002 0.000002 0.000002 0.000003 0.000002 0.000002 0.000002 0.000002 0.000002 0.000002 0.000002 0.000002 0.000002 0.000002 0.000002 0.000002 0.000002 
0.009289 0.009289 0.009289 0.009289 0.009289 0.009289 0.009289 0.009289 0.010720 0.010092 0.035928 0.010032 0.009289 0.009289 0.009289 0.009289 0.009289 0.009289 0.010363 0.009289 0.009289 0.009289 0.009289 0.009289 0.009923 0.010435 0.009289 0.022445 0.009289 0.009289 0.009289 0.009289 0.009289 0.009289 0.028448 0.009289 0.009289 0.009289 0.009289 0.009289 0.009289 0.009289 0.010524 0.009289 0.009289 0.009289 0.009289 0.009289 0.009289 0.009289 0.009289 0.009289 0.009289 0.009289 0.009289 0.009289 0.019778 0.025138 0.019379 0.012499 0.009289 0.009289 0.009289 0.009289 0.009289 0.009289 0.009289 0.009289 0.009289 0.009289 0.009289 0.009289 0.009289 0.009289 0.009289 0.009289 0.009289 0.009289 0.009289 0.009289 0.009289 0.009289 0.011876 0.009289 0.009289 0.009289 0.009289 0.009289 0.009289 0.009289 0.009289 0.009289 0.009289 0.009289 0.009289 0.009289 
0.000003 0.000003 0.000003 0.000003 0.000003 0.000003 0.000003 0.000003 0.000003 0.000003 0.000120 0.000003 0.000003 0.000003 0.000003 0.000003 0.000003 0.000003 0.000003 0.000003 0.000003 0.000003 0.000003 0.000003 0.000003 0.000003 0.000003 0.047276 0.000003 0.000003 0.000003 0.000003 0.000003 0.000003 0.000417 0.000003 0.000003 0.000003 0.000003 0.000003 0.000003 0.000003 0.000003 0.000003 0.000003 0.000003 0.000003 0.000003 0.000003 0.000003 0.000003 0.000003 0.000003 0.000003 0.000003 0.000003 0.000010 0.951928 0.000006 0.000004 0.000003 0.000003 0.000003 0.000003 0.000003 0.000003 0.000003 0.000003 0.000003 0.000003 0.000003 0.000003 0.000003 0.000003 0.000003 0.000003 0.000003 0.000003 0.000003 0.000003 0.000003 0.000003 0.000003 0.000003 0.000003 0.000003 0.000003 0.000003 0.000003 0.000003 0.000003 0.000003 0.000003 0.000003 0.000003 0.000003 
0.061417 0.070869 0.062103 0.069304 0.070578 0.070466 0.062080 0.062143 0.062169 0.064993 0.070881 0.069717 0.070624 0.062120 0.070536 
0.060539 0.072675 0.061414 0.072316 0.069747 0.072136 0.061456 0.061456 0.061458 0.061213 0.072698 0.071319 0.072334 0.061370 0.067869 
0.004447 0.078035 0.065861 0.077728 0.077709 0.077579 0.068940 0.068939 0.068939 0.077611 0.078052 0.031799 0.077744 0.068941 0.077677 
0.062363 0.069377 0.063174 0.069189 0.069172 0.069102 0.063213 0.063213 0.063215 0.069055 0.069388 0.068236 0.068955 0.063213 0.069135 
breast
0.000003 0.313568 0.000003 0.051692 0.049731 0.018287 0.000003 0.000003 0.000003 0.106935 0.358916 0.010110 0.052200 0.000003 0.038543 
0.000003 0.304064 0.000003 0.058250 0.057597 0.020382 0.000003 0.000003 0.000003 0.111318 0.337348 0.010719 0.054746 0.000003 0.045558 
0.000003 0.327364 0.000003 0.041146 0.043930 0.015529 0.000003 0.000003 0.000003 0.110658 0.359665 0.006274 0.043774 0.000003 0.051640 
0.000003 0.314050 0.000003 0.047674 0.046410 0.018798 0.000003 0.000003 0.000003 0.113873 0.356716 0.010234 0.054347 0.000003 0.037879 
0.000003 0.313596 0.000003 0.052909 0.052466 0.015188 0.000003 0.000003 0.000003 0.109746 0.350884 0.006478 0.054551 0.000003 0.044163 
0.000003 0.310105 0.000003 0.054510 0.056122 0.016165 0.000003 0.000003 0.000003 0.117910 0.340840 0.005512 0.049077 0.000003 0.049740 
0.000003 0.314513 0.000003 0.046648 0.045726 0.014925 0.000003 0.000003 0.000003 0.116127 0.358709 0.006960 0.053510 0.000003 0.042863 
0.000003 0.316802 0.000003 0.053738 0.053741 0.018013 0.000003 0.000003 0.000003 0.102479 0.348823 0.007660 0.052490 0.000003 0.046235 
0.000003 0.311816 0.000003 0.046922 0.048431 0.013618 0.000003 0.000003 0.000003 0.124426 0.347986 0.004927 0.049788 0.000003 0.052066 
0.000003 0.313030 0.000003 0.051190 0.052456 0.016214 0.000003 0.000003 0.000003 0.107707 0.351172 0.007160 0.047755 0.000003 0.053297 
0.000003 0.306357 0.000003 0.051498 0.052158 0.015384 0.000003 0.000003 0.000003 0.121548 0.342070 0.006394 0.053455 0.000003 0.051118 
0.000003 0.303280 0.000003 0.049533 0.049171 0.019771 0.000003 0.000003 0.000003 0.114767 0.347400 0.011378 0.050486 0.000003 0.054195 
0.000003 0.320047 0.000003 0.050007 0.049289 0.014014 0.000003 0.000003 0.000003 0.107022 0.363984 0.004406 0.046773 0.000003 0.044440 
0.000003 0.323590 0.000003 0.047170 0.051579 0.016302 0.000003 0.000003 0.000003 0.101381 0.348046 0.005991 0.051286 0.000003 0.054638 
0.000003 0.310632 0.000003 0.053095 0.053602 0.017995 0.000003 0.000003 0.000003 0.117212 0.342430 0.008276 0.052035 0.000003 0.044705 
0.000003 0.318946 0.000003 0.050977 0.052006 0.012029 0.000003 0.000003 0.000003 0.111775 0.352617 0.003817 0.048961 0.000003 0.048852 
0.000003 0.322715 0.000003 0.047502 0.048508 0.014171 0.000003 0.000003 0.000003 0.109440 0.357730 0.005421 0.051557 0.000003 0.042936 
0.000003 0.316226 0.000003 0.044944 0.046568 0.018946 0.000003 0.000003 0.000003 0.103335 0.358530 0.009144 0.042746 0.000003 0.059542 
0.000003 0.308724 0.000003 0.052028 0.050240 0.015857 0.000003 0.000003 0.000003 0.117844 0.349737 0.007686 0.052486 0.000003 0.045379 
0.000003 0.321298 0.000003 0.050600 0.050566 0.014144 0.000003 0.000003 0.000003 0.105979 0.360940 0.005810 0.047267 0.000003 0.043378 
0.000003 0.316771 0.000003 0.049923 0.051283 0.014368 0.000003 0.000003 0.000003 0.113689 0.352103 0.005355 0.050846 0.000003 0.045642 
0.000003 0.310789 0.000003 0.048427 0.049110 0.016698 0.000003 0.000003 0.000003 0.117740 0.347551 0.007683 0.050972 0.000003 0.051012 
0.000003 0.322441 0.000003 0.051135 0.050519 0.012508 0.000003 0.000003 0.000003 0.114556 0.358580 0.004325 0.050452 0.000003 0.035464 
0.000003 0.310713 0.000003 0.049433 0.049678 0.015763 0.000003 0.000003 0.000003 0.130817 0.346429 0.006578 0.046411 0.000003 0.044159 
0.000003 0.311438 0.000003 0.047428 0.046942 0.018661 0.000003 0.000003 0.000003 0.119513 0.352196 0.009874 0.047472 0.000003 0.046457 
0.000003 0.304821 0.000003 0.054342 0.052770 0.015600 0.000003 0.000003 0.000003 0.125555 0.344472 0.007051 0.051644 0.000003 0.043727 
0.000003 0.315087 0.000003 0.051787 0.051565 0.016659 0.000003 0.000003 0.000003 0.112071 0.352124 0.007711 0.048225 0.000003 0.044753 
0.000003 0.311750 0.000003 0.057414 0.056052 0.014478 0.000003 0.000003 0.000003 0.114402 0.346690 0.005684 0.055456 0.000003 0.038055 
0.000003 0.319265 0.000003 0.053341 0.051312 0.014653 0.000003 0.000003 0.000003 0.104485 0.363608 0.006716 0.048028 0.000003 0.038572 
0.000003 0.321707 0.000003 0.045282 0.048297 0.018597 0.000003 0.000003 0.000003 0.108708 0.352804 0.008350 0.044432 0.000003 0.051803 
0.000003 0.311363 0.000003 0.049993 0.051955 0.014862 0.000003 0.000003 0.000003 0.123407 0.343271 0.005504 0.048226 0.000003 0.051401 
0.000003 0.312775 0.000003 0.052752 0.053049 0.015810 0.000003 0.000003 0.000003 0.119261 0.346513 0.006571 0.047652 0.000003 0.045599 
0.000003 0.315811 0.000003 0.046964 0.049205 0.018506 0.000003 0.000003 0.000003 0.117933 0.349706 0.008404 0.044441 0.000003 0.049011 
0.000003 0.321686 0.000003 0.053803 0.053552 0.013955 0.000003 0.000003 0.000003 0.110516 0.357128 0.005163 0.047085 0.000003 0.037094 
0.000003 0.311518 0.000003 0.053520 0.053607 0.015524 0.000003 0.000003 0.000003 0.108842 0.347857 0.005772 0.055038 0.000003 0.048304 
0.000003 0.309796 0.000003 0.052895 0.054003 0.018373 0.000003 0.000003 0.000003 0.107213 0.344739 0.008889 0.051842 0.000003 0.052231 
0.000003 0.317524 0.000003 0.047810 0.047862 0.014872 0.000003 0.000003 0.000003 0.107555 0.358867 0.006613 0.053109 0.000003 0.045769 
0.000003 0.322785 0.000003 0.044992 0.046088 0.013714 0.000003 0.000003 0.000003 0.110448 0.358708 0.005236 0.052158 0.000003 0.045853 
0.000003 0.318641 0.000003 0.045989 0.045952 0.018009 0.000003 0.000003 0.000003 0.115771 0.357951 0.008997 0.046325 0.000003 0.042346 
0.000003 0.307340 0.000003 0.053430 0.052497 0.016662 0.000003 0.000003 0.000003 0.119895 0.343955 0.007719 0.054992 0.000003 0.043492 
0.000003 0.322447 0.000003 0.053134 0.052611 0.012286 0.000003 0.000003 0.000003 0.112096 0.357127 0.004073 0.050684 0.000003 0.035523 
0.000003 0.308898 0.000003 0.052088 0.052307 0.018926 0.000003 0.000003 0.000003 0.113672 0.346164 0.009403 0.052564 0.000003 0.045961 
0.000003 0.321139 0.000003 0.044180 0.044200 0.015698 0.000003 0.000003 0.000003 0.120321 0.360777 0.006956 0.046231 0.000003 0.040478 
0.000003 0.314619 0.000003 0.047933 0.049068 0.017364 0.000003 0.000003 0.000003 0.114048 0.350246 0.007789 0.055886 0.000003 0.043029 
0.000003 0.313016 0.000003 0.050895 0.051903 0.016268 0.000003 0.000003 0.000003 0.112196 0.350768 0.007131 0.047533 0.000003 0.050272 
0.000003 0.314617 0.000003 0.050475 0.050687 0.014053 0.000003 0.000003 0.000003 0.115781 0.350774 0.005479 0.052619 0.000003 0.045496 
0.000003 0.313829 0.000003 0.045374 0.045624 0.013655 0.000003 0.000003 0.000003 0.130293 0.353288 0.005264 0.048554 0.000003 0.044100 
0.000003 0.310189 0.000003 0.050107 0.049378 0.016439 0.000003 0.000003 0.000003 0.117258 0.349340 0.007811 0.054989 0.000003 0.044470 
0.000003 0.318029 0.000003 0.056869 0.057080 0.014628 0.000003 0.000003 0.000003 0.091669 0.355225 0.006003 0.053600 0.000003 0.046879 
0.000003 0.313096 0.000003 0.051389 0.051210 0.019588 0.000003 0.000003 0.000003 0.102429 0.353033 0.010683 0.051961 0.000003 0.046593 
0.000003 0.310890 0.000003 0.054909 0.054678 0.017479 0.000003 0.000003 0.000003 0.110723 0.345829 0.008123 0.052084 0.000003 0.045267 
0.000003 0.319117 0.000003 0.046180 0.047305 0.018126 0.000003 0.000003 0.000003 0.100308 0.357672 0.008002 0.057011 0.000003 0.046261 
0.000003 0.311334 0.000003 0.046862 0.046924 0.018510 0.000003 0.000003 0.000003 0.112019 0.355074 0.009977 0.049688 0.000003 0.049595 
0.000003 0.324248 0.000003 0.045650 0.046081 0.016994 0.000003 0.000003 0.000003 0.108137 0.362084 0.007921 0.048724 0.000003 0.040143 
0.000003 0.316400 0.000003 0.050374 0.051731 0.015322 0.000003 0.000003 0.000003 0.122657 0.348434 0.005682 0.048540 0.000003 0.040842 
0.000003 0.324005 0.000003 0.047260 0.048383 0.013148 0.000003 0.000003 0.000003 0.097439 0.365319 0.005127 0.048640 0.000003 0.050662 
0.000003 0.318617 0.000003 0.052844 0.052600 0.016087 0.000003 0.000003 0.000003 0.114987 0.354097 0.006833 0.046335 0.000003 0.037581 
0.000003 0.309094 0.000003 0.048905 0.049851 0.018433 0.000003 0.000003 0.000003 0.122689 0.346040 0.008826 0.047337 0.000003 0.048806 
0.000003 0.310446 0.000003 0.051058 0.051428 0.016456 0.000003 0.000003 0.000003 0.122288 0.346663 0.007041 0.050415 0.000003 0.044187 
0.000003 0.313021 0.000003 0.047343 0.046669 0.018515 0.000003 0.000003 0.000003 0.114946 0.355118 0.009971 0.051423 0.000003 0.042975 
0.000003 0.313583 0.000003 0.049658 0.049631 0.013491 0.000003 0.000003 0.000003 0.118828 0.354150 0.005348 0.046539 0.000003 0.048754 
0.000003 0.316854 0.000003 0.051233 0.050901 0.013862 0.000003 0.000003 0.000003 0.122191 0.353797 0.005189 0.046445 0.000003 0.039510 
0.000003 0.327667 0.000003 0.045757 0.046385 0.016260 0.000003 0.000003 0.000003 0.103545 0.367250 0.007478 0.042040 0.000003 0.043599 
0.000003 0.315508 0.000003 0.049097 0.049013 0.015385 0.000003 0.000003 0.000003 0.120630 0.351703 0.006742 0.046101 0.000003 0.045802 
0.000003 0.317552 0.000003 0.050050 0.050147 0.015931 0.000003 0.000003 0.000003 0.098518 0.356874 0.007669 0.052211 0.000003 0.051030 
0.000003 0.315173 0.000003 0.045861 0.047286 0.015086 0.000003 0.000003 0.000003 0.114164 0.353101 0.006500 0.047559 0.000003 0.055252 
0.000003 0.313502 0.000003 0.054668 0.054836 0.016038 0.000003 0.000003 0.000003 0.109724 0.348275 0.006855 0.049145 0.000003 0.046936 
0.000003 0.309108 0.000003 0.050560 0.049290 0.016128 0.000003 0.000003 0.000003 0.128335 0.347967 0.006579 0.047262 0.000003 0.044751 
0.000003 0.316457 0.000003 0.046740 0.048630 0.019682 0.000003 0.000003 0.000003 0.107347 0.348950 0.008817 0.052252 0.000003 0.051105 
0.000003 0.324437 0.000003 0.048012 0.048259 0.015936 0.000003 0.000003 0.000003 0.111242 0.357661 0.006869 0.047946 0.000003 0.039619 
0.000003 0.321380 0.000003 0.048703 0.049508 0.018024 0.000003 0.000003 0.000003 0.109742 0.353676 0.008232 0.049854 0.000003 0.040863 
0.000003 0.311612 0.000003 0.054741 0.053097 0.014463 0.000003 0.000003 0.000003 0.106338 0.355154 0.006447 0.055995 0.000003 0.042134 
0.000003 0.319191 0.000003 0.056296 0.054680 0.016595 0.000003 0.000003 0.000003 0.101440 0.354557 0.007770 0.054526 0.000003 0.034928 
0.000003 0.309139 0.000003 0.056062 0.054450 0.019703 0.000003 0.000003 0.000003 0.118595 0.346917 0.010229 0.048870 0.000003 0.036016 
0.000003 0.316587 0.000003 0.045830 0.046161 0.017270 0.000003 0.000003 0.000003 0.107417 0.356955 0.008599 0.056747 0.000003 0.044414 
0.000003 0.321154 0.000003 0.049041 0.049910 0.019298 0.000003 0.000003 0.000003 0.112153 0.354628 0.009215 0.046076 0.000003 0.038506 
0.000003 0.323451 0.000003 0.046196 0.046681 0.013360 0.000003 0.000003 0.000003 0.103927 0.363321 0.005373 0.046445 0.000003 0.051227 
0.000003 0.318568 0.000003 0.051669 0.052662 0.012621 0.000003 0.000003 0.000003 0.112767 0.349946 0.004279 0.048151 0.000003 0.049319 
0.000003 0.320435 0.000003 0.045897 0.048229 0.013953 0.000003 0.000003 0.000003 0.121073 0.352040 0.004779 0.044950 0.000003 0.048624 
0.000003 0.318014 0.000003 0.048533 0.049633 0.012808 0.000003 0.000003 0.000003 0.111724 0.355286 0.004560 0.051051 0.000003 0.048373 
0.000003 0.309784 0.000003 0.048166 0.048573 0.019511 0.000003 0.000003 0.000003 0.124083 0.346829 0.008882 0.048097 0.000003 0.046055 
0.000003 0.309745 0.000003 0.056217 0.055331 0.012058 0.000003 0.000003 0.000003 0.113128 0.349392 0.004188 0.055852 0.000003 0.044071 
0.000003 0.315836 0.000003 0.048839 0.049254 0.020007 0.000003 0.000003 0.000003 0.112279 0.353910 0.010464 0.047258 0.000003 0.042135 
0.000003 0.313845 0.000003 0.047522 0.048434 0.015655 0.000003 0.000003 0.000003 0.118701 0.348221 0.006604 0.048906 0.000003 0.052093 
0.000003 0.308870 0.000003 0.054075 0.055655 0.015108 0.000003 0.000003 0.000003 0.115515 0.340884 0.005784 0.051458 0.000003 0.052632 
0.000003 0.312231 0.000003 0.052766 0.051878 0.020331 0.000003 0.000003 0.000003 0.115431 0.346794 0.010715 0.053114 0.000003 0.036720 
0.000003 0.315831 0.000003 0.047126 0.049810 0.015259 0.000003 0.000003 0.000003 0.126711 0.343599 0.005343 0.051323 0.000003 0.044980 
0.000003 0.314185 0.000003 0.059093 0.059741 0.015785 0.000003 0.000003 0.000003 0.101785 0.344877 0.006261 0.055429 0.000003 0.042826 
0.000003 0.311201 0.000003 0.052656 0.052818 0.016861 0.000003 0.000003 0.000003 0.116735 0.347160 0.007629 0.048940 0.000003 0.045983 
0.000003 0.310331 0.000003 0.054864 0.053106 0.017006 0.000003 0.000003 0.000003 0.105712 0.352480 0.008753 0.054732 0.000003 0.042998 
0.000003 0.314289 0.000003 0.048213 0.047075 0.015987 0.000003 0.000003 0.000003 0.117066 0.357870 0.008004 0.045357 0.000003 0.046120 
0.000003 0.309289 0.000003 0.053046 0.050948 0.017243 0.000003 0.000003 0.000003 0.102191 0.356117 0.009819 0.050511 0.000003 0.050817 
0.000003 0.313209 0.000003 0.052872 0.052835 0.016379 0.000003 0.000003 0.000003 0.116693 0.347999 0.007089 0.051851 0.000003 0.041054 
0.000003 0.307134 0.000003 0.057620 0.056043 0.015755 0.000003 0.000003 0.000003 0.103469 0.350867 0.006800 0.048623 0.000003 0.053671 
0.000003 0.319864 0.000003 0.046598 0.047566 0.015321 0.000003 0.000003 0.000003 0.115959 0.358067 0.005476 0.048176 0.000003 0.042955 
0.000003 0.319193 0.000003 0.047146 0.046571 0.013830 0.000003 0.000003 0.000003 0.116050 0.358947 0.005558 0.053928 0.000003 0.038760 
0.000003 0.316896 0.000003 0.049173 0.048901 0.018635 0.000003 0.000003 0.000003 0.104824 0.359120 0.008917 0.047477 0.000003 0.046039 
0.000003 0.306050 0.000003 0.045149 0.045360 0.015893 0.000003 0.000003 0.000003 0.132447 0.346505 0.007265 0.051019 0.000003 0.050292 
0.000003 0.313064 0.000003 0.049320 0.050690 0.017756 0.000003 0.000003 0.000003 0.118623 0.343662 0.007974 0.050370 0.000003 0.048523 
0.000003 0.316054 0.000003 0.053322 0.055066 0.016802 0.000003 0.000003 0.000003 0.109095 0.348290 0.006912 0.048118 0.000003 0.046321 
prostate
0.000003 0.309454 0.000003 0.048466 0.050746 0.017106 0.000003 0.000003 0.000003 0.111807 0.344532 0.007525 0.054980 0.000003 0.055365 
0.000003 0.321808 0.000003 0.050236 0.049771 0.019339 0.000003 0.000003 0.000003 0.106613 0.355958 0.009601 0.055099 0.000003 0.031555 
0.000003 0.314934 0.000003 0.046862 0.047691 0.016595 0.000003 0.000003 0.000003 0.113060 0.352866 0.007726 0.049698 0.000003 0.050551 
0.000003 0.320458 0.000003 0.053105 0.053139 0.015513 0.000003 0.000003 0.000003 0.101948 0.358708 0.006712 0.046496 0.000003 0.043902 
0.000003 0.315277 0.000003 0.051753 0.051792 0.015198 0.000003 0.000003 0.000003 0.105144 0.357898 0.006854 0.045414 0.000003 0.050652 
0.000003 0.308009 0.000003 0.053874 0.055587 0.016834 0.000003 0.000003 0.000003 0.114437 0.340777 0.006321 0.048549 0.000003 0.055593 
0.000003 0.326088 0.000003 0.043841 0.044722 0.013204 0.000003 0.000003 0.000003 0.109307 0.366672 0.005090 0.047263 0.000003 0.043794 
0.000003 0.316921 0.000003 0.045024 0.047331 0.017178 0.000003 0.000003 0.000003 0.105480 0.353747 0.006886 0.052160 0.000003 0.055253 
0.000003 0.310953 0.000003 0.050843 0.049838 0.020182 0.000003 0.000003 0.000003 0.116971 0.351694 0.009152 0.047468 0.000003 0.042880 
0.000003 0.315782 0.000003 0.047670 0.047398 0.015357 0.000003 0.000003 0.000003 0.126119 0.350571 0.006370 0.051731 0.000003 0.038983 
0.000003 0.314826 0.000003 0.055530 0.054844 0.015166 0.000003 0.000003 0.000003 0.113224 0.349393 0.006133 0.053963 0.000003 0.036903 
0.000003 0.311971 0.000003 0.048009 0.048559 0.016226 0.000003 0.000003 0.000003 0.121719 0.348699 0.007137 0.051990 0.000003 0.045672 
0.000003 0.311531 0.000003 0.051823 0.050111 0.017256 0.000003 0.000003 0.000003 0.120119 0.353046 0.008591 0.048250 0.000003 0.039256 
0.000003 0.318676 0.000003 0.048500 0.048686 0.013601 0.000003 0.000003 0.000003 0.112609 0.358458 0.005299 0.049677 0.000003 0.044475 
0.000003 0.323661 0.000003 0.047546 0.048457 0.018009 0.000003 0.000003 0.000003 0.107640 0.356048 0.008624 0.046213 0.000003 0.043783 
0.000003 0.319129 0.000003 0.047048 0.047474 0.019343 0.000003 0.000003 0.000003 0.107715 0.354565 0.009359 0.048494 0.000003 0.046856 
0.000003 0.314321 0.000003 0.044872 0.046040 0.017633 0.000003 0.000003 0.000003 0.119019 0.349159 0.008397 0.050763 0.000003 0.049778 
0.000003 0.313445 0.000003 0.049739 0.050864 0.018231 0.000003 0.000003 0.000003 0.113570 0.344658 0.008521 0.050681 0.000003 0.050273 
0.000003 0.314779 0.000003 0.054171 0.053660 0.017075 0.000003 0.000003 0.000003 0.095060 0.356233 0.008725 0.051432 0.000003 0.048847 
0.000003 0.317105 0.000003 0.047185 0.049003 0.019251 0.000003 0.000003 0.000003 0.111835 0.349153 0.009232 0.049980 0.000003 0.047239 
0.000003 0.315188 0.000003 0.045365 0.047567 0.015689 0.000003 0.000003 0.000003 0.111132 0.352977 0.006621 0.051144 0.000003 0.054298 
0.000003 0.313881 0.000003 0.050530 0.050418 0.012763 0.000003 0.000003 0.000003 0.129418 0.346782 0.004217 0.051359 0.000003 0.040615 
0.000003 0.310470 0.000003 0.052274 0.051130 0.016733 0.000003 0.000003 0.000003 0.112748 0.347317 0.008079 0.059385 0.000003 0.041847 
0.000003 0.322281 0.000003 0.051769 0.051351 0.016368 0.000003 0.000003 0.000003 0.106305 0.357828 0.007458 0.046823 0.000003 0.039798 
0.000003 0.317427 0.000003 0.050197 0.050008 0.018059 0.000003 0.000003 0.000003 0.106860 0.355514 0.009005 0.049668 0.000003 0.043244 
0.000003 0.315970 0.000003 0.048547 0.049492 0.015208 0.000003 0.000003 0.000003 0.121645 0.351037 0.006080 0.047053 0.000003 0.044951 
0.000003 0.316995 0.000003 0.048071 0.047822 0.014499 0.000003 0.000003 0.000003 0.108100 0.358219 0.006396 0.053315 0.000003 0.046564 
0.000003 0.317773 0.000003 0.052099 0.052158 0.020529 0.000003 0.000003 0.000003 0.107705 0.352507 0.010629 0.048486 0.000003 0.038097 
0.000003 0.316369 0.000003 0.049104 0.048978 0.014437 0.000003 0.000003 0.000003 0.109640 0.357537 0.006063 0.055494 0.000003 0.042360 
0.000003 0.315187 0.000003 0.052501 0.051321 0.017496 0.000003 0.000003 0.000003 0.115978 0.354430 0.008484 0.046032 0.000003 0.038552 
0.000003 0.306792 0.000003 0.050918 0.049558 0.016710 0.000003 0.000003 0.000003 0.114841 0.351104 0.008483 0.056959 0.000003 0.044617 
0.000003 0.314356 0.000003 0.055522 0.055631 0.017029 0.000003 0.000003 0.000003 0.109621 0.349184 0.007562 0.047053 0.000003 0.044024 
0.000003 0.315468 0.000003 0.046079 0.046306 0.016934 0.000003 0.000003 0.000003 0.112465 0.358492 0.008352 0.049065 0.000003 0.046821 
0.000003 0.318231 0.000003 0.045234 0.047247 0.017685 0.000003 0.000003 0.000003 0.115403 0.350477 0.007025 0.048409 0.000003 0.050270 
0.000003 0.324203 0.000003 0.046496 0.046847 0.012888 0.000003 0.000003 0.000003 0.113422 0.365185 0.003992 0.046734 0.000003 0.040216 
0.000003 0.315853 0.000003 0.053676 0.055457 0.015280 0.000003 0.000003 0.000003 0.105217 0.350237 0.005164 0.048377 0.000003 0.050721 
0.000003 0.307963 0.000003 0.052711 0.052909 0.019044 0.000003 0.000003 0.000003 0.119726 0.341457 0.009335 0.050360 0.000003 0.046478 
0.000003 0.325459 0.000003 0.043519 0.043715 0.015878 0.000003 0.000003 0.000003 0.106625 0.366719 0.007652 0.045649 0.000003 0.044766 
0.000003 0.317724 0.000003 0.050986 0.049828 0.015583 0.000003 0.000003 0.000003 0.102489 0.361168 0.007446 0.052974 0.000003 0.041784 
0.000003 0.313513 0.000003 0.047172 0.046784 0.016611 0.000003 0.000003 0.000003 0.114043 0.359878 0.008497 0.043157 0.000003 0.050327 
0.000003 0.316219 0.000003 0.051833 0.050412 0.011928 0.000003 0.000003 0.000003 0.106803 0.360910 0.004575 0.053657 0.000003 0.043644 
0.000003 0.321863 0.000003 0.047749 0.048188 0.016805 0.000003 0.000003 0.000003 0.101748 0.363406 0.008030 0.047700 0.000003 0.044493 
0.000003 0.312534 0.000003 0.053890 0.053238 0.014584 0.000003 0.000003 0.000003 0.117353 0.346030 0.005989 0.051275 0.000003 0.045088 
0.000003 0.314281 0.000003 0.048366 0.048890 0.017548 0.000003 0.000003 0.000003 0.112025 0.352097 0.008469 0.052249 0.000003 0.046058 
0.000003 0.311923 0.000003 0.050135 0.051456 0.013192 0.000003 0.000003 0.000003 0.109472 0.348522 0.004770 0.057640 0.000003 0.052872 
0.000003 0.317559 0.000003 0.045233 0.048671 0.018102 0.000003 0.000003 0.000003 0.113445 0.344251 0.007803 0.048411 0.000003 0.056507 
0.000003 0.304298 0.000003 0.057334 0.057344 0.019270 0.000003 0.000003 0.000003 0.108379 0.340235 0.010040 0.047060 0.000003 0.056022 
0.000003 0.316980 0.000003 0.054290 0.054604 0.016129 0.000003 0.000003 0.000003 0.106082 0.350921 0.006836 0.052962 0.000003 0.041178 
0.000003 0.321155 0.000003 0.048939 0.050299 0.014487 0.000003 0.000003 0.000003 0.116501 0.354576 0.005289 0.046005 0.000003 0.042729 
0.000003 0.317655 0.000003 0.047124 0.048466 0.011440 0.000003 0.000003 0.000003 0.110313 0.357775 0.003717 0.052564 0.000003 0.050928 
0.000003 0.308305 0.000003 0.053953 0.053694 0.015121 0.000003 0.000003 0.000003 0.122505 0.340860 0.006134 0.054074 0.000003 0.045336 
0.000003 0.310136 0.000003 0.049751 0.049469 0.014369 0.000003 0.000003 0.000003 0.126939 0.345423 0.005698 0.053399 0.000003 0.044799 
0.000003 0.312913 0.000003 0.050477 0.050411 0.016974 0.000003 0.000003 0.000003 0.111161 0.348355 0.006990 0.057926 0.000003 0.044775 
0.000003 0.322746 0.000003 0.047555 0.049521 0.016330 0.000003 0.000003 0.000003 0.110334 0.351874 0.006700 0.047592 0.000003 0.047329 
0.000003 0.318437 0.000003 0.051407 0.051321 0.014679 0.000003 0.000003 0.000003 0.115085 0.355546 0.005031 0.047940 0.000003 0.040536 
0.000003 0.322489 0.000003 0.044325 0.045392 0.014779 0.000003 0.000003 0.000003 0.114852 0.361759 0.006238 0.040927 0.000003 0.049220 
0.000003 0.318610 0.000003 0.043824 0.044695 0.016323 0.000003 0.000003 0.000003 0.118917 0.354300 0.007436 0.047266 0.000003 0.048612 
0.000003 0.309349 0.000003 0.050734 0.049504 0.014710 0.000003 0.000003 0.000003 0.126943 0.346053 0.005372 0.056854 0.000003 0.040461 
0.000003 0.317202 0.000003 0.049712 0.051514 0.017442 0.000003 0.000003 0.000003 0.109482 0.348677 0.007730 0.046595 0.000003 0.051628 
0.000003 0.311892 0.000003 0.050962 0.052809 0.016787 0.000003 0.000003 0.000003 0.118254 0.343563 0.006898 0.048988 0.000003 0.049828 
0.000003 0.310935 0.000003 0.050145 0.049361 0.020260 0.000003 0.000003 0.000003 0.119959 0.349717 0.010097 0.045549 0.000003 0.043958 
0.000003 0.309861 0.000003 0.047152 0.046583 0.014768 0.000003 0.000003 0.000003 0.122341 0.354390 0.006649 0.051281 0.000003 0.046957 
0.000003 0.324284 0.000003 0.048681 0.048448 0.013196 0.000003 0.000003 0.000003 0.112938 0.357799 0.004737 0.053847 0.000003 0.036051 
0.000003 0.323465 0.000003 0.046377 0.047555 0.014680 0.000003 0.000003 0.000003 0.103870 0.359329 0.005926 0.051946 0.000003 0.046833 
0.000003 0.314533 0.000003 0.057660 0.055518 0.015824 0.000003 0.000003 0.000003 0.101152 0.355739 0.007372 0.056969 0.000003 0.035214 
0.000003 0.309807 0.000003 0.058807 0.057425 0.016265 0.000003 0.000003 0.000003 0.111851 0.346792 0.007167 0.053810 0.000003 0.038058 
0.000003 0.323711 0.000003 0.051754 0.048625 0.016127 0.000003 0.000003 0.000003 0.111161 0.367594 0.007953 0.046784 0.000003 0.026273 
0.000003 0.312083 0.000003 0.054311 0.053372 0.015160 0.000003 0.000003 0.000003 0.106809 0.352528 0.005924 0.051566 0.000003 0.048229 
0.000003 0.318336 0.000003 0.051967 0.051862 0.017941 0.000003 0.000003 0.000003 0.102864 0.354528 0.008685 0.052437 0.000003 0.041362 
0.000003 0.314450 0.000003 0.047638 0.046959 0.013661 0.000003 0.000003 0.000003 0.119258 0.354435 0.005629 0.052994 0.000003 0.044957 
0.000003 0.324091 0.000003 0.043010 0.045429 0.017276 0.000003 0.000003 0.000003 0.116651 0.358794 0.007410 0.042632 0.000003 0.044689 
0.000003 0.302663 0.000003 0.052084 0.052289 0.018005 0.000003 0.000003 0.000003 0.123525 0.338426 0.007657 0.052570 0.000003 0.052764 
0.000003 0.316230 0.000003 0.049251 0.050107 0.015962 0.000003 0.000003 0.000003 0.112092 0.350510 0.006869 0.050282 0.000003 0.048679 
0.000003 0.305992 0.000003 0.052240 0.053817 0.016563 0.000003 0.000003 0.000003 0.119519 0.340351 0.006064 0.051356 0.000003 0.054079 
0.000003 0.321881 0.000003 0.050985 0.049861 0.016730 0.000003 0.000003 0.000003 0.096259 0.363350 0.008455 0.050250 0.000003 0.042212 
0.000003 0.317212 0.000003 0.045212 0.046244 0.018798 0.000003 0.000003 0.000003 0.111798 0.354537 0.009811 0.044339 0.000003 0.052031 
0.000003 0.319051 0.000003 0.049653 0.048173 0.019328 0.000003 0.000003 0.000003 0.114658 0.358210 0.010369 0.046522 0.000003 0.034018 
0.000003 0.311159 0.000003 0.052475 0.051134 0.017609 0.000003 0.000003 0.000003 0.108620 0.353254 0.009242 0.052831 0.000003 0.043658 
0.000003 0.317131 0.000003 0.043850 0.045138 0.017737 0.000003 0.000003 0.000003 0.121889 0.352643 0.007982 0.053885 0.000003 0.039727 
0.000003 0.314404 0.000003 0.050271 0.049818 0.012157 0.000003 0.000003 0.000003 0.113372 0.357420 0.004479 0.052434 0.000003 0.045627 
0.000003 0.320305 0.000003 0.052439 0.053210 0.014158 0.000003 0.000003 0.000003 0.097590 0.356705 0.004888 0.048709 0.000003 0.051977 
0.000003 0.319264 0.000003 0.050858 0.049531 0.014840 0.000003 0.000003 0.000003 0.116521 0.353466 0.006244 0.055610 0.000003 0.033647 
0.000003 0.316725 0.000003 0.052923 0.052282 0.019681 0.000003 0.000003 0.000003 0.096808 0.356351 0.009642 0.054527 0.000003 0.041043 
0.000003 0.323415 0.000003 0.049058 0.049229 0.016369 0.000003 0.000003 0.000003 0.122285 0.351518 0.006670 0.046105 0.000003 0.035333 
0.000003 0.309452 0.000003 0.047626 0.049633 0.017826 0.000003 0.000003 0.000003 0.102736 0.347515 0.008738 0.055569 0.000003 0.060886 
0.000003 0.315136 0.000003 0.047003 0.046290 0.015877 0.000003 0.000003 0.000003 0.116547 0.357631 0.007663 0.048467 0.000003 0.045369 
0.000003 0.314443 0.000003 0.055854 0.055799 0.014985 0.000003 0.000003 0.000003 0.115770 0.347463 0.005835 0.048727 0.000003 0.041106 
0.000003 0.318757 0.000003 0.045830 0.046390 0.019272 0.000003 0.000003 0.000003 0.112196 0.359209 0.009002 0.046196 0.000003 0.043130 
0.000003 0.314620 0.000003 0.049995 0.051120 0.015166 0.000003 0.000003 0.000003 0.104219 0.353670 0.005565 0.054869 0.000003 0.050757 
0.000003 0.310592 0.000003 0.050462 0.051577 0.014049 0.000003 0.000003 0.000003 0.119960 0.347188 0.005469 0.043059 0.000003 0.057625 
0.000003 0.319070 0.000003 0.051561 0.052343 0.015085 0.000003 0.000003 0.000003 0.096541 0.358474 0.006528 0.049375 0.000003 0.051005 
0.000003 0.314283 0.000003 0.046842 0.047677 0.015140 0.000003 0.000003 0.000003 0.111199 0.351661 0.006490 0.057577 0.000003 0.049111 
