-1486394.015957
0
0.009705 0.009705 0.009705 0.009705 0.009705 0.009705 0.009705 0.009705 0.013338 0.010833 0.018103 0.010752 0.009705 0.009705 0.009705 0.009705 0.009705 0.009705 0.011200 0.009705 0.009705 0.009705 0.009705 0.009705 0.010605 0.012554 0.009705 0.016203 0.009705 0.009705 0.009705 0.009705 0.009705 0.009705 0.019765 0.009705 0.009705 0.009705 0.009705 0.009705 0.009705 0.009705 0.011420 0.009705 0.009705 0.009705 0.009705 0.009705 0.009705 0.009705 0.009705 0.009705 0.009705 0.009705 0.009705 0.009705 0.016385 0.014052 0.019784 0.015194 0.009705 0.009705 0.009705 0.009705 0.009705 0.009705 0.009705 0.009705 0.009705 0.009705 0.009705 0.009705 0.009705 0.009705 0.009705 0.009705 0.009705 0.009705 0.009705 0.009705 0.009705 0.009705 0.013690 0.009705 0.009705 0.009705 0.009705 0.009705 0.009705 0.009705 0.009705 0.009705 0.009705 0.009705 0.009705 0.009705 
0.000000 0.000000 0.000000 0.000000 0.000000 0.000000 0.000000 0.000000 0.000847 0.000012 0.000001 0.000008 0.000000 0.000000 0.000000 0.000000 0.000000 0.000000 0.000079 0.000000 0.000000 0.000000 0.000000 0.000000 0.000004 0.000000 0.000000 0.018686 0.000000 0.000000 0.000000 0.000000 0.000000 0.000000 0.035740 0.000000 0.000000 0.000000 0.000000 0.000000 0.000000 0.000000 0.000241 0.000000 0.000000 0.000000 0.000000 0.000000 0.000000 0.000000 0.000000 0.000000 0.000000 0.000000 0.000000 0.000000 0.013933 0.000003 0.925710 0.003184 0.000000 0.000000 0.000000 0.000000 0.000000 0.000000 0.000000 0.000000 0.000000 0.000000 0.000000 0.000000 0.000000 0.000000 0.000000 0.000000 0.000000 0.000000 0.000000 0.000000 0.000000 0.000000 0.001523 0.000000 0.000000 0.000000 0.000000 0.000000 0.000000 0.000000 0.000000 0.000000 0.000000 0.000000 0.000000 0.000000 
0.009705 0.009705 0.009705 0.009705 0.009705 0.009705 0.009705 0.009705 0.013338 0.010833 0.018103 0.010752 0.009705 0.009705 0.009705 0.009705 0.009705 0.009705 0.011200 0.009705 0.009705 0.009705 0.009705 0.009705 0.010605 0.012554 0.009705 0.016203 0.009705 0.009705 0.009705 0.009705 0.009705 0.009705 0.019765 0.009705 0.009705 0.009705 0.009705 0.009705 0.009705 0.009705 0.011420 0.009705 0.009705 0.009705 0.009705 0.009705 0.009705 0.009705 0.009705 0.009705 0.009705 0.009705 0.009705 0.009705 0.016385 0.014052 0.019784 0.015194 0.009705 0.009705 0.009705 0.009705 0.009705 0.009705 0.009705 0.009705 0.009705 0.009705 0.009705 0.009705 0.009705 0.009705 0.009705 0.009705 0.009705 0.009705 0.009705 0.009705 0.009705 0.009705 0.013690 0.009705 0.009705 0.009705 0.009705 0.009705 0.009705 0.009705 0.009705 0.009705 0.009705 0.009705 0.009705 0.009705 
0.000001 0.000001 0.000001 0.000001 0.000001 0.000001 0.000001 0.000001 0.000001 0.000001 0.999472 0.000001 0.000001 0.000001 0.000001 0.000001 0.000001 0.000001 0.000001 0.000001 0.000001 0.000001 0.000001 0.000001 0.000001 0.000366 0.000001 0.000002 0.000001 0.000001 0.000001 0.000001 0.000001 0.000001 0.000057 0.000001 0.000001 0.000001 0.000001 0.000001 0.000001 0.000001 0.000001 0.000001 0.000001 0.000001 0.000001 0.000001 0.000001 0.000001 0.000001 0.000001 0.000001 0.000001 0.000001 0.000001 0.000002 0.000002 0.000002 0.000002 0.000001 0.000001 0.000001 0.000001 0.000001 0.000001 0.000001 0.000001 0.000001 0.000001 0.000001 0.000001 0.000001 0.000001 0.000001 0.000001 0.000001 0.000001 0.000001 0.000001 0.000001 0.000001 0.000002 0.000001 0.000001 0.000001 0.000001 0.000001 0.000001 0.000001 0.000001 0.000001 0.000001 0.000001 0.000001 0.000001 
0.000001 0.000001 0.000001 0.000001 0.000001 0.000001 0.000001 0.000001 0.000001 0.000001 0.435203 0.000001 0.000001 0.000001 0.000001 0.000001 0.000001 0.000001 0.000001 0.000001 0.000001 0.000001 0.000001 0.000001 0.000001 0.000041 0.000001 0.056486 0.000001 0.000001 0.000001 0.000001 0.000001 0.000001 0.000002 0.000001 0.000001 0.000001 0.000001 0.000001 0.000001 0.000001 0.000001 0.000001 0.000001 0.000001 0.000001 0.000001 0.000001 0.000001 0.000001 0.000001 0.000001 0.000001 0.000001 0.000001 0.000002 0.508171 0.000002 0.000002 0.000001 0.000001 0.000001 0.000001 0.000001 0.000001 0.000001 0.000001 0.000001 0.000001 0.000001 0.000001 0.000001 0.000001 0.000001 0.000001 0.000001 0.000001 0.000001 0.000001 0.000001 0.000001 0.000001 0.000001 0.000001 0.000001 0.000001 0.000001 0.000001 0.000001 0.000001 0.000001 0.000001 0.000001 0.000001 0.000001 
0.000006 0.000006 0.000006 0.000006 0.000006 0.000006 0.000006 0.000006 0.000008 0.000007 0.000011 0.000007 0.000006 0.000006 0.000006 0.000006 0.000006 0.000006 0.000007 0.000006 0.000006 0.000006 0.000006 0.000006 0.000007 0.000008 0.000006 0.000010 0.000006 0.000006 0.000006 0.000006 0.000006 0.000006 0.000013 0.000006 0.000006 0.000006 0.000006 0.000006 0.000006 0.000006 0.000007 0.000006 0.000006 0.000006 0.000006 0.000006 0.000006 0.000006 0.000006 0.000006 0.000006 0.000006 0.000006 0.000006 0.997354 0.000009 0.000013 0.000010 0.000006 0.000006 0.000006 0.000006 0.000006 0.000006 0.000006 0.000006 0.000006 0.000006 0.000006 0.000006 0.000006 0.000006 0.000006 0.000006 0.000006 0.000006 0.000006 0.000006 0.000006 0.000006 0.002036 0.000006 0.000006 0.000006 0.000006 0.000006 0.000006 0.000006 0.000006 0.000006 0.000006 0.000006 0.000006 0.000006 
0.009705 0.009705 0.009705 0.009705 0.009705 0.009705 0.009705 0.009705 0.013338 0.010833 0.018103 0.010752 0.009705 0.009705 0.009705 0.009705 0.009705 0.009705 0.011200 0.009705 0.009705 0.009705 0.009705 0.009705 0.010605 0.012554 0.009705 0.016203 0.009705 0.009705 0.009705 0.009705 0.009705 0.009705 0.019765 0.009705 0.009705 0.009705 0.009705 0.009705 0.009705 0.009705 0.011420 0.009705 0.009705 0.009705 0.009705 0.009705 0.009705 0.009705 0.009705 0.009705 0.009705 0.009705 0.009705 0.009705 0.016385 0.014052 0.019784 0.015194 0.009705 0.009705 0.009705 0.009705 0.009705 0.009705 0.009705 0.009705 0.009705 0.009705 0.009705 0.009705 0.009705 0.009705 0.009705 0.009705 0.009705 0.009705 0.009705 0.009705 0.009705 0.009705 0.013690 0.009705 0.009705 0.009705 0.009705 0.009705 0.009705 0.009705 0.009705 0.009705 0.009705 0.009705 0.009705 0.009705 
0.009705 0.009705 0.009705 0.009705 0.009705 0.009705 0.009705 0.009705 0.013338 0.010833 0.018103 0.010752 0.009705 0.009705 0.009705 0.009705 0.009705 0.009705 0.011200 0.009705 0.009705 0.009705 0.009705 0.009705 0.010605 0.012554 0.009705 0.016203 0.009705 0.009705 0.009705 0.009705 0.009705 0.009705 0.019765 0.009705 0.009705 0.009705 0.009705 0.009705 0.009705 0.009705 0.011420 0.009705 0.009705 0.009705 0.009705 0.009705 0.009705 0.009705 0.009705 0.009705 0.009705 0.009705 0.009705 0.009705 0.016385 0.014052 0.019784 0.015194 0.009705 0.009705 0.009705 0.009705 0.009705 0.009705 0.009705 0.009705 0.009705 0.009705 0.009705 0.009705 0.009705 0.009705 0.009705 0.009705 0.009705 0.009705 0.009705 0.009705 0.009705 0.009705 0.013690 0.009705 0.009705 0.009705 0.009705 0.009705 0.009705 0.009705 0.009705 0.009705 0.009705 0.009705 0.009705 0.009705 
0.000039 0.000039 0.000039 0.000039 0.000039 0.000039 0.000039 0.000039 0.006115 0.000044 0.000074 0.000044 0.000039 0.000039 0.000039 0.000039 0.000039 0.000039 0.000045 0.000039 0.000039 0.000039 0.000039 0.000039 0.000043 0.000051 0.000039 0.000066 0.000039 0.000039 0.000039 0.000039 0.000039 0.000039 0.000081 0.000039 0.000039 0.000039 0.000039 0.000039 0.000039 0.000039 0.000046 0.000039 0.000039 0.000039 0.000039 0.000039 0.000039 0.000039 0.000039 0.000039 0.000039 0.000039 0.000039 0.000039 0.000067 0.000057 0.000081 0.989947 0.000039 0.000039 0.000039 0.000039 0.000039 0.000039 0.000039 0.000039 0.000039 0.000039 0.000039 0.000039 0.000039 0.000039 0.000039 0.000039 0.000039 0.000039 0.000039 0.000039 0.000039 0.000039 0.000056 0.000039 0.000039 0.000039 0.000039 0.000039 0.000039 0.000039 0.000039 0.000039 0.000039 0.000039 0.000039 0.000039 
0.000001 0.000001 0.000001 0.000001 0.000001 0.000001 0.000001 0.000001 0.000001 0.000001 0.000002 0.000001 0.000001 0.000001 0.000001 0.000001 0.000001 0.000001 0.000001 0.000001 0.000001 0.000001 0.000001 0.000001 0.000001 0.000001 0.000001 0.000002 0.000001 0.000001 0.000001 0.000001 0.000001 0.000001 0.999907 0.000001 0.000001 0.000001 0.000001 0.000001 0.000001 0.000001 0.000001 0.000001 0.000001 0.000001 0.000001 0.000001 0.000001 0.000001 0.000001 0.000001 0.000001 0.000001 0.000001 0.000001 0.000002 0.000001 0.000002 0.000001 0.000001 0.000001 0.000001 0.000001 0.000001 0.000001 0.000001 0.000001 0.000001 0.000001 0.000001 0.000001 0.000001 0.000001 0.000001 0.000001 0.000001 0.000001 0.000001 0.000001 0.000001 0.000001 0.000001 0.000001 0.000001 0.000001 0.000001 0.000001 0.000001 0.000001 0.000001 0.000001 0.000001 0.000001 0.000001 0.000001 
0.000000 0.000000 0.000000 0.000000 0.000000 0.000000 0.000000 0.000000 0.000000 0.000000 0.000001 0.000000 0.000000 0.000000 0.000000 0.000000 0.000000 0.000000 0.000000 0.000000 0.000000 0.000000 0.000000 0.000000 0.000000 0.000000 0.000000 0.000001 0.000000 0.000000 0.000000 0.000000 0.000000 0.000000 0.000001 0.000000 0.000000 0.000000 0.000000 0.000000 0.000000 0.000000 0.000000 0.000000 0.000000 0.000000 0.000000 0.000000 0.000000 0.000000 0.000000 0.000000 0.000000 0.000000 0.000000 0.000000 0.000001 0.000000 0.999967 0.000001 0.000000 0.000000 0.000000 0.000000 0.000000 0.000000 0.000000 0.000000 0.000000 0.000000 0.000000 0.000000 0.000000 0.000000 0.000000 0.000000 0.000000 0.000000 0.000000 0.000000 0.000000 0.000000 0.000000 0.000000 0.000000 0.000000 0.000000 0.000000 0.000000 0.000000 0.000000 0.000000 0.000000 0.000000 0.000000 0.000000 
0.082286 0.098324 0.081817 0.096003 0.097988 0.097444 0.081671 0.081832 0.094662 0.089676 0.098298 
0.079172 0.097665 0.079277 0.098758 0.098808 0.098135 0.079281 0.079287 0.091679 0.098729 0.099209 
0.089803 0.106629 0.089423 0.106214 0.106275 0.105683 0.089924 0.090274 0.007100 0.106181 0.102494 
0.088648 0.101941 0.088639 0.101640 0.101675 0.101229 0.088643 0.088650 0.035425 0.101590 0.101921 
breast
0.000003 0.316146 0.000003 0.107664 0.095424 0.023019 0.000003 0.000003 0.002963 0.113148 0.341624 
0.000003 0.304760 0.000003 0.117790 0.110795 0.025250 0.000003 0.000003 0.002070 0.117603 0.321718 
0.000003 0.328055 0.000003 0.079206 0.113643 0.016552 0.000003 0.000003 0.002996 0.116820 0.342716 
0.000003 0.316494 0.000003 0.101779 0.093496 0.023576 0.000003 0.000003 0.004960 0.120144 0.339537 
0.000003 0.314937 0.000003 0.108668 0.106161 0.016705 0.000003 0.000003 0.003469 0.115736 0.334310 
0.000003 0.311412 0.000003 0.106406 0.117110 0.015728 0.000003 0.000003 0.001029 0.123893 0.324407 
0.000003 0.316603 0.000003 0.097359 0.100049 0.017060 0.000003 0.000003 0.005026 0.122124 0.341765 
0.000003 0.317705 0.000003 0.108902 0.110018 0.019769 0.000003 0.000003 0.002470 0.108685 0.332436 
0.000003 0.312816 0.000003 0.092251 0.115805 0.013719 0.000003 0.000003 0.003475 0.130293 0.331626 
0.000003 0.314167 0.000003 0.098395 0.119518 0.018096 0.000003 0.000003 0.001495 0.113754 0.334561 
0.000003 0.307147 0.000003 0.102675 0.116207 0.016704 0.000003 0.000003 0.003554 0.127492 0.326208 
0.000003 0.305320 0.000003 0.096406 0.117596 0.025648 0.000003 0.000003 0.002994 0.121005 0.331017 
0.000003 0.324119 0.000003 0.099297 0.103881 0.012593 0.000003 0.000003 0.001469 0.112904 0.345724 
0.000003 0.323057 0.000003 0.092588 0.124385 0.016635 0.000003 0.000003 0.004014 0.107550 0.331757 
0.000003 0.310372 0.000003 0.108092 0.108118 0.020638 0.000003 0.000003 0.002549 0.123407 0.326812 
0.000003 0.319489 0.000003 0.100386 0.113084 0.011288 0.000003 0.000003 0.001971 0.117600 0.336168 
0.000003 0.323742 0.000003 0.097876 0.103521 0.014578 0.000003 0.000003 0.004006 0.115454 0.340810 
0.000003 0.318929 0.000003 0.082478 0.124360 0.022052 0.000003 0.000003 0.001481 0.109578 0.341108 
0.000003 0.310192 0.000003 0.105470 0.105077 0.018738 0.000003 0.000003 0.003041 0.123859 0.333609 
0.000003 0.322617 0.000003 0.101065 0.103866 0.015025 0.000003 0.000003 0.001536 0.111965 0.343913 
0.000003 0.317865 0.000003 0.100752 0.108883 0.014601 0.000003 0.000003 0.002964 0.119644 0.335278 
0.000003 0.311786 0.000003 0.095964 0.114289 0.019172 0.000003 0.000003 0.003539 0.123831 0.331406 
0.000003 0.323667 0.000003 0.107031 0.092581 0.012124 0.000003 0.000003 0.002511 0.120447 0.341625 
0.000003 0.311632 0.000003 0.098139 0.104400 0.017142 0.000003 0.000003 0.001564 0.136833 0.330277 
0.000003 0.313197 0.000003 0.094190 0.105585 0.023181 0.000003 0.000003 0.002477 0.125756 0.335601 
0.000003 0.306148 0.000003 0.109854 0.104229 0.017697 0.000003 0.000003 0.002062 0.131499 0.328496 
0.000003 0.316125 0.000003 0.103108 0.106196 0.019118 0.000003 0.000003 0.001553 0.118192 0.335694 
0.000003 0.312907 0.000003 0.119893 0.098804 0.015253 0.000003 0.000003 0.002482 0.120319 0.330328 
0.000003 0.321366 0.000003 0.108415 0.095891 0.016558 0.000003 0.000003 0.001001 0.110481 0.346275 
0.000003 0.322303 0.000003 0.086837 0.116727 0.021095 0.000003 0.000003 0.001965 0.115022 0.336037 
0.000003 0.311610 0.000003 0.097226 0.117222 0.015176 0.000003 0.000003 0.002052 0.129362 0.327338 
0.000003 0.313294 0.000003 0.104173 0.108488 0.017178 0.000003 0.000003 0.001090 0.125300 0.330464 
0.000003 0.316767 0.000003 0.090853 0.112636 0.021049 0.000003 0.000003 0.001491 0.124181 0.333009 
0.000003 0.322773 0.000003 0.109360 0.096614 0.014098 0.000003 0.000003 0.000557 0.116486 0.340099 
0.000003 0.313692 0.000003 0.108304 0.112959 0.015736 0.000003 0.000003 0.003474 0.114793 0.331028 
0.000003 0.310537 0.000003 0.103958 0.119273 0.021625 0.000003 0.000003 0.002547 0.113398 0.328648 
0.000003 0.319209 0.000003 0.098069 0.106188 0.016542 0.000003 0.000003 0.004517 0.113566 0.341895 
0.000003 0.323843 0.000003 0.092465 0.106246 0.014127 0.000003 0.000003 0.005009 0.116440 0.341856 
0.000003 0.320420 0.000003 0.092712 0.099879 0.021596 0.000003 0.000003 0.002458 0.122027 0.340893 
0.000003 0.308466 0.000003 0.110094 0.104751 0.019217 0.000003 0.000003 0.003549 0.125947 0.327961 
0.000003 0.323434 0.000003 0.110740 0.093906 0.011643 0.000003 0.000003 0.002021 0.117969 0.340274 
0.000003 0.311582 0.000003 0.105398 0.109040 0.022664 0.000003 0.000003 0.002982 0.119860 0.328460 
0.000003 0.322994 0.000003 0.090162 0.096317 0.017586 0.000003 0.000003 0.002946 0.126434 0.343546 
0.000003 0.316137 0.000003 0.100794 0.104470 0.019567 0.000003 0.000003 0.005465 0.120202 0.333350 
0.000003 0.314199 0.000003 0.098930 0.114868 0.018097 0.000003 0.000003 0.001495 0.118251 0.334148 
0.000003 0.315575 0.000003 0.102712 0.107380 0.014673 0.000003 0.000003 0.003529 0.121712 0.334405 
0.000003 0.315651 0.000003 0.091979 0.102202 0.014123 0.000003 0.000003 0.003465 0.136175 0.336392 
0.000003 0.311001 0.000003 0.104335 0.104459 0.019174 0.000003 0.000003 0.004477 0.123337 0.333203 
0.000003 0.319159 0.000003 0.114207 0.113062 0.015617 0.000003 0.000003 0.001971 0.097624 0.338345 
0.000003 0.314867 0.000003 0.103601 0.109024 0.024601 0.000003 0.000003 0.002970 0.108729 0.336194 
0.000003 0.311905 0.000003 0.110515 0.108931 0.020226 0.000003 0.000003 0.001991 0.116852 0.329567 
0.000003 0.322021 0.000003 0.096906 0.108135 0.020038 0.000003 0.000003 0.006447 0.106512 0.339927 
0.000003 0.313484 0.000003 0.093071 0.110542 0.023055 0.000003 0.000003 0.003469 0.118236 0.338130 
0.000003 0.326035 0.000003 0.094251 0.097707 0.019540 0.000003 0.000003 0.003437 0.114361 0.344655 
0.000003 0.317287 0.000003 0.102321 0.102373 0.015602 0.000003 0.000003 0.001978 0.128678 0.331747 
0.000003 0.325613 0.000003 0.092890 0.113736 0.013556 0.000003 0.000003 0.002938 0.103365 0.347889 
0.000003 0.319980 0.000003 0.107019 0.096738 0.017538 0.000003 0.000003 0.000562 0.121075 0.337074 
0.000003 0.310388 0.000003 0.095831 0.111654 0.021620 0.000003 0.000003 0.001993 0.128873 0.329628 
0.000003 0.312954 0.000003 0.103142 0.105951 0.018175 0.000003 0.000003 0.002482 0.128312 0.328970 
0.000003 0.314982 0.000003 0.097506 0.100922 0.023040 0.000003 0.000003 0.004028 0.121194 0.338314 
0.000003 0.314149 0.000003 0.097413 0.110213 0.014134 0.000003 0.000003 0.001492 0.124717 0.337868 
0.000003 0.318111 0.000003 0.103340 0.098236 0.014148 0.000003 0.000003 0.001011 0.128117 0.337024 
0.000003 0.329263 0.000003 0.089627 0.102168 0.018500 0.000003 0.000003 0.000986 0.109744 0.349698 
0.000003 0.316003 0.000003 0.096737 0.106045 0.017086 0.000003 0.000003 0.001664 0.126688 0.335763 
0.000003 0.318607 0.000003 0.099537 0.114653 0.018585 0.000003 0.000003 0.003579 0.104610 0.340415 
0.000003 0.315309 0.000003 0.088701 0.119107 0.016592 0.000003 0.000003 0.003027 0.120197 0.337054 
0.000003 0.314285 0.000003 0.107857 0.111380 0.017710 0.000003 0.000003 0.001020 0.115772 0.331960 
0.000003 0.311334 0.000003 0.100349 0.103667 0.017241 0.000003 0.000003 0.001564 0.134333 0.331498 
0.000003 0.318223 0.000003 0.093603 0.115696 0.022145 0.000003 0.000003 0.004527 0.113663 0.332130 
0.000003 0.325159 0.000003 0.098327 0.097906 0.017578 0.000003 0.000003 0.002566 0.117415 0.341037 
0.000003 0.322464 0.000003 0.100032 0.101061 0.020650 0.000003 0.000003 0.002953 0.116015 0.336811 
0.000003 0.313705 0.000003 0.113596 0.102660 0.016112 0.000003 0.000003 0.003469 0.112243 0.338201 
0.000003 0.319636 0.000003 0.119439 0.093543 0.019079 0.000003 0.000003 0.002522 0.107599 0.338168 
0.000003 0.310755 0.000003 0.114830 0.094501 0.024103 0.000003 0.000003 0.000576 0.124867 0.330353 
0.000003 0.318419 0.000003 0.096884 0.104079 0.020518 0.000003 0.000003 0.006533 0.113600 0.339954 
0.000003 0.322485 0.000003 0.099657 0.097811 0.022528 0.000003 0.000003 0.001478 0.118506 0.337522 
0.000003 0.324797 0.000003 0.089633 0.112696 0.014198 0.000003 0.000003 0.002446 0.109890 0.346327 
0.000003 0.317570 0.000003 0.101665 0.113850 0.012200 0.000003 0.000003 0.001608 0.118667 0.334426 
0.000003 0.320949 0.000003 0.089355 0.111551 0.013679 0.000003 0.000003 0.001968 0.127051 0.335432 
0.000003 0.318997 0.000003 0.097261 0.111396 0.012617 0.000003 0.000003 0.003518 0.117593 0.338604 
0.000003 0.312291 0.000003 0.095998 0.106839 0.022152 0.000003 0.000003 0.002482 0.130317 0.329907 
0.000003 0.311167 0.000003 0.115327 0.107071 0.011727 0.000003 0.000003 0.002980 0.118845 0.332869 
0.000003 0.317591 0.000003 0.098400 0.102016 0.024511 0.000003 0.000003 0.001974 0.118638 0.336856 
0.000003 0.314636 0.000003 0.092882 0.115367 0.017309 0.000003 0.000003 0.002973 0.124748 0.332072 
0.000003 0.309041 0.000003 0.105700 0.120910 0.015702 0.000003 0.000003 0.002059 0.121457 0.325117 
0.000003 0.313565 0.000003 0.110839 0.095223 0.025132 0.000003 0.000003 0.003037 0.121796 0.330394 
0.000003 0.316004 0.000003 0.096185 0.108490 0.015134 0.000003 0.000003 0.004033 0.132741 0.327399 
0.000003 0.314513 0.000003 0.120855 0.109454 0.016631 0.000003 0.000003 0.002047 0.107807 0.328680 
0.000003 0.312096 0.000003 0.104518 0.108907 0.019119 0.000003 0.000003 0.001563 0.122830 0.330954 
0.000003 0.312102 0.000003 0.112790 0.103747 0.020594 0.000003 0.000003 0.003036 0.111805 0.335912 
0.000003 0.315793 0.000003 0.094625 0.104362 0.019051 0.000003 0.000003 0.001606 0.123151 0.341399 
0.000003 0.311269 0.000003 0.104026 0.112577 0.022138 0.000003 0.000003 0.002045 0.108303 0.339628 
0.000003 0.314219 0.000003 0.108483 0.102260 0.018106 0.000003 0.000003 0.002537 0.122769 0.331611 
0.000003 0.310531 0.000003 0.110027 0.119497 0.017197 0.000003 0.000003 0.000266 0.109369 0.333100 
0.000003 0.322561 0.000003 0.094496 0.102626 0.015032 0.000003 0.000003 0.002949 0.121974 0.340349 
0.000003 0.321096 0.000003 0.100199 0.095298 0.014645 0.000003 0.000003 0.004947 0.122006 0.341796 
0.000003 0.319917 0.000003 0.097533 0.106474 0.021545 0.000003 0.000003 0.001966 0.111049 0.341503 
0.000003 0.307545 0.000003 0.090343 0.110550 0.018170 0.000003 0.000003 0.004553 0.138436 0.330389 
0.000003 0.313241 0.000003 0.098263 0.112514 0.020164 0.000003 0.000003 0.003099 0.124821 0.327885 
0.000003 0.316667 0.000003 0.105189 0.112118 0.018082 0.000003 0.000003 0.001017 0.115210 0.331705 
prostate
0.000003 0.310444 0.000003 0.096386 0.122960 0.019142 0.000003 0.000003 0.004982 0.117895 0.328179 
0.000003 0.323705 0.000003 0.109559 0.087604 0.023069 0.000003 0.000003 0.004444 0.112976 0.338629 
0.000003 0.316101 0.000003 0.092711 0.112968 0.019115 0.000003 0.000003 0.003525 0.119183 0.336384 
0.000003 0.321666 0.000003 0.104941 0.106069 0.017064 0.000003 0.000003 0.000557 0.108013 0.341677 
0.000003 0.316774 0.000003 0.099191 0.114259 0.017062 0.000003 0.000003 0.000563 0.111141 0.340997 
0.000003 0.309220 0.000003 0.102683 0.124749 0.017184 0.000003 0.000003 0.001099 0.120456 0.324597 
0.000003 0.327712 0.000003 0.088748 0.102053 0.013486 0.000003 0.000003 0.003490 0.115282 0.349215 
0.000003 0.320475 0.000003 0.088888 0.120743 0.018132 0.000003 0.000003 0.004953 0.111579 0.335216 
0.000003 0.314729 0.000003 0.101784 0.101929 0.022557 0.000003 0.000003 0.001555 0.123229 0.334204 
0.000003 0.316916 0.000003 0.099888 0.096149 0.016685 0.000003 0.000003 0.004026 0.132168 0.334154 
0.000003 0.315894 0.000003 0.116189 0.097159 0.016109 0.000003 0.000003 0.002533 0.119223 0.332879 
0.000003 0.313157 0.000003 0.097857 0.106727 0.018112 0.000003 0.000003 0.004036 0.127784 0.332314 
0.000003 0.313451 0.000003 0.105467 0.096399 0.020631 0.000003 0.000003 0.001494 0.126247 0.336298 
0.000003 0.320273 0.000003 0.098067 0.104647 0.014115 0.000003 0.000003 0.002954 0.118535 0.341397 
0.000003 0.323357 0.000003 0.095536 0.104131 0.021022 0.000003 0.000003 0.002077 0.113975 0.339889 
0.000003 0.320035 0.000003 0.094571 0.107459 0.022495 0.000003 0.000003 0.003135 0.114074 0.338218 
0.000003 0.315057 0.000003 0.089975 0.111433 0.020626 0.000003 0.000003 0.004600 0.125231 0.333066 
0.000003 0.313804 0.000003 0.098484 0.114827 0.021261 0.000003 0.000003 0.003037 0.119804 0.328770 
0.000003 0.316276 0.000003 0.107393 0.113057 0.020543 0.000003 0.000003 0.002035 0.101184 0.339498 
0.000003 0.317845 0.000003 0.094758 0.110410 0.022589 0.000003 0.000003 0.003524 0.118166 0.332694 
0.000003 0.316505 0.000003 0.089333 0.119292 0.017077 0.000003 0.000003 0.004462 0.117173 0.336144 
0.000003 0.314724 0.000003 0.104155 0.100012 0.012324 0.000003 0.000003 0.002973 0.135252 0.330546 
0.000003 0.311542 0.000003 0.111013 0.101998 0.019675 0.000003 0.000003 0.005623 0.118850 0.331287 
0.000003 0.322416 0.000003 0.105070 0.098993 0.018544 0.000003 0.000003 0.001069 0.112491 0.341404 
0.000003 0.318997 0.000003 0.101644 0.103567 0.021620 0.000003 0.000003 0.002463 0.113097 0.338599 
0.000003 0.316836 0.000003 0.096591 0.106201 0.016092 0.000003 0.000003 0.002036 0.127670 0.334561 
0.000003 0.318586 0.000003 0.098316 0.106961 0.016104 0.000003 0.000003 0.004519 0.114087 0.341414 
0.000003 0.319247 0.000003 0.106607 0.097940 0.025058 0.000003 0.000003 0.001485 0.114114 0.335535 
0.000003 0.318345 0.000003 0.103026 0.102154 0.015567 0.000003 0.000003 0.004955 0.115598 0.340343 
0.000003 0.316761 0.000003 0.105823 0.096493 0.020595 0.000003 0.000003 0.000565 0.122154 0.337595 
0.000003 0.309064 0.000003 0.106111 0.104437 0.020129 0.000003 0.000003 0.004980 0.120883 0.334382 
0.000003 0.315012 0.000003 0.109488 0.107659 0.019138 0.000003 0.000003 0.000190 0.115746 0.332753 
0.000003 0.317578 0.000003 0.092455 0.106556 0.020024 0.000003 0.000003 0.003457 0.118603 0.341314 
0.000003 0.319894 0.000003 0.089282 0.113423 0.018640 0.000003 0.000003 0.003518 0.121598 0.333631 
0.000003 0.327155 0.000003 0.094700 0.097748 0.011541 0.000003 0.000003 0.002439 0.119306 0.347097 
0.000003 0.317543 0.000003 0.104194 0.118269 0.014611 0.000003 0.000003 0.001014 0.111179 0.333176 
0.000003 0.308665 0.000003 0.105144 0.109843 0.022704 0.000003 0.000003 0.002059 0.125959 0.325613 
0.000003 0.326319 0.000003 0.087628 0.101966 0.018478 0.000003 0.000003 0.002994 0.112817 0.349784 
0.000003 0.319901 0.000003 0.105403 0.100751 0.018064 0.000003 0.000003 0.003451 0.108540 0.343877 
0.000003 0.315620 0.000003 0.089971 0.110350 0.020038 0.000003 0.000003 0.001011 0.120143 0.342854 
0.000003 0.318276 0.000003 0.106476 0.103245 0.012164 0.000003 0.000003 0.003454 0.112580 0.343791 
0.000003 0.325064 0.000003 0.095729 0.104687 0.019498 0.000003 0.000003 0.002446 0.107895 0.344668 
0.000003 0.312675 0.000003 0.108313 0.107312 0.015702 0.000003 0.000003 0.002161 0.123325 0.330499 
0.000003 0.315644 0.000003 0.098502 0.107580 0.020559 0.000003 0.000003 0.004028 0.118204 0.335470 
0.000003 0.312960 0.000003 0.101686 0.119244 0.013227 0.000003 0.000003 0.005473 0.115305 0.332091 
0.000003 0.317130 0.000003 0.086962 0.123900 0.020176 0.000003 0.000003 0.003591 0.119716 0.328511 
0.000003 0.303524 0.000003 0.108463 0.124599 0.023753 0.000003 0.000003 0.000011 0.114606 0.325031 
0.000003 0.317876 0.000003 0.111589 0.103933 0.017569 0.000003 0.000003 0.002528 0.112167 0.334325 
0.000003 0.322040 0.000003 0.097675 0.104001 0.014602 0.000003 0.000003 0.001478 0.122513 0.337678 
0.000003 0.319084 0.000003 0.094479 0.114486 0.010659 0.000003 0.000003 0.004453 0.116074 0.340752 
0.000003 0.308612 0.000003 0.109771 0.108436 0.016250 0.000003 0.000003 0.003111 0.128465 0.325343 
0.000003 0.311025 0.000003 0.102066 0.105252 0.015271 0.000003 0.000003 0.004043 0.132861 0.329468 
0.000003 0.315053 0.000003 0.105757 0.106578 0.018200 0.000003 0.000003 0.005541 0.117251 0.331608 
0.000003 0.322739 0.000003 0.094188 0.110692 0.017618 0.000003 0.000003 0.002574 0.116521 0.335655 
0.000003 0.320847 0.000003 0.104024 0.100335 0.014119 0.000003 0.000003 0.001480 0.121042 0.338140 
0.000003 0.323581 0.000003 0.084273 0.109237 0.016044 0.000003 0.000003 0.001064 0.120918 0.344868 
0.000003 0.319380 0.000003 0.086802 0.108484 0.018633 0.000003 0.000003 0.003578 0.125079 0.338030 
0.000003 0.311433 0.000003 0.107472 0.098714 0.014725 0.000003 0.000003 0.005118 0.132849 0.329677 
0.000003 0.317439 0.000003 0.095844 0.117275 0.019664 0.000003 0.000003 0.001552 0.115684 0.332529 
0.000003 0.312425 0.000003 0.099978 0.115691 0.018186 0.000003 0.000003 0.001990 0.124344 0.327373 
0.000003 0.313302 0.000003 0.099075 0.103168 0.024127 0.000003 0.000003 0.001087 0.126275 0.332953 
0.000003 0.312019 0.000003 0.095416 0.106123 0.016621 0.000003 0.000003 0.003971 0.128271 0.337567 
0.000003 0.325330 0.000003 0.104098 0.093006 0.013181 0.000003 0.000003 0.004504 0.118910 0.340957 
0.000003 0.324691 0.000003 0.094480 0.108542 0.015645 0.000003 0.000003 0.004439 0.109924 0.342266 
0.000003 0.316665 0.000003 0.122447 0.094098 0.018063 0.000003 0.000003 0.002964 0.107173 0.338577 
0.000003 0.311227 0.000003 0.121523 0.099460 0.018140 0.000003 0.000003 0.001503 0.117867 0.330267 
0.000003 0.326236 0.000003 0.110408 0.076143 0.018925 0.000003 0.000003 0.001058 0.117318 0.349899 
0.000003 0.314604 0.000003 0.107931 0.111486 0.015714 0.000003 0.000003 0.001981 0.112739 0.335532 
0.000003 0.319790 0.000003 0.107068 0.102369 0.021119 0.000003 0.000003 0.002958 0.109092 0.337592 
0.000003 0.315875 0.000003 0.098003 0.103730 0.014706 0.000003 0.000003 0.004528 0.125173 0.337973 
0.000003 0.325386 0.000003 0.084561 0.104798 0.018955 0.000003 0.000003 0.001955 0.122890 0.341442 
0.000003 0.304707 0.000003 0.102599 0.118044 0.019820 0.000003 0.000003 0.003001 0.129582 0.322233 
0.000003 0.316934 0.000003 0.098037 0.111903 0.017677 0.000003 0.000003 0.003026 0.118182 0.334228 
0.000003 0.309020 0.000003 0.101782 0.121802 0.016744 0.000003 0.000003 0.002494 0.125466 0.322679 
0.000003 0.323778 0.000003 0.103826 0.101311 0.020111 0.000003 0.000003 0.002448 0.102432 0.346081 
0.000003 0.318080 0.000003 0.086507 0.113904 0.023068 0.000003 0.000003 0.002089 0.118119 0.338220 
0.000003 0.320873 0.000003 0.102943 0.088390 0.024027 0.000003 0.000003 0.001540 0.121020 0.341193 
0.000003 0.312947 0.000003 0.107202 0.103818 0.021576 0.000003 0.000003 0.003033 0.114773 0.336637 
0.000003 0.318896 0.000003 0.093699 0.097797 0.020028 0.000003 0.000003 0.005957 0.128103 0.335507 
0.000003 0.316263 0.000003 0.102184 0.106356 0.012146 0.000003 0.000003 0.003461 0.119149 0.340428 
0.000003 0.322000 0.000003 0.101652 0.117898 0.013661 0.000003 0.000003 0.001540 0.103528 0.339709 
0.000003 0.320108 0.000003 0.110052 0.089305 0.016105 0.000003 0.000003 0.004654 0.122577 0.337186 
0.000003 0.319757 0.000003 0.110040 0.101895 0.023050 0.000003 0.000003 0.003455 0.103091 0.338700 
0.000003 0.323658 0.000003 0.101032 0.092269 0.017661 0.000003 0.000003 0.001596 0.128489 0.335282 
0.000003 0.310717 0.000003 0.093088 0.129532 0.021172 0.000003 0.000003 0.005479 0.108877 0.331121 
0.000003 0.316871 0.000003 0.094379 0.103586 0.018597 0.000003 0.000003 0.003021 0.122625 0.340908 
0.000003 0.315924 0.000003 0.112178 0.103610 0.015623 0.000003 0.000003 0.000701 0.121740 0.330211 
0.000003 0.321843 0.000003 0.092045 0.101813 0.021967 0.000003 0.000003 0.002454 0.118488 0.341377 
0.000003 0.317154 0.000003 0.100892 0.115910 0.015097 0.000003 0.000003 0.004460 0.110165 0.336308 
0.000003 0.310757 0.000003 0.092978 0.123979 0.014726 0.000003 0.000003 0.000265 0.125858 0.331423 
0.000003 0.320406 0.000003 0.100810 0.116204 0.016582 0.000003 0.000003 0.001965 0.102556 0.341464 
0.000003 0.315479 0.000003 0.097210 0.111716 0.016647 0.000003 0.000003 0.006544 0.117212 0.335179 
0.000003 0.319235 0.000003 0.094331 0.109239 0.015603 0.000003 0.000003 0.002460 0.118065 0.341053 
0.000003 0.319422 0.000003 0.114203 0.097906 0.019621 0.000003 0.000003 0.002461 0.105584 0.340789 
0.000003 0.306113 0.000003 0.115889 0.111126 0.017754 0.000003 0.000003 0.003993 0.118024 0.327088 
0.000003 0.321382 0.000003 0.100224 0.102176 0.016627 0.000003 0.000003 0.004012 0.116026 0.339539 
0.000003 0.321918 0.000003 0.100316 0.104653 0.020662 0.000003 0.000003 0.002027 0.116048 0.334364 
0.000003 0.312286 0.000003 0.094424 0.110476 0.016681 0.000003 0.000003 0.003974 0.128796 0.333351 
0.000003 0.314374 0.000003 0.106768 0.101189 0.014138 0.000003 0.000003 0.004030 0.122726 0.336763 
0.000003 0.310871 0.000003 0.116143 0.100600 0.019177 0.000003 0.000003 0.002980 0.116851 0.333365 
skin
0.000004 0.313681 0.000004 0.113211 0.096938 0.016163 0.000004 0.000004 0.002464 0.119740 0.337788 
0.000004 0.320764 0.000004 0.097230 0.103960 0.019567 0.000004 0.000004 0.004444 0.118064 0.335956 
0.000004 0.318515 0.000004 0.115451 0.103318 0.014653 0.000004 0.000004 0.002955 0.112162 0.332931 
0.000004 0.330539 0.000004 0.096027 0.093135 0.023917 0.000004 0.000004 0.000165 0.110743 0.345458 
0.000004 0.318136 0.000004 0.092491 0.113050 0.021656 0.000004 0.000004 0.001480 0.123676 0.329497 
0.000004 0.322077 0.000004 0.097287 0.098224 0.019656 0.000004 0.000004 0.003441 0.122015 0.337284 
0.000004 0.324488 0.000004 0.097642 0.107103 0.018470 0.000004 0.000004 0.001946 0.108432 0.341905 
0.000004 0.316022 0.000004 0.093808 0.111063 0.021102 0.000004 0.000004 0.003076 0.117684 0.337230 
0.000004 0.312989 0.000004 0.110206 0.098981 0.018101 0.000004 0.000004 0.001972 0.121263 0.336473 
0.000004 0.323176 0.000004 0.099338 0.105901 0.019987 0.000004 0.000004 0.002070 0.112506 0.337006 
0.000004 0.311704 0.000004 0.109825 0.101171 0.017748 0.000004 0.000004 0.002041 0.129359 0.328136 
0.000004 0.323560 0.000004 0.101359 0.105613 0.017540 0.000004 0.000004 0.002441 0.107461 0.342011 
0.000004 0.329905 0.000004 0.087542 0.103024 0.016562 0.000004 0.000004 0.002422 0.110726 0.349803 
0.000004 0.315605 0.000004 0.098742 0.097813 0.029678 0.000004 0.000004 0.004026 0.127262 0.326858 
0.000004 0.313090 0.000004 0.106684 0.112310 0.020273 0.000004 0.000004 0.004600 0.113832 0.329196 
0.000004 0.315136 0.000004 0.092836 0.115429 0.020565 0.000004 0.000004 0.004020 0.116720 0.335279 
0.000004 0.319486 0.000004 0.097275 0.101366 0.016646 0.000004 0.000004 0.003945 0.122572 0.338694 
0.000004 0.314879 0.000004 0.093685 0.114073 0.015616 0.000004 0.000004 0.002960 0.124223 0.334548 
0.000004 0.316169 0.000004 0.103369 0.101057 0.013679 0.000004 0.000004 0.002461 0.127681 0.335570 
0.000004 0.318679 0.000004 0.101602 0.104122 0.012124 0.000004 0.000004 0.002948 0.119582 0.340928 
0.000004 0.316516 0.000004 0.104084 0.112944 0.018574 0.000004 0.000004 0.002462 0.112204 0.333202 
0.000004 0.320708 0.000004 0.091252 0.111622 0.013130 0.000004 0.000004 0.002447 0.120026 0.340800 
0.000004 0.313081 0.000004 0.111872 0.106240 0.014210 0.000004 0.000004 0.003465 0.118296 0.332821 
0.000004 0.314679 0.000004 0.114764 0.111075 0.014209 0.000004 0.000004 0.004964 0.111796 0.328497 
0.000004 0.316182 0.000004 0.104579 0.105733 0.016596 0.000004 0.000004 0.004521 0.118203 0.334171 
0.000004 0.311304 0.000004 0.111753 0.102523 0.018183 0.000004 0.000004 0.001490 0.122342 0.332389 
0.000004 0.312715 0.000004 0.092581 0.110559 0.022197 0.000004 0.000004 0.002469 0.126288 0.333176 
0.000004 0.319219 0.000004 0.096270 0.106246 0.019028 0.000004 0.000004 0.002019 0.119089 0.338113 
0.000004 0.319008 0.000004 0.101844 0.108744 0.015716 0.000004 0.000004 0.002513 0.114609 0.337551 
0.000004 0.321753 0.000004 0.099197 0.104258 0.016092 0.000004 0.000004 0.001589 0.121540 0.335556 
0.000004 0.312807 0.000004 0.095704 0.112238 0.020155 0.000004 0.000004 0.005611 0.121304 0.332167 
0.000004 0.323154 0.000004 0.109117 0.100232 0.018106 0.000004 0.000004 0.002505 0.109507 0.337364 
0.000004 0.307320 0.000004 0.123920 0.099606 0.021281 0.000004 0.000004 0.003044 0.118503 0.326311 
0.000004 0.322619 0.000004 0.111650 0.099704 0.015091 0.000004 0.000004 0.004638 0.107018 0.339265 
0.000004 0.318095 0.000004 0.098597 0.105677 0.019546 0.000004 0.000004 0.003513 0.120144 0.334413 
0.000004 0.313791 0.000004 0.100935 0.114561 0.016326 0.000004 0.000004 0.002468 0.119780 0.332122 
0.000004 0.319202 0.000004 0.091911 0.105059 0.023001 0.000004 0.000004 0.005014 0.118091 0.337708 
0.000004 0.315233 0.000004 0.103547 0.089691 0.018566 0.000004 0.000004 0.004454 0.129673 0.338820 
0.000004 0.316107 0.000004 0.102861 0.108260 0.013682 0.000004 0.000004 0.001004 0.123194 0.334878 
0.000004 0.304442 0.000004 0.100883 0.110364 0.020824 0.000004 0.000004 0.002993 0.140094 0.320384 
0.000004 0.313419 0.000004 0.097311 0.120289 0.016122 0.000004 0.000004 0.004024 0.112767 0.336052 
0.000004 0.322927 0.000004 0.099892 0.100175 0.023072 0.000004 0.000004 0.002444 0.111486 0.339990 
0.000004 0.323630 0.000004 0.102911 0.098111 0.015609 0.000004 0.000004 0.001948 0.115447 0.342330 
0.000004 0.321290 0.000004 0.100243 0.109612 0.014606 0.000004 0.000004 0.000620 0.114033 0.339581 
0.000004 0.316309 0.000004 0.104580 0.107535 0.017086 0.000004 0.000004 0.002461 0.117194 0.334821 
0.000004 0.326124 0.000004 0.099030 0.095914 0.017002 0.000004 0.000004 0.003425 0.110843 0.347647 
0.000004 0.309775 0.000004 0.115010 0.099977 0.018689 0.000004 0.000004 0.001014 0.121370 0.334150 
0.000004 0.313466 0.000004 0.091049 0.114330 0.013196 0.000004 0.000004 0.005457 0.121717 0.340770 
0.000004 0.313774 0.000004 0.085994 0.109842 0.017753 0.000004 0.000004 0.003461 0.134239 0.334922 
0.000004 0.324248 0.000004 0.103995 0.099048 0.018021 0.000004 0.000004 0.000540 0.109420 0.344714 
0.000004 0.319731 0.000004 0.104282 0.098016 0.020524 0.000004 0.000004 0.000624 0.123103 0.333705 
0.000004 0.309827 0.000004 0.106007 0.099715 0.018234 0.000004 0.000004 0.003102 0.142456 0.320645 
0.000004 0.318562 0.000004 0.107338 0.107248 0.018101 0.000004 0.000004 0.003450 0.109133 0.336153 
0.000004 0.317507 0.000004 0.114970 0.103800 0.017614 0.000004 0.000004 0.001476 0.107160 0.337458 
0.000004 0.317538 0.000004 0.103069 0.102131 0.021701 0.000004 0.000004 0.003514 0.116157 0.335876 
0.000004 0.323284 0.000004 0.099042 0.103878 0.021591 0.000004 0.000004 0.002506 0.115015 0.334668 
0.000004 0.317162 0.000004 0.102136 0.105120 0.018541 0.000004 0.000004 0.002951 0.112122 0.341954 
0.000004 0.325483 0.000004 0.086912 0.113953 0.015083 0.000004 0.000004 0.002433 0.109368 0.346753 
0.000004 0.312674 0.000004 0.099695 0.111229 0.016129 0.000004 0.000004 0.001485 0.123278 0.335495 
0.000004 0.309795 0.000004 0.095686 0.109744 0.019256 0.000004 0.000004 0.001496 0.136401 0.327607 
0.000004 0.314667 0.000004 0.102045 0.095845 0.023033 0.000004 0.000004 0.003015 0.119177 0.342203 
0.000004 0.309147 0.000004 0.105326 0.104207 0.022112 0.000004 0.000004 0.001554 0.121370 0.336270 
0.000004 0.323067 0.000004 0.098171 0.105545 0.026561 0.000004 0.000004 0.002443 0.103488 0.340710 
0.000004 0.320236 0.000004 0.106408 0.098663 0.013637 0.000004 0.000004 0.000245 0.123065 0.337731 
0.000004 0.318233 0.000004 0.097385 0.109500 0.014258 0.000004 0.000004 0.004585 0.124162 0.331861 
0.000004 0.319121 0.000004 0.106651 0.107943 0.017594 0.000004 0.000004 0.001960 0.108104 0.338613 
0.000004 0.323926 0.000004 0.087143 0.116275 0.021500 0.000004 0.000004 0.003113 0.103441 0.344586 
0.000004 0.326036 0.000004 0.093755 0.112397 0.015983 0.000004 0.000004 0.000984 0.108389 0.342441 
0.000004 0.312296 0.000004 0.111165 0.115647 0.010740 0.000004 0.000004 0.002967 0.113313 0.333857 
0.000004 0.317333 0.000004 0.090517 0.111342 0.016668 0.000004 0.000004 0.003012 0.122633 0.338479 
0.000004 0.322842 0.000004 0.089517 0.102601 0.015513 0.000004 0.000004 0.001524 0.123941 0.344045 
0.000004 0.327168 0.000004 0.093343 0.110707 0.010617 0.000004 0.000004 0.001047 0.109825 0.347278 
0.000004 0.307813 0.000004 0.115310 0.108645 0.015318 0.000004 0.000004 0.002546 0.125491 0.324862 
0.000004 0.327081 0.000004 0.103664 0.092912 0.015023 0.000004 0.000004 0.002926 0.111828 0.346551 
0.000004 0.315679 0.000004 0.103692 0.109985 0.014630 0.000004 0.000004 0.002030 0.120722 0.333248 
0.000004 0.315763 0.000004 0.102333 0.106194 0.017562 0.000004 0.000004 0.004014 0.111155 0.342965 
0.000004 0.322666 0.000004 0.096499 0.102390 0.018585 0.000004 0.000004 0.001462 0.114962 0.343420 
0.000004 0.313626 0.000004 0.100015 0.104751 0.024609 0.000004 0.000004 0.001073 0.117739 0.338172 
0.000004 0.314167 0.000004 0.116918 0.114525 0.011232 0.000004 0.000004 0.003028 0.113320 0.326793 
0.000004 0.318978 0.000004 0.105927 0.092022 0.015116 0.000004 0.000004 0.002948 0.124572 0.340422 
0.000004 0.322421 0.000004 0.090065 0.110569 0.021988 0.000004 0.000004 0.002624 0.118038 0.334281 
0.000004 0.316973 0.000004 0.097873 0.108210 0.019610 0.000004 0.000004 0.002083 0.120676 0.334559 
0.000004 0.316374 0.000004 0.106546 0.098310 0.018132 0.000004 0.000004 0.004456 0.123701 0.332466 
0.000004 0.322147 0.000004 0.090899 0.119597 0.016092 0.000004 0.000004 0.001956 0.115043 0.334251 
0.000004 0.308859 0.000004 0.101803 0.102756 0.016253 0.000004 0.000004 0.003481 0.144461 0.322373 
0.000004 0.312698 0.000004 0.114459 0.100012 0.019274 0.000004 0.000004 0.001551 0.120820 0.331171 
0.000004 0.318408 0.000004 0.104007 0.095014 0.016110 0.000004 0.000004 0.004446 0.122093 0.339906 
0.000004 0.320037 0.000004 0.099929 0.107372 0.020565 0.000004 0.000004 0.003446 0.112082 0.336554 
0.000004 0.317791 0.000004 0.105233 0.107067 0.019752 0.000004 0.000004 0.001538 0.110141 0.338465 
0.000004 0.321228 0.000004 0.100484 0.097321 0.017609 0.000004 0.000004 0.001465 0.119000 0.342879 
0.000004 0.326887 0.000004 0.098060 0.111547 0.013508 0.000004 0.000004 0.001049 0.103356 0.345578 
0.000004 0.313219 0.000004 0.097683 0.110230 0.023074 0.000004 0.000004 0.001548 0.120782 0.333449 
0.000004 0.324658 0.000004 0.096383 0.106075 0.016029 0.000004 0.000004 0.004427 0.104892 0.347523 
0.000004 0.317583 0.000004 0.104807 0.100095 0.019530 0.000004 0.000004 0.002950 0.113613 0.341407 
0.000004 0.328385 0.000004 0.097908 0.097473 0.019468 0.000004 0.000004 0.004420 0.107813 0.344518 
0.000004 0.317569 0.000004 0.098552 0.107270 0.019104 0.000004 0.000004 0.002954 0.119152 0.335384 
0.000004 0.317436 0.000004 0.107798 0.097546 0.014644 0.000004 0.000004 0.002456 0.121633 0.338472 
