-1046781.758049
0
0.000020 0.000020 0.000020 0.000020 0.000020 0.000020 0.000020 0.000020 0.000027 0.000024 0.000050 0.000024 0.000020 0.000020 0.000020 0.000020 0.000020 0.000020 0.000028 0.000020 0.000020 0.000020 0.000020 0.000020 0.000024 0.000029 0.000020 0.000029 0.000020 0.000020 0.000020 0.000020 0.000020 0.000020 0.000037 0.000020 0.000020 0.000020 0.000020 0.000020 0.000020 0.000020 0.000026 0.000020 0.000020 0.000020 0.000020 0.000020 0.000020 0.000020 0.000020 0.000020 0.000020 0.000020 0.000020 0.000020 0.000039 0.000038 0.000040 0.997914 0.000020 0.000020 0.000020 0.000020 0.000020 0.000020 0.000020 0.000020 0.000020 0.000020 0.000020 0.000020 0.000020 0.000020 0.000020 0.000020 0.000020 0.000020 0.000020 0.000020 0.000020 0.000020 0.000032 0.000020 0.000020 0.000020 0.000020 0.000020 0.000020 0.000020 0.000020 0.000020 0.000020 0.000020 0.000020 0.000020 
0.000000 0.000000 0.000000 0.000000 0.000000 0.000000 0.000000 0.000000 0.000000 0.000000 0.000000 0.000000 0.000000 0.000000 0.000000 0.000000 0.000000 0.000000 0.000001 0.000000 0.000000 0.000000 0.000000 0.000000 0.000000 0.000000 0.000000 0.000000 0.000000 0.000000 0.000000 0.000000 0.000000 0.000000 0.000000 0.000000 0.000000 0.000000 0.000000 0.000000 0.000000 0.000000 0.000000 0.000000 0.000000 0.000000 0.000000 0.000000 0.000000 0.000000 0.000000 0.000000 0.000000 0.000000 0.000000 0.000000 0.000288 0.000000 0.999699 0.000001 0.000000 0.000000 0.000000 0.000000 0.000000 0.000000 0.000000 0.000000 0.000000 0.000000 0.000000 0.000000 0.000000 0.000000 0.000000 0.000000 0.000000 0.000000 0.000000 0.000000 0.000000 0.000000 0.000000 0.000000 0.000000 0.000000 0.000000 0.000000 0.000000 0.000000 0.000000 0.000000 0.000000 0.000000 0.000000 0.000000 
0.000256 0.000256 0.000256 0.000256 0.000256 0.000256 0.000256 0.000256 0.973383 0.000308 0.000629 0.000305 0.000256 0.000256 0.000256 0.000256 0.000256 0.000256 0.000360 0.000256 0.000256 0.000256 0.000256 0.000256 0.000300 0.000368 0.000256 0.000371 0.000256 0.000256 0.000256 0.000256 0.000256 0.000256 0.000471 0.000256 0.000256 0.000256 0.000256 0.000256 0.000256 0.000256 0.000329 0.000256 0.000256 0.000256 0.000256 0.000256 0.000256 0.000256 0.000256 0.000256 0.000256 0.000256 0.000256 0.000256 0.000498 0.000487 0.000509 0.000506 0.000256 0.000256 0.000256 0.000256 0.000256 0.000256 0.000256 0.000256 0.000256 0.000256 0.000256 0.000256 0.000256 0.000256 0.000256 0.000256 0.000256 0.000256 0.000256 0.000256 0.000256 0.000256 0.000409 0.000256 0.000256 0.000256 0.000256 0.000256 0.000256 0.000256 0.000256 0.000256 0.000256 0.000256 0.000256 0.000256 
0.000001 0.000001 0.000001 0.000001 0.000001 0.000001 0.000001 0.000001 0.000001 0.000001 0.998250 0.000024 0.000001 0.000001 0.000001 0.000001 0.000001 0.000001 0.000233 0.000001 0.000001 0.000001 0.000001 0.000001 0.000013 0.000383 0.000001 0.000001 0.000001 0.000001 0.000001 0.000001 0.000001 0.000001 0.000040 0.000001 0.000001 0.000001 0.000001 0.000001 0.000001 0.000001 0.000001 0.000001 0.000001 0.000001 0.000001 0.000001 0.000001 0.000001 0.000001 0.000001 0.000001 0.000001 0.000001 0.000001 0.000001 0.000311 0.000122 0.000520 0.000001 0.000001 0.000001 0.000001 0.000001 0.000001 0.000001 0.000001 0.000001 0.000001 0.000001 0.000001 0.000001 0.000001 0.000001 0.000001 0.000001 0.000001 0.000001 0.000001 0.000001 0.000001 0.000042 0.000001 0.000001 0.000001 0.000001 0.000001 0.000001 0.000001 0.000001 0.000001 0.000001 0.000001 0.000001 0.000001 
0.000001 0.000001 0.000001 0.000001 0.000001 0.000001 0.000001 0.000001 0.000001 0.000001 0.384837 0.000001 0.000001 0.000001 0.000001 0.000001 0.000001 0.000001 0.000001 0.000001 0.000001 0.000001 0.000001 0.000001 0.000001 0.000005 0.000001 0.111292 0.000001 0.000001 0.000001 0.000001 0.000001 0.000001 0.000001 0.000001 0.000001 0.000001 0.000001 0.000001 0.000001 0.000001 0.000001 0.000001 0.000001 0.000001 0.000001 0.000001 0.000001 0.000001 0.000001 0.000001 0.000001 0.000001 0.000001 0.000001 0.000001 0.503797 0.000001 0.000001 0.000001 0.000001 0.000001 0.000001 0.000001 0.000001 0.000001 0.000001 0.000001 0.000001 0.000001 0.000001 0.000001 0.000001 0.000001 0.000001 0.000001 0.000001 0.000001 0.000001 0.000001 0.000001 0.000001 0.000001 0.000001 0.000001 0.000001 0.000001 0.000001 0.000001 0.000001 0.000001 0.000001 0.000001 0.000001 0.000001 
0.000000 0.000000 0.000000 0.000000 0.000000 0.000000 0.000000 0.000000 0.000001 0.000025 0.000001 0.000001 0.000000 0.000000 0.000000 0.000000 0.000000 0.000000 0.000001 0.000000 0.000000 0.000000 0.000000 0.000000 0.000001 0.000001 0.000000 0.000001 0.000000 0.000000 0.000000 0.000000 0.000000 0.000000 0.851139 0.000000 0.000000 0.000000 0.000000 0.000000 0.000000 0.000000 0.000500 0.000000 0.000000 0.000000 0.000000 0.000000 0.000000 0.000000 0.000000 0.000000 0.000000 0.000000 0.000000 0.000000 0.144919 0.000001 0.000001 0.000001 0.000000 0.000000 0.000000 0.000000 0.000000 0.000000 0.000000 0.000000 0.000000 0.000000 0.000000 0.000000 0.000000 0.000000 0.000000 0.000000 0.000000 0.000000 0.000000 0.000000 0.000000 0.000000 0.003369 0.000000 0.000000 0.000000 0.000000 0.000000 0.000000 0.000000 0.000000 0.000000 0.000000 0.000000 0.000000 0.000000 
0.165004 0.177029 0.143545 0.165266 0.174304 0.174851 
0.167203 0.175581 0.140289 0.171291 0.172514 0.173122 
0.165395 0.173834 0.145357 0.171567 0.171706 0.172140 
0.169243 0.163661 0.148636 0.172607 0.172725 0.173128 
breast
0.003954 0.636682 0.000007 0.113047 0.094539 0.151771 
0.002947 0.603677 0.000507 0.123526 0.111071 0.158271 
0.003967 0.644634 0.000507 0.084294 0.116282 0.150315 
0.005958 0.634174 0.000007 0.106822 0.093263 0.159775 
0.004454 0.626129 0.000007 0.114074 0.106521 0.148815 
0.001950 0.611111 0.000007 0.111535 0.119558 0.155839 
0.005960 0.637130 0.000507 0.102742 0.098836 0.154824 
0.003453 0.625157 0.000007 0.114391 0.110714 0.146278 
0.004461 0.621595 0.000007 0.097428 0.116652 0.159856 
0.002456 0.626145 0.000007 0.103839 0.120243 0.147311 
0.004456 0.611116 0.000507 0.108280 0.116302 0.159339 
0.003958 0.616682 0.000007 0.102584 0.114996 0.161773 
0.002456 0.646606 0.000007 0.104646 0.103441 0.142843 
0.004961 0.627141 0.000507 0.096937 0.129647 0.140807 
0.003453 0.613646 0.000507 0.113206 0.109880 0.159308 
0.002956 0.631088 0.000007 0.105538 0.114557 0.145854 
0.004959 0.639619 0.000507 0.102401 0.106182 0.146331 
0.002463 0.637681 0.000007 0.088034 0.123543 0.148272 
0.003955 0.622633 0.000507 0.111512 0.102581 0.158812 
0.002455 0.643128 0.000507 0.106032 0.105052 0.142826 
0.003957 0.629113 0.000007 0.105456 0.111626 0.149842 
0.004459 0.620638 0.000507 0.101433 0.114149 0.158813 
0.003455 0.640594 0.000507 0.111438 0.095152 0.148854 
0.002457 0.619112 0.000507 0.103072 0.105511 0.169342 
0.003460 0.627162 0.000007 0.099648 0.104438 0.165285 
0.002952 0.613618 0.000507 0.115637 0.102951 0.164335 
0.002454 0.628645 0.000507 0.108349 0.106740 0.153304 
0.003448 0.619611 0.000007 0.125083 0.100020 0.151831 
0.001950 0.645640 0.000007 0.113753 0.095341 0.143308 
0.002962 0.632665 0.000007 0.091259 0.120322 0.152784 
0.002957 0.615105 0.000507 0.102231 0.119349 0.159850 
0.001952 0.620122 0.000507 0.109310 0.109781 0.158328 
0.002460 0.625653 0.000007 0.095368 0.115710 0.160803 
0.001447 0.638113 0.000007 0.113778 0.099819 0.146836 
0.004453 0.621122 0.000007 0.113934 0.113160 0.147323 
0.003454 0.616166 0.000507 0.109494 0.120089 0.150289 
0.005459 0.638637 0.000507 0.103311 0.106268 0.145818 
0.005962 0.641114 0.000507 0.097215 0.107869 0.147333 
0.003461 0.638160 0.000007 0.097525 0.100560 0.160287 
0.004453 0.614133 0.000507 0.115653 0.104438 0.160816 
0.002952 0.638592 0.000507 0.115136 0.096957 0.145856 
0.003954 0.616668 0.000007 0.111388 0.109696 0.158287 
0.003963 0.643130 0.000007 0.094733 0.097350 0.160818 
0.006458 0.625647 0.000007 0.105374 0.107206 0.155308 
0.002456 0.625639 0.000007 0.104187 0.115895 0.151816 
0.004456 0.626610 0.000507 0.107911 0.108176 0.152340 
0.004462 0.629595 0.000007 0.096870 0.102707 0.166360 
0.005456 0.622638 0.000007 0.109925 0.103661 0.158312 
0.002949 0.633647 0.000007 0.119664 0.114432 0.129301 
0.003956 0.628696 0.000007 0.109067 0.109020 0.149254 
0.002951 0.618150 0.000007 0.115946 0.109652 0.153295 
0.007460 0.637670 0.000007 0.101788 0.109794 0.143281 
0.004461 0.630674 0.000007 0.098603 0.109474 0.156781 
0.004461 0.646158 0.000007 0.098652 0.099933 0.150789 
0.002956 0.624110 0.000007 0.106506 0.106577 0.159844 
0.003960 0.650128 0.000007 0.098051 0.114531 0.133323 
0.001448 0.632633 0.000007 0.112176 0.099416 0.154321 
0.002958 0.617648 0.000007 0.100939 0.112641 0.165807 
0.003455 0.618130 0.000007 0.108837 0.107245 0.162325 
0.004959 0.631670 0.000507 0.102762 0.100317 0.159784 
0.002456 0.630605 0.000007 0.102958 0.109624 0.154349 
0.001953 0.631601 0.000007 0.108034 0.100056 0.158348 
0.001960 0.654659 0.000007 0.094184 0.103903 0.145288 
0.002457 0.628624 0.001507 0.101945 0.106136 0.159331 
0.004457 0.636162 0.001007 0.105284 0.113801 0.139288 
0.003962 0.630128 0.000507 0.094180 0.118895 0.152328 
0.001950 0.622636 0.000007 0.113240 0.112358 0.149809 
0.002455 0.620613 0.000507 0.106005 0.102086 0.168334 
0.005461 0.625170 0.000507 0.098583 0.117501 0.152777 
0.003458 0.640638 0.001007 0.102771 0.100318 0.151808 
0.003958 0.633659 0.000007 0.104432 0.104161 0.153783 
0.004451 0.630631 0.000007 0.119309 0.101779 0.143822 
0.003449 0.633659 0.000507 0.124365 0.095232 0.142788 
0.001444 0.618667 0.000007 0.119751 0.095845 0.164286 
0.007460 0.635665 0.000507 0.101914 0.104664 0.149790 
0.002456 0.634670 0.000007 0.103701 0.101886 0.157280 
0.003462 0.647622 0.000007 0.095072 0.112020 0.141817 
0.002454 0.627595 0.001007 0.106938 0.115150 0.146855 
0.002961 0.631099 0.000007 0.093778 0.114806 0.157349 
0.004459 0.634101 0.000507 0.102301 0.112778 0.145853 
0.003459 0.619149 0.000007 0.101063 0.107520 0.168802 
0.003950 0.622089 0.000007 0.120957 0.107133 0.145864 
0.002958 0.631183 0.000007 0.103044 0.104037 0.158771 
0.003960 0.623123 0.000007 0.098314 0.115279 0.159317 
0.002953 0.610614 0.000507 0.111133 0.122452 0.152340 
0.003953 0.620177 0.000507 0.115597 0.096994 0.162772 
0.004960 0.617603 0.000507 0.100267 0.113310 0.163353 
0.002946 0.618137 0.000507 0.125828 0.112766 0.139816 
0.002453 0.620139 0.000507 0.109760 0.109826 0.157316 
0.003951 0.626663 0.000507 0.118623 0.102465 0.147790 
0.002458 0.636143 0.001007 0.100286 0.102295 0.157812 
0.002954 0.631180 0.000507 0.110667 0.108423 0.146269 
0.003453 0.622132 0.000507 0.113346 0.104240 0.156322 
0.000938 0.622144 0.000507 0.117451 0.116151 0.142809 
0.003960 0.638616 0.000007 0.098961 0.105117 0.153339 
0.005959 0.639611 0.000007 0.105012 0.096076 0.153334 
0.002958 0.638675 0.000007 0.102864 0.106222 0.149276 
0.005462 0.617117 0.000507 0.095878 0.109197 0.171838 
0.003958 0.616642 0.001007 0.103248 0.114336 0.160809 
0.001951 0.623641 0.000007 0.109860 0.115728 0.148813 
prostate
0.005959 0.615644 0.000007 0.101692 0.124386 0.152311 
0.005455 0.636680 0.000007 0.113502 0.091592 0.152764 
0.004461 0.629645 0.000507 0.098014 0.113067 0.154306 
0.001449 0.639646 0.000007 0.109967 0.107628 0.141303 
0.001451 0.636143 0.000007 0.104830 0.113757 0.143812 
0.001952 0.610125 0.000507 0.108275 0.125812 0.153330 
0.004464 0.653115 0.000507 0.093259 0.103816 0.144840 
0.005963 0.630653 0.000007 0.094740 0.121837 0.146801 
0.002455 0.626161 0.000507 0.107130 0.101455 0.162293 
0.004959 0.627113 0.000507 0.104568 0.097520 0.165333 
0.003450 0.624622 0.000507 0.120909 0.099682 0.150831 
0.004959 0.622628 0.000507 0.102881 0.107699 0.161327 
0.002453 0.628145 0.000007 0.110758 0.095833 0.162803 
0.003959 0.638612 0.000007 0.103077 0.105507 0.148838 
0.002959 0.638168 0.001007 0.100167 0.106417 0.151283 
0.003960 0.634177 0.001507 0.099739 0.107839 0.152778 
0.005463 0.624647 0.001007 0.095049 0.112029 0.161804 
0.003958 0.618153 0.000507 0.103750 0.115843 0.157789 
0.002952 0.633682 0.000507 0.113227 0.112360 0.137272 
0.004460 0.625669 0.000507 0.099370 0.113212 0.156782 
0.005463 0.629635 0.000007 0.094395 0.120680 0.149821 
0.003956 0.621079 0.000007 0.108978 0.101618 0.164362 
0.006454 0.620145 0.001007 0.116549 0.101541 0.154303 
0.001952 0.639651 0.000507 0.109891 0.100701 0.147298 
0.003457 0.634170 0.000007 0.106720 0.104372 0.151275 
0.002958 0.627615 0.000507 0.101300 0.108281 0.159339 
0.005459 0.637631 0.000507 0.103776 0.106308 0.146319 
0.002453 0.630191 0.000007 0.111025 0.101066 0.155258 
0.005957 0.636126 0.000007 0.108060 0.103022 0.146828 
0.001449 0.631651 0.000007 0.110772 0.097323 0.158798 
0.005956 0.623148 0.000007 0.111957 0.102626 0.156306 
0.000940 0.624147 0.000007 0.114576 0.109528 0.150802 
0.004461 0.637155 0.000007 0.097629 0.106448 0.154299 
0.004463 0.628138 0.000507 0.094025 0.115557 0.157310 
0.003460 0.650094 0.000007 0.099100 0.099979 0.147360 
0.001951 0.626121 0.000007 0.109285 0.120802 0.141834 
0.002954 0.611154 0.000507 0.110463 0.110626 0.164295 
0.003964 0.653156 0.000507 0.092588 0.101991 0.147795 
0.004456 0.641653 0.000007 0.110792 0.100297 0.142795 
0.001959 0.638154 0.000007 0.095641 0.108439 0.155801 
0.004455 0.640602 0.000007 0.112188 0.101902 0.140846 
0.003459 0.645673 0.000007 0.101295 0.105783 0.143783 
0.002952 0.619613 0.001507 0.113850 0.107242 0.154836 
0.004959 0.628157 0.000507 0.103579 0.108501 0.154298 
0.006457 0.622104 0.000007 0.107228 0.119857 0.144346 
0.004463 0.619649 0.001007 0.091715 0.126866 0.156300 
0.000410 0.607674 0.000007 0.114879 0.123254 0.153776 
0.003452 0.627642 0.000507 0.116355 0.106733 0.145311 
0.002457 0.634611 0.000007 0.101974 0.107612 0.153339 
0.005461 0.637088 0.000007 0.099648 0.115430 0.142367 
0.003953 0.610610 0.001007 0.115242 0.108850 0.160339 
0.004957 0.617601 0.000507 0.107416 0.105174 0.164345 
0.006456 0.622637 0.000507 0.111101 0.106991 0.152308 
0.003460 0.632138 0.001007 0.098715 0.113871 0.150809 
0.002454 0.634607 0.000007 0.108747 0.102343 0.151842 
0.001962 0.645126 0.000507 0.089140 0.109940 0.153325 
0.004464 0.633636 0.001007 0.091811 0.108770 0.160312 
0.005955 0.618097 0.001007 0.112843 0.098246 0.163852 
0.002457 0.625151 0.000507 0.100888 0.119201 0.151796 
0.002956 0.615629 0.000007 0.104923 0.118164 0.158322 
0.001955 0.623666 0.000507 0.104407 0.102681 0.166784 
0.004960 0.629119 0.000007 0.101006 0.104572 0.160336 
0.005457 0.640603 0.000507 0.108460 0.095635 0.149338 
0.005461 0.642132 0.000007 0.099317 0.110273 0.142810 
0.003948 0.632652 0.000007 0.127616 0.094977 0.140800 
0.002445 0.618635 0.000007 0.126691 0.100904 0.151317 
0.001951 0.653152 0.000507 0.114693 0.077398 0.152300 
0.002952 0.627625 0.000007 0.113897 0.110200 0.145319 
0.003955 0.633171 0.000007 0.111982 0.104112 0.146773 
0.005459 0.631607 0.000507 0.103495 0.102593 0.156339 
0.002964 0.641645 0.000007 0.088428 0.109146 0.157810 
0.003956 0.604630 0.000007 0.108538 0.117053 0.165817 
0.003958 0.627135 0.000507 0.103225 0.112864 0.152312 
0.003455 0.607621 0.000007 0.108022 0.122561 0.158335 
0.003456 0.646677 0.000007 0.109206 0.100892 0.139762 
0.002963 0.633175 0.001007 0.091726 0.113853 0.157277 
0.002455 0.638677 0.000507 0.107494 0.089595 0.161272 
0.003954 0.628167 0.000507 0.112877 0.102709 0.151786 
0.006962 0.630142 0.000007 0.097750 0.101326 0.163812 
0.004457 0.635096 0.000007 0.107645 0.105937 0.146858 
0.002454 0.637123 0.000507 0.107207 0.118387 0.134322 
0.005455 0.632620 0.001507 0.114654 0.090936 0.154829 
0.004454 0.634695 0.000007 0.115179 0.102912 0.142754 
0.002456 0.632124 0.001007 0.105017 0.096079 0.163318 
0.006461 0.619670 0.000007 0.098933 0.129148 0.145782 
0.003960 0.636139 0.000507 0.099832 0.102250 0.157311 
0.001445 0.621120 0.001007 0.117746 0.105844 0.152838 
0.003461 0.639669 0.000007 0.096657 0.103421 0.156786 
0.005458 0.630127 0.000007 0.106247 0.116834 0.141328 
0.000948 0.620106 0.000507 0.098764 0.123330 0.156346 
0.002956 0.638650 0.000007 0.106257 0.116831 0.135300 
0.007460 0.627629 0.000507 0.102520 0.112063 0.149821 
0.003460 0.637623 0.000007 0.099518 0.109564 0.149827 
0.003451 0.637166 0.000007 0.119536 0.098063 0.141777 
0.004950 0.611630 0.000007 0.121911 0.110183 0.151318 
0.004958 0.636632 0.000507 0.105105 0.103485 0.149314 
0.002956 0.630162 0.000507 0.105869 0.106221 0.154285 
0.004961 0.623617 0.000007 0.099761 0.110321 0.161334 
0.004955 0.629106 0.000507 0.112179 0.100906 0.152348 
0.003950 0.622644 0.000007 0.121845 0.099751 0.151803 
skin
0.003451 0.630122 0.000007 0.118832 0.095763 0.151826 
0.005460 0.631650 0.000007 0.101515 0.107568 0.153800 
0.003951 0.626118 0.000007 0.120038 0.107056 0.142829 
0.000949 0.649696 0.000007 0.099548 0.098546 0.151254 
0.002459 0.621654 0.000007 0.096775 0.117311 0.161794 
0.004460 0.634145 0.000007 0.101642 0.100949 0.158798 
0.002958 0.641658 0.000007 0.102240 0.109841 0.143297 
0.003960 0.630661 0.001007 0.099308 0.110274 0.154790 
0.002952 0.628134 0.000007 0.115833 0.097756 0.155319 
0.002957 0.634162 0.001007 0.103604 0.109977 0.148293 
0.002952 0.616119 0.000507 0.114950 0.102146 0.163325 
0.003457 0.641151 0.000007 0.106083 0.108004 0.141298 
0.003463 0.655142 0.000007 0.092160 0.104426 0.144801 
0.004959 0.616696 0.000507 0.102788 0.101799 0.173251 
0.005455 0.618154 0.001007 0.112329 0.112269 0.150787 
0.004961 0.627659 0.000507 0.098082 0.115995 0.152796 
0.004960 0.634624 0.000007 0.102119 0.102468 0.155822 
0.003960 0.626616 0.000007 0.098742 0.115336 0.155339 
0.003456 0.628597 0.000007 0.108288 0.102300 0.157352 
0.003957 0.637096 0.000007 0.106737 0.104846 0.147358 
0.003455 0.625649 0.000007 0.109162 0.114922 0.146806 
0.003461 0.638103 0.000007 0.096202 0.112879 0.149348 
0.004452 0.623108 0.000007 0.117284 0.106809 0.148340 
0.005952 0.618114 0.000007 0.119658 0.114435 0.141835 
0.005456 0.626628 0.000507 0.109493 0.107589 0.150326 
0.002450 0.621631 0.000007 0.117249 0.102345 0.156317 
0.003460 0.623655 0.000007 0.097951 0.110135 0.164793 
0.002958 0.633647 0.000507 0.101103 0.107977 0.153808 
0.003456 0.632624 0.000507 0.107254 0.108842 0.147316 
0.002456 0.631626 0.001007 0.104739 0.105844 0.154329 
0.006460 0.622148 0.001007 0.101157 0.111925 0.157303 
0.003453 0.634649 0.000507 0.113805 0.102791 0.144795 
0.003946 0.611152 0.000507 0.129713 0.098891 0.155790 
0.005453 0.636631 0.001507 0.116547 0.101545 0.138317 
0.004458 0.628152 0.000507 0.104050 0.107525 0.155307 
0.003456 0.622620 0.000007 0.106671 0.113929 0.153317 
0.005962 0.633175 0.000507 0.096504 0.107071 0.156780 
0.005457 0.632635 0.000007 0.109330 0.088748 0.163822 
0.001953 0.627601 0.000007 0.107940 0.109651 0.152848 
0.003957 0.602125 0.000007 0.106357 0.110233 0.177322 
0.004959 0.627631 0.000507 0.103141 0.119438 0.144323 
0.003458 0.638184 0.000007 0.104406 0.102684 0.151262 
0.002956 0.641626 0.000007 0.107580 0.100013 0.147819 
0.001451 0.636620 0.000507 0.105273 0.111319 0.144830 
0.003455 0.627633 0.000007 0.109550 0.109534 0.149821 
0.004459 0.650145 0.000007 0.103645 0.097439 0.144304 
0.001947 0.623136 0.000007 0.120922 0.098177 0.155812 
0.006462 0.634101 0.000007 0.097075 0.111505 0.150850 
0.004464 0.626618 0.000007 0.091366 0.108718 0.168827 
0.001450 0.645153 0.000007 0.108736 0.100858 0.143796 
0.001449 0.628154 0.000507 0.109431 0.100655 0.159804 
0.003955 0.605109 0.001007 0.110356 0.103232 0.176340 
0.004454 0.630649 0.000007 0.112489 0.108600 0.143800 
0.002448 0.631648 0.000007 0.120258 0.104839 0.140799 
0.004457 0.629664 0.000507 0.108301 0.102295 0.154777 
0.003458 0.631167 0.000507 0.103131 0.108458 0.153279 
0.003956 0.637652 0.000007 0.107625 0.104458 0.146301 
0.003463 0.648632 0.000007 0.091979 0.114604 0.141315 
0.002455 0.626619 0.000007 0.105222 0.110862 0.154835 
0.002457 0.614623 0.000007 0.100938 0.110150 0.171824 
0.003957 0.636674 0.000507 0.107743 0.093340 0.157780 
0.002453 0.625661 0.000507 0.111489 0.101098 0.158792 
0.003458 0.639221 0.000007 0.102893 0.107696 0.146725 
0.000942 0.633602 0.000507 0.111040 0.101062 0.152847 
0.005459 0.624603 0.001007 0.102288 0.111303 0.155340 
0.002953 0.634148 0.000007 0.111814 0.109276 0.141801 
0.003963 0.644689 0.001507 0.092468 0.116111 0.141262 
0.001957 0.643140 0.000007 0.098146 0.116435 0.140315 
0.003952 0.624087 0.000007 0.117150 0.114938 0.139867 
0.003962 0.633125 0.000507 0.095927 0.110657 0.155823 
0.002461 0.643619 0.000507 0.094171 0.103906 0.155335 
0.001957 0.650095 0.000507 0.098226 0.112359 0.136855 
0.003449 0.609604 0.000507 0.121209 0.107891 0.157339 
0.003957 0.649128 0.000007 0.107988 0.095599 0.143321 
0.002954 0.625110 0.000507 0.108869 0.111215 0.151344 
0.004957 0.638146 0.000507 0.108305 0.103778 0.144307 
0.002457 0.642649 0.000007 0.101449 0.103140 0.150297 
0.001954 0.630683 0.000507 0.105784 0.102805 0.158266 
0.003948 0.615598 0.000507 0.123616 0.116467 0.139864 
0.003956 0.636612 0.000007 0.110737 0.092852 0.155837 
0.003462 0.630168 0.001507 0.094216 0.114860 0.155787 
0.002957 0.627651 0.001007 0.103847 0.108234 0.156304 
0.005456 0.624630 0.000007 0.111247 0.100342 0.158319 
0.002960 0.630129 0.000007 0.095191 0.124390 0.147322 
0.004457 0.607096 0.000007 0.106272 0.105814 0.176354 
0.002449 0.620638 0.000507 0.120012 0.099593 0.156801 
0.005457 0.635621 0.000007 0.108911 0.095676 0.154328 
0.004458 0.632169 0.000007 0.105667 0.108413 0.149286 
0.002453 0.633158 0.000507 0.111103 0.105502 0.147277 
0.002456 0.641136 0.000007 0.105492 0.097600 0.153309 
0.001955 0.647627 0.000507 0.102792 0.114292 0.132827 
0.002456 0.624169 0.000507 0.102942 0.110640 0.159286 
0.005460 0.649145 0.000007 0.101534 0.106549 0.137304 
0.003955 0.637157 0.000007 0.110105 0.099980 0.148796 
0.005460 0.647167 0.000007 0.101868 0.101715 0.143782 
0.003958 0.629145 0.000007 0.103370 0.109214 0.154306 
0.003454 0.633110 0.000007 0.112844 0.098247 0.152338 
0.002453 0.631631 0.000007 0.111315 0.106277 0.148318 
0.004957 0.621115 0.000007 0.108369 0.108218 0.157334 
0.003463 0.641088 0.000007 0.092957 0.109622 0.152863 
stomach
0.004959 0.622610 0.001007 0.104427 0.104157 0.162839 
0.003453 0.620154 0.000507 0.115861 0.100735 0.159290 
0.003451 0.623665 0.000507 0.118205 0.105889 0.148283 
0.003956 0.614121 0.000507 0.110779 0.098814 0.171824 
0.003959 0.640662 0.000007 0.103267 0.103317 0.148787 
0.004957 0.627639 0.000007 0.109187 0.100900 0.157309 
0.005458 0.619100 0.000007 0.105537 0.113544 0.156354 
0.004957 0.636616 0.000507 0.109235 0.105348 0.143337 
0.001446 0.630656 0.000507 0.116316 0.097788 0.153287 
0.003459 0.640632 0.000007 0.103822 0.092263 0.159816 
0.003955 0.624089 0.000507 0.111897 0.094192 0.165359 
0.004456 0.640631 0.000007 0.111649 0.090445 0.152812 
0.003959 0.623644 0.000507 0.102240 0.109840 0.159810 
0.006457 0.625091 0.000007 0.109174 0.114917 0.144353 
0.002446 0.619645 0.000007 0.126960 0.091150 0.159792 
0.005457 0.624622 0.001007 0.109244 0.105343 0.154326 
0.004960 0.630105 0.000007 0.101114 0.110465 0.153349 
0.005465 0.632677 0.001007 0.092016 0.108065 0.160771 
0.004958 0.635128 0.001007 0.106028 0.105053 0.147825 
0.002454 0.618104 0.000007 0.109106 0.110493 0.159837 
0.002456 0.639128 0.000007 0.104747 0.108337 0.145326 
0.005458 0.635597 0.000007 0.105124 0.117457 0.136357 
0.004460 0.631142 0.000007 0.101268 0.106811 0.156311 
0.004463 0.639158 0.000007 0.095585 0.105503 0.155285 
0.003453 0.606658 0.000507 0.115138 0.096954 0.177290 
0.002956 0.645134 0.000007 0.106225 0.101372 0.144305 
0.003957 0.624622 0.000507 0.108905 0.095679 0.166331 
0.001953 0.628147 0.000007 0.107763 0.110828 0.151302 
0.004451 0.633599 0.000007 0.120685 0.100405 0.140853 
0.005462 0.628122 0.000507 0.097191 0.115893 0.152825 
0.003454 0.639627 0.001007 0.113760 0.096837 0.145316 
0.004952 0.608651 0.000507 0.118909 0.107689 0.159293 
0.002953 0.620654 0.000007 0.111047 0.118038 0.147300 
0.002949 0.617134 0.000007 0.121875 0.105722 0.152314 
0.005461 0.632170 0.000007 0.100950 0.101628 0.159784 
0.002453 0.640117 0.000507 0.111703 0.097884 0.147336 
0.003958 0.643128 0.000007 0.104011 0.107070 0.141825 
0.003457 0.617132 0.000007 0.105643 0.107951 0.165810 
0.004959 0.618132 0.000007 0.104907 0.105678 0.166318 
0.001953 0.629102 0.000007 0.108973 0.100131 0.159834 
0.002958 0.619646 0.000007 0.101821 0.111260 0.164308 
0.002957 0.630666 0.001007 0.105982 0.100609 0.158779 
0.003458 0.619622 0.000007 0.103608 0.119481 0.153823 
0.003963 0.630665 0.000007 0.093973 0.114102 0.157289 
0.006464 0.643701 0.000007 0.094446 0.106128 0.149253 
0.003455 0.619620 0.001007 0.110131 0.117954 0.147833 
0.006458 0.618622 0.000007 0.107256 0.110325 0.157331 
0.001948 0.623154 0.000007 0.119330 0.101772 0.153789 
0.003450 0.612116 0.000507 0.120804 0.113791 0.149332 
0.003454 0.624677 0.001007 0.112056 0.109025 0.149781 
0.001956 0.629701 0.000507 0.102551 0.101036 0.164249 
0.003954 0.630617 0.000007 0.112596 0.112009 0.140817 
0.002448 0.607630 0.001007 0.121912 0.110185 0.156817 
0.000941 0.614123 0.000007 0.112809 0.113790 0.158330 
0.005451 0.615135 0.000007 0.120556 0.111543 0.147308 
0.003952 0.621181 0.000507 0.117230 0.100858 0.156271 
0.004454 0.634161 0.000007 0.113654 0.109442 0.138282 
0.003956 0.626639 0.000507 0.106954 0.117633 0.144311 
0.004954 0.625612 0.001007 0.114540 0.105555 0.148331 
0.005456 0.633151 0.000007 0.112193 0.103392 0.145802 
0.001453 0.645119 0.000507 0.104129 0.098962 0.149829 
0.003458 0.645153 0.000007 0.103512 0.104074 0.143796 
0.003960 0.643614 0.000507 0.101433 0.103147 0.147340 
0.002454 0.638118 0.000507 0.110142 0.102939 0.145839 
0.003953 0.634096 0.000507 0.115639 0.101458 0.144346 
0.001953 0.623641 0.000007 0.107294 0.111797 0.155308 
0.002453 0.627708 0.000007 0.112609 0.095987 0.161237 
0.004462 0.655139 0.000007 0.097582 0.103504 0.139306 
0.002953 0.612650 0.000007 0.111509 0.118081 0.154799 
0.004461 0.634108 0.000007 0.097422 0.116655 0.147346 
0.004458 0.633622 0.000007 0.105163 0.118918 0.137832 
0.003958 0.627166 0.001007 0.103689 0.111896 0.152284 
0.002450 0.623616 0.000507 0.117212 0.096378 0.159836 
0.000940 0.634633 0.000007 0.114511 0.103593 0.146315 
0.004456 0.612141 0.000007 0.107295 0.122791 0.153309 
0.008458 0.626125 0.000007 0.108055 0.101535 0.155820 
0.003956 0.626109 0.000007 0.110096 0.099493 0.160340 
0.003457 0.635131 0.001007 0.106182 0.112414 0.141809 
0.003456 0.619111 0.000007 0.106451 0.113636 0.157339 
0.006458 0.620144 0.000007 0.107048 0.111038 0.155305 
0.002451 0.624141 0.000507 0.116042 0.092548 0.164310 
0.000942 0.629165 0.000007 0.110500 0.112102 0.147284 
0.004449 0.616097 0.000007 0.126236 0.100861 0.152349 
0.002959 0.626589 0.000507 0.099271 0.108808 0.161864 
0.002453 0.632158 0.000507 0.111983 0.103109 0.149790 
0.003455 0.619629 0.000007 0.110702 0.111387 0.154820 
0.003961 0.625604 0.000007 0.099573 0.100016 0.170839 
0.001950 0.619670 0.000007 0.113808 0.102791 0.161774 
0.004456 0.637622 0.000007 0.109663 0.102425 0.145826 
0.002959 0.637183 0.000507 0.099266 0.108813 0.151271 
0.003956 0.635634 0.000507 0.107931 0.109652 0.142319 
0.002954 0.639604 0.000007 0.111478 0.099613 0.146343 
0.007463 0.643092 0.000507 0.096232 0.104844 0.147862 
0.002460 0.627607 0.000007 0.096005 0.113581 0.160340 
0.001450 0.628108 0.000507 0.108291 0.116303 0.145341 
0.004455 0.640176 0.000007 0.112409 0.101180 0.141772 
0.003959 0.631621 0.000007 0.102215 0.108365 0.153833 
0.002460 0.628600 0.000007 0.096893 0.111184 0.160856 
0.002955 0.610628 0.000007 0.106096 0.126004 0.154310 
0.004456 0.632643 0.001007 0.110758 0.095830 0.155305 
9.5302 9.84497 8.32493 9.71817 9.86056 9.88753 
0.141644 0.162445 0.097659 0.154597 0.154931 0.156458 
0.060069 0.060069 0.060069 0.060069 0.060069 0.060069 0.060069 0.060069 0.0794955 0.0721481 0.146945 0.0714552 0.060069 0.060069 0.060069 0.060069 0.060069 0.060069 0.0817881 0.060069 0.060069 0.060069 0.060069 0.060069 0.0701881 0.0845412 0.060069 0.0869382 0.060069 0.060069 0.060069 0.060069 0.060069 0.060069 0.110043 0.060069 0.060069 0.060069 0.060069 0.060069 0.060069 0.060069 0.0771589 0.060069 0.060069 0.060069 0.060069 0.060069 0.060069 0.060069 0.060069 0.060069 0.060069 0.060069 0.060069 0.060069 0.116655 0.113943 0.119087 0.116199 0.060069 0.060069 0.060069 0.060069 0.060069 0.060069 0.060069 0.060069 0.060069 0.060069 0.060069 0.060069 0.060069 0.060069 0.060069 0.060069 0.060069 0.060069 0.060069 0.060069 0.060069 0.060069 0.0955253 0.060069 0.060069 0.060069 0.060069 0.060069 0.060069 0.060069 0.060069 0.060069 0.060069 0.060069 0.060069 0.060069 
