-388362.018100
0
0.009789 0.009789 0.009789 0.009789 0.009789 0.009789 0.009789 0.009789 0.012023 0.011044 0.019730 0.010953 0.009789 0.009789 0.009789 0.009789 0.009789 0.009789 0.012905 0.009789 0.009789 0.009789 0.009789 0.009789 0.010789 0.012579 0.009789 0.012997 0.009789 0.009789 0.009789 0.009789 0.009789 0.009789 0.015735 0.009789 0.009789 0.009789 0.009789 0.009789 0.009789 0.009789 0.013339 0.009789 0.009789 0.009789 0.009789 0.009789 0.009789 0.009789 0.009789 0.009789 0.009789 0.009789 0.009789 0.009789 0.017126 0.015261 0.014226 0.014273 0.009789 0.009789 0.009789 0.009789 0.009789 0.009789 0.009789 0.009789 0.009789 0.009789 0.009789 0.009789 0.009789 0.009789 0.009789 0.009789 0.009789 0.009789 0.009789 0.009789 0.009789 0.009789 0.014096 0.009789 0.009789 0.009789 0.009789 0.009789 0.009789 0.009789 0.009789 0.009789 0.009789 0.009789 0.009789 0.009789 
0.000000 0.000000 0.000000 0.000000 0.000000 0.000000 0.000000 0.000000 0.000000 0.000000 0.000000 0.000000 0.000000 0.000000 0.000000 0.000000 0.000000 0.000000 0.000000 0.000000 0.000000 0.000000 0.000000 0.000000 0.000000 0.000000 0.000000 0.000000 0.000000 0.000000 0.000000 0.000000 0.000000 0.000000 0.000000 0.000000 0.000000 0.000000 0.000000 0.000000 0.000000 0.000000 0.000000 0.000000 0.000000 0.000000 0.000000 0.000000 0.000000 0.000000 0.000000 0.000000 0.000000 0.000000 0.000000 0.000000 0.002329 0.000000 0.997654 0.000000 0.000000 0.000000 0.000000 0.000000 0.000000 0.000000 0.000000 0.000000 0.000000 0.000000 0.000000 0.000000 0.000000 0.000000 0.000000 0.000000 0.000000 0.000000 0.000000 0.000000 0.000000 0.000000 0.000000 0.000000 0.000000 0.000000 0.000000 0.000000 0.000000 0.000000 0.000000 0.000000 0.000000 0.000000 0.000000 0.000000 
0.000371 0.000371 0.000371 0.000371 0.000371 0.000371 0.000371 0.000371 0.962493 0.000419 0.000756 0.000416 0.000371 0.000371 0.000371 0.000371 0.000371 0.000371 0.000490 0.000371 0.000371 0.000371 0.000371 0.000371 0.000410 0.000478 0.000371 0.000494 0.000371 0.000371 0.000371 0.000371 0.000371 0.000371 0.000599 0.000371 0.000371 0.000371 0.000371 0.000371 0.000371 0.000371 0.000507 0.000371 0.000371 0.000371 0.000371 0.000371 0.000371 0.000371 0.000371 0.000371 0.000371 0.000371 0.000371 0.000371 0.000653 0.000580 0.000541 0.000542 0.000371 0.000371 0.000371 0.000371 0.000371 0.000371 0.000371 0.000371 0.000371 0.000371 0.000371 0.000371 0.000371 0.000371 0.000371 0.000371 0.000371 0.000371 0.000371 0.000371 0.000371 0.000371 0.000536 0.000371 0.000371 0.000371 0.000371 0.000371 0.000371 0.000371 0.000371 0.000371 0.000371 0.000371 0.000371 0.000371 
0.000001 0.000001 0.000001 0.000001 0.000001 0.000001 0.000001 0.000001 0.000001 0.000001 0.999049 0.000001 0.000001 0.000001 0.000001 0.000001 0.000001 0.000001 0.000061 0.000001 0.000001 0.000001 0.000001 0.000001 0.000013 0.000383 0.000001 0.000001 0.000001 0.000001 0.000001 0.000001 0.000001 0.000001 0.000074 0.000001 0.000001 0.000001 0.000001 0.000001 0.000001 0.000001 0.000085 0.000001 0.000001 0.000001 0.000001 0.000001 0.000001 0.000001 0.000001 0.000001 0.000001 0.000001 0.000001 0.000001 0.000002 0.000049 0.000002 0.000040 0.000001 0.000001 0.000001 0.000001 0.000001 0.000001 0.000001 0.000001 0.000001 0.000001 0.000001 0.000001 0.000001 0.000001 0.000001 0.000001 0.000001 0.000001 0.000001 0.000001 0.000001 0.000001 0.000156 0.000001 0.000001 0.000001 0.000001 0.000001 0.000001 0.000001 0.000001 0.000001 0.000001 0.000001 0.000001 0.000001 
0.000001 0.000001 0.000001 0.000001 0.000001 0.000001 0.000001 0.000001 0.000001 0.000001 0.384894 0.000024 0.000001 0.000001 0.000001 0.000001 0.000001 0.000001 0.000001 0.000001 0.000001 0.000001 0.000001 0.000001 0.000001 0.000007 0.000001 0.111224 0.000001 0.000001 0.000001 0.000001 0.000001 0.000001 0.000002 0.000001 0.000001 0.000001 0.000001 0.000001 0.000001 0.000001 0.000001 0.000001 0.000001 0.000001 0.000001 0.000001 0.000001 0.000001 0.000001 0.000001 0.000001 0.000001 0.000001 0.000001 0.000002 0.503753 0.000001 0.000002 0.000001 0.000001 0.000001 0.000001 0.000001 0.000001 0.000001 0.000001 0.000001 0.000001 0.000001 0.000001 0.000001 0.000001 0.000001 0.000001 0.000001 0.000001 0.000001 0.000001 0.000001 0.000001 0.000001 0.000001 0.000001 0.000001 0.000001 0.000001 0.000001 0.000001 0.000001 0.000001 0.000001 0.000001 0.000001 0.000001 
0.000005 0.000005 0.000005 0.000005 0.000005 0.000005 0.000005 0.000005 0.000006 0.000006 0.000011 0.000006 0.000005 0.000005 0.000005 0.000005 0.000005 0.000005 0.000007 0.000005 0.000005 0.000005 0.000005 0.000005 0.000006 0.000007 0.000005 0.000007 0.000005 0.000005 0.000005 0.000005 0.000005 0.000005 0.000008 0.000005 0.000005 0.000005 0.000005 0.000005 0.000005 0.000005 0.003152 0.000005 0.000005 0.000005 0.000005 0.000005 0.000005 0.000005 0.000005 0.000005 0.000005 0.000005 0.000005 0.000005 0.972893 0.000008 0.000007 0.000008 0.000005 0.000005 0.000005 0.000005 0.000005 0.000005 0.000005 0.000005 0.000005 0.000005 0.000005 0.000005 0.000005 0.000005 0.000005 0.000005 0.000005 0.000005 0.000005 0.000005 0.000005 0.000005 0.023453 0.000005 0.000005 0.000005 0.000005 0.000005 0.000005 0.000005 0.000005 0.000005 0.000005 0.000005 0.000005 0.000005 
0.009789 0.009789 0.009789 0.009789 0.009789 0.009789 0.009789 0.009789 0.012023 0.011044 0.019730 0.010953 0.009789 0.009789 0.009789 0.009789 0.009789 0.009789 0.012905 0.009789 0.009789 0.009789 0.009789 0.009789 0.010789 0.012579 0.009789 0.012997 0.009789 0.009789 0.009789 0.009789 0.009789 0.009789 0.015735 0.009789 0.009789 0.009789 0.009789 0.009789 0.009789 0.009789 0.013339 0.009789 0.009789 0.009789 0.009789 0.009789 0.009789 0.009789 0.009789 0.009789 0.009789 0.009789 0.009789 0.009789 0.017126 0.015261 0.014226 0.014273 0.009789 0.009789 0.009789 0.009789 0.009789 0.009789 0.009789 0.009789 0.009789 0.009789 0.009789 0.009789 0.009789 0.009789 0.009789 0.009789 0.009789 0.009789 0.009789 0.009789 0.009789 0.009789 0.014096 0.009789 0.009789 0.009789 0.009789 0.009789 0.009789 0.009789 0.009789 0.009789 0.009789 0.009789 0.009789 0.009789 
0.007340 0.007340 0.007340 0.007340 0.007340 0.007340 0.007340 0.007340 0.009016 0.258408 0.014826 0.008212 0.007340 0.007340 0.007340 0.007340 0.007340 0.007340 0.009676 0.007340 0.007340 0.007340 0.007340 0.007340 0.008089 0.009431 0.007340 0.009747 0.007340 0.007340 0.007340 0.007340 0.007340 0.007340 0.011805 0.007340 0.007340 0.007340 0.007340 0.007340 0.007340 0.007340 0.010002 0.007340 0.007340 0.007340 0.007340 0.007340 0.007340 0.007340 0.007340 0.007340 0.007340 0.007340 0.007340 0.007340 0.012855 0.011448 0.010670 0.010706 0.007340 0.007340 0.007340 0.007340 0.007340 0.007340 0.007340 0.007340 0.007340 0.007340 0.007340 0.007340 0.007340 0.007340 0.007340 0.007340 0.007340 0.007340 0.007340 0.007340 0.007340 0.007340 0.010569 0.007340 0.007340 0.007340 0.007340 0.007340 0.007340 0.007340 0.007340 0.007340 0.007340 0.007340 0.007340 0.007340 
0.000029 0.000029 0.000029 0.000029 0.000029 0.000029 0.000029 0.000029 0.000036 0.000033 0.000060 0.000033 0.000029 0.000029 0.000029 0.000029 0.000029 0.000029 0.000039 0.000029 0.000029 0.000029 0.000029 0.000029 0.000032 0.000038 0.000029 0.000039 0.000029 0.000029 0.000029 0.000029 0.000029 0.000029 0.000047 0.000029 0.000029 0.000029 0.000029 0.000029 0.000029 0.000029 0.000040 0.000029 0.000029 0.000029 0.000029 0.000029 0.000029 0.000029 0.000029 0.000029 0.000029 0.000029 0.000029 0.000029 0.000051 0.000046 0.000043 0.997059 0.000029 0.000029 0.000029 0.000029 0.000029 0.000029 0.000029 0.000029 0.000029 0.000029 0.000029 0.000029 0.000029 0.000029 0.000029 0.000029 0.000029 0.000029 0.000029 0.000029 0.000029 0.000029 0.000042 0.000029 0.000029 0.000029 0.000029 0.000029 0.000029 0.000029 0.000029 0.000029 0.000029 0.000029 0.000029 0.000029 
0.000001 0.000001 0.000001 0.000001 0.000001 0.000001 0.000001 0.000001 0.000001 0.000001 0.000002 0.000001 0.000001 0.000001 0.000001 0.000001 0.000001 0.000001 0.000144 0.000001 0.000001 0.000001 0.000001 0.000001 0.000001 0.000001 0.000001 0.000001 0.000001 0.000001 0.000001 0.000001 0.000001 0.000001 0.999772 0.000001 0.000001 0.000001 0.000001 0.000001 0.000001 0.000001 0.000001 0.000001 0.000001 0.000001 0.000001 0.000001 0.000001 0.000001 0.000001 0.000001 0.000001 0.000001 0.000001 0.000001 0.000001 0.000001 0.000001 0.000001 0.000001 0.000001 0.000001 0.000001 0.000001 0.000001 0.000001 0.000001 0.000001 0.000001 0.000001 0.000001 0.000001 0.000001 0.000001 0.000001 0.000001 0.000001 0.000001 0.000001 0.000001 0.000001 0.000001 0.000001 0.000001 0.000001 0.000001 0.000001 0.000001 0.000001 0.000001 0.000001 0.000001 0.000001 0.000001 0.000001 
0.088160 0.109163 0.096275 0.106343 0.108226 0.107763 0.088663 0.088971 0.107104 0.099330 
0.084423 0.109895 0.095595 0.108940 0.108797 0.108204 0.085653 0.085669 0.107391 0.105433 
0.090153 0.108502 0.097113 0.107843 0.095629 0.107347 0.091336 0.091474 0.106757 0.103847 
0.006149 0.117292 0.097300 0.116564 0.116410 0.115996 0.099173 0.099316 0.115373 0.116426 
breast
0.000004 0.637989 0.000006 0.112929 0.094587 0.025982 0.000004 0.000004 0.004004 0.124492 
0.000004 0.604888 0.000505 0.123409 0.111121 0.028572 0.000004 0.000004 0.003004 0.128491 
0.000004 0.645936 0.000506 0.084173 0.116368 0.020508 0.000004 0.000004 0.004005 0.128493 
0.000004 0.635456 0.000006 0.106720 0.093309 0.027003 0.000004 0.000004 0.006004 0.131492 
0.000004 0.627396 0.000006 0.113985 0.106566 0.020542 0.000004 0.000004 0.004504 0.126991 
0.000004 0.612363 0.000006 0.111513 0.119586 0.019527 0.000004 0.000004 0.002004 0.134991 
0.000004 0.638492 0.000505 0.102629 0.098886 0.019980 0.000004 0.000004 0.006005 0.133492 
0.000004 0.626320 0.000006 0.114376 0.110751 0.025041 0.000004 0.000004 0.003504 0.119992 
0.000004 0.622915 0.000006 0.097332 0.116700 0.017040 0.000004 0.000004 0.004505 0.141491 
0.000004 0.627466 0.000006 0.103717 0.120298 0.021007 0.000004 0.000004 0.002505 0.124992 
0.000004 0.612432 0.000505 0.108159 0.116356 0.019542 0.000004 0.000004 0.004504 0.138491 
0.000004 0.617942 0.000006 0.102462 0.115052 0.028530 0.000004 0.000004 0.004005 0.131992 
0.000004 0.647891 0.000006 0.104726 0.103449 0.016921 0.000004 0.000004 0.002505 0.124492 
0.000004 0.628398 0.000505 0.096853 0.129692 0.020544 0.000004 0.000004 0.005005 0.118993 
0.000004 0.614937 0.000505 0.113077 0.109938 0.023537 0.000004 0.000004 0.003504 0.134491 
0.000004 0.632340 0.000006 0.105483 0.114597 0.015568 0.000004 0.000004 0.003005 0.128992 
0.000004 0.640957 0.000505 0.102307 0.106226 0.017997 0.000004 0.000004 0.005005 0.126992 
0.000004 0.638936 0.000006 0.087986 0.123581 0.025982 0.000004 0.000004 0.002505 0.120993 
0.000004 0.623894 0.000505 0.111418 0.102629 0.022548 0.000004 0.000004 0.004004 0.134991 
0.000004 0.644506 0.000505 0.105914 0.105101 0.017966 0.000004 0.000004 0.002504 0.123492 
0.000004 0.630474 0.000006 0.105340 0.111674 0.017499 0.000004 0.000004 0.004005 0.130992 
0.000004 0.621921 0.000505 0.101330 0.114199 0.022537 0.000004 0.000004 0.004505 0.134992 
0.000004 0.641954 0.000505 0.111346 0.095192 0.015496 0.000004 0.000004 0.003504 0.131991 
0.000004 0.620450 0.000505 0.102956 0.105559 0.020023 0.000004 0.000004 0.002505 0.147991 
0.000004 0.628413 0.000006 0.099553 0.104486 0.027036 0.000004 0.000004 0.003505 0.136992 
0.000004 0.614937 0.000505 0.115513 0.103003 0.020536 0.000004 0.000004 0.003004 0.142490 
0.000004 0.629939 0.000505 0.108243 0.106788 0.022518 0.000004 0.000004 0.002504 0.129492 
0.000004 0.620877 0.000006 0.124996 0.100061 0.019056 0.000004 0.000004 0.003504 0.131490 
0.000004 0.646974 0.000006 0.113647 0.095388 0.019979 0.000004 0.000004 0.002004 0.121992 
0.000004 0.633921 0.000006 0.091170 0.120368 0.025027 0.000004 0.000004 0.003005 0.126493 
0.000004 0.616442 0.000505 0.102114 0.119401 0.018032 0.000004 0.000004 0.003005 0.140491 
0.000004 0.621418 0.000505 0.109203 0.109829 0.020539 0.000004 0.000004 0.002004 0.136491 
0.000004 0.626964 0.000006 0.095255 0.115759 0.024008 0.000004 0.000004 0.002505 0.135492 
0.000004 0.639453 0.000006 0.113675 0.099862 0.017499 0.000004 0.000004 0.001504 0.127991 
0.000004 0.622351 0.000006 0.113928 0.113188 0.020021 0.000004 0.000004 0.004504 0.125991 
0.000004 0.617442 0.000505 0.109371 0.120143 0.024531 0.000004 0.000004 0.003504 0.124492 
0.000004 0.639995 0.000505 0.103196 0.106319 0.019477 0.000004 0.000004 0.005505 0.124992 
0.000004 0.642419 0.000505 0.097138 0.107912 0.018018 0.000004 0.000004 0.006005 0.127992 
0.000004 0.639434 0.000006 0.097436 0.100604 0.025513 0.000004 0.000004 0.003505 0.133492 
0.000004 0.615406 0.000505 0.115546 0.104486 0.022551 0.000004 0.000004 0.004504 0.136991 
0.000004 0.639948 0.000505 0.115043 0.096997 0.015001 0.000004 0.000004 0.003004 0.129491 
0.000004 0.617915 0.000006 0.110753 0.109904 0.026044 0.000004 0.000004 0.004004 0.131363 
0.000004 0.644436 0.000006 0.094652 0.097391 0.021507 0.000004 0.000004 0.004005 0.137992 
0.000004 0.626965 0.000006 0.105262 0.107253 0.022508 0.000004 0.000004 0.006504 0.131492 
0.000004 0.626965 0.000006 0.104067 0.115948 0.021008 0.000004 0.000004 0.002505 0.129492 
0.000004 0.627928 0.000505 0.107812 0.108222 0.018026 0.000004 0.000004 0.004504 0.132991 
0.000004 0.630975 0.000006 0.096760 0.102755 0.016998 0.000004 0.000504 0.004505 0.147491 
0.000004 0.623926 0.000006 0.109812 0.103719 0.022532 0.000004 0.000004 0.005504 0.134491 
0.000004 0.634946 0.000006 0.119554 0.114481 0.019007 0.000004 0.000004 0.003004 0.108992 
0.000004 0.629944 0.000006 0.108958 0.109070 0.028015 0.000004 0.000004 0.004004 0.119992 
0.000004 0.619387 0.000006 0.115848 0.109698 0.024055 0.000004 0.000004 0.003004 0.127991 
0.000004 0.638932 0.000006 0.101754 0.109825 0.023975 0.000004 0.000004 0.007505 0.117993 
0.000004 0.631975 0.000006 0.098488 0.109527 0.025997 0.000004 0.000004 0.004505 0.129492 
0.000004 0.647448 0.000006 0.098568 0.099975 0.023496 0.000004 0.000004 0.004505 0.125993 
0.000004 0.625462 0.000006 0.106393 0.106622 0.018511 0.000004 0.000004 0.003005 0.139991 
0.000004 0.651478 0.000006 0.097953 0.114580 0.016974 0.000004 0.000004 0.004005 0.114993 
0.000004 0.633981 0.000006 0.111150 0.100366 0.020491 0.000004 0.000004 0.001504 0.132491 
0.000004 0.618946 0.000006 0.100823 0.112691 0.024527 0.000004 0.000004 0.003005 0.139991 
0.000004 0.619414 0.000006 0.108198 0.107454 0.021543 0.000004 0.000004 0.003504 0.139870 
0.000004 0.632978 0.000505 0.102649 0.100367 0.025994 0.000004 0.000004 0.005005 0.132492 
0.000004 0.631978 0.000006 0.102829 0.109686 0.016995 0.000004 0.000004 0.002505 0.135991 
0.000004 0.632938 0.000006 0.107936 0.100100 0.017515 0.000004 0.000004 0.002004 0.139491 
0.000004 0.655964 0.000006 0.094096 0.103947 0.022480 0.000004 0.000004 0.002005 0.121493 
0.000004 0.629972 0.001505 0.101828 0.106187 0.020000 0.000004 0.000004 0.002505 0.137991 
0.000004 0.637455 0.001005 0.105177 0.113853 0.022001 0.000004 0.000004 0.004505 0.115993 
0.000004 0.631476 0.000505 0.094054 0.118960 0.019497 0.000004 0.000004 0.004005 0.131492 
0.000004 0.623891 0.000006 0.113144 0.112405 0.021548 0.000004 0.000004 0.002004 0.126991 
0.000004 0.621856 0.000505 0.105989 0.102116 0.021529 0.000004 0.000004 0.002504 0.145491 
0.000004 0.626382 0.000505 0.098550 0.117533 0.026521 0.000004 0.000004 0.005505 0.124993 
0.000004 0.641930 0.001005 0.102687 0.100359 0.021511 0.000004 0.000004 0.003505 0.128992 
0.000004 0.634894 0.000006 0.104354 0.104201 0.025038 0.000004 0.000004 0.004005 0.127492 
0.000004 0.631977 0.000006 0.119185 0.101830 0.018996 0.000004 0.000004 0.004504 0.123491 
0.000004 0.634951 0.000505 0.124251 0.095283 0.022504 0.000004 0.000004 0.003504 0.118991 
0.000004 0.619947 0.000006 0.119625 0.095891 0.027025 0.000004 0.000004 0.001504 0.135990 
0.000004 0.636987 0.000505 0.101802 0.104713 0.023484 0.000004 0.000004 0.007505 0.124992 
0.000004 0.635956 0.000006 0.103600 0.101928 0.026003 0.000004 0.000004 0.002505 0.129992 
0.000004 0.648859 0.000006 0.095017 0.112062 0.019048 0.000004 0.000004 0.003505 0.121493 
0.000004 0.628925 0.001005 0.106829 0.115208 0.015526 0.000004 0.000004 0.002504 0.129992 
0.000004 0.632396 0.000006 0.093702 0.114848 0.017542 0.000004 0.000004 0.003005 0.138492 
0.000004 0.635486 0.000505 0.102186 0.112829 0.015487 0.000004 0.000004 0.004505 0.128992 
0.000004 0.620395 0.000006 0.101022 0.107552 0.026019 0.000004 0.000004 0.003505 0.141491 
0.000004 0.623459 0.000006 0.120831 0.107184 0.014515 0.000004 0.000004 0.004004 0.129991 
0.000004 0.632476 0.000006 0.102931 0.104084 0.027496 0.000004 0.000004 0.003005 0.129992 
0.000004 0.624328 0.000006 0.098251 0.115321 0.022087 0.000004 0.000004 0.004005 0.135992 
0.000004 0.611931 0.000505 0.111009 0.122505 0.018543 0.000004 0.000004 0.003004 0.132491 
0.000004 0.621425 0.000505 0.115491 0.097038 0.028535 0.000004 0.000004 0.004004 0.132991 
0.000004 0.618947 0.000505 0.100158 0.113356 0.018026 0.000004 0.000004 0.005005 0.143991 
0.000004 0.619448 0.000505 0.125701 0.112814 0.019525 0.000004 0.000004 0.003004 0.118991 
0.000004 0.621452 0.000505 0.109638 0.109877 0.022021 0.000004 0.000004 0.002504 0.133991 
0.000004 0.627967 0.000505 0.118499 0.102517 0.023506 0.000004 0.000004 0.004004 0.122991 
0.000004 0.637489 0.001005 0.100168 0.102347 0.021983 0.000004 0.000004 0.002505 0.134492 
0.000004 0.632448 0.000505 0.110550 0.108479 0.025510 0.000004 0.000004 0.003004 0.119492 
0.000004 0.623457 0.000505 0.113228 0.104288 0.021016 0.000004 0.000004 0.003504 0.133991 
0.000004 0.623392 0.000505 0.116893 0.116347 0.021000 0.000004 0.000004 0.001003 0.120849 
0.000004 0.639959 0.000006 0.098933 0.105145 0.018451 0.000004 0.000004 0.004005 0.133492 
0.000004 0.640918 0.000006 0.104934 0.096117 0.018518 0.000004 0.000004 0.006005 0.133492 
0.000004 0.639938 0.000006 0.102821 0.106256 0.025473 0.000004 0.000004 0.003005 0.122492 
0.000004 0.618445 0.000505 0.095765 0.109249 0.021028 0.000004 0.000004 0.005505 0.149491 
0.000004 0.617913 0.001005 0.103145 0.114384 0.023546 0.000004 0.000004 0.004005 0.135991 
0.000004 0.624960 0.000006 0.109738 0.115777 0.021013 0.000004 0.000004 0.002004 0.126492 
prostate
0.000003 0.616941 0.000005 0.101574 0.124440 0.022032 0.000003 0.000003 0.006005 0.128992 
0.000003 0.637934 0.000005 0.113414 0.091629 0.027011 0.000003 0.000003 0.005504 0.124492 
0.000003 0.630941 0.000505 0.097912 0.113117 0.022517 0.000003 0.000003 0.004505 0.130493 
0.000003 0.640961 0.000005 0.109857 0.107676 0.020493 0.000003 0.000003 0.001504 0.119493 
0.000003 0.637489 0.000005 0.104703 0.113812 0.019983 0.000003 0.000003 0.001504 0.122493 
0.000003 0.611398 0.000505 0.108229 0.125847 0.020514 0.000003 0.000003 0.002004 0.131492 
0.000003 0.654529 0.000505 0.093151 0.103864 0.016442 0.000003 0.000003 0.004505 0.126993 
0.000003 0.631881 0.000005 0.094166 0.122048 0.022513 0.000003 0.000003 0.006005 0.123372 
0.000003 0.627413 0.000505 0.107135 0.101477 0.026463 0.000003 0.000003 0.002504 0.134492 
0.000003 0.628398 0.000505 0.104487 0.097561 0.020543 0.000003 0.000003 0.005005 0.143491 
0.000003 0.625963 0.000505 0.120789 0.099727 0.019010 0.000003 0.000003 0.003504 0.130491 
0.000003 0.623958 0.000505 0.102767 0.107749 0.021015 0.000003 0.000003 0.005005 0.138992 
0.000003 0.629439 0.000005 0.110652 0.095879 0.024018 0.000003 0.000003 0.002504 0.137491 
0.000003 0.639954 0.000005 0.102980 0.105554 0.017500 0.000003 0.000003 0.004005 0.129992 
0.000003 0.639462 0.001005 0.100056 0.106472 0.024496 0.000003 0.000003 0.003005 0.125493 
0.000003 0.635457 0.001505 0.099677 0.107885 0.025969 0.000003 0.000003 0.004005 0.125493 
0.000003 0.625931 0.001005 0.094949 0.112078 0.024028 0.000003 0.000003 0.005505 0.136492 
0.000003 0.619362 0.000505 0.103666 0.115889 0.025572 0.000003 0.000003 0.004005 0.130992 
0.000003 0.634983 0.000505 0.113101 0.112414 0.023489 0.000003 0.000003 0.003004 0.112493 
0.000003 0.626935 0.000505 0.099268 0.113259 0.026024 0.000003 0.000003 0.004505 0.129493 
0.000003 0.630974 0.000005 0.094281 0.120733 0.019998 0.000003 0.000003 0.005505 0.128493 
0.000003 0.622327 0.000005 0.108924 0.101654 0.016584 0.000003 0.000003 0.004004 0.146491 
0.000003 0.621420 0.001005 0.116442 0.101589 0.023037 0.000003 0.000003 0.006504 0.129992 
0.000003 0.640963 0.000505 0.109777 0.100755 0.021993 0.000003 0.000003 0.002004 0.123992 
0.000003 0.635425 0.000005 0.106625 0.104417 0.025519 0.000003 0.000003 0.003505 0.124493 
0.000003 0.628970 0.000505 0.101186 0.108329 0.019003 0.000003 0.000003 0.003005 0.138992 
0.000003 0.638955 0.000505 0.103675 0.106357 0.019500 0.000003 0.000003 0.005505 0.125493 
0.000003 0.631448 0.000005 0.110919 0.101110 0.028512 0.000003 0.000003 0.002504 0.125492 
0.000003 0.637490 0.000005 0.107945 0.103071 0.018482 0.000003 0.000003 0.006004 0.126992 
0.000003 0.632947 0.000005 0.110662 0.097369 0.024010 0.000003 0.000003 0.001504 0.133492 
0.000003 0.624458 0.000005 0.111837 0.102679 0.023014 0.000003 0.000003 0.006004 0.131992 
0.000003 0.625429 0.000005 0.114455 0.109577 0.022528 0.000003 0.000003 0.001004 0.126992 
0.000003 0.638491 0.000005 0.097516 0.106499 0.022981 0.000003 0.000003 0.004505 0.129993 
0.000003 0.629377 0.000505 0.094005 0.115586 0.023019 0.000003 0.000003 0.004505 0.132993 
0.000003 0.651478 0.000005 0.099086 0.100004 0.014919 0.000003 0.000003 0.003505 0.130993 
0.000003 0.627430 0.000005 0.109251 0.120833 0.017973 0.000003 0.000003 0.002004 0.122492 
0.000003 0.612403 0.000505 0.110353 0.110675 0.026057 0.000003 0.000003 0.003004 0.136991 
0.000003 0.654493 0.000505 0.092481 0.102048 0.021963 0.000003 0.000003 0.004005 0.124494 
0.000003 0.642967 0.000005 0.110688 0.100345 0.021488 0.000003 0.000003 0.004504 0.119993 
0.000003 0.639493 0.000005 0.095522 0.108493 0.022978 0.000003 0.000003 0.002005 0.131493 
0.000003 0.641953 0.000005 0.112088 0.101951 0.015496 0.000003 0.000003 0.004504 0.123992 
0.000003 0.646978 0.000005 0.100664 0.105994 0.022979 0.000003 0.000003 0.003505 0.119865 
0.000003 0.620914 0.001505 0.113744 0.107291 0.019040 0.000003 0.000003 0.003004 0.134491 
0.000003 0.629470 0.000505 0.103464 0.108551 0.023502 0.000003 0.000003 0.005005 0.129492 
0.000003 0.623415 0.000005 0.107127 0.119908 0.016538 0.000003 0.000003 0.006504 0.126492 
0.000003 0.620890 0.001005 0.091625 0.126914 0.024057 0.000003 0.000003 0.004505 0.130993 
0.000003 0.608896 0.000005 0.114706 0.123325 0.027064 0.000003 0.000003 0.000502 0.125492 
0.000003 0.628969 0.000505 0.116235 0.106781 0.020503 0.000003 0.000003 0.003504 0.123492 
0.000003 0.635946 0.000005 0.101878 0.107655 0.018008 0.000003 0.000003 0.002505 0.133992 
0.000003 0.638493 0.000005 0.099532 0.115482 0.013479 0.000003 0.000003 0.005505 0.127493 
0.000003 0.611895 0.001005 0.115136 0.108898 0.019561 0.000003 0.000003 0.004004 0.139491 
0.000003 0.618872 0.000505 0.107333 0.105218 0.019065 0.000003 0.000003 0.005004 0.143991 
0.000003 0.623864 0.000505 0.111084 0.107020 0.022520 0.000003 0.000003 0.006504 0.128492 
0.000003 0.633412 0.001005 0.098629 0.113915 0.021531 0.000003 0.000003 0.003505 0.127993 
0.000003 0.635909 0.000005 0.108736 0.102368 0.017976 0.000003 0.000003 0.002504 0.132492 
0.000003 0.646472 0.000505 0.089041 0.109989 0.019485 0.000003 0.000003 0.002005 0.132493 
0.000003 0.634917 0.001005 0.091725 0.108816 0.022528 0.000003 0.000003 0.004505 0.136493 
0.000003 0.619375 0.001005 0.112830 0.098273 0.018511 0.000003 0.000003 0.006004 0.143991 
0.000003 0.626401 0.000505 0.100794 0.119248 0.023543 0.000003 0.000003 0.002505 0.126993 
0.000003 0.616908 0.000005 0.104818 0.118212 0.021549 0.000003 0.000003 0.003005 0.135492 
0.000003 0.624908 0.000505 0.104356 0.102716 0.028008 0.000003 0.000003 0.002005 0.137492 
0.000003 0.630473 0.000005 0.100890 0.104625 0.019499 0.000003 0.000003 0.005005 0.139492 
0.000003 0.641874 0.000505 0.108404 0.095670 0.017539 0.000003 0.000003 0.005504 0.130492 
0.000003 0.643392 0.000005 0.099248 0.110315 0.020032 0.000003 0.000003 0.005505 0.121493 
0.000003 0.633981 0.000005 0.127493 0.095024 0.020991 0.000003 0.000003 0.004004 0.118492 
0.000003 0.619949 0.000005 0.126564 0.100952 0.021024 0.000003 0.000003 0.002504 0.128991 
0.000003 0.654528 0.000505 0.114580 0.077438 0.021943 0.000003 0.000003 0.002004 0.128992 
0.000003 0.628864 0.000005 0.113887 0.110230 0.020007 0.000003 0.000003 0.003004 0.123992 
0.000003 0.634422 0.000005 0.111888 0.104156 0.025021 0.000003 0.000003 0.004004 0.120492 
0.000003 0.632901 0.000505 0.103413 0.102638 0.018536 0.000003 0.000003 0.005505 0.136492 
0.000003 0.643001 0.000005 0.088323 0.109192 0.021970 0.000003 0.000003 0.003005 0.134493 
0.000003 0.605830 0.000005 0.108510 0.117087 0.024061 0.000003 0.000003 0.004004 0.140491 
0.000003 0.628401 0.000505 0.103136 0.112910 0.021541 0.000003 0.000003 0.004005 0.129492 
0.000003 0.608858 0.000005 0.107452 0.122764 0.020538 0.000003 0.000003 0.003504 0.136869 
0.000003 0.647920 0.000005 0.109121 0.100937 0.024508 0.000003 0.000003 0.003504 0.113993 
0.000003 0.634453 0.001005 0.091622 0.113904 0.026507 0.000003 0.000003 0.003005 0.129493 
0.000003 0.639966 0.000505 0.107391 0.089638 0.027493 0.000003 0.000003 0.002505 0.132492 
0.000003 0.629470 0.000505 0.112755 0.102761 0.024502 0.000003 0.000003 0.004004 0.125992 
0.000003 0.631475 0.000005 0.097645 0.101371 0.022997 0.000003 0.000003 0.007005 0.139492 
0.000003 0.636488 0.000005 0.107526 0.105989 0.014984 0.000003 0.000003 0.004504 0.130492 
0.000003 0.638374 0.000505 0.107208 0.118414 0.017992 0.000003 0.000003 0.002504 0.114993 
0.000003 0.633944 0.001505 0.114558 0.090977 0.019510 0.000003 0.000003 0.005504 0.133991 
0.000003 0.635931 0.000005 0.115134 0.102945 0.026977 0.000003 0.000003 0.004504 0.114493 
0.000003 0.633380 0.001005 0.104947 0.096115 0.022047 0.000003 0.000003 0.002505 0.139992 
0.000003 0.620921 0.000005 0.098824 0.129203 0.024539 0.000003 0.000003 0.006505 0.119993 
0.000003 0.637455 0.000505 0.099731 0.102299 0.022002 0.000003 0.000003 0.004005 0.133992 
0.000003 0.622455 0.001005 0.117102 0.106046 0.018518 0.000003 0.000003 0.001504 0.133359 
0.000003 0.640969 0.000005 0.096607 0.103454 0.025457 0.000003 0.000003 0.003505 0.129993 
0.000003 0.631440 0.000005 0.106214 0.116867 0.018466 0.000003 0.000003 0.005504 0.121493 
0.000003 0.621413 0.000505 0.098648 0.123385 0.018042 0.000003 0.000003 0.001004 0.136992 
0.000003 0.639958 0.000005 0.106150 0.116882 0.019997 0.000003 0.000003 0.003005 0.113993 
0.000003 0.628933 0.000505 0.102419 0.112112 0.020023 0.000003 0.000003 0.007505 0.128493 
0.000003 0.638954 0.000005 0.099419 0.109613 0.019001 0.000003 0.000003 0.003505 0.129493 
0.000003 0.638428 0.000005 0.119440 0.098108 0.023512 0.000003 0.000003 0.003504 0.116992 
0.000003 0.612899 0.000005 0.121800 0.110234 0.021056 0.000003 0.000003 0.005004 0.128991 
0.000003 0.637918 0.000505 0.105020 0.103528 0.020521 0.000003 0.000003 0.005005 0.127492 
0.000003 0.631361 0.000505 0.105320 0.106411 0.025522 0.000003 0.000003 0.003005 0.127866 
0.000003 0.624924 0.000005 0.099661 0.110370 0.020032 0.000003 0.000003 0.005005 0.139992 
0.000003 0.630474 0.000505 0.112051 0.100964 0.016999 0.000003 0.000003 0.005004 0.133992 
0.000003 0.623925 0.000005 0.121734 0.099799 0.022530 0.000003 0.000003 0.004004 0.127991 
skin
0.000004 0.631439 0.000006 0.118727 0.095807 0.019515 0.000004 0.000004 0.003504 0.130991 
0.000004 0.632947 0.000006 0.101419 0.107610 0.023012 0.000004 0.000004 0.005505 0.129492 
0.000004 0.627427 0.000006 0.119939 0.107097 0.018025 0.000004 0.000004 0.004004 0.123492 
0.000004 0.650992 0.000006 0.099441 0.098586 0.027468 0.000004 0.000004 0.001004 0.122493 
0.000004 0.622898 0.000006 0.096685 0.117353 0.025550 0.000004 0.000004 0.002505 0.134992 
0.000004 0.635392 0.000006 0.101569 0.100986 0.024040 0.000004 0.000004 0.004505 0.133492 
0.000004 0.642971 0.000006 0.102198 0.109871 0.021946 0.000004 0.000004 0.003005 0.119993 
0.000004 0.631946 0.001006 0.099204 0.110323 0.024513 0.000004 0.000004 0.004005 0.128993 
0.000004 0.629440 0.000006 0.115789 0.097787 0.021471 0.000004 0.000004 0.003004 0.132491 
0.000004 0.635484 0.001006 0.103492 0.110022 0.022988 0.000004 0.000004 0.003005 0.123993 
0.000004 0.617377 0.000506 0.114861 0.102187 0.021563 0.000004 0.000004 0.003004 0.140491 
0.000004 0.642466 0.000006 0.105982 0.108048 0.020990 0.000004 0.000004 0.003505 0.118993 
0.000004 0.656425 0.000006 0.092091 0.104465 0.021004 0.000004 0.000004 0.003505 0.122494 
0.000004 0.617899 0.000506 0.102696 0.101838 0.033554 0.000004 0.000004 0.005005 0.138492 
0.000004 0.619359 0.001006 0.112245 0.112313 0.024570 0.000004 0.000004 0.005504 0.124992 
0.000004 0.628969 0.000506 0.097968 0.116045 0.023503 0.000004 0.000004 0.005005 0.127993 
0.000004 0.635914 0.000006 0.102037 0.102509 0.020526 0.000004 0.000004 0.005005 0.133992 
0.000004 0.627968 0.000006 0.098628 0.115385 0.018505 0.000004 0.000004 0.004005 0.135492 
0.000004 0.629931 0.000006 0.108192 0.102343 0.017022 0.000004 0.000004 0.003504 0.138991 
0.000004 0.638493 0.000006 0.106612 0.104902 0.014979 0.000004 0.000004 0.004004 0.130992 
0.000004 0.626935 0.000006 0.109119 0.114953 0.021980 0.000004 0.000004 0.003504 0.123492 
0.000004 0.639451 0.000006 0.096108 0.112925 0.016503 0.000004 0.000004 0.003505 0.131493 
0.000004 0.624420 0.000006 0.117182 0.106853 0.017533 0.000004 0.000004 0.004504 0.129491 
0.000004 0.619408 0.000006 0.119558 0.114478 0.017544 0.000004 0.000004 0.006004 0.122992 
0.000004 0.627968 0.000506 0.109378 0.107636 0.019505 0.000004 0.000004 0.005504 0.129492 
0.000004 0.622922 0.000006 0.117141 0.102391 0.021534 0.000004 0.000004 0.002504 0.133491 
0.000004 0.624903 0.000006 0.097858 0.110181 0.026045 0.000004 0.000004 0.003505 0.137492 
0.000004 0.634983 0.000506 0.100980 0.108034 0.021989 0.000004 0.000004 0.003005 0.130492 
0.000004 0.633872 0.000506 0.107182 0.108883 0.020049 0.000004 0.000004 0.003504 0.125992 
0.000004 0.632909 0.001006 0.104172 0.106041 0.019986 0.000004 0.000004 0.002505 0.133370 
0.000004 0.623426 0.001006 0.101054 0.111973 0.023533 0.000004 0.000004 0.006505 0.132492 
0.000004 0.635890 0.000506 0.113791 0.102815 0.022492 0.000004 0.000004 0.003504 0.120992 
0.000004 0.612374 0.000506 0.129613 0.098935 0.025067 0.000004 0.000004 0.004004 0.129491 
0.000004 0.637952 0.001505 0.116448 0.101587 0.018501 0.000004 0.000004 0.005504 0.118492 
0.000004 0.629471 0.000506 0.103400 0.107736 0.022502 0.000004 0.000004 0.004505 0.131870 
0.000004 0.623822 0.000006 0.106609 0.113970 0.021087 0.000004 0.000004 0.003504 0.130992 
0.000004 0.634481 0.000506 0.096397 0.107117 0.025991 0.000004 0.000004 0.006005 0.129493 
0.000004 0.633981 0.000006 0.108693 0.088941 0.021491 0.000004 0.000004 0.005504 0.141373 
0.000004 0.628929 0.000006 0.107839 0.109696 0.017024 0.000004 0.000004 0.002004 0.134492 
0.000004 0.603328 0.000006 0.106330 0.110262 0.025069 0.000004 0.000004 0.004004 0.150991 
0.000004 0.628970 0.000506 0.103021 0.119492 0.019003 0.000004 0.000004 0.005005 0.123993 
0.000004 0.639438 0.000006 0.104315 0.102725 0.027009 0.000004 0.000004 0.003505 0.122993 
0.000004 0.642927 0.000006 0.107498 0.100052 0.019510 0.000004 0.000004 0.003004 0.126992 
0.000004 0.637951 0.000506 0.105159 0.111374 0.018003 0.000004 0.000004 0.001504 0.125493 
0.000004 0.628970 0.000006 0.109424 0.109591 0.020003 0.000004 0.000004 0.003504 0.128492 
0.000004 0.651485 0.000006 0.103550 0.097481 0.020470 0.000004 0.000004 0.004505 0.122493 
0.000004 0.624426 0.000006 0.120809 0.098224 0.022029 0.000004 0.000004 0.002004 0.132491 
0.000004 0.635442 0.000006 0.096978 0.111555 0.016512 0.000004 0.000004 0.006505 0.132993 
0.000004 0.627868 0.000006 0.091294 0.108761 0.022064 0.000004 0.000004 0.004505 0.145492 
0.000004 0.646475 0.000006 0.108630 0.100902 0.021480 0.000004 0.000004 0.001504 0.120993 
0.000004 0.629442 0.000506 0.108853 0.100840 0.023977 0.000004 0.000004 0.001504 0.134868 
0.000004 0.606385 0.001006 0.110259 0.103272 0.021573 0.000004 0.000004 0.004004 0.153490 
0.000004 0.631913 0.000006 0.112462 0.108628 0.021984 0.000004 0.000004 0.004504 0.120492 
0.000004 0.632944 0.000006 0.120149 0.104884 0.021010 0.000004 0.000004 0.002504 0.118492 
0.000004 0.630889 0.000506 0.108218 0.102336 0.026044 0.000004 0.000004 0.004504 0.127492 
0.000004 0.632419 0.000506 0.103043 0.108497 0.025527 0.000004 0.000004 0.003505 0.126493 
0.000004 0.638993 0.000006 0.107507 0.104507 0.021479 0.000004 0.000004 0.004004 0.123493 
0.000004 0.649940 0.000006 0.091897 0.114648 0.019000 0.000004 0.000004 0.003505 0.120994 
0.000004 0.627968 0.000006 0.105102 0.110913 0.019005 0.000004 0.000004 0.002504 0.134492 
0.000004 0.615877 0.000006 0.100838 0.110204 0.023068 0.000004 0.000004 0.002505 0.147491 
0.000004 0.637989 0.000506 0.107627 0.093388 0.025982 0.000004 0.000004 0.004004 0.130492 
0.000004 0.626964 0.000506 0.111365 0.101150 0.025008 0.000004 0.000004 0.002504 0.132492 
0.000004 0.640445 0.000006 0.102796 0.107740 0.030504 0.000004 0.000004 0.003505 0.114993 
0.000004 0.634942 0.000506 0.110932 0.101105 0.017010 0.000004 0.000004 0.001004 0.134492 
0.000004 0.625847 0.001006 0.102225 0.111341 0.018573 0.000004 0.000004 0.005505 0.135492 
0.000004 0.635450 0.000006 0.111709 0.109322 0.021005 0.000004 0.000004 0.003004 0.119493 
0.000004 0.645978 0.001505 0.092365 0.116161 0.024981 0.000004 0.000004 0.004005 0.114994 
0.000004 0.644506 0.000006 0.098022 0.116492 0.018966 0.000004 0.000004 0.002005 0.119993 
0.000004 0.625419 0.000006 0.117139 0.114966 0.013964 0.000004 0.000004 0.004004 0.124492 
0.000004 0.634411 0.000506 0.095842 0.110702 0.020531 0.000004 0.000004 0.004005 0.133993 
0.000004 0.645007 0.000506 0.094062 0.103953 0.018465 0.000004 0.000004 0.002505 0.135493 
0.000004 0.651470 0.000506 0.098132 0.112404 0.013979 0.000004 0.000004 0.002005 0.121493 
0.000004 0.610824 0.000506 0.121208 0.107916 0.019541 0.000004 0.000004 0.003504 0.136491 
0.000004 0.650480 0.000006 0.107895 0.095639 0.018474 0.000004 0.000004 0.004004 0.123493 
0.000004 0.626465 0.000506 0.108750 0.111264 0.017508 0.000004 0.000504 0.003004 0.131992 
0.000004 0.639494 0.000506 0.108185 0.103829 0.020478 0.000004 0.000004 0.005004 0.122493 
0.000004 0.643938 0.000006 0.101361 0.103183 0.022505 0.000004 0.000004 0.002505 0.126493 
0.000004 0.631949 0.000506 0.105673 0.102854 0.028011 0.000004 0.000004 0.002004 0.128992 
0.000004 0.616944 0.000506 0.122479 0.116821 0.014030 0.000004 0.000004 0.004004 0.125205 
0.000004 0.637952 0.000006 0.110641 0.092893 0.018502 0.000004 0.000004 0.004004 0.135992 
0.000004 0.631475 0.001505 0.094108 0.114905 0.024998 0.000004 0.000004 0.003505 0.129493 
0.000004 0.628938 0.001006 0.103204 0.108446 0.023021 0.000004 0.000004 0.003005 0.132370 
0.000004 0.625899 0.000006 0.111223 0.100367 0.021999 0.000004 0.000004 0.005504 0.134991 
0.000004 0.631439 0.000006 0.095094 0.124435 0.019518 0.000004 0.000004 0.003005 0.126493 
0.000004 0.608387 0.000006 0.106177 0.105854 0.019570 0.000004 0.000004 0.004504 0.155490 
0.000004 0.621861 0.000506 0.119929 0.099634 0.023564 0.000004 0.000004 0.002504 0.131991 
0.000004 0.636951 0.000006 0.108815 0.095718 0.019504 0.000004 0.000004 0.005504 0.133492 
0.000004 0.633421 0.000006 0.105103 0.108605 0.024486 0.000004 0.000004 0.004505 0.123863 
0.000004 0.634362 0.000506 0.111028 0.105545 0.024553 0.000004 0.000004 0.002504 0.121492 
0.000004 0.642432 0.000006 0.105405 0.097641 0.021509 0.000004 0.000004 0.002505 0.130492 
0.000004 0.649017 0.000506 0.102674 0.114340 0.016455 0.000004 0.000004 0.002004 0.114993 
0.000004 0.625460 0.000506 0.102824 0.110690 0.026012 0.000004 0.000004 0.002505 0.131992 
0.000004 0.650481 0.000006 0.101427 0.106604 0.019473 0.000004 0.000004 0.005505 0.116493 
0.000004 0.638491 0.000006 0.109979 0.100035 0.022481 0.000004 0.000004 0.004004 0.124992 
0.000004 0.648482 0.000006 0.101774 0.101755 0.022975 0.000004 0.000004 0.005505 0.119493 
0.000004 0.630440 0.000006 0.103270 0.109259 0.022517 0.000004 0.000004 0.004005 0.130492 
0.000004 0.634443 0.000006 0.112745 0.098289 0.018010 0.000004 0.000004 0.003504 0.132992 
0.000004 0.632943 0.000006 0.111213 0.106319 0.020012 0.000004 0.000004 0.002504 0.126992 
0.000004 0.622418 0.000006 0.108269 0.108263 0.019537 0.000004 0.000004 0.005004 0.136492 
0.000004 0.642453 0.000006 0.092867 0.109667 0.014999 0.000004 0.000004 0.003505 0.136493 
stomach
0.000000 0.623921 0.001006 0.104326 0.104207 0.019535 0.000004 0.000004 0.005005 0.141992 
0.000000 0.621394 0.000506 0.115764 0.100782 0.025550 0.000004 0.000004 0.003505 0.132492 
0.000000 0.624929 0.000506 0.118085 0.105947 0.024528 0.000004 0.000004 0.003505 0.122493 
0.000000 0.615322 0.000506 0.110829 0.098824 0.024014 0.000004 0.000004 0.004005 0.146491 
0.000000 0.641966 0.000006 0.103167 0.103363 0.023491 0.000004 0.000004 0.004005 0.123994 
0.000000 0.628936 0.000006 0.109086 0.100946 0.022521 0.000004 0.000004 0.005005 0.133492 
0.000000 0.620450 0.000006 0.105407 0.113609 0.017023 0.000004 0.000004 0.005505 0.137992 
0.000000 0.637990 0.000506 0.109118 0.105398 0.016982 0.000004 0.000004 0.005005 0.124993 
0.000000 0.631915 0.000506 0.116210 0.097837 0.024527 0.000004 0.000004 0.001505 0.127492 
0.000000 0.641964 0.000006 0.103727 0.092305 0.021492 0.000004 0.000004 0.003505 0.136993 
0.000000 0.625419 0.000506 0.111794 0.094244 0.017033 0.000004 0.000004 0.004005 0.146991 
0.000000 0.641928 0.000006 0.111560 0.090491 0.021010 0.000004 0.000004 0.004505 0.130493 
0.000000 0.624959 0.000506 0.102126 0.109890 0.023014 0.000004 0.000004 0.004005 0.135493 
0.000000 0.626372 0.000006 0.109099 0.114961 0.015556 0.000004 0.000004 0.006505 0.127493 
0.000000 0.620863 0.000006 0.126870 0.091195 0.025062 0.000004 0.000004 0.002504 0.133491 
0.000000 0.625926 0.001006 0.109141 0.105392 0.020029 0.000004 0.000004 0.005505 0.132992 
0.000000 0.631475 0.000006 0.101003 0.110513 0.016997 0.000004 0.000004 0.005005 0.134993 
0.000000 0.633902 0.001006 0.091979 0.108097 0.028509 0.000004 0.000004 0.005506 0.130994 
0.000000 0.636486 0.001006 0.105915 0.105102 0.018986 0.000004 0.000004 0.005005 0.127493 
0.000000 0.619338 0.000006 0.109034 0.110535 0.019582 0.000004 0.000004 0.002505 0.138992 
0.000000 0.640496 0.000006 0.104621 0.108396 0.018476 0.000004 0.000004 0.002505 0.125493 
0.000000 0.636902 0.000006 0.105214 0.117460 0.014912 0.000004 0.000004 0.005505 0.119994 
0.000000 0.632476 0.000006 0.101158 0.106858 0.021996 0.000004 0.000004 0.004505 0.132993 
0.000000 0.640405 0.000006 0.095505 0.105548 0.025029 0.000004 0.000004 0.004506 0.128994 
0.000000 0.607894 0.000506 0.115031 0.096999 0.029067 0.000004 0.000004 0.003505 0.146991 
0.000000 0.646400 0.000006 0.106156 0.101409 0.020522 0.000004 0.000004 0.003005 0.122493 
0.000000 0.625962 0.000506 0.108791 0.095726 0.021011 0.000004 0.000004 0.004005 0.143992 
0.000000 0.629437 0.000006 0.107644 0.110887 0.022520 0.000004 0.000004 0.002005 0.127493 
0.000000 0.634984 0.000006 0.120562 0.100455 0.014989 0.000004 0.000004 0.004505 0.124492 
0.000000 0.629397 0.000506 0.097105 0.115942 0.020043 0.000004 0.000004 0.005505 0.131493 
0.000000 0.640858 0.001006 0.113836 0.096843 0.020452 0.000004 0.000004 0.003505 0.123493 
0.000000 0.609868 0.000506 0.118808 0.107738 0.025576 0.000004 0.000004 0.005005 0.132492 
0.000000 0.621952 0.000006 0.110920 0.118095 0.022521 0.000004 0.000004 0.003005 0.123493 
0.000000 0.618411 0.000006 0.121764 0.105770 0.021544 0.000004 0.000004 0.003005 0.129492 
0.000000 0.633478 0.000006 0.100841 0.101675 0.025994 0.000004 0.000004 0.005505 0.132493 
0.000000 0.641456 0.000506 0.111085 0.098082 0.017495 0.000004 0.000004 0.002505 0.128863 
