-929616.536895
0
0.000000 0.000000 0.000000 0.000000 0.000000 0.000000 0.000000 0.000000 0.000001 0.000001 0.000001 0.000001 0.000000 0.000000 0.000000 0.000000 0.000000 0.000000 0.000172 0.000000 0.000000 0.000000 0.000000 0.000000 0.000001 0.000001 0.000000 0.081953 0.000000 0.000000 0.000000 0.000000 0.000000 0.000000 0.891972 0.000000 0.000000 0.000000 0.000000 0.000000 0.000000 0.000000 0.000001 0.000000 0.000000 0.000000 0.000000 0.000000 0.000000 0.000000 0.000000 0.000000 0.000000 0.000000 0.000000 0.000000 0.000001 0.000001 0.000001 0.025861 0.000000 0.000000 0.000000 0.000000 0.000000 0.000000 0.000000 0.000000 0.000000 0.000000 0.000000 0.000000 0.000000 0.000000 0.000000 0.000000 0.000000 0.000000 0.000000 0.000000 0.000000 0.000000 0.000001 0.000000 0.000000 0.000000 0.000000 0.000000 0.000000 0.000000 0.000000 0.000000 0.000000 0.000000 0.000000 0.000000 
0.000000 0.000000 0.000000 0.000000 0.000000 0.000000 0.000000 0.000000 0.000000 0.000000 0.184848 0.000000 0.000000 0.000000 0.000000 0.000000 0.000000 0.000000 0.000000 0.000000 0.000000 0.000000 0.000000 0.000000 0.000002 0.000000 0.000000 0.000000 0.000000 0.000000 0.000000 0.000000 0.000000 0.000000 0.000044 0.000000 0.000000 0.000000 0.000000 0.000000 0.000000 0.000000 0.000095 0.000000 0.000000 0.000000 0.000000 0.000000 0.000000 0.000000 0.000000 0.000000 0.000000 0.000000 0.000000 0.000000 0.027909 0.000000 0.787094 0.000000 0.000000 0.000000 0.000000 0.000000 0.000000 0.000000 0.000000 0.000000 0.000000 0.000000 0.000000 0.000000 0.000000 0.000000 0.000000 0.000000 0.000000 0.000000 0.000000 0.000000 0.000000 0.000000 0.000000 0.000000 0.000000 0.000000 0.000000 0.000000 0.000000 0.000000 0.000000 0.000000 0.000000 0.000000 0.000000 0.000000 
0.000001 0.000001 0.000001 0.000001 0.000001 0.000001 0.000001 0.000001 0.005180 0.000070 0.000002 0.000047 0.000001 0.000001 0.000001 0.000001 0.000001 0.000001 0.000002 0.000001 0.000001 0.000001 0.000001 0.000001 0.000001 0.000751 0.000001 0.000002 0.000001 0.000001 0.000001 0.000001 0.000001 0.000001 0.003169 0.000001 0.000001 0.000001 0.000001 0.000001 0.000001 0.000001 0.000002 0.000001 0.000001 0.000001 0.000001 0.000001 0.000001 0.000001 0.000001 0.000001 0.000001 0.000001 0.000001 0.000001 0.000002 0.981250 0.000003 0.000002 0.000001 0.000001 0.000001 0.000001 0.000001 0.000001 0.000001 0.000001 0.000001 0.000001 0.000001 0.000001 0.000001 0.000001 0.000001 0.000001 0.000001 0.000001 0.000001 0.000001 0.000001 0.000001 0.009426 0.000001 0.000001 0.000001 0.000001 0.000001 0.000001 0.000001 0.000001 0.000001 0.000001 0.000001 0.000001 0.000001 
0.326557 0.349238 0.324206 
0.321242 0.354063 0.324696 
0.330548 0.345225 0.324227 
0.330782 0.344174 0.325044 
breast
0.136819 0.814507 0.048674 
0.143799 0.800007 0.056194 
0.146788 0.792006 0.061206 
0.146323 0.805507 0.048170 
0.142805 0.802507 0.054689 
0.152793 0.788507 0.058700 
0.147305 0.799507 0.053187 
0.135795 0.806006 0.058199 
0.158283 0.780507 0.061210 
0.140281 0.797507 0.062213 
0.154784 0.784507 0.060709 
0.143266 0.792508 0.064226 
0.136299 0.809007 0.054694 
0.144295 0.792504 0.063201 
0.151805 0.793507 0.054688 
0.145291 0.795507 0.059203 
0.145815 0.801506 0.052679 
0.133254 0.797507 0.069238 
0.145788 0.797008 0.057204 
0.137808 0.809007 0.053186 
0.149809 0.796006 0.054184 
0.150282 0.788507 0.061211 
0.148332 0.806007 0.045661 
0.162302 0.784008 0.053690 
0.148789 0.794008 0.057203 
0.154298 0.791508 0.054194 
0.143300 0.801507 0.055193 
0.147322 0.804007 0.048671 
0.132816 0.818007 0.049177 
0.145791 0.793506 0.060703 
0.158287 0.781507 0.060206 
0.151298 0.793007 0.055695 
0.153298 0.789507 0.057196 
0.143829 0.809506 0.046664 
0.142293 0.799007 0.058700 
0.141285 0.797006 0.061709 
0.140802 0.803507 0.055692 
0.146303 0.797506 0.056191 
0.147307 0.800007 0.052686 
0.151803 0.794007 0.054190 
0.146333 0.808006 0.045660 
0.147802 0.796507 0.055691 
0.152313 0.797007 0.050679 
0.152319 0.796006 0.051675 
0.144789 0.796007 0.059204 
0.149301 0.795007 0.055692 
0.162303 0.784008 0.053689 
0.149300 0.795507 0.055193 
0.125804 0.817505 0.056690 
0.134798 0.808506 0.056695 
0.143300 0.801007 0.055693 
0.138310 0.806005 0.055685 
0.142786 0.798007 0.059207 
0.142820 0.807006 0.050174 
0.159324 0.791506 0.049170 
0.130790 0.809006 0.060204 
0.147826 0.805007 0.047167 
0.155292 0.787007 0.057701 
0.156307 0.790007 0.053686 
0.146305 0.800507 0.053187 
0.148285 0.793008 0.058707 
0.153818 0.797007 0.049175 
0.135306 0.811007 0.053687 
0.150792 0.792508 0.056700 
0.130281 0.807507 0.062212 
0.146269 0.788507 0.065224 
0.141795 0.801007 0.057198 
0.155789 0.788009 0.056202 
0.144290 0.794506 0.061204 
0.145317 0.804007 0.050676 
0.145819 0.803006 0.051175 
0.137310 0.810507 0.052183 
0.134833 0.819006 0.046161 
0.149328 0.805007 0.045664 
0.143310 0.802506 0.054184 
0.147828 0.804506 0.047665 
0.134276 0.803007 0.062717 
0.145787 0.794007 0.060206 
0.156796 0.785507 0.057697 
0.146297 0.796006 0.057697 
0.156297 0.788008 0.055695 
0.145306 0.801007 0.053687 
0.145815 0.803007 0.051178 
0.150774 0.786007 0.063218 
0.150284 0.788007 0.061709 
0.149328 0.803507 0.047166 
0.166815 0.780006 0.053179 
0.138820 0.809005 0.052175 
0.148799 0.795507 0.055694 
0.135804 0.810507 0.053689 
0.143786 0.799008 0.057206 
0.127267 0.810008 0.062725 
0.150817 0.798507 0.050676 
0.129260 0.805508 0.065231 
0.150815 0.797507 0.051679 
0.149821 0.801007 0.049172 
0.135296 0.808507 0.056197 
0.163280 0.776508 0.060212 
0.153793 0.787507 0.058700 
0.145309 0.800006 0.054685 
prostate
0.149283 0.787006 0.063711 
0.144350 0.814006 0.041645 
0.145784 0.793507 0.060709 
0.133807 0.812507 0.053687 
0.134281 0.805508 0.060211 
0.147773 0.787507 0.064720 
0.143310 0.803507 0.053184 
0.142780 0.792506 0.064713 
0.146302 0.800508 0.053190 
0.159818 0.790508 0.049675 
0.147830 0.805507 0.046663 
0.155802 0.789007 0.055191 
0.148812 0.801508 0.049679 
0.145304 0.800507 0.054188 
0.141805 0.803507 0.054688 
0.140292 0.801507 0.058201 
0.153286 0.786507 0.060206 
0.147785 0.791007 0.061208 
0.125789 0.815007 0.059204 
0.148802 0.794506 0.056691 
0.147284 0.790007 0.062710 
0.162812 0.786008 0.051180 
0.146309 0.800507 0.053184 
0.138315 0.811007 0.050678 
0.139306 0.807007 0.053687 
0.155304 0.790507 0.054188 
0.140295 0.802507 0.057198 
0.142328 0.810006 0.047666 
0.144316 0.804007 0.051678 
0.145817 0.805508 0.048675 
0.145800 0.799508 0.054692 
0.141806 0.804507 0.053687 
0.144297 0.799507 0.056196 
0.151289 0.788507 0.060204 
0.146821 0.804007 0.049172 
0.140294 0.800506 0.059199 
0.152295 0.791008 0.056697 
0.137798 0.806507 0.055695 
0.133811 0.814007 0.052183 
0.140776 0.799009 0.060216 
0.136802 0.809007 0.054191 
0.135307 0.810506 0.054186 
0.148294 0.795008 0.056699 
0.146302 0.798007 0.055691 
0.145786 0.792006 0.062207 
0.151775 0.782006 0.066218 
0.136759 0.796508 0.066733 
0.141821 0.807506 0.050673 
0.151815 0.796507 0.051678 
0.145291 0.795007 0.059702 
0.155297 0.788508 0.056195 
0.159297 0.785008 0.055695 
0.146304 0.798007 0.055690 
0.146799 0.795506 0.057695 
0.147817 0.802007 0.050176 
0.145284 0.795508 0.059208 
0.151285 0.789008 0.059707 
0.159310 0.789008 0.051682 
0.143784 0.794507 0.061709 
0.153793 0.787507 0.058700 
0.148796 0.796508 0.054696 
0.152291 0.791008 0.056700 
0.148830 0.804006 0.047164 
0.139801 0.803006 0.057193 
0.133835 0.821006 0.045159 
0.144325 0.808007 0.047668 
0.140355 0.823008 0.036637 
0.136285 0.804508 0.059207 
0.137316 0.811006 0.051677 
0.150295 0.793508 0.056197 
0.153313 0.794007 0.052680 
0.154773 0.782008 0.063219 
0.145790 0.795007 0.059203 
0.154279 0.782507 0.063214 
0.126805 0.819507 0.053688 
0.142775 0.794508 0.062718 
0.145331 0.810008 0.044661 
0.138802 0.807008 0.054191 
0.160829 0.791006 0.048165 
0.144800 0.800007 0.055193 
0.129780 0.807507 0.062713 
0.150834 0.804007 0.045159 
0.130819 0.818006 0.051175 
0.156828 0.796507 0.046665 
0.138262 0.791506 0.070232 
0.145792 0.798008 0.056199 
0.149315 0.799507 0.051178 
0.145311 0.802507 0.052182 
0.139794 0.800506 0.059700 
0.148755 0.783509 0.067737 
0.129288 0.810006 0.060706 
0.147294 0.793506 0.059199 
0.143792 0.798507 0.057701 
0.130819 0.819507 0.049674 
0.144295 0.798507 0.057198 
0.144310 0.802507 0.053183 
0.143805 0.801507 0.054688 
0.155288 0.786008 0.058704 
0.148808 0.798507 0.052685 
0.141312 0.807507 0.051181 
skin
0.142814 0.807507 0.049678 
0.150320 0.798005 0.051674 
0.143829 0.807005 0.049166 
0.139839 0.815506 0.044656 
0.154801 0.788006 0.057193 
0.151320 0.798506 0.050174 
0.137312 0.809006 0.053683 
0.142282 0.797007 0.060711 
0.143810 0.805508 0.050682 
0.143316 0.804005 0.052678 
0.155310 0.793007 0.051682 
0.136313 0.810505 0.053181 
0.137303 0.807506 0.055191 
0.158827 0.792506 0.048667 
0.141790 0.798006 0.060204 
0.144786 0.794006 0.061208 
0.150310 0.797007 0.052683 
0.152290 0.788507 0.059203 
0.154313 0.794507 0.051180 
0.146306 0.800007 0.053687 
0.141302 0.802006 0.056692 
0.147291 0.794007 0.058702 
0.145808 0.800506 0.053686 
0.145818 0.800505 0.053677 
0.148313 0.798506 0.053181 
0.146307 0.801507 0.052185 
0.150783 0.789508 0.059709 
0.146303 0.798507 0.055191 
0.140292 0.801507 0.058202 
0.148804 0.796507 0.054690 
0.149286 0.790007 0.060707 
0.138322 0.811506 0.050172 
0.143314 0.806007 0.050679 
0.136823 0.812505 0.050672 
0.149810 0.796506 0.053684 
0.144777 0.793007 0.062216 
0.148310 0.797506 0.054184 
0.154828 0.799507 0.045664 
0.149300 0.795507 0.055193 
0.165788 0.776008 0.058204 
0.139273 0.796007 0.064720 
0.139819 0.809506 0.050675 
0.142320 0.808006 0.049674 
0.140296 0.802507 0.057198 
0.145808 0.800006 0.054186 
0.138324 0.813006 0.048670 
0.142305 0.806008 0.051687 
0.145771 0.790507 0.063722 
0.158276 0.780508 0.061216 
0.134819 0.815506 0.049675 
0.150324 0.801507 0.048170 
0.172822 0.778007 0.049172 
0.137810 0.808006 0.054184 
0.133314 0.815006 0.051679 
0.142305 0.803507 0.054189 
0.146820 0.801505 0.051674 
0.136802 0.808507 0.054691 
0.135783 0.802506 0.061711 
0.147288 0.794507 0.058205 
0.161286 0.780008 0.058707 
0.140307 0.808508 0.051185 
0.140788 0.803008 0.056204 
0.131811 0.814005 0.054184 
0.148819 0.802007 0.049174 
0.154296 0.787506 0.058197 
0.135306 0.810006 0.054688 
0.129274 0.806006 0.064720 
0.138805 0.804505 0.056690 
0.139288 0.801007 0.059705 
0.147279 0.791507 0.061213 
0.149304 0.797007 0.053689 
0.136293 0.805506 0.058200 
0.150294 0.793007 0.056699 
0.140335 0.814006 0.045659 
0.147798 0.795507 0.056696 
0.134292 0.808507 0.057201 
0.139804 0.806507 0.053689 
0.138288 0.805008 0.056704 
0.145308 0.798505 0.056187 
0.150328 0.803507 0.046165 
0.149804 0.793506 0.056690 
0.146292 0.796007 0.057701 
0.153325 0.798006 0.048669 
0.148297 0.791505 0.060198 
0.174817 0.774507 0.050676 
0.144307 0.803507 0.052186 
0.149324 0.802507 0.048170 
0.140806 0.804006 0.055188 
0.132285 0.809007 0.058707 
0.142812 0.806507 0.050681 
0.131803 0.811505 0.056692 
0.145791 0.796507 0.057701 
0.132803 0.811006 0.056191 
0.138812 0.809507 0.051682 
0.140335 0.812005 0.047661 
0.147806 0.797506 0.054688 
0.147319 0.803507 0.049174 
0.143817 0.805006 0.051177 
0.153303 0.791507 0.055191 
0.151292 0.791007 0.057701 
stomach
0.154788 0.787508 0.057704 
0.145807 0.801507 0.052686 
0.137304 0.808006 0.054689 
0.163824 0.788007 0.048170 
0.140818 0.808006 0.051176 
0.150319 0.799506 0.050175 
0.153281 0.785507 0.061211 
0.142314 0.805006 0.052681 
0.135797 0.810508 0.053695 
0.152334 0.803007 0.044659 
0.161320 0.790507 0.048173 
0.147842 0.809006 0.043152 
0.152301 0.792007 0.055692 
0.147800 0.794005 0.058194 
0.142814 0.808508 0.048678 
0.148298 0.795507 0.056195 
0.155816 0.791506 0.052678 
0.148297 0.794006 0.057697 
0.145314 0.802006 0.052680 
0.153793 0.789007 0.057200 
0.141809 0.804506 0.053685 
0.141809 0.801505 0.056686 
0.151817 0.796506 0.051677 
0.142792 0.799507 0.057701 
0.161821 0.790007 0.048172 
0.140829 0.811005 0.048165 
0.158823 0.793507 0.047670 
0.141795 0.801007 0.057199 
0.139820 0.810506 0.049674 
0.147778 0.789007 0.063215 
0.140330 0.812506 0.047164 
0.146792 0.795507 0.057701 
0.136776 0.800507 0.062717 
0.144309 0.803007 0.052684 
0.150320 0.799506 0.050174 
0.141815 0.808007 0.050178 
0.137303 0.807506 0.055191 
0.152281 0.788008 0.059711 
0.155293 0.788007 0.056700 
0.152811 0.796007 0.051182 
0.151282 0.789008 0.059711 
0.145812 0.802507 0.051681 
0.146270 0.789007 0.064723 
0.147291 0.793506 0.059203 
0.136802 0.807006 0.056192 
0.145792 0.794506 0.059702 
0.154302 0.789506 0.056192 
0.137796 0.807508 0.054697 
0.143286 0.797007 0.059707 
0.141812 0.804505 0.053682 
0.145814 0.803507 0.050679 
0.138300 0.804006 0.057695 
0.147797 0.796007 0.056196 
0.146776 0.792508 0.060716 
0.139291 0.801506 0.059203 
0.140811 0.807507 0.051682 
0.130804 0.813005 0.056191 
0.138282 0.799506 0.062211 
0.142291 0.799507 0.058203 
0.138812 0.808506 0.052682 
0.143317 0.807007 0.049677 
0.134805 0.811006 0.054189 
0.145817 0.803006 0.051177 
0.143819 0.806006 0.050174 
0.139802 0.806007 0.054191 
0.144796 0.798507 0.056697 
0.138310 0.811007 0.050682 
0.133807 0.812006 0.054187 
0.143276 0.794007 0.062717 
0.147795 0.793006 0.059199 
0.135784 0.802006 0.062210 
0.143296 0.798506 0.058198 
0.149810 0.800008 0.050182 
0.138313 0.810507 0.051181 
0.149791 0.789006 0.061204 
0.152314 0.795006 0.052680 
0.152806 0.795007 0.052186 
0.132774 0.804007 0.063219 
0.152789 0.788007 0.059204 
0.148797 0.793506 0.057696 
0.153332 0.802007 0.044661 
0.136801 0.807506 0.055693 
0.148815 0.800507 0.050679 
0.156784 0.784508 0.058708 
0.138305 0.808007 0.053689 
0.148802 0.795506 0.055692 
0.164812 0.784007 0.051181 
0.147817 0.802007 0.050176 
0.143321 0.806506 0.050173 
0.140808 0.805006 0.054186 
0.136797 0.806006 0.057197 
0.140307 0.807507 0.052186 
0.149805 0.795006 0.055189 
0.151771 0.785508 0.062721 
0.144801 0.798506 0.056693 
0.129808 0.817006 0.053186 
0.146288 0.795507 0.058205 
0.154778 0.784508 0.060714 
0.150781 0.785006 0.064213 
0.142304 0.805007 0.052689 
4.74936 5.02096 4.71379 
0.130867 0.144086 0.125485 
0.0488419 0.0488419 0.0488419 0.0488419 0.0488419 0.0488419 0.0488419 0.0488419 0.0805686 0.0682871 0.107846 0.0672076 0.0488419 0.0488419 0.0488419 0.0488419 0.0488419 0.0488419 0.0733126 0.0488419 0.0488419 0.0488419 0.0488419 0.0488419 0.0652584 0.0747071 0.0488419 0.0949008 0.0488419 0.0488419 0.0488419 0.0488419 0.0488419 0.0488419 0.284365 0.0488419 0.0488419 0.0488419 0.0488419 0.0488419 0.0488419 0.0488419 0.0764813 0.0488419 0.0488419 0.0488419 0.0488419 0.0488419 0.0488419 0.0488419 0.0488419 0.0488419 0.0488419 0.0488419 0.0488419 0.0488419 0.097824 0.102267 0.11759 0.0899566 0.0488419 0.0488419 0.0488419 0.0488419 0.0488419 0.0488419 0.0488419 0.0488419 0.0488419 0.0488419 0.0488419 0.0488419 0.0488419 0.0488419 0.0488419 0.0488419 0.0488419 0.0488419 0.0488419 0.0488419 0.0488419 0.0488419 0.0825694 0.0488419 0.0488419 0.0488419 0.0488419 0.0488419 0.0488419 0.0488419 0.0488419 0.0488419 0.0488419 0.0488419 0.0488419 0.0488419 
