-1065442.723446
0
0.000001 0.000001 0.000001 0.000001 0.000001 0.000001 0.000001 0.000001 0.000001 0.000001 0.000001 0.000001 0.000001 0.000001 0.000001 0.000001 0.000001 0.000001 0.000136 0.000001 0.000001 0.000001 0.000001 0.000001 0.000001 0.000001 0.000001 0.000001 0.000001 0.000001 0.000001 0.000001 0.000001 0.000001 0.971760 0.000001 0.000001 0.000001 0.000001 0.000001 0.000001 0.000001 0.000001 0.000001 0.000001 0.000001 0.000001 0.000001 0.000001 0.000001 0.000001 0.000001 0.000001 0.000001 0.000001 0.000001 0.000001 0.000001 0.000001 0.028052 0.000001 0.000001 0.000001 0.000001 0.000001 0.000001 0.000001 0.000001 0.000001 0.000001 0.000001 0.000001 0.000001 0.000001 0.000001 0.000001 0.000001 0.000001 0.000001 0.000001 0.000001 0.000001 0.000001 0.000001 0.000001 0.000001 0.000001 0.000001 0.000001 0.000001 0.000001 0.000001 0.000001 0.000001 0.000001 0.000001 
0.000000 0.000000 0.000000 0.000000 0.000000 0.000000 0.000000 0.000000 0.000000 0.000000 0.000000 0.000000 0.000000 0.000000 0.000000 0.000000 0.000000 0.000000 0.000000 0.000000 0.000000 0.000000 0.000000 0.000000 0.000000 0.000000 0.000000 0.000000 0.000000 0.000000 0.000000 0.000000 0.000000 0.000000 0.000040 0.000000 0.000000 0.000000 0.000000 0.000000 0.000000 0.000000 0.000117 0.000000 0.000000 0.000000 0.000000 0.000000 0.000000 0.000000 0.000000 0.000000 0.000000 0.000000 0.000000 0.000000 0.034223 0.000000 0.965609 0.000000 0.000000 0.000000 0.000000 0.000000 0.000000 0.000000 0.000000 0.000000 0.000000 0.000000 0.000000 0.000000 0.000000 0.000000 0.000000 0.000000 0.000000 0.000000 0.000000 0.000000 0.000000 0.000000 0.000000 0.000000 0.000000 0.000000 0.000000 0.000000 0.000000 0.000000 0.000000 0.000000 0.000000 0.000000 0.000000 0.000000 
0.000085 0.000085 0.000085 0.000085 0.000085 0.000085 0.000085 0.000085 0.351483 0.000106 0.000242 0.000105 0.000085 0.000085 0.000085 0.000085 0.000085 0.000085 0.000135 0.000085 0.000085 0.000085 0.000085 0.000085 0.000103 0.000133 0.000085 0.000165 0.000085 0.000085 0.000085 0.000085 0.000085 0.000085 0.000182 0.000085 0.000085 0.000085 0.000085 0.000085 0.000085 0.000085 0.000114 0.000085 0.000085 0.000085 0.000085 0.000085 0.000085 0.000085 0.000085 0.000085 0.000085 0.000085 0.000085 0.000085 0.000167 0.000136 0.000186 0.000159 0.000085 0.000085 0.000085 0.000085 0.000085 0.000085 0.000085 0.000085 0.000085 0.000085 0.000085 0.000085 0.000085 0.000085 0.000085 0.000085 0.000085 0.000085 0.000085 0.000085 0.000085 0.000085 0.639665 0.000085 0.000085 0.000085 0.000085 0.000085 0.000085 0.000085 0.000085 0.000085 0.000085 0.000085 0.000085 0.000085 
0.000001 0.000001 0.000001 0.000001 0.000001 0.000001 0.000001 0.000001 0.000001 0.000036 0.999017 0.000024 0.000001 0.000001 0.000001 0.000001 0.000001 0.000001 0.000065 0.000001 0.000001 0.000001 0.000001 0.000001 0.000012 0.000372 0.000001 0.000119 0.000001 0.000001 0.000001 0.000001 0.000001 0.000001 0.000001 0.000001 0.000001 0.000001 0.000001 0.000001 0.000001 0.000001 0.000001 0.000001 0.000001 0.000001 0.000001 0.000001 0.000001 0.000001 0.000001 0.000001 0.000001 0.000001 0.000001 0.000001 0.000101 0.000001 0.000090 0.000105 0.000001 0.000001 0.000001 0.000001 0.000001 0.000001 0.000001 0.000001 0.000001 0.000001 0.000001 0.000001 0.000001 0.000001 0.000001 0.000001 0.000001 0.000001 0.000001 0.000001 0.000001 0.000001 0.000001 0.000001 0.000001 0.000001 0.000001 0.000001 0.000001 0.000001 0.000001 0.000001 0.000001 0.000001 0.000001 0.000001 
0.000001 0.000001 0.000001 0.000001 0.000001 0.000001 0.000001 0.000001 0.000001 0.000001 0.384124 0.000001 0.000001 0.000001 0.000001 0.000001 0.000001 0.000001 0.000001 0.000001 0.000001 0.000001 0.000001 0.000001 0.000001 0.000016 0.000001 0.111268 0.000001 0.000001 0.000001 0.000001 0.000001 0.000001 0.000001 0.000001 0.000001 0.000001 0.000001 0.000001 0.000001 0.000001 0.000001 0.000001 0.000001 0.000001 0.000001 0.000001 0.000001 0.000001 0.000001 0.000001 0.000001 0.000001 0.000001 0.000001 0.000001 0.504528 0.000001 0.000001 0.000001 0.000001 0.000001 0.000001 0.000001 0.000001 0.000001 0.000001 0.000001 0.000001 0.000001 0.000001 0.000001 0.000001 0.000001 0.000001 0.000001 0.000001 0.000001 0.000001 0.000001 0.000001 0.000001 0.000001 0.000001 0.000001 0.000001 0.000001 0.000001 0.000001 0.000001 0.000001 0.000001 0.000001 0.000001 0.000001 
0.202959 0.209184 0.183335 0.200233 0.204289 
0.205028 0.209866 0.181017 0.204391 0.199698 
0.202422 0.205693 0.188103 0.201972 0.201810 
0.205150 0.208251 0.189012 0.204734 0.192854 
breast
0.128467 0.663972 0.000011 0.113103 0.094448 
0.131470 0.632969 0.001011 0.123589 0.110962 
0.132469 0.665479 0.001511 0.084348 0.116193 
0.137462 0.661972 0.000511 0.106883 0.093172 
0.131466 0.646975 0.001011 0.114125 0.106425 
0.136974 0.631476 0.000511 0.111589 0.119451 
0.139463 0.658476 0.000511 0.102800 0.098751 
0.123468 0.649473 0.002011 0.114403 0.110645 
0.145968 0.639479 0.000511 0.097484 0.116559 
0.127472 0.648476 0.000011 0.103898 0.120144 
0.142967 0.631976 0.000511 0.108344 0.116202 
0.135968 0.646472 0.000011 0.102642 0.114906 
0.126972 0.664478 0.000511 0.104680 0.103359 
0.123966 0.647977 0.001511 0.097015 0.129532 
0.137969 0.638473 0.000511 0.113250 0.109797 
0.131971 0.646479 0.001511 0.105574 0.114466 
0.131965 0.658477 0.001011 0.102465 0.106082 
0.123473 0.664477 0.000511 0.088082 0.123458 
0.138967 0.645474 0.001511 0.111547 0.102501 
0.125972 0.662477 0.000511 0.106083 0.104958 
0.134968 0.647977 0.000011 0.105525 0.111520 
0.139467 0.643976 0.001011 0.101491 0.114055 
0.135468 0.656977 0.001011 0.111489 0.095055 
0.150472 0.640477 0.000511 0.103124 0.105417 
0.140469 0.654474 0.001011 0.099691 0.104355 
0.145470 0.635474 0.000511 0.115684 0.102861 
0.131972 0.651975 0.001011 0.108397 0.106646 
0.134968 0.638974 0.001011 0.125129 0.099919 
0.123972 0.666475 0.000511 0.113785 0.095257 
0.129471 0.657977 0.001011 0.091320 0.120221 
0.143471 0.634478 0.000511 0.102294 0.119246 
0.138473 0.641476 0.001011 0.109356 0.109684 
0.137972 0.650976 0.000011 0.095435 0.115606 
0.129474 0.656476 0.000511 0.113820 0.099718 
0.130466 0.641475 0.001011 0.113986 0.113063 
0.127969 0.641973 0.000511 0.109565 0.119982 
0.130464 0.659476 0.000511 0.103376 0.106174 
0.133963 0.659478 0.001511 0.097272 0.107777 
0.136969 0.663975 0.001011 0.097572 0.100473 
0.141466 0.637473 0.001011 0.115709 0.104341 
0.132470 0.654477 0.001011 0.115187 0.096855 
0.135329 0.643472 0.000511 0.110944 0.109744 
0.141968 0.664977 0.001011 0.094778 0.097266 
0.137961 0.649474 0.000011 0.105459 0.107095 
0.131972 0.647976 0.000011 0.104245 0.115796 
0.137466 0.645477 0.001011 0.107967 0.108079 
0.151968 0.647979 0.000011 0.097646 0.102398 
0.139964 0.645974 0.000511 0.109957 0.103595 
0.111969 0.653474 0.000511 0.119721 0.114325 
0.123967 0.657472 0.000511 0.109130 0.108921 
0.130970 0.642473 0.001011 0.115995 0.109552 
0.125458 0.662474 0.000511 0.101868 0.109689 
0.133967 0.657974 0.000011 0.098665 0.109383 
0.130466 0.669976 0.001011 0.098708 0.099839 
0.142971 0.643977 0.000011 0.106574 0.106468 
0.118968 0.667978 0.000511 0.098104 0.114440 
0.133974 0.654475 0.000011 0.112226 0.099314 
0.142971 0.643475 0.000011 0.101002 0.112542 
0.143339 0.640475 0.000511 0.108376 0.107299 
0.137465 0.658973 0.000511 0.102824 0.100226 
0.138472 0.648978 0.000011 0.102974 0.109565 
0.141473 0.649977 0.000511 0.108076 0.099963 
0.123473 0.677477 0.001011 0.094222 0.103817 
0.140472 0.649977 0.001511 0.101993 0.106047 
0.120466 0.658975 0.001511 0.105340 0.113709 
0.135469 0.650978 0.000511 0.094207 0.118836 
0.128973 0.644475 0.001011 0.113280 0.112261 
0.147972 0.642476 0.001511 0.106034 0.102008 
0.130464 0.651974 0.001511 0.098652 0.117399 
0.132469 0.662476 0.002011 0.102821 0.100223 
0.131468 0.658474 0.001511 0.104487 0.104060 
0.127965 0.650974 0.000011 0.119366 0.101685 
0.122467 0.656972 0.001011 0.124401 0.095150 
0.137474 0.646971 0.000011 0.119802 0.095743 
0.132459 0.660474 0.000511 0.101993 0.104564 
0.132472 0.661474 0.000511 0.103764 0.101779 
0.124969 0.665979 0.002011 0.095096 0.111945 
0.132472 0.643978 0.001511 0.106956 0.115083 
0.141471 0.648979 0.001011 0.093828 0.114711 
0.133467 0.650978 0.000511 0.102364 0.112680 
0.144970 0.645975 0.000511 0.101120 0.107425 
0.133967 0.637976 0.000011 0.121013 0.107034 
0.132970 0.659973 0.000011 0.103112 0.103934 
0.139969 0.644477 0.002011 0.098349 0.115195 
0.135471 0.630476 0.000511 0.111199 0.122344 
0.136967 0.649470 0.001011 0.115663 0.096889 
0.148966 0.636978 0.000511 0.100348 0.113197 
0.121969 0.638973 0.000511 0.125903 0.112644 
0.136472 0.643475 0.000511 0.109817 0.109726 
0.126966 0.651472 0.000511 0.118681 0.102370 
0.136972 0.659476 0.001011 0.100325 0.102216 
0.122470 0.657473 0.001011 0.110701 0.108345 
0.137469 0.644474 0.000511 0.113412 0.104135 
0.121822 0.643974 0.001011 0.116975 0.116218 
0.137468 0.658478 0.000011 0.099025 0.105019 
0.139463 0.658477 0.001011 0.105062 0.095988 
0.125470 0.664974 0.000511 0.102913 0.106132 
0.154966 0.639477 0.000511 0.095935 0.109111 
0.139968 0.640975 0.001511 0.103313 0.114233 
0.128473 0.645975 0.000011 0.109926 0.115615 
prostate
0.134963 0.638975 0.000011 0.101774 0.124277 
0.129962 0.663971 0.001011 0.113574 0.091481 
0.134967 0.652976 0.001011 0.098071 0.112975 
0.120975 0.660975 0.000511 0.110008 0.107531 
0.123975 0.657476 0.000011 0.104870 0.113668 
0.133474 0.631976 0.000511 0.108333 0.125707 
0.131467 0.670979 0.000511 0.093319 0.103725 
0.129335 0.653477 0.001011 0.094267 0.121911 
0.136972 0.653973 0.000511 0.107180 0.101364 
0.148466 0.647976 0.001511 0.104619 0.097428 
0.133968 0.644974 0.000511 0.120975 0.099572 
0.143966 0.644976 0.000511 0.102948 0.107600 
0.139972 0.652974 0.000511 0.110798 0.095746 
0.133968 0.656978 0.000511 0.103128 0.105416 
0.128471 0.663475 0.001511 0.100198 0.106346 
0.129468 0.661474 0.001511 0.099776 0.107771 
0.141966 0.649476 0.001511 0.095113 0.111935 
0.134968 0.643474 0.002010 0.103801 0.115746 
0.115470 0.658473 0.000511 0.113285 0.112261 
0.133967 0.652474 0.001011 0.099443 0.113105 
0.133965 0.650977 0.000011 0.094468 0.120579 
0.150468 0.637478 0.001511 0.109017 0.101526 
0.136460 0.643972 0.001511 0.116614 0.101443 
0.125973 0.662475 0.001011 0.109912 0.100630 
0.127969 0.659974 0.001011 0.106770 0.104277 
0.141971 0.647977 0.000511 0.101359 0.108182 
0.130964 0.657976 0.001011 0.103831 0.106219 
0.127971 0.659471 0.000511 0.111089 0.100957 
0.132962 0.655976 0.000011 0.108129 0.102923 
0.134974 0.656474 0.000511 0.110809 0.097232 
0.137962 0.647473 0.000011 0.112019 0.102535 
0.127976 0.647474 0.000511 0.114612 0.109427 
0.134467 0.661476 0.000011 0.097690 0.106357 
0.137468 0.651477 0.001511 0.094084 0.115461 
0.134469 0.666479 0.000011 0.099154 0.099887 
0.124474 0.645477 0.000011 0.109345 0.120694 
0.139971 0.637973 0.001011 0.110521 0.110525 
0.128468 0.675977 0.001011 0.092608 0.101936 
0.124465 0.663974 0.000511 0.110844 0.100206 
0.133473 0.662476 0.000011 0.095680 0.108360 
0.128465 0.656977 0.000511 0.112229 0.101818 
0.123331 0.669475 0.000511 0.100840 0.105844 
0.137470 0.639476 0.002010 0.113895 0.107148 
0.134465 0.652974 0.000511 0.103649 0.108400 
0.132961 0.639477 0.000511 0.107296 0.119755 
0.135468 0.643977 0.002010 0.091782 0.126762 
0.125978 0.635472 0.000511 0.114848 0.123191 
0.126968 0.649474 0.000511 0.116426 0.106621 
0.136472 0.653478 0.000511 0.102029 0.107510 
0.132965 0.651979 0.000011 0.099712 0.115334 
0.143468 0.630975 0.001511 0.115296 0.108750 
0.148966 0.636977 0.001511 0.107463 0.105084 
0.134961 0.645474 0.001511 0.111163 0.106892 
0.131470 0.653977 0.002010 0.098773 0.113770 
0.134972 0.653477 0.000511 0.108794 0.102247 
0.134474 0.665479 0.001011 0.089179 0.109858 
0.140968 0.656477 0.002010 0.091860 0.108685 
0.149963 0.637476 0.001511 0.112896 0.098155 
0.129472 0.648976 0.001511 0.100940 0.119102 
0.138471 0.637976 0.000511 0.104985 0.118058 
0.139473 0.652473 0.001011 0.104450 0.102593 
0.144466 0.649977 0.000011 0.101059 0.104488 
0.135963 0.657977 0.002010 0.108509 0.095540 
0.126964 0.661977 0.001511 0.099369 0.110180 
0.122465 0.654972 0.000011 0.127680 0.094872 
0.131471 0.640972 0.000011 0.126750 0.100796 
0.130972 0.676474 0.000511 0.114734 0.077309 
0.126970 0.647975 0.001011 0.113931 0.110112 
0.124467 0.658473 0.001011 0.112040 0.104010 
0.141964 0.650477 0.001511 0.103537 0.102511 
0.137471 0.664978 0.000011 0.088496 0.109044 
0.144468 0.628974 0.001011 0.108586 0.116960 
0.133468 0.648976 0.001511 0.103277 0.112769 
0.140337 0.628976 0.000511 0.107556 0.122620 
0.117468 0.670974 0.001511 0.109241 0.100807 
0.132471 0.660476 0.001511 0.091778 0.113764 
0.134971 0.666973 0.001011 0.107542 0.089503 
0.129967 0.653972 0.000511 0.112935 0.102615 
0.146462 0.654475 0.000011 0.097833 0.101219 
0.134966 0.651478 0.000011 0.107698 0.105847 
0.117472 0.655477 0.001511 0.107246 0.118295 
0.139463 0.652975 0.002010 0.114714 0.090838 
0.118964 0.662471 0.000511 0.115246 0.102808 
0.142472 0.653976 0.002510 0.105060 0.095981 
0.126462 0.644974 0.000511 0.099007 0.129046 
0.137968 0.658976 0.001011 0.099876 0.102169 
0.134831 0.640975 0.001011 0.117300 0.105883 
0.133469 0.666475 0.000011 0.096720 0.103325 
0.126963 0.649976 0.000011 0.106319 0.116730 
0.137976 0.638979 0.001011 0.098788 0.123246 
0.116970 0.659476 0.000511 0.106310 0.116734 
0.135959 0.648476 0.001011 0.102590 0.111964 
0.132970 0.657477 0.000511 0.099567 0.109476 
0.120468 0.660972 0.001011 0.119581 0.097969 
0.133964 0.633473 0.000511 0.121969 0.110083 
0.132465 0.657476 0.001511 0.105158 0.103390 
0.130834 0.655474 0.002010 0.105402 0.106279 
0.144966 0.644477 0.000511 0.099815 0.110231 
0.138965 0.647476 0.000511 0.112211 0.100838 
0.131967 0.645972 0.000511 0.121895 0.099656 
skin
0.134468 0.650474 0.000511 0.118870 0.095676 
0.134964 0.655475 0.000511 0.101590 0.107460 
0.127466 0.644975 0.000511 0.120107 0.106941 
0.123475 0.677974 0.000511 0.099598 0.098442 
0.137472 0.647475 0.001011 0.096836 0.117205 
0.137967 0.657975 0.001511 0.101695 0.100853 
0.122970 0.664975 0.000011 0.102306 0.109738 
0.132968 0.655975 0.001511 0.099360 0.110186 
0.135470 0.650974 0.000011 0.115878 0.097668 
0.126970 0.658475 0.001011 0.103678 0.109866 
0.143470 0.637974 0.001511 0.114994 0.102051 
0.122469 0.662975 0.000511 0.106143 0.107903 
0.125969 0.675978 0.001511 0.092198 0.104344 
0.143466 0.650470 0.001511 0.102866 0.101687 
0.130463 0.642473 0.002511 0.112382 0.112172 
0.132966 0.652475 0.000511 0.098153 0.115896 
0.138965 0.655476 0.001011 0.102170 0.102377 
0.139469 0.646477 0.000011 0.098804 0.115239 
0.142469 0.646477 0.000511 0.108336 0.102207 
0.134968 0.653478 0.000011 0.106764 0.104779 
0.126969 0.648974 0.000011 0.109231 0.114815 
0.134970 0.655479 0.000511 0.096251 0.112789 
0.133965 0.641475 0.000511 0.117339 0.106709 
0.128960 0.636474 0.000511 0.119739 0.114316 
0.134963 0.647475 0.000511 0.109567 0.107483 
0.135971 0.643974 0.000511 0.117292 0.102252 
0.140970 0.649975 0.001011 0.097997 0.110048 
0.133471 0.656976 0.000511 0.101136 0.107907 
0.129469 0.652476 0.002011 0.107289 0.108755 
0.135840 0.652477 0.001511 0.104243 0.105930 
0.138962 0.646475 0.001511 0.101222 0.111830 
0.124468 0.657474 0.001511 0.113859 0.102688 
0.133466 0.636470 0.001511 0.129760 0.098794 
0.123961 0.655974 0.002011 0.116613 0.101440 
0.136336 0.651975 0.000511 0.103600 0.107578 
0.134469 0.642976 0.002011 0.106699 0.113845 
0.135463 0.660474 0.000511 0.096583 0.106968 
0.146837 0.655474 0.000011 0.108874 0.088804 
0.136473 0.645477 0.000511 0.107982 0.109557 
0.154969 0.627474 0.001011 0.106406 0.110140 
0.128965 0.647976 0.000511 0.103204 0.119344 
0.126469 0.665473 0.001011 0.104464 0.102583 
0.129970 0.661476 0.001011 0.107623 0.099920 
0.126975 0.655477 0.001011 0.105285 0.111253 
0.131969 0.648975 0.000011 0.109589 0.109456 
0.126966 0.671476 0.000511 0.103701 0.097346 
0.134473 0.645973 0.000511 0.120952 0.098092 
0.139463 0.651478 0.000511 0.097121 0.111427 
0.149968 0.648478 0.001511 0.091401 0.108642 
0.122474 0.667475 0.000511 0.108776 0.100764 
0.136339 0.653474 0.000511 0.108976 0.100700 
0.157468 0.627475 0.001511 0.110423 0.103123 
0.124965 0.653474 0.000511 0.112553 0.108497 
0.120971 0.653473 0.000511 0.120307 0.104738 
0.131966 0.655473 0.002011 0.108346 0.102204 
0.129969 0.656974 0.001511 0.103198 0.108348 
0.127467 0.660474 0.000011 0.107681 0.104366 
0.124470 0.667978 0.001011 0.092022 0.114520 
0.136972 0.646976 0.000011 0.105269 0.110772 
0.149972 0.637976 0.001011 0.100951 0.110090 
0.134467 0.663973 0.000511 0.107790 0.093260 
0.134971 0.651973 0.000511 0.111527 0.101018 
0.118468 0.669972 0.001011 0.102955 0.107594 
0.135476 0.651477 0.001011 0.111068 0.100968 
0.140965 0.642977 0.002511 0.102338 0.111209 
0.122470 0.655974 0.000511 0.111869 0.109176 
0.118968 0.670475 0.002011 0.092524 0.116021 
0.121973 0.663477 0.000011 0.098179 0.116359 
0.128467 0.639477 0.000011 0.117203 0.114842 
0.137969 0.653977 0.001511 0.095968 0.110575 
0.137972 0.663478 0.000511 0.094220 0.103819 
0.123473 0.664980 0.001011 0.098265 0.112271 
0.139969 0.629474 0.001511 0.121248 0.107798 
0.127467 0.668476 0.000511 0.108045 0.095501 
0.134970 0.643976 0.000511 0.109644 0.110898 
0.127464 0.659975 0.000511 0.108357 0.103693 
0.128972 0.665476 0.001011 0.101488 0.103053 
0.130973 0.659473 0.001011 0.105820 0.102723 
0.129160 0.630976 0.000511 0.122712 0.116641 
0.139967 0.655976 0.000511 0.110784 0.092762 
0.132970 0.656475 0.001511 0.094294 0.114750 
0.135339 0.651475 0.001511 0.103376 0.108299 
0.140463 0.647474 0.000511 0.111313 0.100238 
0.129471 0.650478 0.000511 0.095259 0.124281 
0.159967 0.627476 0.000511 0.106336 0.105709 
0.134471 0.643973 0.002011 0.120041 0.099504 
0.138963 0.655975 0.000511 0.108966 0.095584 
0.128327 0.657474 0.000511 0.105221 0.108467 
0.123971 0.656974 0.002511 0.111122 0.105423 
0.132971 0.662976 0.001011 0.105526 0.097516 
0.116973 0.665478 0.000511 0.102847 0.114191 
0.134472 0.651474 0.000511 0.103000 0.110544 
0.121963 0.669476 0.000511 0.101566 0.106484 
0.128967 0.660974 0.000011 0.110137 0.099911 
0.124963 0.670975 0.000511 0.101945 0.101607 
0.134468 0.652475 0.000511 0.103432 0.109114 
0.136469 0.651976 0.000511 0.112890 0.098155 
0.129471 0.652475 0.000511 0.111369 0.106173 
0.141465 0.641476 0.000511 0.108428 0.108120 
0.139970 0.656980 0.000511 0.093001 0.109538 
stomach
0.146966 0.642977 0.001511 0.104473 0.104073 
0.135969 0.645972 0.001511 0.115907 0.100642 
0.125968 0.648972 0.001011 0.118237 0.105812 
0.150468 0.638474 0.001511 0.110835 0.098711 
0.127968 0.664975 0.000511 0.103330 0.103217 
0.138465 0.650974 0.000511 0.109250 0.100800 
0.143465 0.637477 0.000011 0.105568 0.113479 
0.129965 0.654976 0.000511 0.109302 0.105247 
0.128974 0.655473 0.001511 0.116333 0.097709 
0.140469 0.662976 0.000511 0.103875 0.092169 
0.150968 0.641977 0.001011 0.111919 0.094125 
0.134966 0.661975 0.001011 0.111681 0.090368 
0.139468 0.647975 0.000511 0.102308 0.109738 
0.133961 0.640977 0.001011 0.109236 0.114814 
0.135971 0.644471 0.001511 0.126978 0.091069 
0.138464 0.645475 0.001511 0.109300 0.105250 
0.139966 0.648478 0.000011 0.101189 0.110357 
0.136465 0.661475 0.002011 0.092079 0.107969 
0.132465 0.655476 0.001011 0.106098 0.104950 
0.141472 0.637477 0.001511 0.109140 0.110400 
0.127972 0.658977 0.000011 0.104778 0.108263 
0.125463 0.651978 0.000011 0.105202 0.117345 
0.137467 0.654476 0.000011 0.101342 0.106704 
0.133467 0.663976 0.001511 0.095627 0.105419 
0.150469 0.636470 0.001011 0.115198 0.096852 
0.125470 0.665476 0.001511 0.106272 0.101271 
0.147968 0.646975 0.000511 0.108963 0.095583 
0.129473 0.651475 0.000511 0.107782 0.110758 
0.128965 0.649976 0.000011 0.120742 0.100306 
0.136965 0.648477 0.001511 0.097244 0.115803 
0.126968 0.660475 0.002011 0.113810 0.096736 
0.137464 0.634471 0.001511 0.118961 0.107592 
0.126470 0.644474 0.000011 0.111104 0.117940 
0.132470 0.639473 0.000511 0.121927 0.105619 
0.137964 0.659474 0.000011 0.101026 0.101524 
0.131331 0.658477 0.001011 0.111243 0.097938 
0.126468 0.662477 0.000011 0.104069 0.106976 
0.143970 0.640975 0.001511 0.105676 0.107868 
0.146466 0.642475 0.000511 0.104960 0.105588 
0.140973 0.647977 0.002011 0.108995 0.100044 
0.141971 0.644975 0.000011 0.101874 0.111169 
0.133970 0.657473 0.002011 0.106032 0.100513 
0.135470 0.640476 0.001011 0.103652 0.119391 
0.134969 0.656976 0.000011 0.094042 0.114003 
0.126962 0.672474 0.000011 0.094522 0.106032 
0.131469 0.639476 0.001011 0.110198 0.117846 
0.142462 0.639975 0.000011 0.107330 0.110222 
0.129973 0.647972 0.001011 0.119357 0.101687 
0.132469 0.631974 0.001011 0.120854 0.113692 
0.127324 0.650972 0.001011 0.111630 0.109062 
0.133473 0.661972 0.001011 0.102607 0.100937 
0.124467 0.648976 0.002011 0.112634 0.111912 
0.135472 0.630973 0.001511 0.121963 0.110081 
0.137476 0.635975 0.000011 0.112836 0.113702 
0.129462 0.637473 0.001011 0.120608 0.111446 
0.130967 0.650470 0.000511 0.117295 0.100757 
0.118965 0.656973 0.001011 0.113709 0.109342 
0.126468 0.647975 0.001011 0.107012 0.117534 
0.133464 0.644475 0.002011 0.114557 0.105493 
0.128463 0.655974 0.000011 0.112260 0.103292 
0.131474 0.664477 0.001011 0.104165 0.098872 
0.124469 0.667476 0.000511 0.103562 0.103983 
0.132968 0.661978 0.000511 0.101494 0.103049 
0.130331 0.656477 0.000511 0.109695 0.102986 
0.130967 0.650477 0.001511 0.115673 0.101373 
0.131973 0.648475 0.000511 0.107342 0.111698 
0.129971 0.660469 0.001011 0.112650 0.095898 
0.122966 0.674977 0.001011 0.097629 0.103416 
0.132471 0.637473 0.000511 0.111562 0.117983 
0.133467 0.651978 0.000011 0.098223 0.116320 
0.123966 0.651977 0.000011 0.105227 0.118819 
0.129968 0.652974 0.001511 0.103726 0.111821 
0.141471 0.644475 0.000511 0.117252 0.096291 
0.125976 0.655475 0.000511 0.114540 0.103498 
0.133967 0.635474 0.000511 0.107369 0.122678 
0.141956 0.647475 0.001011 0.108119 0.101439 
0.143968 0.645976 0.000511 0.110140 0.099406 
0.123969 0.654976 0.002511 0.106212 0.112331 
0.140470 0.638977 0.000511 0.106477 0.113566 
0.137461 0.643974 0.000511 0.107117 0.110936 
0.141971 0.648973 0.000511 0.116096 0.092448 
0.122976 0.653974 0.000511 0.110538 0.112000 
0.138465 0.633975 0.000511 0.126286 0.100763 
0.147471 0.643979 0.000511 0.099315 0.108724 
0.127472 0.656474 0.001011 0.112005 0.103039 
0.135469 0.641975 0.000511 0.110761 0.111283 
0.152969 0.645978 0.001511 0.099615 0.099927 
0.134473 0.647971 0.001011 0.113857 0.102687 
0.130466 0.656976 0.000511 0.109723 0.102324 
0.126971 0.664474 0.000511 0.099335 0.108709 
0.125967 0.655976 0.000511 0.107991 0.109555 
0.131470 0.656977 0.000511 0.111514 0.099528 
0.139460 0.658979 0.000511 0.096297 0.104752 
0.142473 0.646979 0.001011 0.096037 0.113501 
0.128475 0.645977 0.001011 0.108339 0.116198 
0.120965 0.664973 0.000511 0.112463 0.101088 
0.137468 0.651977 0.000011 0.102267 0.108277 
0.145353 0.646479 0.000511 0.096386 0.111270 
0.133471 0.632476 0.002011 0.106114 0.125928 
0.135466 0.656474 0.001511 0.110802 0.095747 
9.30732 9.49554 8.5073 9.26164 9.12469 
0.149315 0.157474 0.117581 0.148191 0.147851 
0.0554339 0.0554339 0.0554339 0.0554339 0.0554339 0.0554339 0.0554339 0.0554339 0.0765542 0.0687015 0.155948 0.0679679 0.0554339 0.0554339 0.0554339 0.0554339 0.0554339 0.0554339 0.0875888 0.0554339 0.0554339 0.0554339 0.0554339 0.0554339 0.0666265 0.0858373 0.0554339 0.106739 0.0554339 0.0554339 0.0554339 0.0554339 0.0554339 0.0554339 0.11804 0.0554339 0.0554339 0.0554339 0.0554339 0.0554339 0.0554339 0.0554339 0.0740388 0.0554339 0.0554339 0.0554339 0.0554339 0.0554339 0.0554339 0.0554339 0.0554339 0.0554339 0.0554339 0.0554339 0.0554339 0.0554339 0.10827 0.0884892 0.120326 0.102692 0.0554339 0.0554339 0.0554339 0.0554339 0.0554339 0.0554339 0.0554339 0.0554339 0.0554339 0.0554339 0.0554339 0.0554339 0.0554339 0.0554339 0.0554339 0.0554339 0.0554339 0.0554339 0.0554339 0.0554339 0.0554339 0.0554339 0.0777519 0.0554339 0.0554339 0.0554339 0.0554339 0.0554339 0.0554339 0.0554339 0.0554339 0.0554339 0.0554339 0.0554339 0.0554339 0.0554339 
