-3387991.095310
0
0.000001 0.000001 0.000001 0.000001 0.000001 0.000001 0.000001 0.000001 0.000001 0.000001 0.064509 0.000001 0.000001 0.000001 0.000001 0.000001 0.000001 0.000001 0.000047 0.000001 0.000001 0.000001 0.000001 0.000001 0.000012 0.000075 0.000001 0.022941 0.000001 0.000001 0.000001 0.000001 0.000001 0.000001 0.002718 0.000001 0.000001 0.000001 0.000001 0.000001 0.000001 0.000001 0.000006 0.000001 0.000001 0.000001 0.000001 0.000001 0.000001 0.000001 0.000001 0.000001 0.000001 0.000001 0.000001 0.000001 0.006407 0.051229 0.851939 0.000018 0.000001 0.000001 0.000001 0.000001 0.000001 0.000001 0.000001 0.000001 0.000001 0.000001 0.000001 0.000001 0.000001 0.000001 0.000001 0.000001 0.000001 0.000001 0.000001 0.000001 0.000001 0.000001 0.000042 0.000001 0.000001 0.000001 0.000001 0.000001 0.000001 0.000001 0.000001 0.000001 0.000001 0.000001 0.000001 0.000001 
0.000001 0.000001 0.000001 0.000001 0.000001 0.000001 0.000001 0.000001 0.000001 0.000001 0.004130 0.000021 0.000001 0.000001 0.000001 0.000001 0.000001 0.000001 0.000001 0.000001 0.000001 0.000001 0.000001 0.000001 0.000001 0.000042 0.000001 0.002400 0.000001 0.000001 0.000001 0.000001 0.000001 0.000001 0.000055 0.000001 0.000001 0.000001 0.000001 0.000001 0.000001 0.000001 0.000001 0.000001 0.000001 0.000001 0.000001 0.000001 0.000001 0.000001 0.000001 0.000001 0.000001 0.000001 0.000001 0.000001 0.000967 0.006105 0.986225 0.000001 0.000001 0.000001 0.000001 0.000001 0.000001 0.000001 0.000001 0.000001 0.000001 0.000001 0.000001 0.000001 0.000001 0.000001 0.000001 0.000001 0.000001 0.000001 0.000001 0.000001 0.000001 0.000001 0.000001 0.000001 0.000001 0.000001 0.000001 0.000001 0.000001 0.000001 0.000001 0.000001 0.000001 0.000001 0.000001 0.000001 
0.000252 0.000252 0.000252 0.000252 0.000252 0.000252 0.000252 0.000252 0.968565 0.000275 0.001903 0.000273 0.000252 0.000252 0.000252 0.000252 0.000252 0.000252 0.000357 0.000252 0.000252 0.000252 0.000252 0.000252 0.000271 0.000388 0.000252 0.000681 0.000252 0.000252 0.000252 0.000252 0.000252 0.000252 0.000631 0.000252 0.000252 0.000252 0.000252 0.000252 0.000252 0.000252 0.000361 0.000252 0.000252 0.000252 0.000252 0.000252 0.000252 0.000252 0.000252 0.000252 0.000252 0.000252 0.000252 0.000252 0.000790 0.000951 0.003390 0.000393 0.000252 0.000252 0.000252 0.000252 0.000252 0.000252 0.000252 0.000252 0.000252 0.000252 0.000252 0.000252 0.000252 0.000252 0.000252 0.000252 0.000252 0.000252 0.000252 0.000252 0.000252 0.000252 0.000398 0.000252 0.000252 0.000252 0.000252 0.000252 0.000252 0.000252 0.000252 0.000252 0.000252 0.000252 0.000252 0.000252 
0.000002 0.000002 0.000002 0.000002 0.000002 0.000002 0.000002 0.000002 0.000002 0.000002 0.998316 0.000002 0.000002 0.000002 0.000002 0.000002 0.000002 0.000002 0.000002 0.000002 0.000002 0.000002 0.000002 0.000002 0.000002 0.000002 0.000002 0.000004 0.000002 0.000002 0.000002 0.000002 0.000002 0.000002 0.000004 0.000002 0.000002 0.000002 0.000002 0.000002 0.000002 0.000002 0.000002 0.000002 0.000002 0.000002 0.000002 0.000002 0.000002 0.000002 0.000002 0.000002 0.000002 0.000002 0.000002 0.000002 0.000005 0.000006 0.001520 0.000002 0.000002 0.000002 0.000002 0.000002 0.000002 0.000002 0.000002 0.000002 0.000002 0.000002 0.000002 0.000002 0.000002 0.000002 0.000002 0.000002 0.000002 0.000002 0.000002 0.000002 0.000002 0.000002 0.000002 0.000002 0.000002 0.000002 0.000002 0.000002 0.000002 0.000002 0.000002 0.000002 0.000002 0.000002 0.000002 0.000002 
0.000001 0.000001 0.000001 0.000001 0.000001 0.000001 0.000001 0.000001 0.000001 0.000001 0.460678 0.000001 0.000001 0.000001 0.000001 0.000001 0.000001 0.000001 0.000002 0.000001 0.000001 0.000001 0.000001 0.000001 0.000001 0.000002 0.000001 0.024977 0.000001 0.000001 0.000001 0.000001 0.000001 0.000001 0.000003 0.000001 0.000001 0.000001 0.000001 0.000001 0.000001 0.000001 0.000002 0.000001 0.000001 0.000001 0.000001 0.000001 0.000001 0.000001 0.000001 0.000001 0.000001 0.000001 0.000001 0.000001 0.000004 0.514150 0.000071 0.000002 0.000001 0.000001 0.000001 0.000001 0.000001 0.000001 0.000001 0.000001 0.000001 0.000001 0.000001 0.000001 0.000001 0.000001 0.000001 0.000001 0.000001 0.000001 0.000001 0.000001 0.000001 0.000001 0.000002 0.000001 0.000001 0.000001 0.000001 0.000001 0.000001 0.000001 0.000001 0.000001 0.000001 0.000001 0.000001 0.000001 
0.000005 0.000005 0.000005 0.000005 0.000005 0.000005 0.000005 0.000005 0.000006 0.000006 0.008241 0.000006 0.000005 0.000005 0.000005 0.000005 0.000005 0.000005 0.000008 0.000005 0.000005 0.000005 0.000005 0.000005 0.000006 0.000008 0.000005 0.000087 0.000005 0.000005 0.000005 0.000005 0.000005 0.000005 0.000014 0.000005 0.000005 0.000005 0.000005 0.000005 0.000005 0.000005 0.005475 0.000005 0.000005 0.000005 0.000005 0.000005 0.000005 0.000005 0.000005 0.000005 0.000005 0.000005 0.000005 0.000005 0.851744 0.003149 0.093819 0.000009 0.000005 0.000005 0.000005 0.000005 0.000005 0.000005 0.000005 0.000005 0.000005 0.000005 0.000005 0.000005 0.000005 0.000005 0.000005 0.000005 0.000005 0.000005 0.000005 0.000005 0.000005 0.000005 0.036981 0.000005 0.000005 0.000005 0.000005 0.000005 0.000005 0.000005 0.000005 0.000005 0.000005 0.000005 0.000005 0.000005 
0.000001 0.000001 0.000001 0.000001 0.000001 0.000001 0.000001 0.000001 0.000001 0.000001 0.065303 0.000001 0.000001 0.000001 0.000001 0.000001 0.000001 0.000001 0.000060 0.000001 0.000001 0.000001 0.000001 0.000001 0.000001 0.000084 0.000001 0.022599 0.000001 0.000001 0.000001 0.000001 0.000001 0.000001 0.002711 0.000001 0.000001 0.000001 0.000001 0.000001 0.000001 0.000001 0.000006 0.000001 0.000001 0.000001 0.000001 0.000001 0.000001 0.000001 0.000001 0.000001 0.000001 0.000001 0.000001 0.000001 0.006394 0.050542 0.852187 0.000017 0.000001 0.000001 0.000001 0.000001 0.000001 0.000001 0.000001 0.000001 0.000001 0.000001 0.000001 0.000001 0.000001 0.000001 0.000001 0.000001 0.000001 0.000001 0.000001 0.000001 0.000001 0.000001 0.000039 0.000001 0.000001 0.000001 0.000001 0.000001 0.000001 0.000001 0.000001 0.000001 0.000001 0.000001 0.000001 0.000001 
0.000001 0.000001 0.000001 0.000001 0.000001 0.000001 0.000001 0.000001 0.000001 0.000034 0.065383 0.000001 0.000001 0.000001 0.000001 0.000001 0.000001 0.000001 0.000067 0.000001 0.000001 0.000001 0.000001 0.000001 0.000001 0.000090 0.000001 0.022539 0.000001 0.000001 0.000001 0.000001 0.000001 0.000001 0.002570 0.000001 0.000001 0.000001 0.000001 0.000001 0.000001 0.000001 0.000005 0.000001 0.000001 0.000001 0.000001 0.000001 0.000001 0.000001 0.000001 0.000001 0.000001 0.000001 0.000001 0.000001 0.006356 0.050441 0.852407 0.000017 0.000001 0.000001 0.000001 0.000001 0.000001 0.000001 0.000001 0.000001 0.000001 0.000001 0.000001 0.000001 0.000001 0.000001 0.000001 0.000001 0.000001 0.000001 0.000001 0.000001 0.000001 0.000001 0.000035 0.000001 0.000001 0.000001 0.000001 0.000001 0.000001 0.000001 0.000001 0.000001 0.000001 0.000001 0.000001 0.000001 
0.000001 0.000001 0.000001 0.000001 0.000001 0.000001 0.000001 0.000001 0.000001 0.000001 0.064910 0.000001 0.000001 0.000001 0.000001 0.000001 0.000001 0.000001 0.000053 0.000001 0.000001 0.000001 0.000001 0.000001 0.000001 0.000080 0.000001 0.022772 0.000001 0.000001 0.000001 0.000001 0.000001 0.000001 0.002715 0.000001 0.000001 0.000001 0.000001 0.000001 0.000001 0.000001 0.000006 0.000001 0.000001 0.000001 0.000001 0.000001 0.000001 0.000001 0.000001 0.000001 0.000001 0.000001 0.000001 0.000001 0.006401 0.050880 0.852068 0.000018 0.000001 0.000001 0.000001 0.000001 0.000001 0.000001 0.000001 0.000001 0.000001 0.000001 0.000001 0.000001 0.000001 0.000001 0.000001 0.000001 0.000001 0.000001 0.000001 0.000001 0.000001 0.000001 0.000041 0.000001 0.000001 0.000001 0.000001 0.000001 0.000001 0.000001 0.000001 0.000001 0.000001 0.000001 0.000001 0.000001 
0.000001 0.000001 0.000001 0.000001 0.000001 0.000001 0.000001 0.000001 0.000001 0.000001 0.000006 0.000001 0.000001 0.000001 0.000001 0.000001 0.000001 0.000001 0.000001 0.000001 0.000001 0.000001 0.000001 0.000001 0.000001 0.000001 0.000001 0.000002 0.000001 0.000001 0.000001 0.000001 0.000001 0.000001 0.999915 0.000001 0.000001 0.000001 0.000001 0.000001 0.000001 0.000001 0.000001 0.000001 0.000001 0.000001 0.000001 0.000001 0.000001 0.000001 0.000001 0.000001 0.000001 0.000001 0.000001 0.000001 0.000002 0.000002 0.000020 0.000001 0.000001 0.000001 0.000001 0.000001 0.000001 0.000001 0.000001 0.000001 0.000001 0.000001 0.000001 0.000001 0.000001 0.000001 0.000001 0.000001 0.000001 0.000001 0.000001 0.000001 0.000001 0.000001 0.000001 0.000001 0.000001 0.000001 0.000001 0.000001 0.000001 0.000001 0.000001 0.000001 0.000001 0.000001 0.000001 0.000001 
0.000001 0.000001 0.000001 0.000001 0.000001 0.000001 0.000001 0.000001 0.000001 0.000001 0.000006 0.000001 0.000001 0.000001 0.000001 0.000001 0.000001 0.000001 0.000001 0.000001 0.000001 0.000001 0.000001 0.000001 0.000001 0.000001 0.000001 0.000002 0.000001 0.000001 0.000001 0.000001 0.000001 0.000001 0.000002 0.000001 0.000001 0.000001 0.000001 0.000001 0.000001 0.000001 0.000001 0.000001 0.000001 0.000001 0.000001 0.000001 0.000001 0.000001 0.000001 0.000001 0.000001 0.000001 0.000001 0.000001 0.000002 0.000002 0.999931 0.000001 0.000001 0.000001 0.000001 0.000001 0.000001 0.000001 0.000001 0.000001 0.000001 0.000001 0.000001 0.000001 0.000001 0.000001 0.000001 0.000001 0.000001 0.000001 0.000001 0.000001 0.000001 0.000001 0.000001 0.000001 0.000001 0.000001 0.000001 0.000001 0.000001 0.000001 0.000001 0.000001 0.000001 0.000001 0.000001 0.000001 
0.000009 0.000009 0.000009 0.000009 0.000009 0.000009 0.000009 0.000009 0.000011 0.000010 0.000190 0.000010 0.000009 0.000009 0.000009 0.000009 0.000009 0.000009 0.000013 0.000009 0.000009 0.000009 0.000009 0.000009 0.000010 0.000014 0.000009 0.000026 0.000009 0.000009 0.000009 0.000009 0.000009 0.000009 0.012235 0.000009 0.000009 0.000009 0.000009 0.000009 0.000009 0.000009 0.000013 0.000009 0.000009 0.000009 0.000009 0.000009 0.000009 0.000009 0.000009 0.000009 0.000009 0.000009 0.000009 0.000009 0.985728 0.000036 0.000914 0.000015 0.000009 0.000009 0.000009 0.000009 0.000009 0.000009 0.000009 0.000009 0.000009 0.000009 0.000009 0.000009 0.000009 0.000009 0.000009 0.000009 0.000009 0.000009 0.000009 0.000009 0.000009 0.000009 0.000015 0.000009 0.000009 0.000009 0.000009 0.000009 0.000009 0.000009 0.000009 0.000009 0.000009 0.000009 0.000009 0.000009 
0.000001 0.000001 0.000001 0.000001 0.000001 0.000001 0.000001 0.000001 0.000002 0.000002 0.838238 0.000002 0.000001 0.000001 0.000001 0.000001 0.000001 0.000001 0.000002 0.000001 0.000001 0.000001 0.000001 0.000001 0.000002 0.000002 0.000001 0.000004 0.000001 0.000001 0.000001 0.000001 0.000001 0.000001 0.000004 0.000001 0.000001 0.000001 0.000001 0.000001 0.000001 0.000001 0.000002 0.000001 0.000001 0.000001 0.000001 0.000001 0.000001 0.000001 0.000001 0.000001 0.000001 0.000001 0.000001 0.000001 0.000091 0.003212 0.085841 0.072480 0.000001 0.000001 0.000001 0.000001 0.000001 0.000001 0.000001 0.000001 0.000001 0.000001 0.000001 0.000001 0.000001 0.000001 0.000001 0.000001 0.000001 0.000001 0.000001 0.000001 0.000001 0.000001 0.000002 0.000001 0.000001 0.000001 0.000001 0.000001 0.000001 0.000001 0.000001 0.000001 0.000001 0.000001 0.000001 0.000001 
0.077841 0.077962 0.071020 0.077439 0.076761 0.077534 0.077805 0.077948 0.077959 0.074720 0.077953 0.077284 0.077775 
0.079042 0.079064 0.070993 0.078795 0.077782 0.078518 0.075475 0.079042 0.079042 0.079032 0.079066 0.065306 0.078845 
0.084299 0.084318 0.076870 0.082540 0.004995 0.083863 0.078219 0.084298 0.084299 0.084282 0.084319 0.083566 0.084133 
0.080820 0.080835 0.032621 0.080661 0.079664 0.080490 0.080695 0.080821 0.080822 0.080802 0.080837 0.080234 0.080699 
breast
0.111231 0.123977 0.000005 0.049853 0.051952 0.015315 0.111256 0.111258 0.111246 0.123168 0.125400 0.010853 0.054485 
0.108062 0.115290 0.000506 0.057855 0.064469 0.017114 0.108042 0.108032 0.108054 0.127193 0.116069 0.011818 0.057496 
0.116827 0.124302 0.000506 0.035496 0.061561 0.013573 0.115205 0.115189 0.115250 0.127169 0.125138 0.006919 0.042866 
0.110702 0.123563 0.000005 0.045465 0.049527 0.016424 0.110716 0.110714 0.110712 0.130171 0.124982 0.010879 0.056138 
0.111052 0.120728 0.000005 0.051095 0.059420 0.013591 0.111036 0.111029 0.111046 0.125713 0.121774 0.006999 0.056512 
0.110791 0.116357 0.000005 0.052359 0.067424 0.012967 0.110725 0.110706 0.110761 0.133725 0.116906 0.006589 0.050685 
0.111304 0.124259 0.000506 0.043372 0.054478 0.012153 0.111311 0.111309 0.111310 0.132201 0.125660 0.007735 0.054403 
0.111596 0.120098 0.000005 0.051699 0.062420 0.017749 0.111603 0.111615 0.111601 0.118695 0.120834 0.007767 0.054319 
0.111195 0.119584 0.000005 0.042711 0.065843 0.011038 0.111137 0.111123 0.111168 0.140227 0.120406 0.005823 0.049739 
0.112434 0.120096 0.000005 0.047247 0.069396 0.012663 0.112380 0.112368 0.112409 0.123690 0.120839 0.008242 0.048230 
0.109369 0.117160 0.000506 0.048618 0.067462 0.011794 0.109327 0.109315 0.109350 0.137228 0.117944 0.007609 0.054318 
0.108946 0.119070 0.000005 0.045165 0.070006 0.016496 0.108930 0.108923 0.108940 0.130676 0.120096 0.012345 0.050402 
0.113721 0.125824 0.000005 0.046404 0.057590 0.012234 0.113718 0.113714 0.113722 0.123207 0.127137 0.004791 0.047932 
0.114964 0.118909 0.000506 0.043327 0.069014 0.013557 0.114834 0.114809 0.114902 0.117681 0.119187 0.006941 0.051368 
0.110204 0.117565 0.000506 0.051466 0.060691 0.013886 0.110202 0.110212 0.110205 0.133197 0.118167 0.009677 0.054023 
0.112951 0.121381 0.000005 0.047707 0.063804 0.011308 0.112902 0.112889 0.112929 0.127726 0.122250 0.004179 0.049970 
0.113860 0.123569 0.000506 0.044597 0.055088 0.011662 0.113818 0.113808 0.113841 0.125696 0.124581 0.006182 0.052794 
0.113550 0.123120 0.000005 0.038385 0.073127 0.016566 0.113491 0.113479 0.113522 0.119657 0.124011 0.009711 0.041375 
0.109053 0.120885 0.000506 0.049393 0.060432 0.014656 0.109069 0.109067 0.109063 0.133718 0.122183 0.008063 0.053912 
0.114022 0.124596 0.000506 0.047568 0.056852 0.011119 0.114003 0.113998 0.114016 0.122190 0.125724 0.006631 0.048775 
0.112880 0.120866 0.000005 0.047254 0.059680 0.010777 0.112826 0.112814 0.112856 0.129706 0.121678 0.006472 0.052187 
0.110484 0.119542 0.000506 0.044599 0.065510 0.014019 0.110445 0.110434 0.110467 0.133703 0.120451 0.008578 0.051261 
0.113127 0.124324 0.000506 0.049775 0.048178 0.010279 0.113123 0.113118 0.113128 0.130715 0.125583 0.004998 0.053147 
0.110195 0.119528 0.000506 0.046453 0.058006 0.012032 0.110168 0.110157 0.110184 0.146716 0.120511 0.007878 0.047666 
0.110326 0.121765 0.000005 0.043464 0.059451 0.017011 0.110317 0.110311 0.110324 0.135680 0.122971 0.010382 0.047994 
0.108290 0.118612 0.000506 0.052657 0.059862 0.012332 0.108298 0.108293 0.108296 0.141230 0.119751 0.008143 0.053729 
0.111638 0.121382 0.000506 0.049089 0.059546 0.014062 0.111619 0.111612 0.111631 0.128192 0.122419 0.008514 0.049789 
0.109933 0.119300 0.000005 0.057773 0.054503 0.012747 0.109933 0.109927 0.109936 0.130232 0.120371 0.006307 0.059032 
0.112999 0.125847 0.000005 0.051316 0.052374 0.012815 0.113024 0.113026 0.113015 0.120690 0.127294 0.007132 0.050462 
0.114381 0.121198 0.000005 0.040532 0.064536 0.015962 0.114287 0.114267 0.114336 0.125158 0.121804 0.009242 0.044291 
0.111126 0.117600 0.000506 0.046537 0.066950 0.010979 0.111056 0.111039 0.111094 0.139221 0.118216 0.006825 0.048852 
0.110899 0.119219 0.000506 0.050342 0.061294 0.012948 0.110866 0.110854 0.110885 0.135211 0.120094 0.007557 0.049326 
0.112798 0.120018 0.000005 0.042873 0.062365 0.014152 0.112724 0.112707 0.112764 0.134170 0.120698 0.009878 0.044847 
0.113610 0.123259 0.000005 0.052632 0.051347 0.011389 0.113593 0.113586 0.113604 0.126701 0.124334 0.005946 0.049994 
0.110746 0.119271 0.000005 0.051376 0.064777 0.013872 0.110716 0.110706 0.110734 0.124723 0.120168 0.006297 0.056609 
0.110866 0.117728 0.000506 0.049997 0.069442 0.014457 0.110812 0.110799 0.110841 0.123186 0.118395 0.010140 0.052831 
0.112734 0.123821 0.000506 0.044445 0.058405 0.011911 0.112715 0.112710 0.112727 0.123693 0.124984 0.007423 0.053925 
0.113688 0.124138 0.000506 0.041219 0.057085 0.012221 0.113645 0.113634 0.113669 0.126700 0.125210 0.005722 0.052564 
0.112398 0.124080 0.000005 0.042233 0.053706 0.016252 0.112383 0.112376 0.112393 0.132169 0.125320 0.009526 0.047159 
0.108740 0.118378 0.000506 0.052004 0.059262 0.014010 0.108734 0.108727 0.108740 0.135719 0.119429 0.008626 0.057125 
0.113233 0.123579 0.000506 0.052314 0.049214 0.010003 0.113224 0.113218 0.113232 0.128218 0.124747 0.004758 0.053754 
0.110216 0.118250 0.000005 0.049932 0.061539 0.015842 0.110268 0.110310 0.110244 0.129686 0.119120 0.010419 0.054168 
0.112942 0.125436 0.000005 0.040300 0.050509 0.014112 0.112929 0.112922 0.112938 0.136686 0.126773 0.007480 0.046968 
0.111727 0.120332 0.000005 0.045731 0.055920 0.013406 0.111681 0.111668 0.111707 0.130188 0.121215 0.009076 0.057345 
0.112118 0.120196 0.000005 0.047333 0.065688 0.012643 0.112071 0.112059 0.112097 0.128193 0.121002 0.008269 0.048325 
0.111387 0.120870 0.000506 0.047886 0.059795 0.011634 0.111360 0.111351 0.111376 0.131719 0.121871 0.006262 0.053985 
0.110985 0.122129 0.000005 0.041602 0.055485 0.010462 0.110964 0.112486 0.110977 0.146220 0.123302 0.006301 0.049082 
0.109886 0.120508 0.000005 0.047667 0.058512 0.014036 0.109917 0.109933 0.109903 0.133207 0.121481 0.008574 0.056372 
0.113537 0.121463 0.000005 0.055398 0.064270 0.012278 0.113503 0.113495 0.113523 0.107695 0.122301 0.006612 0.055920 
0.111515 0.121238 0.000005 0.048634 0.061575 0.016965 0.111494 0.111488 0.111507 0.118661 0.122254 0.011369 0.053295 
0.110329 0.118653 0.000005 0.053351 0.062014 0.015441 0.110305 0.110295 0.110320 0.126701 0.119543 0.008811 0.054231 
0.113282 0.123011 0.000005 0.043033 0.058379 0.015511 0.113237 0.113227 0.113262 0.116671 0.123997 0.008676 0.057707 
0.111285 0.122219 0.000005 0.042554 0.062689 0.015262 0.111265 0.111258 0.111277 0.128169 0.123338 0.010902 0.049778 
0.114103 0.125510 0.000005 0.042358 0.050878 0.015229 0.114077 0.114070 0.114093 0.124665 0.126720 0.008421 0.049872 
0.112256 0.119812 0.000005 0.048509 0.054610 0.011258 0.112202 0.112188 0.112232 0.138707 0.120602 0.007042 0.050576 
0.115567 0.125793 0.000005 0.042665 0.063369 0.011182 0.115522 0.115515 0.115547 0.113684 0.126821 0.005596 0.048733 
0.112448 0.123538 0.000005 0.051415 0.051676 0.012381 0.112431 0.112423 0.112442 0.131191 0.123041 0.008000 0.049008 
0.110463 0.118766 0.000005 0.045314 0.063309 0.014392 0.110417 0.110404 0.110442 0.138688 0.119596 0.010215 0.047989 
0.110495 0.118742 0.000005 0.048801 0.058859 0.013457 0.110546 0.110587 0.110523 0.138209 0.119645 0.008095 0.052035 
0.110860 0.122793 0.000506 0.044164 0.055243 0.015254 0.110858 0.110854 0.110861 0.131172 0.124070 0.010920 0.052446 
0.111903 0.122108 0.000005 0.045666 0.062938 0.010515 0.111919 0.111935 0.111912 0.134715 0.123005 0.006239 0.047139 
0.112012 0.122296 0.000005 0.049080 0.053049 0.011343 0.111999 0.111991 0.112008 0.138216 0.123426 0.006024 0.048552 
0.115780 0.127328 0.000005 0.041219 0.054481 0.014729 0.115750 0.115743 0.115767 0.120155 0.128532 0.007849 0.042664 
0.111346 0.121759 0.001508 0.045501 0.059430 0.012102 0.111327 0.111320 0.111339 0.136704 0.122855 0.007786 0.047024 
0.112691 0.122901 0.001007 0.046236 0.065785 0.013877 0.112665 0.112660 0.112680 0.114684 0.123948 0.008156 0.052712 
0.112494 0.121560 0.000506 0.040613 0.068728 0.011855 0.112476 0.112487 0.112486 0.130196 0.122262 0.007483 0.046854 
0.111426 0.119505 0.000005 0.052503 0.063704 0.014116 0.111394 0.111383 0.111413 0.125705 0.120356 0.007507 0.050983 
0.109066 0.120497 0.000506 0.047416 0.059097 0.014642 0.109072 0.109065 0.109071 0.144228 0.121745 0.007124 0.048471 
0.112114 0.119889 0.000506 0.042926 0.064775 0.017369 0.112046 0.112030 0.112082 0.123674 0.120630 0.009534 0.052427 
0.113468 0.124180 0.001007 0.045263 0.051581 0.014134 0.113444 0.113435 0.113458 0.127683 0.125330 0.007447 0.049571 
0.112946 0.122177 0.000005 0.046307 0.053632 0.016578 0.112906 0.112894 0.112929 0.126174 0.123149 0.008741 0.051562 
0.110978 0.122119 0.000005 0.053453 0.057604 0.011653 0.110990 0.110990 0.110987 0.122213 0.123356 0.007200 0.058454 
0.112053 0.122500 0.000506 0.056535 0.050062 0.014117 0.112100 0.112120 0.112078 0.117687 0.123528 0.008447 0.058266 
0.109558 0.119423 0.000005 0.055905 0.051654 0.015706 0.109566 0.109560 0.109564 0.134681 0.120544 0.011546 0.052287 
0.112137 0.123158 0.000506 0.042741 0.056082 0.013996 0.112113 0.112107 0.112128 0.123675 0.124304 0.009526 0.057528 
0.113383 0.122390 0.000005 0.046783 0.051123 0.015872 0.113342 0.113330 0.113365 0.128656 0.123343 0.010322 0.048086 
0.114291 0.125794 0.000005 0.041031 0.063576 0.013885 0.114261 0.114253 0.114278 0.120195 0.126975 0.005275 0.046180 
0.112676 0.120605 0.001007 0.048436 0.064816 0.010259 0.112665 0.112675 0.112672 0.128722 0.121246 0.005026 0.049195 
0.113548 0.121342 0.000005 0.041646 0.061073 0.011872 0.113472 0.113454 0.113513 0.137207 0.122096 0.005556 0.045216 
0.113155 0.122262 0.000506 0.045013 0.061915 0.009720 0.113109 0.113099 0.113135 0.127713 0.123186 0.005453 0.051733 
0.110054 0.119449 0.000005 0.044813 0.059703 0.016435 0.110022 0.110010 0.110040 0.140191 0.120421 0.009915 0.048941 
0.110507 0.119787 0.000005 0.055245 0.060822 0.009170 0.110499 0.110494 0.110506 0.128744 0.120810 0.005024 0.058386 
0.112258 0.121899 0.000005 0.045988 0.055165 0.016003 0.112228 0.112218 0.112245 0.128652 0.122908 0.011711 0.048720 
0.110922 0.120086 0.000005 0.043182 0.066234 0.015482 0.110877 0.110864 0.110902 0.134713 0.121004 0.006844 0.048885 
0.110555 0.116282 0.000506 0.051524 0.070620 0.011274 0.110489 0.110474 0.110525 0.131224 0.116830 0.007061 0.052637 
0.109802 0.119666 0.000506 0.052147 0.051099 0.017133 0.109797 0.109790 0.109802 0.131674 0.120763 0.011761 0.056060 
0.111877 0.118025 0.000506 0.044554 0.058063 0.010950 0.111792 0.111772 0.111838 0.142714 0.118612 0.006834 0.052463 
0.111768 0.117692 0.000506 0.059476 0.061141 0.011872 0.111722 0.111710 0.111748 0.117708 0.118329 0.007479 0.058848 
0.110746 0.119259 0.000506 0.050240 0.061700 0.013140 0.110716 0.110706 0.110733 0.132700 0.120151 0.008847 0.050557 
0.110275 0.121269 0.000506 0.053407 0.058874 0.014009 0.110288 0.110287 0.110284 0.121694 0.122483 0.009560 0.057064 
0.111350 0.124078 0.001007 0.043939 0.059016 0.013203 0.111359 0.111357 0.111356 0.133190 0.125442 0.008777 0.045926 
0.110297 0.122681 0.000506 0.049268 0.067086 0.015725 0.110319 0.110321 0.110310 0.118184 0.124013 0.010025 0.051266 
0.110930 0.119737 0.000506 0.051540 0.055999 0.012619 0.110907 0.110897 0.110921 0.132704 0.120689 0.008318 0.054234 
0.110268 0.119767 0.000506 0.054402 0.073032 0.013908 0.110353 0.110402 0.110312 0.119217 0.120814 0.007227 0.049793 
0.113570 0.123572 0.000005 0.043228 0.054669 0.011913 0.113530 0.113519 0.113553 0.132195 0.124613 0.006460 0.049173 
0.112154 0.124520 0.000005 0.044691 0.050061 0.012493 0.112152 0.112148 0.112156 0.132210 0.125879 0.005999 0.055532 
0.112739 0.123835 0.000005 0.045461 0.059462 0.016310 0.112725 0.112719 0.112734 0.121167 0.125004 0.009464 0.048375 
0.108883 0.119571 0.000506 0.040809 0.063026 0.012560 0.108860 0.108851 0.108874 0.148220 0.120663 0.008421 0.050755 
0.110721 0.118196 0.001007 0.046254 0.063298 0.014512 0.110664 0.110649 0.110695 0.134697 0.118935 0.009122 0.051251 
0.112930 0.119070 0.000005 0.051225 0.062427 0.012631 0.112864 0.112848 0.112900 0.125188 0.119679 0.008261 0.049972 
prostate
0.111117 0.117466 0.000005 0.044747 0.070863 0.013134 0.111029 0.111021 0.111080 0.127698 0.118036 0.008836 0.054969 
0.112460 0.123213 0.000005 0.049840 0.043835 0.017059 0.112442 0.112445 0.112458 0.123162 0.124423 0.010277 0.058381 
0.111873 0.121589 0.000506 0.042596 0.063856 0.014058 0.111824 0.111823 0.111855 0.129189 0.122562 0.008510 0.049760 
0.113952 0.123446 0.000005 0.050535 0.058817 0.013058 0.113918 0.113920 0.113942 0.118182 0.124458 0.007385 0.048380 
0.113076 0.122900 0.000005 0.047674 0.066103 0.012187 0.113042 0.113045 0.113066 0.121188 0.123911 0.007665 0.046137 
0.110556 0.116132 0.000506 0.050545 0.074152 0.012945 0.110478 0.110469 0.110523 0.130217 0.116649 0.007565 0.049262 
0.115367 0.127119 0.000506 0.039502 0.053724 0.010305 0.115324 0.115326 0.115352 0.125684 0.128338 0.005859 0.047593 
0.113237 0.120891 0.000005 0.040270 0.068338 0.015243 0.113235 0.113279 0.113242 0.121686 0.121626 0.007463 0.051486 
0.110341 0.121388 0.000506 0.048074 0.057005 0.016767 0.110332 0.110335 0.110343 0.133184 0.122586 0.010107 0.049030 
0.110606 0.121636 0.000506 0.045398 0.051008 0.013525 0.110585 0.110585 0.110602 0.142216 0.122839 0.007072 0.053424 
0.111168 0.120272 0.000506 0.055558 0.052290 0.011589 0.111148 0.111150 0.111165 0.129214 0.121297 0.007255 0.057388 
0.110701 0.120131 0.000506 0.044991 0.058986 0.012602 0.110659 0.110657 0.110687 0.137706 0.121106 0.008337 0.052931 
0.110194 0.122123 0.000005 0.049765 0.053073 0.014835 0.110202 0.110208 0.110204 0.136195 0.123454 0.009342 0.050401 
0.113052 0.123756 0.000005 0.045201 0.057227 0.011393 0.113020 0.113022 0.113043 0.128706 0.124889 0.005951 0.050736 
0.113823 0.123309 0.001007 0.044053 0.056210 0.015129 0.113809 0.113830 0.113822 0.124160 0.124116 0.009486 0.047246 
0.112497 0.122737 0.001508 0.043134 0.059596 0.015918 0.112494 0.112517 0.112501 0.124163 0.123619 0.010298 0.049017 
0.111066 0.120555 0.001007 0.040651 0.062175 0.014801 0.111010 0.111006 0.111045 0.135189 0.121494 0.009348 0.050654 
0.110729 0.118536 0.000506 0.046410 0.065519 0.016810 0.110668 0.110662 0.110705 0.129693 0.119310 0.009077 0.051374 
0.112478 0.122175 0.000506 0.051390 0.065305 0.014063 0.112454 0.112459 0.112472 0.111174 0.123193 0.009457 0.052874 
0.112346 0.120071 0.000506 0.043831 0.060493 0.015853 0.112272 0.112265 0.112316 0.128167 0.120823 0.010359 0.050699 
0.112935 0.120963 0.000005 0.040710 0.067405 0.012121 0.112853 0.112848 0.112901 0.127191 0.121707 0.007724 0.050635 
0.110225 0.119955 0.000005 0.048698 0.054327 0.011827 0.110196 0.110193 0.110218 0.145246 0.121024 0.004733 0.053350 
0.109248 0.119824 0.001007 0.051072 0.056623 0.014320 0.109241 0.109245 0.109251 0.128711 0.120986 0.008825 0.061646 
0.113511 0.123865 0.000506 0.049548 0.053472 0.013837 0.113526 0.113552 0.113525 0.122677 0.124826 0.008176 0.048978 
0.112282 0.122656 0.000005 0.047458 0.056912 0.016284 0.112255 0.112257 0.112275 0.123172 0.123762 0.009494 0.051188 
0.112104 0.121026 0.000506 0.045318 0.058256 0.011551 0.112053 0.112049 0.112085 0.137704 0.121944 0.007274 0.048129 
0.112281 0.123738 0.000506 0.044595 0.059461 0.012508 0.112259 0.112263 0.112277 0.124201 0.124948 0.006927 0.054036 
0.112331 0.121411 0.000005 0.050710 0.052172 0.017181 0.112297 0.112296 0.112321 0.124152 0.122395 0.011655 0.051074 
0.112373 0.123203 0.000005 0.046744 0.055189 0.011365 0.112348 0.112352 0.112367 0.125703 0.124364 0.006933 0.057054 
0.111470 0.122504 0.000005 0.050587 0.052555 0.014847 0.111466 0.111470 0.111475 0.132184 0.123729 0.009301 0.048407 
0.109307 0.120819 0.000005 0.048639 0.059008 0.013705 0.109307 0.109313 0.109313 0.130705 0.122069 0.009358 0.058451 
0.111876 0.119788 0.000005 0.053858 0.060658 0.014055 0.111836 0.111834 0.111863 0.125692 0.120633 0.008515 0.049387 
0.112434 0.123671 0.000005 0.041940 0.058830 0.013726 0.112403 0.112405 0.112425 0.128676 0.124833 0.009269 0.049381 
0.112561 0.120789 0.000506 0.040922 0.062851 0.015472 0.112483 0.112475 0.112529 0.131690 0.121580 0.007771 0.048371 
0.114831 0.126484 0.000005 0.043070 0.051073 0.010016 0.114799 0.114801 0.114822 0.129701 0.127736 0.004719 0.047942 
0.113314 0.119546 0.000005 0.050863 0.067609 0.011657 0.113237 0.113231 0.113283 0.121205 0.120152 0.006200 0.049697 
0.109276 0.117237 0.000506 0.050528 0.062699 0.015809 0.109235 0.109231 0.109262 0.135696 0.118066 0.010475 0.051980 
0.114757 0.127534 0.000506 0.038681 0.054656 0.013868 0.114767 0.114794 0.114768 0.123162 0.128698 0.008119 0.045691 
0.112630 0.124700 0.000005 0.048579 0.055202 0.013615 0.112627 0.112635 0.112635 0.118686 0.126021 0.007897 0.054767 
0.112208 0.124221 0.000005 0.041940 0.063335 0.013738 0.112190 0.112195 0.112205 0.130177 0.125466 0.009268 0.043054 
0.112288 0.124604 0.000005 0.049294 0.057634 0.010334 0.112291 0.112300 0.112296 0.122722 0.125962 0.004961 0.055308 
0.114550 0.124959 0.000005 0.044054 0.056730 0.014394 0.114596 0.114651 0.114580 0.118160 0.126077 0.008639 0.048605 
0.110040 0.119436 0.001508 0.051933 0.061175 0.012169 0.110019 0.110020 0.110036 0.133228 0.120453 0.006793 0.053190 
0.111632 0.121205 0.000506 0.045280 0.059473 0.013957 0.111590 0.111590 0.111618 0.128182 0.122190 0.009576 0.053202 
0.111453 0.119212 0.000005 0.047012 0.068407 0.010825 0.111389 0.111385 0.111427 0.125229 0.119976 0.005510 0.058169 
0.112510 0.118119 0.001007 0.040436 0.070474 0.015390 0.112395 0.112381 0.112459 0.129683 0.118574 0.008805 0.047769 
0.109300 0.116021 0.000005 0.054151 0.076513 0.016376 0.109292 0.109312 0.109301 0.124191 0.116522 0.010957 0.048059 
0.112376 0.120494 0.000506 0.053331 0.056680 0.012408 0.112334 0.112333 0.112362 0.122195 0.121367 0.007974 0.055641 
0.113752 0.122248 0.000005 0.046034 0.055716 0.011621 0.113691 0.113686 0.113729 0.132699 0.123128 0.006225 0.047465 
0.113567 0.122927 0.000005 0.043074 0.063994 0.008629 0.113507 0.113506 0.113544 0.126219 0.123861 0.004475 0.052691 
0.108885 0.117256 0.001007 0.052462 0.061822 0.012396 0.108853 0.108851 0.108876 0.138237 0.118154 0.007107 0.056095 
0.109292 0.119323 0.000506 0.047245 0.058906 0.012699 0.109267 0.109266 0.109286 0.142738 0.120398 0.006367 0.054708 
0.110353 0.119988 0.000506 0.048470 0.059182 0.015237 0.110321 0.110320 0.110343 0.127213 0.121013 0.007533 0.059520 
0.113628 0.121421 0.001007 0.043964 0.060520 0.014106 0.113551 0.113544 0.113597 0.126685 0.122184 0.007467 0.048326 
0.112715 0.122709 0.000005 0.049246 0.054269 0.012208 0.112686 0.112685 0.112707 0.131211 0.123799 0.005760 0.050000 
0.114362 0.125323 0.000506 0.038810 0.060391 0.012475 0.114311 0.114311 0.114343 0.131182 0.126427 0.006919 0.040639 
0.112096 0.122881 0.001007 0.039083 0.059928 0.014637 0.112049 0.112047 0.112079 0.135190 0.123972 0.008012 0.047020 
0.108595 0.119795 0.001007 0.049240 0.054282 0.012440 0.108593 0.108595 0.108601 0.142746 0.121041 0.006126 0.058941 
0.112595 0.119747 0.000506 0.045815 0.066841 0.015174 0.112519 0.112512 0.112564 0.125684 0.120430 0.008505 0.047109 
0.111265 0.117574 0.000005 0.048001 0.065639 0.013457 0.111187 0.111178 0.111233 0.134204 0.118181 0.008077 0.049999 
0.110051 0.120848 0.000506 0.046966 0.058034 0.017523 0.110037 0.110038 0.110050 0.136178 0.122006 0.010926 0.046838 
0.110453 0.122323 0.000005 0.043328 0.059670 0.011849 0.110440 0.110444 0.110453 0.138214 0.123580 0.007535 0.051706 
0.112966 0.124320 0.000506 0.047041 0.047824 0.012469 0.112945 0.112946 0.112962 0.129213 0.125581 0.005067 0.056158 
0.114158 0.124071 0.000005 0.042679 0.058902 0.013901 0.114102 0.114100 0.114137 0.120190 0.125081 0.006194 0.052479 
0.111421 0.122377 0.000005 0.058287 0.050893 0.012732 0.111433 0.111442 0.111434 0.117198 0.123639 0.008195 0.060943 
0.110078 0.118926 0.000005 0.059412 0.055174 0.012647 0.110069 0.110072 0.110081 0.127713 0.119934 0.008308 0.057581 
0.113001 0.128296 0.000506 0.051080 0.037778 0.013262 0.113050 0.113065 0.113033 0.127672 0.130098 0.008677 0.050481 
0.111046 0.121174 0.000005 0.051688 0.064762 0.013907 0.111030 0.111033 0.111044 0.122719 0.122265 0.006260 0.053067 
0.112476 0.122111 0.000005 0.050208 0.055655 0.016029 0.112445 0.112447 0.112468 0.119174 0.123149 0.009220 0.054613 
0.110792 0.122819 0.000506 0.044317 0.057544 0.012483 0.110780 0.110784 0.110792 0.135224 0.124114 0.006037 0.053808 
0.115076 0.123869 0.000005 0.038514 0.054866 0.013153 0.114993 0.114986 0.115042 0.133159 0.124722 0.008736 0.042879 
0.107909 0.115889 0.000005 0.048980 0.070031 0.015968 0.107866 0.107861 0.107894 0.139228 0.116700 0.008417 0.053250 
0.111898 0.120733 0.000506 0.045828 0.062989 0.014112 0.111846 0.111843 0.111879 0.128200 0.121630 0.007498 0.051037 
0.109896 0.115656 0.000005 0.049086 0.071519 0.013504 0.109906 0.109949 0.109907 0.135227 0.116234 0.007105 0.052005 
0.113503 0.125726 0.000005 0.048195 0.055605 0.016429 0.113499 0.113506 0.113508 0.112669 0.127061 0.008365 0.051927 
0.112438 0.122483 0.001007 0.039938 0.064679 0.016156 0.112385 0.112383 0.112418 0.128161 0.123470 0.010585 0.043900 
0.111836 0.124501 0.000506 0.047740 0.045998 0.016684 0.111844 0.111851 0.111847 0.131158 0.125924 0.011120 0.048989 
0.110533 0.121704 0.000506 0.050269 0.058527 0.014515 0.110531 0.110537 0.110538 0.124686 0.122919 0.010095 0.054640 
0.112026 0.121771 0.000005 0.041174 0.050111 0.013637 0.111971 0.111967 0.112006 0.138181 0.122778 0.009358 0.055012 
0.112087 0.123136 0.000005 0.047283 0.059417 0.009464 0.112068 0.112073 0.112084 0.129224 0.124320 0.005215 0.053624 
0.113903 0.122536 0.000506 0.048748 0.068048 0.012808 0.113850 0.113849 0.113883 0.113704 0.123413 0.005234 0.049519 
0.111012 0.122913 0.001508 0.050175 0.046272 0.012461 0.111015 0.111021 0.111021 0.132713 0.124266 0.006997 0.058625 
0.112327 0.122528 0.000005 0.051461 0.055671 0.017120 0.112308 0.112312 0.112324 0.113164 0.123637 0.010228 0.056916 
0.112286 0.122319 0.001007 0.047242 0.047566 0.014913 0.112253 0.112250 0.112276 0.138697 0.123425 0.007296 0.048470 
0.111237 0.118468 0.000005 0.042839 0.076853 0.015121 0.111156 0.111150 0.111203 0.118686 0.119109 0.009544 0.054630 
0.111488 0.123927 0.000506 0.043013 0.057590 0.013813 0.111478 0.111483 0.111489 0.132693 0.125254 0.008246 0.049018 
0.111464 0.119083 0.001007 0.054957 0.057409 0.011298 0.111513 0.111564 0.111495 0.131714 0.119951 0.007019 0.051523 
0.113250 0.124059 0.000005 0.042014 0.054527 0.015648 0.113211 0.113211 0.113237 0.128658 0.125183 0.010029 0.046967 
0.112655 0.121058 0.000005 0.046776 0.065615 0.011954 0.112596 0.112594 0.112632 0.120206 0.121898 0.006434 0.055576 
0.111141 0.119143 0.000506 0.045261 0.074361 0.011610 0.111081 0.111076 0.111117 0.135723 0.119914 0.006291 0.042775 
0.114075 0.122930 0.000005 0.047892 0.066400 0.012809 0.114023 0.114024 0.114056 0.112684 0.123823 0.007109 0.050171 
0.111420 0.121039 0.000506 0.043514 0.062211 0.012732 0.111371 0.111369 0.111402 0.127208 0.122013 0.007235 0.057980 
0.113036 0.123481 0.000005 0.043659 0.060949 0.012210 0.112997 0.112998 0.113023 0.128198 0.124559 0.006690 0.048194 
0.112086 0.123473 0.000005 0.054024 0.053621 0.015278 0.112091 0.112099 0.112095 0.115685 0.124754 0.008417 0.056371 
0.108633 0.117430 0.000005 0.055337 0.064617 0.013253 0.108616 0.108618 0.108631 0.127730 0.118384 0.007819 0.060927 
0.112649 0.123256 0.000506 0.045764 0.055082 0.013600 0.112617 0.112618 0.112640 0.126197 0.124387 0.006955 0.053729 
0.112341 0.121345 0.000506 0.047196 0.057359 0.017432 0.112383 0.112433 0.112369 0.126181 0.122328 0.008506 0.049622 
0.110577 0.120514 0.000005 0.043233 0.062295 0.012684 0.110536 0.110534 0.110563 0.138716 0.121532 0.007304 0.051506 
0.110952 0.121988 0.000506 0.049002 0.055820 0.010528 0.110980 0.111008 0.110972 0.132724 0.123028 0.006242 0.056249 
0.109580 0.120416 0.000005 0.055224 0.056585 0.014080 0.109588 0.109595 0.109591 0.126711 0.121636 0.008540 0.058449 
skin
0.110303 0.122474 0.000006 0.053483 0.053791 0.012488 0.110316 0.110331 0.110320 0.129720 0.123857 0.006994 0.055917 
0.113047 0.121529 0.000006 0.044232 0.054916 0.014301 0.112975 0.112976 0.113021 0.128178 0.122390 0.008761 0.053669 
0.112502 0.119878 0.000006 0.055295 0.055730 0.011652 0.112447 0.112451 0.112485 0.122213 0.120682 0.006219 0.058442 
0.115947 0.125698 0.000006 0.045099 0.046914 0.016710 0.115891 0.115896 0.115930 0.121123 0.126735 0.011002 0.043048 
0.112769 0.118735 0.000006 0.043977 0.062106 0.016162 0.112664 0.112658 0.112726 0.133672 0.119279 0.009599 0.045647 
0.112516 0.122672 0.000006 0.044326 0.051497 0.016024 0.112468 0.112472 0.112502 0.132184 0.123752 0.008264 0.051318 
0.114711 0.123694 0.000006 0.045723 0.058046 0.013846 0.114647 0.114651 0.114689 0.118667 0.124610 0.008146 0.048563 
0.111501 0.122104 0.001007 0.043272 0.063067 0.015124 0.111462 0.111470 0.111491 0.127681 0.123190 0.009547 0.049083 
0.110151 0.121997 0.000006 0.052252 0.055378 0.013549 0.110157 0.110171 0.110164 0.131211 0.123326 0.008024 0.053616 
0.114081 0.121767 0.001007 0.046841 0.056723 0.013707 0.114005 0.114007 0.114054 0.122665 0.122541 0.009251 0.049352 
0.109431 0.118735 0.000506 0.052590 0.056146 0.014058 0.109405 0.109411 0.109428 0.139224 0.119763 0.007607 0.053694 
0.114345 0.123668 0.000006 0.047409 0.057206 0.013319 0.114290 0.114297 0.114328 0.117676 0.124641 0.007636 0.051180 
0.115615 0.127536 0.000006 0.039350 0.054718 0.014474 0.115567 0.115575 0.115601 0.121169 0.128773 0.006636 0.044979 
0.110269 0.118482 0.000506 0.045253 0.051008 0.020259 0.110205 0.110205 0.110247 0.137147 0.119335 0.013939 0.053145 
0.110014 0.118720 0.001007 0.049929 0.064168 0.016316 0.109969 0.109974 0.110001 0.123706 0.119628 0.008547 0.058021 
0.111984 0.120854 0.000506 0.042627 0.065323 0.013956 0.111917 0.111921 0.111960 0.126680 0.121718 0.009571 0.050984 
0.112133 0.123028 0.000006 0.044137 0.054487 0.013571 0.112096 0.112102 0.112124 0.132702 0.124188 0.006998 0.052428 
0.112143 0.120589 0.000006 0.043602 0.064214 0.011297 0.112073 0.112075 0.112118 0.134207 0.121419 0.007009 0.049249 
0.111431 0.121604 0.000006 0.048437 0.055073 0.011070 0.111399 0.111406 0.111425 0.137725 0.122710 0.005791 0.051922 
0.112967 0.123433 0.000006 0.046800 0.057104 0.009452 0.112969 0.113001 0.112977 0.129717 0.124383 0.005212 0.051982 
0.112393 0.119877 0.000006 0.049635 0.063513 0.013803 0.112326 0.112328 0.112370 0.122191 0.120631 0.008236 0.052691 
0.113724 0.123314 0.000006 0.042176 0.061982 0.010825 0.113659 0.113663 0.113702 0.130206 0.124278 0.005474 0.046991 
0.110748 0.119974 0.000006 0.052986 0.059550 0.011376 0.110717 0.110725 0.110742 0.128230 0.120979 0.006016 0.057954 
0.111650 0.117747 0.000006 0.054354 0.061247 0.011364 0.111576 0.111576 0.111623 0.121725 0.118379 0.006002 0.062752 
0.111723 0.120616 0.000506 0.048356 0.057714 0.011856 0.111673 0.111678 0.111708 0.128206 0.121549 0.007499 0.056917 
0.109976 0.120061 0.000006 0.053852 0.057818 0.013516 0.109963 0.109973 0.109979 0.132214 0.121180 0.008055 0.053406 
0.110521 0.120565 0.000006 0.042987 0.062816 0.016468 0.110476 0.110481 0.110508 0.136186 0.121590 0.009873 0.047525 
0.113090 0.122359 0.000506 0.044648 0.058223 0.013173 0.113072 0.113099 0.113090 0.129178 0.123141 0.008763 0.047658 
0.112159 0.122237 0.000506 0.047870 0.061211 0.013888 0.112122 0.112129 0.112151 0.124709 0.123305 0.006255 0.051458 
0.112813 0.121810 0.001007 0.046462 0.057065 0.013287 0.112885 0.112964 0.112858 0.131700 0.122624 0.006750 0.047774 
0.110324 0.120018 0.001007 0.043291 0.063388 0.014560 0.110274 0.110279 0.110309 0.131199 0.120998 0.009086 0.055267 
0.112926 0.122337 0.000506 0.051553 0.053818 0.015273 0.112888 0.112894 0.112917 0.119689 0.123366 0.007449 0.054383 
0.107785 0.117722 0.000506 0.059840 0.056448 0.015973 0.107791 0.107802 0.107798 0.128219 0.118865 0.009382 0.061867 
0.112784 0.122954 0.001508 0.051689 0.053378 0.011978 0.112756 0.112766 0.112780 0.117204 0.124074 0.006408 0.059722 
0.112211 0.120873 0.000506 0.045563 0.057464 0.013414 0.112239 0.112296 0.112235 0.130184 0.121797 0.009060 0.052157 
0.110679 0.119931 0.000006 0.047831 0.066422 0.014954 0.110634 0.110638 0.110666 0.129722 0.120891 0.006343 0.051282 
0.112542 0.122326 0.000506 0.041021 0.056177 0.015240 0.112480 0.112485 0.112521 0.128159 0.123310 0.010891 0.052340 
