-3901388.527993
0
0.000001 0.000001 0.000001 0.000001 0.000001 0.000001 0.000001 0.000001 0.000001 0.000001 0.040394 0.000001 0.000001 0.000001 0.000001 0.000001 0.000001 0.000001 0.000046 0.000001 0.000001 0.000001 0.000001 0.000001 0.000001 0.000086 0.000001 0.014896 0.000001 0.000001 0.000001 0.000001 0.000001 0.000001 0.090997 0.000001 0.000001 0.000001 0.000001 0.000001 0.000001 0.000001 0.000001 0.000001 0.000001 0.000001 0.000001 0.000001 0.000001 0.000001 0.000001 0.000001 0.000001 0.000001 0.000001 0.000001 0.000455 0.016324 0.836545 0.000023 0.000001 0.000001 0.000001 0.000001 0.000001 0.000001 0.000001 0.000001 0.000001 0.000001 0.000001 0.000001 0.000001 0.000001 0.000001 0.000001 0.000001 0.000001 0.000001 0.000001 0.000001 0.000001 0.000161 0.000001 0.000001 0.000001 0.000001 0.000001 0.000001 0.000001 0.000001 0.000001 0.000001 0.000001 0.000001 0.000001 
0.000001 0.000001 0.000001 0.000001 0.000001 0.000001 0.000001 0.000001 0.000001 0.000001 0.040384 0.000001 0.000001 0.000001 0.000001 0.000001 0.000001 0.000001 0.000058 0.000001 0.000001 0.000001 0.000001 0.000001 0.000001 0.000094 0.000001 0.014965 0.000001 0.000001 0.000001 0.000001 0.000001 0.000001 0.091242 0.000001 0.000001 0.000001 0.000001 0.000001 0.000001 0.000001 0.000001 0.000001 0.000001 0.000001 0.000001 0.000001 0.000001 0.000001 0.000001 0.000001 0.000001 0.000001 0.000001 0.000001 0.000456 0.016388 0.836150 0.000024 0.000001 0.000001 0.000001 0.000001 0.000001 0.000001 0.000001 0.000001 0.000001 0.000001 0.000001 0.000001 0.000001 0.000001 0.000001 0.000001 0.000001 0.000001 0.000001 0.000001 0.000001 0.000001 0.000164 0.000001 0.000001 0.000001 0.000001 0.000001 0.000001 0.000001 0.000001 0.000001 0.000001 0.000001 0.000001 0.000001 
0.000259 0.000259 0.000259 0.000259 0.000259 0.000259 0.000259 0.000259 0.968326 0.000278 0.001189 0.000277 0.000259 0.000259 0.000259 0.000259 0.000259 0.000259 0.000362 0.000259 0.000259 0.000259 0.000259 0.000259 0.000275 0.000371 0.000259 0.000791 0.000259 0.000259 0.000259 0.000259 0.000259 0.000259 0.001246 0.000259 0.000259 0.000259 0.000259 0.000259 0.000259 0.000259 0.000285 0.000259 0.000259 0.000259 0.000259 0.000259 0.000259 0.000259 0.000259 0.000259 0.000259 0.000259 0.000259 0.000259 0.000551 0.000833 0.003374 0.000421 0.000259 0.000259 0.000259 0.000259 0.000259 0.000259 0.000259 0.000259 0.000259 0.000259 0.000259 0.000259 0.000259 0.000259 0.000259 0.000259 0.000259 0.000259 0.000259 0.000259 0.000259 0.000259 0.000483 0.000259 0.000259 0.000259 0.000259 0.000259 0.000259 0.000259 0.000259 0.000259 0.000259 0.000259 0.000259 0.000259 
0.000002 0.000002 0.000002 0.000002 0.000002 0.000002 0.000002 0.000002 0.000002 0.000002 0.999617 0.000002 0.000002 0.000002 0.000002 0.000002 0.000002 0.000002 0.000002 0.000002 0.000002 0.000002 0.000002 0.000002 0.000002 0.000002 0.000002 0.000005 0.000002 0.000002 0.000002 0.000002 0.000002 0.000002 0.000008 0.000002 0.000002 0.000002 0.000002 0.000002 0.000002 0.000002 0.000002 0.000002 0.000002 0.000002 0.000002 0.000002 0.000002 0.000002 0.000002 0.000002 0.000002 0.000002 0.000002 0.000002 0.000003 0.000005 0.000208 0.000003 0.000002 0.000002 0.000002 0.000002 0.000002 0.000002 0.000002 0.000002 0.000002 0.000002 0.000002 0.000002 0.000002 0.000002 0.000002 0.000002 0.000002 0.000002 0.000002 0.000002 0.000002 0.000002 0.000003 0.000002 0.000002 0.000002 0.000002 0.000002 0.000002 0.000002 0.000002 0.000002 0.000002 0.000002 0.000002 0.000002 
0.000002 0.000002 0.000002 0.000002 0.000002 0.000002 0.000002 0.000002 0.000002 0.000002 0.876098 0.000002 0.000002 0.000002 0.000002 0.000002 0.000002 0.000002 0.000002 0.000002 0.000002 0.000002 0.000002 0.000002 0.000002 0.000002 0.000002 0.024521 0.000002 0.000002 0.000002 0.000002 0.000002 0.000002 0.000008 0.000002 0.000002 0.000002 0.000002 0.000002 0.000002 0.000002 0.000002 0.000002 0.000002 0.000002 0.000002 0.000002 0.000002 0.000002 0.000002 0.000002 0.000002 0.000002 0.000002 0.000002 0.000003 0.099169 0.000048 0.000003 0.000002 0.000002 0.000002 0.000002 0.000002 0.000002 0.000002 0.000002 0.000002 0.000002 0.000002 0.000002 0.000002 0.000002 0.000002 0.000002 0.000002 0.000002 0.000002 0.000002 0.000002 0.000002 0.000003 0.000002 0.000002 0.000002 0.000002 0.000002 0.000002 0.000002 0.000002 0.000002 0.000002 0.000002 0.000002 0.000002 
0.000001 0.000001 0.000001 0.000001 0.000001 0.000001 0.000001 0.000001 0.000001 0.000001 0.002659 0.000001 0.000001 0.000001 0.000001 0.000001 0.000001 0.000001 0.000001 0.000001 0.000001 0.000001 0.000001 0.000001 0.000001 0.000001 0.000001 0.028600 0.000001 0.000001 0.000001 0.000001 0.000001 0.000001 0.112444 0.000001 0.000001 0.000001 0.000001 0.000001 0.000001 0.000001 0.000954 0.000001 0.000001 0.000001 0.000001 0.000001 0.000001 0.000001 0.000001 0.000001 0.000001 0.000001 0.000001 0.000001 0.076916 0.008511 0.769068 0.000072 0.000001 0.000001 0.000001 0.000001 0.000001 0.000001 0.000001 0.000001 0.000001 0.000001 0.000001 0.000001 0.000001 0.000001 0.000001 0.000001 0.000001 0.000001 0.000001 0.000001 0.000001 0.000001 0.000693 0.000001 0.000001 0.000001 0.000001 0.000001 0.000001 0.000001 0.000001 0.000001 0.000001 0.000001 0.000001 0.000001 
0.000001 0.000001 0.000001 0.000001 0.000001 0.000001 0.000001 0.000001 0.000001 0.000001 0.040393 0.000001 0.000001 0.000001 0.000001 0.000001 0.000001 0.000001 0.000050 0.000001 0.000001 0.000001 0.000001 0.000001 0.000001 0.000089 0.000001 0.014919 0.000001 0.000001 0.000001 0.000001 0.000001 0.000001 0.091073 0.000001 0.000001 0.000001 0.000001 0.000001 0.000001 0.000001 0.000001 0.000001 0.000001 0.000001 0.000001 0.000001 0.000001 0.000001 0.000001 0.000001 0.000001 0.000001 0.000001 0.000001 0.000455 0.016344 0.836419 0.000023 0.000001 0.000001 0.000001 0.000001 0.000001 0.000001 0.000001 0.000001 0.000001 0.000001 0.000001 0.000001 0.000001 0.000001 0.000001 0.000001 0.000001 0.000001 0.000001 0.000001 0.000001 0.000001 0.000162 0.000001 0.000001 0.000001 0.000001 0.000001 0.000001 0.000001 0.000001 0.000001 0.000001 0.000001 0.000001 0.000001 
0.000001 0.000001 0.000001 0.000001 0.000001 0.000001 0.000001 0.000001 0.000001 0.000001 0.040375 0.000001 0.000001 0.000001 0.000001 0.000001 0.000001 0.000001 0.000025 0.000001 0.000001 0.000001 0.000001 0.000001 0.000001 0.000071 0.000001 0.014738 0.000001 0.000001 0.000001 0.000001 0.000001 0.000001 0.090419 0.000001 0.000001 0.000001 0.000001 0.000001 0.000001 0.000001 0.000001 0.000001 0.000001 0.000001 0.000001 0.000001 0.000001 0.000001 0.000001 0.000001 0.000001 0.000001 0.000001 0.000001 0.000451 0.016166 0.837507 0.000021 0.000001 0.000001 0.000001 0.000001 0.000001 0.000001 0.000001 0.000001 0.000001 0.000001 0.000001 0.000001 0.000001 0.000001 0.000001 0.000001 0.000001 0.000001 0.000001 0.000001 0.000001 0.000001 0.000154 0.000001 0.000001 0.000001 0.000001 0.000001 0.000001 0.000001 0.000001 0.000001 0.000001 0.000001 0.000001 0.000001 
0.000001 0.000001 0.000001 0.000001 0.000001 0.000001 0.000001 0.000001 0.000001 0.000001 0.040211 0.000029 0.000001 0.000001 0.000001 0.000001 0.000001 0.000001 0.000105 0.000001 0.000001 0.000001 0.000001 0.000001 0.000015 0.000125 0.000001 0.015190 0.000001 0.000001 0.000001 0.000001 0.000001 0.000001 0.091993 0.000001 0.000001 0.000001 0.000001 0.000001 0.000001 0.000001 0.000001 0.000001 0.000001 0.000001 0.000001 0.000001 0.000001 0.000001 0.000001 0.000001 0.000001 0.000001 0.000001 0.000001 0.000462 0.016561 0.835031 0.000027 0.000001 0.000001 0.000001 0.000001 0.000001 0.000001 0.000001 0.000001 0.000001 0.000001 0.000001 0.000001 0.000001 0.000001 0.000001 0.000001 0.000001 0.000001 0.000001 0.000001 0.000001 0.000001 0.000179 0.000001 0.000001 0.000001 0.000001 0.000001 0.000001 0.000001 0.000001 0.000001 0.000001 0.000001 0.000001 0.000001 
0.000001 0.000001 0.000001 0.000001 0.000001 0.000001 0.000001 0.000001 0.000001 0.000001 0.000005 0.000001 0.000001 0.000001 0.000001 0.000001 0.000001 0.000001 0.000001 0.000001 0.000001 0.000001 0.000001 0.000001 0.000001 0.000001 0.000001 0.000003 0.000001 0.000001 0.000001 0.000001 0.000001 0.000001 0.999859 0.000001 0.000001 0.000001 0.000001 0.000001 0.000001 0.000001 0.000001 0.000001 0.000001 0.000001 0.000001 0.000001 0.000001 0.000001 0.000001 0.000001 0.000001 0.000001 0.000001 0.000001 0.000002 0.000003 0.000032 0.000002 0.000001 0.000001 0.000001 0.000001 0.000001 0.000001 0.000001 0.000001 0.000001 0.000001 0.000001 0.000001 0.000001 0.000001 0.000001 0.000001 0.000001 0.000001 0.000001 0.000001 0.000001 0.000001 0.000002 0.000001 0.000001 0.000001 0.000001 0.000001 0.000001 0.000001 0.000001 0.000001 0.000001 0.000001 0.000001 0.000001 
0.000001 0.000001 0.000001 0.000001 0.000001 0.000001 0.000001 0.000001 0.000001 0.000040 0.000089 0.000001 0.000001 0.000001 0.000001 0.000001 0.000001 0.000001 0.000001 0.000001 0.000001 0.000001 0.000001 0.000001 0.000001 0.000001 0.000001 0.000471 0.000001 0.000001 0.000001 0.000001 0.000001 0.000001 0.001755 0.000001 0.000001 0.000001 0.000001 0.000001 0.000001 0.000001 0.000001 0.000001 0.000001 0.000001 0.000001 0.000001 0.000001 0.000001 0.000001 0.000001 0.000001 0.000001 0.000001 0.000001 0.000002 0.000179 0.997369 0.000001 0.000001 0.000001 0.000001 0.000001 0.000001 0.000001 0.000001 0.000001 0.000001 0.000001 0.000001 0.000001 0.000001 0.000001 0.000001 0.000001 0.000001 0.000001 0.000001 0.000001 0.000001 0.000001 0.000023 0.000001 0.000001 0.000001 0.000001 0.000001 0.000001 0.000001 0.000001 0.000001 0.000001 0.000001 0.000001 0.000001 
0.000003 0.000003 0.000003 0.000003 0.000003 0.000003 0.000003 0.000003 0.000004 0.000004 0.000020 0.000004 0.000003 0.000003 0.000003 0.000003 0.000003 0.000003 0.000005 0.000003 0.000003 0.000003 0.000003 0.000003 0.000004 0.000005 0.000003 0.000011 0.000003 0.000003 0.000003 0.000003 0.000003 0.000003 0.249764 0.000003 0.000003 0.000003 0.000003 0.000003 0.000003 0.000003 0.000004 0.000003 0.000003 0.000003 0.000003 0.000003 0.000003 0.000003 0.000003 0.000003 0.000003 0.000003 0.000003 0.000003 0.724871 0.000011 0.025002 0.000006 0.000003 0.000003 0.000003 0.000003 0.000003 0.000003 0.000003 0.000003 0.000003 0.000003 0.000003 0.000003 0.000003 0.000003 0.000003 0.000003 0.000003 0.000003 0.000003 0.000003 0.000003 0.000003 0.000006 0.000003 0.000003 0.000003 0.000003 0.000003 0.000003 0.000003 0.000003 0.000003 0.000003 0.000003 0.000003 0.000003 
0.000002 0.000002 0.000002 0.000002 0.000002 0.000002 0.000002 0.000002 0.000002 0.000002 0.909344 0.000002 0.000002 0.000002 0.000002 0.000002 0.000002 0.000002 0.000002 0.000002 0.000002 0.000002 0.000002 0.000002 0.000002 0.000002 0.000002 0.000005 0.000002 0.000002 0.000002 0.000002 0.000002 0.000002 0.000141 0.000002 0.000002 0.000002 0.000002 0.000002 0.000002 0.000002 0.000002 0.000002 0.000002 0.000002 0.000002 0.000002 0.000002 0.000002 0.000002 0.000002 0.000002 0.000002 0.000002 0.000002 0.000003 0.000005 0.009811 0.080540 0.000002 0.000002 0.000002 0.000002 0.000002 0.000002 0.000002 0.000002 0.000002 0.000002 0.000002 0.000002 0.000002 0.000002 0.000002 0.000002 0.000002 0.000002 0.000002 0.000002 0.000002 0.000002 0.000003 0.000002 0.000002 0.000002 0.000002 0.000002 0.000002 0.000002 0.000002 0.000002 0.000002 0.000002 0.000002 0.000002 
0.000191 0.000191 0.000191 0.000191 0.000191 0.000191 0.000191 0.000191 0.000213 0.000205 0.000891 0.000205 0.000191 0.000191 0.000191 0.000191 0.000191 0.000191 0.000268 0.000191 0.000191 0.000191 0.000191 0.000191 0.000203 0.000274 0.000191 0.000587 0.000191 0.000191 0.000191 0.000191 0.000191 0.000191 0.000935 0.000191 0.000191 0.000191 0.000191 0.000191 0.000191 0.000191 0.000211 0.000191 0.000191 0.000191 0.000191 0.000191 0.000191 0.000191 0.000191 0.000191 0.000191 0.000191 0.000191 0.000191 0.000408 0.000618 0.002857 0.000311 0.000191 0.000191 0.000191 0.000191 0.000191 0.000191 0.000191 0.000191 0.000191 0.000191 0.000191 0.000191 0.000191 0.000191 0.000191 0.000191 0.000191 0.000191 0.000191 0.000191 0.000191 0.000191 0.976325 0.000191 0.000191 0.000191 0.000191 0.000191 0.000191 0.000191 0.000191 0.000191 0.000191 0.000191 0.000191 0.000191 
0.000002 0.000002 0.000002 0.000002 0.000002 0.000002 0.000002 0.000002 0.000002 0.000002 0.000009 0.000002 0.000002 0.000002 0.000002 0.000002 0.000002 0.000002 0.000002 0.000002 0.000002 0.000002 0.000002 0.000002 0.000002 0.000003 0.000002 0.040260 0.000002 0.000002 0.000002 0.000002 0.000002 0.000002 0.000106 0.000002 0.000002 0.000002 0.000002 0.000002 0.000002 0.000002 0.000002 0.000002 0.000002 0.000002 0.000002 0.000002 0.000002 0.000002 0.000002 0.000002 0.000002 0.000002 0.000002 0.000002 0.000004 0.957890 0.001569 0.000003 0.000002 0.000002 0.000002 0.000002 0.000002 0.000002 0.000002 0.000002 0.000002 0.000002 0.000002 0.000002 0.000002 0.000002 0.000002 0.000002 0.000002 0.000002 0.000002 0.000002 0.000002 0.000002 0.000003 0.000002 0.000002 0.000002 0.000002 0.000002 0.000002 0.000002 0.000002 0.000002 0.000002 0.000002 0.000002 0.000002 
0.000001 0.000001 0.000001 0.000001 0.000001 0.000001 0.000001 0.000001 0.000001 0.000001 0.000004 0.000001 0.000001 0.000001 0.000001 0.000001 0.000001 0.000001 0.000001 0.000001 0.000001 0.000001 0.000001 0.000001 0.000001 0.000001 0.000001 0.000002 0.000001 0.000001 0.000001 0.000001 0.000001 0.000001 0.000004 0.000001 0.000001 0.000001 0.000001 0.000001 0.000001 0.000001 0.000001 0.000001 0.000001 0.000001 0.000001 0.000001 0.000001 0.000001 0.000001 0.000001 0.000001 0.000001 0.000001 0.000001 0.000002 0.000003 0.999912 0.000001 0.000001 0.000001 0.000001 0.000001 0.000001 0.000001 0.000001 0.000001 0.000001 0.000001 0.000001 0.000001 0.000001 0.000001 0.000001 0.000001 0.000001 0.000001 0.000001 0.000001 0.000001 0.000001 0.000001 0.000001 0.000001 0.000001 0.000001 0.000001 0.000001 0.000001 0.000001 0.000001 0.000001 0.000001 0.000001 0.000001 
0.062850 0.063551 0.059291 0.062354 0.063464 0.063536 0.063531 0.063546 0.063459 0.058115 0.063549 0.063367 0.063502 0.059743 0.062588 0.063555 
0.067693 0.067800 0.062118 0.066728 0.067672 0.067777 0.067799 0.067800 0.060689 0.067094 0.067813 0.067532 0.067655 0.062300 0.003711 0.067817 
0.059443 0.065926 0.061838 0.065822 0.065850 0.065912 0.065927 0.065927 0.065829 0.025967 0.065931 0.065761 0.065878 0.063102 0.064955 0.065934 
0.064901 0.064996 0.061533 0.064907 0.064933 0.064984 0.064996 0.064997 0.064910 0.064383 0.065002 0.064859 0.064934 0.030600 0.064062 0.065002 
breast
0.089870 0.089848 0.000005 0.047707 0.046020 0.080345 0.089865 0.089930 0.089764 0.068368 0.097573 0.027777 0.048250 0.000006 0.036955 0.097718 
0.086411 0.086400 0.000506 0.054551 0.053876 0.078948 0.086409 0.086445 0.086350 0.073017 0.090692 0.030539 0.050856 0.000295 0.043946 0.090758 
0.091976 0.091966 0.000506 0.037323 0.039754 0.082218 0.091975 0.092012 0.093451 0.072231 0.097908 0.020232 0.039962 0.000829 0.049679 0.097980 
0.089766 0.089748 0.000005 0.043832 0.042762 0.080875 0.089762 0.089818 0.089677 0.074579 0.096728 0.028590 0.050430 0.000290 0.036290 0.096847 
0.089348 0.089334 0.000005 0.049054 0.048615 0.078864 0.089346 0.089391 0.089273 0.072101 0.095147 0.020455 0.050597 0.000835 0.042395 0.095240 
0.088360 0.088356 0.000005 0.050747 0.051965 0.080337 0.088360 0.088379 0.088326 0.079929 0.091215 0.019546 0.045165 0.000292 0.047780 0.091236 
0.090296 0.090277 0.000506 0.042736 0.042059 0.078997 0.090291 0.090350 0.090200 0.077467 0.097412 0.021174 0.049542 0.000006 0.041145 0.097543 
0.089091 0.089103 0.000005 0.049919 0.049875 0.080995 0.089096 0.089082 0.089144 0.065281 0.094875 0.023562 0.048599 0.001856 0.044546 0.094972 
0.089444 0.089436 0.000005 0.043121 0.044468 0.078391 0.089443 0.089473 0.089395 0.085931 0.093528 0.017522 0.045872 0.000292 0.050098 0.093579 
0.089463 0.089450 0.000005 0.047311 0.048433 0.079664 0.089461 0.089503 0.089393 0.069954 0.094968 0.022057 0.043864 0.000006 0.051414 0.095054 
0.087828 0.087819 0.000506 0.047749 0.048338 0.077683 0.087827 0.087859 0.087772 0.083253 0.091787 0.020922 0.049535 0.000006 0.049269 0.091848 
0.087326 0.087308 0.000005 0.045700 0.045646 0.078549 0.087322 0.087377 0.087234 0.075664 0.093649 0.031208 0.046627 0.000006 0.052604 0.093774 
0.091585 0.091566 0.000005 0.045877 0.045311 0.081653 0.091581 0.091641 0.091488 0.069509 0.099129 0.015697 0.042790 0.000288 0.042621 0.099261 
0.090415 0.090412 0.000506 0.043611 0.047251 0.082319 0.090416 0.090433 0.090388 0.064472 0.094435 0.019997 0.047505 0.000832 0.052557 0.094453 
0.088375 0.088393 0.000506 0.049348 0.049651 0.079675 0.088382 0.088351 0.088453 0.078551 0.091943 0.025313 0.048135 0.000006 0.042925 0.091993 
0.090610 0.090599 0.000005 0.047051 0.047879 0.078437 0.090608 0.090646 0.090548 0.074484 0.095726 0.014373 0.045007 0.001348 0.046882 0.095796 
0.091470 0.091458 0.000506 0.043660 0.044418 0.080853 0.091468 0.091508 0.091406 0.071598 0.097295 0.018033 0.047631 0.000288 0.041037 0.097371 
0.090039 0.090021 0.000005 0.041014 0.042686 0.082196 0.090035 0.090092 0.089948 0.065271 0.097574 0.026371 0.038954 0.000289 0.057799 0.097705 
0.088417 0.088399 0.000506 0.048076 0.046668 0.077506 0.088413 0.088469 0.088324 0.079368 0.094759 0.023097 0.048523 0.000836 0.043758 0.094882 
0.091560 0.091543 0.000506 0.046555 0.046467 0.080237 0.091556 0.091609 0.091473 0.068334 0.098356 0.018496 0.043307 0.000006 0.041527 0.098467 
0.090440 0.090431 0.000005 0.046100 0.047125 0.080062 0.090439 0.090471 0.090386 0.075662 0.095003 0.018229 0.046915 0.000006 0.043669 0.095058 
0.088690 0.088678 0.000506 0.044637 0.045325 0.079095 0.088688 0.088727 0.088625 0.079136 0.093802 0.023593 0.047089 0.000292 0.049237 0.093881 
0.091800 0.091787 0.000506 0.047130 0.046365 0.079868 0.091798 0.091840 0.091732 0.076512 0.097391 0.015456 0.046441 0.000289 0.033617 0.097467 
0.089162 0.089154 0.000506 0.045528 0.045689 0.079107 0.089161 0.089191 0.089110 0.091357 0.092764 0.021655 0.042480 0.000006 0.042317 0.092814 
0.089076 0.089060 0.000005 0.043511 0.043245 0.079908 0.089072 0.089123 0.088993 0.079977 0.095204 0.028265 0.043591 0.000834 0.044823 0.095312 
0.087856 0.087843 0.000506 0.050414 0.049057 0.077164 0.087854 0.087897 0.087782 0.086743 0.092454 0.022210 0.047656 0.000006 0.042018 0.092541 
0.089706 0.089692 0.000506 0.047845 0.047627 0.079967 0.089704 0.089748 0.089632 0.073725 0.095414 0.023334 0.044302 0.000291 0.043003 0.095504 
0.088934 0.088923 0.000005 0.053542 0.052112 0.078242 0.088933 0.088971 0.088870 0.076687 0.093593 0.018946 0.051446 0.000836 0.036296 0.093662 
0.091366 0.091345 0.000005 0.049169 0.047381 0.079792 0.091361 0.091427 0.091261 0.066795 0.099309 0.020162 0.044016 0.000289 0.036869 0.099453 
0.090679 0.090672 0.000005 0.041528 0.044080 0.082930 0.090679 0.090708 0.090633 0.070203 0.095551 0.025358 0.040656 0.000831 0.049889 0.095599 
0.088932 0.088927 0.000506 0.046220 0.047837 0.078959 0.088932 0.088953 0.088894 0.084930 0.091981 0.019177 0.044330 0.000006 0.049407 0.092010 
0.089165 0.089156 0.000506 0.048854 0.049018 0.079307 0.089164 0.089196 0.089111 0.080747 0.093315 0.021313 0.043719 0.000292 0.043765 0.093370 
0.089958 0.089951 0.000005 0.043166 0.045026 0.081952 0.089958 0.089984 0.089914 0.078644 0.093968 0.025739 0.040617 0.000006 0.047101 0.094010 
0.091576 0.091564 0.000005 0.049768 0.049257 0.080704 0.091574 0.091613 0.091513 0.072595 0.096823 0.017516 0.043093 0.000289 0.035223 0.096890 
0.088690 0.088677 0.000005 0.049718 0.049765 0.079517 0.088687 0.088730 0.088619 0.071571 0.094107 0.019284 0.051103 0.000835 0.046500 0.094192 
0.088079 0.088067 0.000506 0.049160 0.050113 0.079663 0.088077 0.088115 0.088014 0.069392 0.093073 0.026154 0.047981 0.000006 0.050450 0.093150 
0.090630 0.090612 0.000506 0.043930 0.044030 0.079695 0.090626 0.090681 0.090539 0.069742 0.097722 0.020292 0.049171 0.000006 0.043974 0.097844 
0.091426 0.091412 0.000506 0.041179 0.042131 0.080278 0.091423 0.091468 0.091355 0.072599 0.097782 0.017528 0.048241 0.000831 0.043970 0.097872 
0.090711 0.090695 0.000005 0.042047 0.042061 0.081508 0.090707 0.090757 0.090632 0.076401 0.097109 0.026238 0.042442 0.000831 0.040645 0.097211 
0.087889 0.087877 0.000506 0.049627 0.048783 0.078214 0.087887 0.087927 0.087823 0.081334 0.092590 0.023736 0.051049 0.000294 0.041798 0.092666 
0.091667 0.091656 0.000506 0.049136 0.048386 0.079756 0.091665 0.091705 0.091603 0.074404 0.096993 0.014850 0.046667 0.000289 0.033654 0.097062 
0.088315 0.088369 0.000005 0.048323 0.048464 0.079908 0.088334 0.088231 0.088577 0.074970 0.092855 0.027527 0.048674 0.000292 0.044230 0.092925 
0.091617 0.091602 0.000005 0.040209 0.040253 0.081167 0.091614 0.091661 0.091541 0.080915 0.097872 0.021738 0.042309 0.000830 0.038701 0.097968 
0.089634 0.089624 0.000005 0.044270 0.045125 0.081048 0.089633 0.089666 0.089579 0.075432 0.094399 0.023928 0.052000 0.000006 0.041193 0.094458 
0.089553 0.089541 0.000005 0.047007 0.047868 0.079808 0.089551 0.089590 0.089486 0.073980 0.094654 0.022194 0.043630 0.000006 0.048396 0.094732 
0.089749 0.089738 0.000506 0.046621 0.046764 0.078764 0.089748 0.089787 0.089685 0.077784 0.094903 0.018370 0.048667 0.000291 0.043645 0.094979 
0.090164 0.090153 0.000005 0.041471 0.041723 0.078663 0.090162 0.090200 0.090101 0.091024 0.096380 0.018202 0.044600 0.000006 0.042225 0.094919 
0.088864 0.088875 0.000005 0.046281 0.045702 0.078606 0.088869 0.088855 0.088916 0.078631 0.094298 0.023595 0.051047 0.000292 0.042768 0.094395 
0.090126 0.090110 0.000005 0.052973 0.053010 0.079590 0.090123 0.090174 0.090043 0.056018 0.097051 0.018654 0.049644 0.000291 0.045026 0.097160 
0.089031 0.089014 0.000005 0.047557 0.047440 0.080772 0.089027 0.089081 0.088944 0.064426 0.095927 0.029398 0.048092 0.000291 0.044950 0.096044 
0.088423 0.088411 0.000005 0.051085 0.050797 0.079366 0.088421 0.088460 0.088356 0.072710 0.093413 0.024531 0.048164 0.000835 0.043536 0.093489 
0.090313 0.090298 0.000005 0.042511 0.043483 0.082880 0.090310 0.090359 0.090236 0.062868 0.097395 0.023911 0.053152 0.000289 0.044491 0.097499 
0.089302 0.089284 0.000005 0.042996 0.043224 0.080105 0.089298 0.089354 0.089211 0.073066 0.096154 0.027989 0.045814 0.000006 0.047913 0.096279 
0.091820 0.091805 0.000005 0.041752 0.042071 0.082442 0.091817 0.091866 0.091742 0.069576 0.098692 0.023577 0.044832 0.000829 0.038381 0.098792 
0.090299 0.090295 0.000005 0.046558 0.047447 0.080813 0.090300 0.090320 0.090264 0.083767 0.093407 0.019602 0.044613 0.000006 0.038875 0.093427 
0.092138 0.092120 0.000005 0.043281 0.044316 0.080288 0.092134 0.092192 0.092047 0.060819 0.100132 0.016527 0.044715 0.000288 0.048736 0.100261 
0.090653 0.090641 0.000005 0.048843 0.048384 0.080940 0.090651 0.090689 0.092121 0.076260 0.095499 0.021615 0.042370 0.000006 0.035758 0.095565 
0.088612 0.088602 0.000005 0.045095 0.045924 0.080079 0.088611 0.088643 0.088556 0.083241 0.092738 0.026617 0.043471 0.000006 0.047003 0.092797 
0.089032 0.089089 0.000005 0.047231 0.047451 0.079428 0.089052 0.088941 0.089305 0.083349 0.092695 0.022553 0.046484 0.000292 0.042348 0.092744 
0.089512 0.089494 0.000506 0.043479 0.042988 0.080358 0.089508 0.089563 0.089422 0.075691 0.096209 0.028070 0.047525 0.000006 0.041341 0.096329 
0.090284 0.090296 0.000005 0.045621 0.045679 0.078088 0.090289 0.090276 0.090335 0.080430 0.095624 0.017902 0.042565 0.000006 0.046879 0.095723 
0.090776 0.090766 0.000005 0.047206 0.046763 0.079603 0.090775 0.090811 0.090717 0.083423 0.095387 0.017931 0.042457 0.000290 0.037642 0.095448 
0.092790 0.092772 0.000005 0.041670 0.042224 0.082661 0.092787 0.092843 0.092701 0.065386 0.100519 0.022220 0.038161 0.000828 0.041793 0.100639 
0.089861 0.089848 0.001507 0.045122 0.045096 0.079197 0.089859 0.089903 0.089787 0.081803 0.095195 0.021326 0.042177 0.000006 0.044028 0.095285 
0.089899 0.089880 0.001006 0.046160 0.046377 0.079503 0.089895 0.089956 0.089802 0.061660 0.097749 0.022304 0.048314 0.000291 0.049315 0.097888 
0.090028 0.090040 0.000506 0.041993 0.043385 0.079085 0.090033 0.090018 0.090083 0.075895 0.095611 0.020552 0.043678 0.000006 0.053380 0.095708 
0.089169 0.089157 0.000005 0.050770 0.050829 0.079327 0.089167 0.089206 0.089103 0.071995 0.094220 0.021585 0.045211 0.000835 0.045126 0.094296 
0.088611 0.088597 0.000506 0.046562 0.045572 0.079015 0.088608 0.088653 0.088536 0.089180 0.093629 0.021601 0.043308 0.000835 0.043067 0.093721 
0.089093 0.089082 0.000506 0.043099 0.044761 0.082644 0.089091 0.089128 0.089034 0.069206 0.094549 0.026548 0.048457 0.000833 0.049347 0.094622 
0.091434 0.091421 0.001006 0.044086 0.044195 0.081559 0.091432 0.091475 0.091364 0.072835 0.097469 0.021449 0.044040 0.000830 0.037853 0.097553 
0.090581 0.090570 0.000005 0.044898 0.045451 0.082171 0.090579 0.090616 0.090521 0.071248 0.096001 0.024857 0.045986 0.001346 0.039102 0.096069 
0.089525 0.089506 0.000005 0.050789 0.049329 0.078121 0.089521 0.089579 0.089428 0.068972 0.096453 0.019796 0.051987 0.000006 0.040401 0.096582 
0.090286 0.090296 0.000506 0.052371 0.050719 0.080437 0.090291 0.090282 0.090332 0.064118 0.096603 0.022936 0.050550 0.000290 0.033276 0.096707 
0.088548 0.088535 0.000005 0.052143 0.050527 0.080436 0.088546 0.088585 0.088479 0.079125 0.093128 0.029421 0.044923 0.000006 0.034391 0.093201 
0.090074 0.090057 0.000506 0.042112 0.042444 0.080744 0.090070 0.090123 0.089988 0.069178 0.097091 0.024853 0.052856 0.000006 0.042691 0.097207 
0.090925 0.090916 0.000005 0.045177 0.045709 0.083350 0.090924 0.090957 0.090873 0.072976 0.095851 0.027197 0.042215 0.000288 0.036733 0.095904 
0.091666 0.091646 0.000005 0.042165 0.042763 0.079435 0.091662 0.091723 0.091567 0.066671 0.099709 0.017342 0.042529 0.001853 0.049413 0.099850 
0.090344 0.090360 0.001006 0.047741 0.048542 0.078374 0.090351 0.090325 0.090415 0.075339 0.094883 0.015505 0.044202 0.000291 0.047372 0.094948 
0.091056 0.091050 0.000005 0.042047 0.043965 0.080576 0.091056 0.091080 0.091017 0.082457 0.094937 0.017294 0.041071 0.000832 0.046587 0.094970 
0.090772 0.090759 0.000506 0.044660 0.045583 0.079041 0.090770 0.090811 0.090703 0.074096 0.096359 0.015976 0.047106 0.000006 0.046411 0.096442 
0.088579 0.088569 0.000005 0.044360 0.044735 0.081564 0.088578 0.088612 0.088523 0.084425 0.092979 0.027175 0.044235 0.000291 0.044329 0.093041 
0.089173 0.089159 0.000005 0.052304 0.051413 0.076732 0.089171 0.089214 0.089098 0.075918 0.094329 0.015057 0.051816 0.000006 0.042189 0.094416 
0.089985 0.089972 0.000005 0.044977 0.045262 0.082222 0.089982 0.090025 0.089915 0.072960 0.095577 0.029636 0.043400 0.000006 0.040418 0.095659 
0.089117 0.089105 0.000005 0.043696 0.044603 0.078828 0.089115 0.089155 0.089052 0.080276 0.094236 0.021313 0.045028 0.001857 0.050299 0.094316 
0.088118 0.088111 0.000506 0.050334 0.051607 0.078263 0.088117 0.088143 0.088072 0.077836 0.091527 0.019569 0.047544 0.000006 0.050680 0.091568 
0.088601 0.088589 0.000506 0.048990 0.048049 0.081132 0.088599 0.088637 0.088538 0.076156 0.093512 0.030466 0.049224 0.000291 0.035127 0.093582 
0.089721 0.089720 0.000506 0.043497 0.045568 0.080711 0.089723 0.089732 0.089704 0.087800 0.091878 0.019179 0.047450 0.000006 0.042934 0.091872 
0.088923 0.088914 0.000506 0.055356 0.055570 0.079715 0.088922 0.088953 0.088869 0.065116 0.093245 0.020180 0.051478 0.000006 0.040949 0.093296 
0.088895 0.088883 0.000506 0.048783 0.048859 0.079448 0.088893 0.088930 0.088831 0.078157 0.093497 0.023538 0.045019 0.000006 0.044188 0.093568 
0.088753 0.088733 0.000506 0.050943 0.049429 0.078706 0.088749 0.088809 0.088654 0.067970 0.095759 0.024950 0.050773 0.000006 0.041369 0.095893 
0.090102 0.090081 0.001006 0.044120 0.043336 0.079030 0.090097 0.090159 0.090000 0.078080 0.097233 0.023509 0.041417 0.000006 0.044450 0.097373 
0.088596 0.088570 0.000506 0.048992 0.047462 0.077932 0.088590 0.088665 0.088473 0.064627 0.097321 0.026613 0.046573 0.000293 0.049285 0.097502 
0.089311 0.089301 0.000506 0.049039 0.048831 0.079844 0.089310 0.089345 0.089252 0.078181 0.093748 0.022351 0.047911 0.000006 0.039256 0.093809 
0.088187 0.088230 0.000506 0.053550 0.052359 0.077885 0.088202 0.088124 0.088405 0.066574 0.095007 0.020896 0.044639 0.000294 0.051992 0.095150 
0.091360 0.091348 0.000005 0.042702 0.043446 0.082193 0.091358 0.091397 0.091296 0.077334 0.096728 0.018733 0.044254 0.000006 0.041039 0.096801 
0.091116 0.091100 0.000005 0.043252 0.042719 0.079667 0.091113 0.091162 0.091037 0.077632 0.097525 0.018292 0.049946 0.000832 0.036978 0.097625 
0.090273 0.090254 0.000005 0.045200 0.045048 0.082253 0.090269 0.090327 0.090179 0.066618 0.097688 0.025836 0.043590 0.000289 0.044356 0.097816 
0.088248 0.088236 0.000506 0.041362 0.041735 0.077826 0.088246 0.088286 0.088180 0.092915 0.092898 0.022937 0.047110 0.000006 0.048530 0.092981 
0.088630 0.088622 0.001006 0.045607 0.046749 0.080190 0.088629 0.088656 0.088584 0.079878 0.092567 0.024741 0.046519 0.000292 0.046718 0.092611 
0.089818 0.089811 0.000005 0.049516 0.050791 0.081106 0.089818 0.089845 0.089772 0.071171 0.093835 0.022033 0.044222 0.000006 0.044375 0.093876 
prostate
0.088298 0.088288 0.000005 0.044856 0.046867 0.079581 0.088295 0.088326 0.088221 0.073830 0.092696 0.023395 0.051135 0.000006 0.053446 0.092753 
0.090726 0.090711 0.000005 0.046465 0.045788 0.083106 0.090722 0.090764 0.090633 0.068028 0.096708 0.027609 0.051201 0.000831 0.029920 0.096784 
0.089688 0.089672 0.000506 0.043028 0.043869 0.079956 0.089683 0.089728 0.089588 0.074615 0.095671 0.023363 0.045820 0.000291 0.048757 0.095765 
0.091114 0.091097 0.000005 0.049067 0.049006 0.080814 0.091109 0.091159 0.091007 0.064589 0.097708 0.020613 0.042550 0.000290 0.042061 0.097810 
0.090375 0.090354 0.000005 0.047681 0.047816 0.079371 0.090369 0.090425 0.090255 0.067546 0.097291 0.020803 0.041472 0.000006 0.048815 0.097416 
0.087811 0.087802 0.000506 0.050103 0.051576 0.079776 0.087809 0.087836 0.087737 0.076652 0.091411 0.021186 0.044663 0.000006 0.053669 0.091458 
0.092893 0.092874 0.000506 0.039862 0.040642 0.081071 0.092888 0.092940 0.092782 0.071193 0.100096 0.016853 0.043323 0.000006 0.041862 0.100208 
0.089914 0.089964 0.000005 0.041338 0.043435 0.081794 0.089931 0.089831 0.090146 0.067858 0.095659 0.021864 0.048327 0.000832 0.053358 0.095743 
0.088879 0.088861 0.000506 0.046894 0.046079 0.082610 0.088874 0.088924 0.088769 0.077706 0.094757 0.027457 0.043569 0.000006 0.041247 0.094863 
0.089931 0.089919 0.000506 0.043828 0.043533 0.079684 0.089928 0.089963 0.089846 0.086934 0.094569 0.020899 0.047787 0.000833 0.037209 0.094632 
0.089700 0.089687 0.000506 0.051665 0.050789 0.079608 0.089696 0.089733 0.089612 0.075247 0.094329 0.019956 0.049975 0.000006 0.035098 0.094393 
0.089223 0.089210 0.000506 0.044225 0.044706 0.079505 0.089220 0.089256 0.089136 0.082779 0.093859 0.022519 0.048079 0.000006 0.043844 0.093928 
0.089469 0.089451 0.000005 0.047797 0.046322 0.079598 0.089463 0.089513 0.089360 0.080807 0.095294 0.025357 0.044284 0.000291 0.037593 0.095396 
0.091140 0.091123 0.000005 0.044535 0.044698 0.079629 0.091135 0.091182 0.091038 0.074560 0.097320 0.017630 0.045713 0.000290 0.042588 0.097415 
0.091116 0.091127 0.001007 0.043651 0.044402 0.082219 0.091119 0.091102 0.091150 0.069174 0.096925 0.025340 0.042357 0.000288 0.042015 0.097009 
0.090006 0.090014 0.001508 0.043195 0.043663 0.082355 0.090009 0.090001 0.090024 0.069225 0.096466 0.027115 0.044651 0.000006 0.045183 0.096580 
0.089198 0.089185 0.001007 0.041149 0.042274 0.080273 0.089194 0.089232 0.089111 0.079969 0.094405 0.025302 0.046919 0.000291 0.048011 0.094480 
0.088478 0.088466 0.000506 0.046006 0.047019 0.079990 0.088474 0.088509 0.088394 0.075187 0.093220 0.025757 0.046839 0.001350 0.048521 0.093286 
0.089505 0.089481 0.000506 0.050223 0.049849 0.079636 0.089498 0.089561 0.089374 0.058400 0.097340 0.024485 0.047511 0.000006 0.047139 0.097485 
0.089596 0.089586 0.000506 0.043488 0.045012 0.082067 0.089593 0.089624 0.089520 0.073058 0.094355 0.027305 0.046162 0.000290 0.045429 0.094409 
0.089997 0.089984 0.000005 0.041635 0.043616 0.080195 0.089993 0.090031 0.089908 0.073056 0.095446 0.020979 0.047281 0.000006 0.052342 0.095524 
0.089637 0.089628 0.000005 0.046653 0.046431 0.078003 0.089635 0.089663 0.089563 0.090834 0.093226 0.016006 0.047371 0.001349 0.038727 0.093268 
0.088278 0.088261 0.001007 0.048521 0.047526 0.078595 0.088273 0.088321 0.088174 0.074665 0.094139 0.024058 0.055451 0.000294 0.040200 0.094238 
0.091278 0.091288 0.000506 0.047741 0.047273 0.081185 0.091281 0.091270 0.091303 0.068265 0.097425 0.022453 0.042882 0.000289 0.038038 0.097523 
0.090091 0.090073 0.000005 0.046290 0.046127 0.081071 0.090086 0.090136 0.089983 0.068575 0.096664 0.025986 0.045772 0.000833 0.041538 0.096770 
0.090239 0.090227 0.000506 0.044655 0.045403 0.080073 0.090236 0.090268 0.090158 0.082767 0.094536 0.020167 0.043133 0.000006 0.043035 0.094592 
0.090422 0.090402 0.000506 0.044169 0.044070 0.079171 0.090417 0.090473 0.090305 0.070384 0.097668 0.019776 0.049366 0.000291 0.044788 0.097793 
0.089976 0.089962 0.000005 0.048247 0.048103 0.082806 0.089972 0.090011 0.089887 0.068860 0.095374 0.030043 0.044614 0.000289 0.036409 0.095443 
0.090576 0.090558 0.000005 0.045251 0.045109 0.079610 0.090571 0.090621 0.090468 0.071770 0.097032 0.019236 0.051525 0.000006 0.040523 0.097138 
0.090128 0.090112 0.000005 0.048457 0.047353 0.080670 0.090123 0.090170 0.090026 0.076887 0.095806 0.025150 0.042078 0.000290 0.036847 0.095897 
0.088395 0.088375 0.000005 0.047077 0.046012 0.078174 0.088389 0.088445 0.088276 0.076323 0.094866 0.024710 0.053003 0.000006 0.042951 0.094991 
0.089497 0.089484 0.000005 0.051588 0.051528 0.080349 0.089493 0.089530 0.089410 0.071578 0.094307 0.023249 0.043114 0.000292 0.042202 0.094373 
0.090412 0.090393 0.000005 0.042171 0.042490 0.080522 0.090406 0.090460 0.090298 0.073653 0.097209 0.024437 0.045161 0.000006 0.045048 0.097327 
0.089909 0.089898 0.000506 0.041499 0.043266 0.082375 0.089906 0.089938 0.089831 0.076785 0.094733 0.022742 0.044583 0.000832 0.048406 0.094791 
0.092769 0.092752 0.000005 0.042447 0.042671 0.081733 0.092764 0.092812 0.092665 0.075174 0.099158 0.014770 0.042755 0.000006 0.038263 0.099254 
0.089896 0.089885 0.000005 0.049820 0.051228 0.081079 0.089893 0.089926 0.089814 0.068131 0.094576 0.017937 0.044459 0.000006 0.048710 0.094635 
0.087705 0.087694 0.000506 0.048940 0.049082 0.079593 0.087702 0.087733 0.087626 0.080698 0.091683 0.027770 0.046479 0.000294 0.044757 0.091738 
0.092416 0.092420 0.000506 0.039496 0.039815 0.081534 0.092417 0.092419 0.092421 0.068209 0.100390 0.022391 0.041746 0.000287 0.043005 0.100530 
0.090708 0.090685 0.000005 0.047000 0.046032 0.079955 0.090701 0.090764 0.090581 0.064981 0.098632 0.021818 0.049007 0.000290 0.040069 0.098772 
0.090314 0.090292 0.000005 0.043064 0.042984 0.079613 0.090307 0.090369 0.090186 0.075067 0.097640 0.024531 0.039243 0.000006 0.048595 0.097782 
0.090842 0.090820 0.000005 0.047778 0.046617 0.077664 0.090836 0.090898 0.090715 0.069657 0.098477 0.015327 0.049621 0.000291 0.041836 0.098617 
0.091643 0.091688 0.000005 0.043776 0.044171 0.081764 0.091658 0.091572 0.091853 0.063896 0.098848 0.023390 0.043796 0.000288 0.042686 0.098965 
0.088785 0.088771 0.001508 0.049984 0.049400 0.077912 0.088781 0.088822 0.088692 0.079392 0.093666 0.019619 0.047312 0.000293 0.043320 0.093744 
0.089529 0.089514 0.000506 0.044577 0.045052 0.080444 0.089525 0.089569 0.089430 0.073478 0.095290 0.025050 0.048362 0.000006 0.044285 0.095381 
0.089111 0.089098 0.000005 0.046422 0.047596 0.077901 0.089107 0.089144 0.089023 0.072430 0.094307 0.016561 0.053706 0.000293 0.050915 0.094381 
0.089145 0.089138 0.001007 0.041629 0.044624 0.081347 0.089143 0.089164 0.089084 0.075086 0.093017 0.024498 0.044649 0.000834 0.054587 0.093049 
0.086904 0.086915 0.000005 0.053461 0.053583 0.078165 0.086907 0.086889 0.086936 0.070439 0.091619 0.028675 0.043163 0.000296 0.054333 0.091708 
0.089925 0.089912 0.000506 0.050462 0.050511 0.080514 0.089921 0.089959 0.089835 0.068532 0.095051 0.021384 0.049022 0.000006 0.039338 0.095120 
0.091388 0.091378 0.000005 0.045017 0.046012 0.081157 0.091386 0.091414 0.091315 0.078008 0.095758 0.018244 0.042081 0.000289 0.040747 0.095801 
0.091079 0.091063 0.000005 0.043260 0.044461 0.078375 0.091075 0.091119 0.090979 0.072997 0.097110 0.013773 0.048600 0.000006 0.048894 0.097203 
0.087877 0.087867 0.001007 0.050166 0.049879 0.077653 0.087875 0.087905 0.087799 0.084282 0.091648 0.020385 0.050122 0.000295 0.043539 0.091701 
0.088658 0.088645 0.000506 0.045931 0.045712 0.077711 0.088654 0.088690 0.088572 0.088293 0.092972 0.019339 0.049444 0.000836 0.042999 0.093038 
0.088707 0.088691 0.000506 0.046761 0.046704 0.080395 0.088702 0.088745 0.088610 0.073318 0.094351 0.022168 0.054019 0.000835 0.043050 0.094439 
0.090681 0.090671 0.001007 0.043758 0.045381 0.081564 0.090679 0.090710 0.090604 0.072248 0.095590 0.021451 0.043745 0.000832 0.045436 0.095644 
0.090903 0.090889 0.000005 0.047414 0.047200 0.081257 0.090899 0.090938 0.090812 0.076854 0.096096 0.017648 0.043969 0.000289 0.038659 0.096168 
0.091916 0.091899 0.000506 0.040257 0.041304 0.080892 0.091911 0.091959 0.091812 0.076099 0.098409 0.019863 0.037044 0.000288 0.047332 0.098510 
0.090297 0.090281 0.001007 0.039974 0.040871 0.080320 0.090292 0.090337 0.090199 0.079906 0.096211 0.022932 0.043402 0.000833 0.046837 0.096302 
0.088469 0.088455 0.001007 0.046923 0.045849 0.078596 0.088465 0.088505 0.088377 0.088380 0.093130 0.018739 0.052874 0.000293 0.038732 0.093206 
0.089568 0.089557 0.000506 0.045896 0.047453 0.080820 0.089565 0.089599 0.089487 0.071422 0.094456 0.023794 0.042753 0.000834 0.049771 0.094518 
0.088836 0.088829 0.000005 0.047214 0.048718 0.080079 0.088834 0.088856 0.088773 0.079758 0.092184 0.022411 0.045110 0.000292 0.047889 0.092213 
0.088732 0.088716 0.000506 0.046194 0.045597 0.081561 0.088728 0.088774 0.088630 0.080301 0.094239 0.029391 0.041669 0.000291 0.042338 0.094334 
0.089530 0.089511 0.000005 0.043224 0.042905 0.078160 0.089525 0.089577 0.089418 0.083411 0.095634 0.020854 0.047314 0.000006 0.045177 0.095747 
0.091618 0.091603 0.000506 0.044800 0.044432 0.080200 0.091614 0.091657 0.091523 0.075007 0.097503 0.016500 0.049871 0.001346 0.034236 0.097583 
0.091370 0.091353 0.000005 0.042552 0.043581 0.080793 0.091365 0.091413 0.091267 0.066505 0.098184 0.018975 0.048046 0.001346 0.044961 0.098284 
0.089846 0.089826 0.000005 0.053720 0.051635 0.079551 0.089840 0.089897 0.089726 0.064013 0.096748 0.021829 0.052958 0.000006 0.033530 0.096869 
0.088704 0.088690 0.000005 0.054922 0.053460 0.079000 0.088701 0.088740 0.088610 0.073915 0.093401 0.022261 0.049808 0.000006 0.036303 0.093475 
0.092461 0.092437 0.000506 0.047524 0.044615 0.081766 0.092454 0.092520 0.092328 0.072131 0.100273 0.023106 0.042759 0.000006 0.024703 0.100411 
0.089144 0.089124 0.000005 0.050334 0.049597 0.079125 0.089138 0.089193 0.089027 0.069591 0.095739 0.019215 0.047596 0.000835 0.046476 0.095859 
0.090062 0.090045 0.000005 0.048118 0.047928 0.081286 0.090057 0.090105 0.089959 0.065125 0.096472 0.025258 0.048534 0.000833 0.039642 0.096569 
0.089917 0.089898 0.000506 0.043727 0.043270 0.078041 0.089911 0.089963 0.089807 0.080903 0.096204 0.018492 0.049022 0.000834 0.043192 0.096314 
0.092091 0.092081 0.000005 0.039150 0.041130 0.083483 0.092088 0.092118 0.092016 0.077228 0.096905 0.023226 0.038804 0.000006 0.042715 0.096953 
0.086651 0.086639 0.000005 0.048346 0.048639 0.078740 0.086647 0.086681 0.086568 0.084891 0.090568 0.024444 0.048681 0.000838 0.051031 0.090632 
0.089651 0.089637 0.000506 0.045422 0.046190 0.079795 0.089647 0.089687 0.089559 0.074034 0.095048 0.021620 0.046390 0.000834 0.046855 0.095127 
0.087693 0.087749 0.000005 0.048516 0.049876 0.079408 0.087711 0.087595 0.087949 0.081389 0.090691 0.020792 0.047459 0.000294 0.052145 0.090728 
