-3948902.031353
0
0.000001 0.000001 0.000001 0.000001 0.000001 0.000001 0.000001 0.000001 0.000001 0.000001 0.130715 0.000001 0.000001 0.000001 0.000001 0.000001 0.000001 0.000001 0.000001 0.000001 0.000001 0.000001 0.000001 0.000001 0.000001 0.000024 0.000001 0.016239 0.000001 0.000001 0.000001 0.000001 0.000001 0.000001 0.078997 0.000001 0.000001 0.000001 0.000001 0.000001 0.000001 0.000001 0.000001 0.000001 0.000001 0.000001 0.000001 0.000001 0.000001 0.000001 0.000001 0.000001 0.000001 0.000001 0.000001 0.000001 0.012309 0.038573 0.721472 0.001285 0.000001 0.000001 0.000001 0.000001 0.000001 0.000001 0.000001 0.000001 0.000001 0.000001 0.000001 0.000001 0.000001 0.000001 0.000001 0.000001 0.000001 0.000001 0.000001 0.000001 0.000001 0.000001 0.000310 0.000001 0.000001 0.000001 0.000001 0.000001 0.000001 0.000001 0.000001 0.000001 0.000001 0.000001 0.000001 0.000001 
0.000001 0.000001 0.000001 0.000001 0.000001 0.000001 0.000001 0.000001 0.000001 0.000001 0.125248 0.000001 0.000001 0.000001 0.000001 0.000001 0.000001 0.000001 0.000063 0.000001 0.000001 0.000001 0.000001 0.000001 0.000001 0.000089 0.000001 0.016463 0.000001 0.000001 0.000001 0.000001 0.000001 0.000001 0.083756 0.000001 0.000001 0.000001 0.000001 0.000001 0.000001 0.000001 0.000001 0.000001 0.000001 0.000001 0.000001 0.000001 0.000001 0.000001 0.000001 0.000001 0.000001 0.000001 0.000001 0.000001 0.013220 0.037841 0.721587 0.001336 0.000001 0.000001 0.000001 0.000001 0.000001 0.000001 0.000001 0.000001 0.000001 0.000001 0.000001 0.000001 0.000001 0.000001 0.000001 0.000001 0.000001 0.000001 0.000001 0.000001 0.000001 0.000001 0.000322 0.000001 0.000001 0.000001 0.000001 0.000001 0.000001 0.000001 0.000001 0.000001 0.000001 0.000001 0.000001 0.000001 
0.000271 0.000271 0.000271 0.000271 0.000271 0.000271 0.000271 0.000271 0.967200 0.000290 0.001805 0.000289 0.000271 0.000271 0.000271 0.000271 0.000271 0.000271 0.000388 0.000271 0.000271 0.000271 0.000271 0.000271 0.000287 0.000402 0.000271 0.000856 0.000271 0.000271 0.000271 0.000271 0.000271 0.000271 0.001069 0.000271 0.000271 0.000271 0.000271 0.000271 0.000271 0.000271 0.000297 0.000271 0.000271 0.000271 0.000271 0.000271 0.000271 0.000271 0.000271 0.000271 0.000271 0.000271 0.000271 0.000271 0.000847 0.001070 0.002185 0.000568 0.000271 0.000271 0.000271 0.000271 0.000271 0.000271 0.000271 0.000271 0.000271 0.000271 0.000271 0.000271 0.000271 0.000271 0.000271 0.000271 0.000271 0.000271 0.000271 0.000271 0.000271 0.000271 0.000511 0.000271 0.000271 0.000271 0.000271 0.000271 0.000271 0.000271 0.000271 0.000271 0.000271 0.000271 0.000271 0.000271 
0.000002 0.000002 0.000002 0.000002 0.000002 0.000002 0.000002 0.000002 0.000002 0.000002 0.999713 0.000002 0.000002 0.000002 0.000002 0.000002 0.000002 0.000002 0.000003 0.000002 0.000002 0.000002 0.000002 0.000002 0.000002 0.000003 0.000002 0.000006 0.000002 0.000002 0.000002 0.000002 0.000002 0.000002 0.000008 0.000002 0.000002 0.000002 0.000002 0.000002 0.000002 0.000002 0.000002 0.000002 0.000002 0.000002 0.000002 0.000002 0.000002 0.000002 0.000002 0.000002 0.000002 0.000002 0.000002 0.000002 0.000006 0.000008 0.000084 0.000004 0.000002 0.000002 0.000002 0.000002 0.000002 0.000002 0.000002 0.000002 0.000002 0.000002 0.000002 0.000002 0.000002 0.000002 0.000002 0.000002 0.000002 0.000002 0.000002 0.000002 0.000002 0.000002 0.000004 0.000002 0.000002 0.000002 0.000002 0.000002 0.000002 0.000002 0.000002 0.000002 0.000002 0.000002 0.000002 0.000002 
0.000002 0.000002 0.000002 0.000002 0.000002 0.000002 0.000002 0.000002 0.000002 0.000002 0.854510 0.000002 0.000002 0.000002 0.000002 0.000002 0.000002 0.000002 0.000003 0.000002 0.000002 0.000002 0.000002 0.000002 0.000002 0.000003 0.000002 0.034553 0.000002 0.000002 0.000002 0.000002 0.000002 0.000002 0.000008 0.000002 0.000002 0.000002 0.000002 0.000002 0.000002 0.000002 0.000002 0.000002 0.000002 0.000002 0.000002 0.000002 0.000002 0.000002 0.000002 0.000002 0.000002 0.000002 0.000002 0.000002 0.000006 0.110687 0.000056 0.000004 0.000002 0.000002 0.000002 0.000002 0.000002 0.000002 0.000002 0.000002 0.000002 0.000002 0.000002 0.000002 0.000002 0.000002 0.000002 0.000002 0.000002 0.000002 0.000002 0.000002 0.000002 0.000002 0.000004 0.000002 0.000002 0.000002 0.000002 0.000002 0.000002 0.000002 0.000002 0.000002 0.000002 0.000002 0.000002 0.000002 
0.000009 0.000009 0.000009 0.000009 0.000009 0.000009 0.000009 0.000009 0.000010 0.000010 0.003624 0.000010 0.000009 0.000009 0.000009 0.000009 0.000009 0.000009 0.000013 0.000009 0.000009 0.000009 0.000009 0.000009 0.000010 0.000013 0.000009 0.000795 0.000009 0.000009 0.000009 0.000009 0.000009 0.000009 0.003408 0.000009 0.000009 0.000009 0.000009 0.000009 0.000009 0.000009 0.008592 0.000009 0.000009 0.000009 0.000009 0.000009 0.000009 0.000009 0.000009 0.000009 0.000009 0.000009 0.000009 0.000009 0.944615 0.001269 0.036868 0.000019 0.000009 0.000009 0.000009 0.000009 0.000009 0.000009 0.000009 0.000009 0.000009 0.000009 0.000009 0.000009 0.000009 0.000009 0.000009 0.000009 0.000009 0.000009 0.000009 0.000009 0.000009 0.000009 0.000017 0.000009 0.000009 0.000009 0.000009 0.000009 0.000009 0.000009 0.000009 0.000009 0.000009 0.000009 0.000009 0.000009 
0.000001 0.000001 0.000001 0.000001 0.000001 0.000001 0.000001 0.000001 0.000001 0.000001 0.125466 0.000001 0.000001 0.000001 0.000001 0.000001 0.000001 0.000001 0.000053 0.000001 0.000001 0.000001 0.000001 0.000001 0.000001 0.000086 0.000001 0.016454 0.000001 0.000001 0.000001 0.000001 0.000001 0.000001 0.083538 0.000001 0.000001 0.000001 0.000001 0.000001 0.000001 0.000001 0.000001 0.000001 0.000001 0.000001 0.000001 0.000001 0.000001 0.000001 0.000001 0.000001 0.000001 0.000001 0.000001 0.000001 0.013173 0.037870 0.721632 0.001333 0.000001 0.000001 0.000001 0.000001 0.000001 0.000001 0.000001 0.000001 0.000001 0.000001 0.000001 0.000001 0.000001 0.000001 0.000001 0.000001 0.000001 0.000001 0.000001 0.000001 0.000001 0.000001 0.000321 0.000001 0.000001 0.000001 0.000001 0.000001 0.000001 0.000001 0.000001 0.000001 0.000001 0.000001 0.000001 0.000001 
0.000001 0.000001 0.000001 0.000001 0.000001 0.000001 0.000001 0.000001 0.000001 0.000001 0.125780 0.000001 0.000001 0.000001 0.000001 0.000001 0.000001 0.000001 0.000033 0.000001 0.000001 0.000001 0.000001 0.000001 0.000001 0.000081 0.000001 0.016447 0.000001 0.000001 0.000001 0.000001 0.000001 0.000001 0.083187 0.000001 0.000001 0.000001 0.000001 0.000001 0.000001 0.000001 0.000001 0.000001 0.000001 0.000001 0.000001 0.000001 0.000001 0.000001 0.000001 0.000001 0.000001 0.000001 0.000001 0.000001 0.013098 0.037923 0.721729 0.001327 0.000001 0.000001 0.000001 0.000001 0.000001 0.000001 0.000001 0.000001 0.000001 0.000001 0.000001 0.000001 0.000001 0.000001 0.000001 0.000001 0.000001 0.000001 0.000001 0.000001 0.000001 0.000001 0.000319 0.000001 0.000001 0.000001 0.000001 0.000001 0.000001 0.000001 0.000001 0.000001 0.000001 0.000001 0.000001 0.000001 
0.000001 0.000001 0.000001 0.000001 0.000001 0.000001 0.000001 0.000001 0.000001 0.000001 0.124366 0.000001 0.000001 0.000001 0.000001 0.000001 0.000001 0.000001 0.000109 0.000001 0.000001 0.000001 0.000001 0.000001 0.000014 0.000103 0.000001 0.016520 0.000001 0.000001 0.000001 0.000001 0.000001 0.000001 0.084615 0.000001 0.000001 0.000001 0.000001 0.000001 0.000001 0.000001 0.000001 0.000001 0.000001 0.000001 0.000001 0.000001 0.000001 0.000001 0.000001 0.000001 0.000001 0.000001 0.000001 0.000001 0.013413 0.037733 0.721378 0.001349 0.000001 0.000001 0.000001 0.000001 0.000001 0.000001 0.000001 0.000001 0.000001 0.000001 0.000001 0.000001 0.000001 0.000001 0.000001 0.000001 0.000001 0.000001 0.000001 0.000001 0.000001 0.000001 0.000327 0.000001 0.000001 0.000001 0.000001 0.000001 0.000001 0.000001 0.000001 0.000001 0.000001 0.000001 0.000001 0.000001 
0.000001 0.000001 0.000001 0.000001 0.000001 0.000001 0.000001 0.000001 0.000001 0.000001 0.000008 0.000001 0.000001 0.000001 0.000001 0.000001 0.000001 0.000001 0.000001 0.000001 0.000001 0.000001 0.000001 0.000001 0.000001 0.000001 0.000001 0.000003 0.000001 0.000001 0.000001 0.000001 0.000001 0.000001 0.999884 0.000001 0.000001 0.000001 0.000001 0.000001 0.000001 0.000001 0.000001 0.000001 0.000001 0.000001 0.000001 0.000001 0.000001 0.000001 0.000001 0.000001 0.000001 0.000001 0.000001 0.000001 0.000003 0.000004 0.000010 0.000002 0.000001 0.000001 0.000001 0.000001 0.000001 0.000001 0.000001 0.000001 0.000001 0.000001 0.000001 0.000001 0.000001 0.000001 0.000001 0.000001 0.000001 0.000001 0.000001 0.000001 0.000001 0.000001 0.000002 0.000001 0.000001 0.000001 0.000001 0.000001 0.000001 0.000001 0.000001 0.000001 0.000001 0.000001 0.000001 0.000001 
0.000001 0.000001 0.000001 0.000001 0.000001 0.000001 0.000001 0.000001 0.000001 0.000033 0.000386 0.000022 0.000001 0.000001 0.000001 0.000001 0.000001 0.000001 0.000008 0.000001 0.000001 0.000001 0.000001 0.000001 0.000001 0.000001 0.000001 0.000147 0.000001 0.000001 0.000001 0.000001 0.000001 0.000001 0.000685 0.000001 0.000001 0.000001 0.000001 0.000001 0.000001 0.000001 0.000001 0.000001 0.000001 0.000001 0.000001 0.000001 0.000001 0.000001 0.000001 0.000001 0.000001 0.000001 0.000001 0.000001 0.000147 0.000161 0.998295 0.000034 0.000001 0.000001 0.000001 0.000001 0.000001 0.000001 0.000001 0.000001 0.000001 0.000001 0.000001 0.000001 0.000001 0.000001 0.000001 0.000001 0.000001 0.000001 0.000001 0.000001 0.000001 0.000001 0.000022 0.000001 0.000001 0.000001 0.000001 0.000001 0.000001 0.000001 0.000001 0.000001 0.000001 0.000001 0.000001 0.000001 
0.000012 0.000012 0.000012 0.000012 0.000012 0.000012 0.000012 0.000012 0.000014 0.000013 0.000139 0.000013 0.000012 0.000012 0.000012 0.000012 0.000012 0.000012 0.000017 0.000012 0.000012 0.000012 0.000012 0.000012 0.000013 0.000018 0.000012 0.000038 0.000012 0.000012 0.000012 0.000012 0.000012 0.000012 0.002987 0.000012 0.000012 0.000012 0.000012 0.000012 0.000012 0.000012 0.000013 0.000012 0.000012 0.000012 0.000012 0.000012 0.000012 0.000012 0.000012 0.000012 0.000012 0.000012 0.000012 0.000012 0.995516 0.000049 0.000163 0.000025 0.000012 0.000012 0.000012 0.000012 0.000012 0.000012 0.000012 0.000012 0.000012 0.000012 0.000012 0.000012 0.000012 0.000012 0.000012 0.000012 0.000012 0.000012 0.000012 0.000012 0.000012 0.000012 0.000022 0.000012 0.000012 0.000012 0.000012 0.000012 0.000012 0.000012 0.000012 0.000012 0.000012 0.000012 0.000012 0.000012 
0.000026 0.000026 0.000026 0.000026 0.000026 0.000026 0.000026 0.000026 0.000030 0.000028 0.001157 0.000028 0.000026 0.000026 0.000026 0.000026 0.000026 0.000026 0.000038 0.000026 0.000026 0.000026 0.000026 0.000026 0.000028 0.000039 0.000026 0.000084 0.000026 0.000026 0.000026 0.000026 0.000026 0.000026 0.000106 0.000026 0.000026 0.000026 0.000026 0.000026 0.000026 0.000026 0.000029 0.000026 0.000026 0.000026 0.000026 0.000026 0.000026 0.000026 0.000026 0.000026 0.000026 0.000026 0.000026 0.000026 0.000083 0.000107 0.000260 0.995807 0.000026 0.000026 0.000026 0.000026 0.000026 0.000026 0.000026 0.000026 0.000026 0.000026 0.000026 0.000026 0.000026 0.000026 0.000026 0.000026 0.000026 0.000026 0.000026 0.000026 0.000026 0.000026 0.000050 0.000026 0.000026 0.000026 0.000026 0.000026 0.000026 0.000026 0.000026 0.000026 0.000026 0.000026 0.000026 0.000026 
0.000228 0.000228 0.000228 0.000228 0.000228 0.000228 0.000228 0.000228 0.000260 0.000244 0.001649 0.000243 0.000228 0.000228 0.000228 0.000228 0.000228 0.000228 0.000326 0.000228 0.000228 0.000228 0.000228 0.000228 0.000241 0.000338 0.000228 0.000722 0.000228 0.000228 0.000228 0.000228 0.000228 0.000228 0.000909 0.000228 0.000228 0.000228 0.000228 0.000228 0.000228 0.000228 0.000250 0.000228 0.000228 0.000228 0.000228 0.000228 0.000228 0.000228 0.000228 0.000228 0.000228 0.000228 0.000228 0.000228 0.000715 0.000911 0.002022 0.000478 0.000228 0.000228 0.000228 0.000228 0.000228 0.000228 0.000228 0.000228 0.000228 0.000228 0.000228 0.000228 0.000228 0.000228 0.000228 0.000228 0.000228 0.000228 0.000228 0.000228 0.000228 0.000228 0.972261 0.000228 0.000228 0.000228 0.000228 0.000228 0.000228 0.000228 0.000228 0.000228 0.000228 0.000228 0.000228 0.000228 
0.000003 0.000003 0.000003 0.000003 0.000003 0.000003 0.000003 0.000003 0.000003 0.000003 0.000696 0.000003 0.000003 0.000003 0.000003 0.000003 0.000003 0.000003 0.000004 0.000003 0.000003 0.000003 0.000003 0.000003 0.000003 0.000004 0.000003 0.046696 0.000003 0.000003 0.000003 0.000003 0.000003 0.000003 0.000011 0.000003 0.000003 0.000003 0.000003 0.000003 0.000003 0.000003 0.000003 0.000003 0.000003 0.000003 0.000003 0.000003 0.000003 0.000003 0.000003 0.000003 0.000003 0.000003 0.000003 0.000003 0.000008 0.948929 0.003410 0.000006 0.000003 0.000003 0.000003 0.000003 0.000003 0.000003 0.000003 0.000003 0.000003 0.000003 0.000003 0.000003 0.000003 0.000003 0.000003 0.000003 0.000003 0.000003 0.000003 0.000003 0.000003 0.000003 0.000005 0.000003 0.000003 0.000003 0.000003 0.000003 0.000003 0.000003 0.000003 0.000003 0.000003 0.000003 0.000003 0.000003 
0.000001 0.000001 0.000001 0.000001 0.000001 0.000001 0.000001 0.000001 0.000001 0.000001 0.000005 0.000001 0.000001 0.000001 0.000001 0.000001 0.000001 0.000001 0.000001 0.000001 0.000001 0.000001 0.000001 0.000001 0.000001 0.000001 0.000001 0.000002 0.000001 0.000001 0.000001 0.000001 0.000001 0.000001 0.000003 0.000001 0.000001 0.000001 0.000001 0.000001 0.000001 0.000001 0.000001 0.000001 0.000001 0.000001 0.000001 0.000001 0.000001 0.000001 0.000001 0.000001 0.000001 0.000001 0.000001 0.000001 0.000002 0.000003 0.999920 0.000001 0.000001 0.000001 0.000001 0.000001 0.000001 0.000001 0.000001 0.000001 0.000001 0.000001 0.000001 0.000001 0.000001 0.000001 0.000001 0.000001 0.000001 0.000001 0.000001 0.000001 0.000001 0.000001 0.000001 0.000001 0.000001 0.000001 0.000001 0.000001 0.000001 0.000001 0.000001 0.000001 0.000001 0.000001 0.000001 0.000001 
0.000001 0.000001 0.000001 0.000001 0.000001 0.000001 0.000001 0.000001 0.000001 0.000001 0.126472 0.000001 0.000001 0.000001 0.000001 0.000001 0.000001 0.000001 0.000012 0.000001 0.000001 0.000001 0.000001 0.000001 0.000001 0.000072 0.000001 0.016408 0.000001 0.000001 0.000001 0.000001 0.000001 0.000001 0.082572 0.000001 0.000001 0.000001 0.000001 0.000001 0.000001 0.000001 0.000001 0.000001 0.000001 0.000001 0.000001 0.000001 0.000001 0.000001 0.000001 0.000001 0.000001 0.000001 0.000001 0.000001 0.012969 0.038001 0.721780 0.001322 0.000001 0.000001 0.000001 0.000001 0.000001 0.000001 0.000001 0.000001 0.000001 0.000001 0.000001 0.000001 0.000001 0.000001 0.000001 0.000001 0.000001 0.000001 0.000001 0.000001 0.000001 0.000001 0.000316 0.000001 0.000001 0.000001 0.000001 0.000001 0.000001 0.000001 0.000001 0.000001 0.000001 0.000001 0.000001 0.000001 
0.058977 0.059899 0.056095 0.058311 0.059806 0.059646 0.059892 0.059323 0.059895 0.054054 0.059531 0.059597 0.059560 0.056132 0.059540 0.059860 0.059881 
0.063400 0.063414 0.058618 0.063262 0.063279 0.063035 0.063414 0.058034 0.063420 0.063315 0.063035 0.062957 0.061865 0.003695 0.062989 0.058864 0.063404 
0.061512 0.061524 0.057994 0.061426 0.061444 0.061298 0.061524 0.023901 0.061524 0.061435 0.061089 0.061271 0.061174 0.058706 0.061179 0.061486 0.061513 
0.062010 0.062020 0.058800 0.061924 0.061956 0.061794 0.062004 0.061442 0.062027 0.061927 0.033556 0.061785 0.061706 0.059219 0.044662 0.062011 0.061156 
breast
0.091995 0.092172 0.000005 0.044293 0.040882 0.011305 0.092171 0.092165 0.092171 0.078765 0.117466 0.009224 0.003272 0.000006 0.024295 0.117655 0.092158 
0.090039 0.090181 0.000505 0.052934 0.050329 0.012336 0.090180 0.090175 0.090179 0.083494 0.107942 0.010325 0.002285 0.000222 0.030631 0.108074 0.090170 
0.092833 0.093167 0.000505 0.031309 0.033169 0.008067 0.093159 0.093145 0.094722 0.082159 0.119248 0.006075 0.003264 0.000760 0.035881 0.119422 0.093116 
0.091665 0.091917 0.000005 0.040840 0.038156 0.011557 0.091912 0.091901 0.091929 0.085549 0.116880 0.009486 0.005282 0.000218 0.023763 0.117056 0.091884 
0.091786 0.091954 0.000005 0.046531 0.044429 0.008089 0.091953 0.091947 0.091953 0.081315 0.114062 0.006134 0.003777 0.000763 0.029138 0.114223 0.091940 
0.091196 0.091411 0.000005 0.046959 0.047032 0.008540 0.091407 0.091399 0.091421 0.089259 0.109345 0.005474 0.001277 0.000220 0.034199 0.109471 0.091384 
0.091803 0.092049 0.000505 0.039431 0.037270 0.008330 0.092044 0.092034 0.092058 0.087368 0.117668 0.006352 0.005280 0.000006 0.027925 0.117856 0.092018 
0.091677 0.092036 0.000005 0.046909 0.045358 0.010524 0.092025 0.092005 0.092076 0.074704 0.113797 0.007285 0.002773 0.001791 0.031105 0.113959 0.091971 
0.091248 0.091542 0.000005 0.039043 0.039360 0.006622 0.091535 0.091522 0.091564 0.095376 0.112775 0.004785 0.003779 0.000218 0.036205 0.112922 0.091498 
0.091818 0.092006 0.000005 0.042824 0.042874 0.008831 0.092004 0.091998 0.092008 0.079407 0.114046 0.006834 0.001770 0.000006 0.037373 0.114208 0.091988 
0.090443 0.090670 0.000505 0.045103 0.044262 0.008108 0.090666 0.090657 0.090681 0.092851 0.109936 0.006189 0.003786 0.000006 0.035417 0.110079 0.090641 
0.089949 0.090159 0.000005 0.042161 0.040684 0.012585 0.090155 0.090146 0.090164 0.086726 0.112360 0.010555 0.003286 0.000006 0.038395 0.112528 0.090134 
0.093013 0.093192 0.000005 0.040692 0.038934 0.007919 0.093191 0.093186 0.093189 0.078351 0.119907 0.003899 0.001760 0.000215 0.029267 0.120101 0.093178 
0.092752 0.092977 0.000505 0.039868 0.042872 0.008084 0.092973 0.092966 0.092988 0.073512 0.113819 0.006106 0.004274 0.000762 0.038635 0.113958 0.092950 
0.090939 0.091389 0.000505 0.046285 0.045181 0.010074 0.091373 0.091347 0.091446 0.088785 0.110303 0.008070 0.002778 0.000006 0.029774 0.110443 0.091301 
0.092440 0.092640 0.000005 0.042738 0.042447 0.005399 0.092638 0.092631 0.092644 0.082958 0.115123 0.003660 0.002266 0.001280 0.033228 0.115283 0.092620 
0.093032 0.093274 0.000505 0.039752 0.039394 0.007087 0.093270 0.093261 0.093285 0.080814 0.117616 0.005169 0.004269 0.000216 0.028028 0.117784 0.093244 
0.091775 0.092003 0.000005 0.034971 0.035848 0.011777 0.091999 0.091991 0.092010 0.075535 0.118097 0.008456 0.001768 0.000217 0.043290 0.118282 0.091976 
0.090733 0.090930 0.000505 0.045036 0.041869 0.009089 0.090927 0.090919 0.090933 0.089286 0.113643 0.007109 0.003281 0.000765 0.030256 0.113810 0.090908 
0.093147 0.093340 0.000505 0.041553 0.040320 0.007329 0.093338 0.093333 0.093341 0.077417 0.118666 0.005386 0.001760 0.000006 0.028384 0.118851 0.093323 
0.092413 0.092650 0.000005 0.042253 0.042165 0.007095 0.092646 0.092637 0.092661 0.084888 0.114461 0.005196 0.003270 0.000006 0.030415 0.114617 0.092621 
0.090936 0.091187 0.000505 0.041012 0.040471 0.009337 0.091182 0.091171 0.091201 0.089261 0.112858 0.007345 0.003782 0.000219 0.035369 0.113011 0.091153 
0.093188 0.093423 0.000505 0.042975 0.040818 0.005864 0.093419 0.093410 0.093433 0.085472 0.117636 0.004061 0.002762 0.000215 0.021620 0.117804 0.093395 
0.091015 0.091338 0.000505 0.040593 0.039668 0.008337 0.091330 0.091314 0.091364 0.101724 0.111987 0.006398 0.001773 0.000006 0.029227 0.112133 0.091287 
0.090971 0.091251 0.000005 0.038790 0.037338 0.011318 0.091245 0.091232 0.091269 0.091085 0.114992 0.009272 0.002776 0.000764 0.031323 0.115159 0.091210 
0.090371 0.090592 0.000505 0.047356 0.044234 0.008597 0.090588 0.090578 0.090601 0.096675 0.110718 0.006657 0.002279 0.000006 0.028809 0.110870 0.090564 
0.091899 0.092112 0.000505 0.043419 0.041924 0.009321 0.092109 0.092100 0.092119 0.083629 0.114794 0.007305 0.001769 0.000218 0.029733 0.114955 0.092088 
0.091603 0.091761 0.000005 0.051642 0.048169 0.007351 0.091760 0.091755 0.091760 0.085691 0.111867 0.005454 0.002775 0.000764 0.023881 0.112014 0.091749 
0.093078 0.093232 0.000005 0.044447 0.041140 0.008066 0.093232 0.093228 0.093226 0.075996 0.119588 0.006073 0.001263 0.000215 0.024209 0.119780 0.093223 
0.092477 0.092772 0.000005 0.035859 0.037804 0.010308 0.092765 0.092753 0.092793 0.080586 0.115782 0.008242 0.002266 0.000762 0.036163 0.115934 0.092729 
0.091160 0.091439 0.000505 0.041912 0.042560 0.007358 0.091432 0.091420 0.091458 0.094504 0.110647 0.005472 0.002275 0.000006 0.035670 0.110784 0.091398 
0.091484 0.091725 0.000505 0.044414 0.043362 0.008336 0.091720 0.091709 0.091737 0.090517 0.112142 0.006384 0.001274 0.000219 0.030494 0.112285 0.091692 
0.091860 0.092176 0.000005 0.037581 0.038727 0.010312 0.092169 0.092155 0.092202 0.089390 0.113737 0.008271 0.001769 0.000006 0.033626 0.113886 0.092128 
0.093336 0.093545 0.000005 0.044819 0.043066 0.006834 0.093542 0.093535 0.093550 0.081659 0.116726 0.004938 0.000775 0.000215 0.023046 0.116888 0.093522 
0.091410 0.091557 0.000005 0.047491 0.045911 0.008540 0.091556 0.091552 0.091553 0.080528 0.112682 0.005456 0.003780 0.000764 0.032829 0.112837 0.091548 
0.091038 0.091205 0.000505 0.046101 0.045739 0.010582 0.091203 0.091198 0.091205 0.079276 0.111378 0.008552 0.002779 0.000006 0.036514 0.111528 0.091191 
0.092370 0.092572 0.000505 0.040549 0.039299 0.008080 0.092570 0.092563 0.092575 0.079120 0.117840 0.006101 0.004775 0.000006 0.030495 0.118026 0.092552 
0.092754 0.093011 0.000505 0.037366 0.037238 0.006847 0.093006 0.092996 0.093023 0.081829 0.118355 0.004949 0.005274 0.000760 0.030574 0.118531 0.092978 
0.092134 0.092433 0.000005 0.036761 0.035768 0.010554 0.092426 0.092413 0.092454 0.087264 0.117783 0.008488 0.002768 0.000762 0.027641 0.117958 0.092389 
0.090601 0.090811 0.000505 0.047482 0.044824 0.009339 0.090807 0.090798 0.090818 0.091336 0.110869 0.007363 0.003785 0.000220 0.028641 0.111014 0.090785 
0.093278 0.093484 0.000505 0.045168 0.042965 0.005623 0.093482 0.093475 0.093489 0.083089 0.116903 0.003847 0.002260 0.000215 0.021685 0.117068 0.093463 
0.090857 0.091420 0.000005 0.045345 0.044037 0.011070 0.091357 0.091237 0.091685 0.085430 0.111470 0.009040 0.003280 0.000220 0.030875 0.111569 0.091103 
0.092501 0.092838 0.000005 0.034757 0.033859 0.008562 0.092830 0.092814 0.092864 0.091386 0.119054 0.006559 0.003267 0.000760 0.025925 0.119232 0.092786 
0.091847 0.092104 0.000005 0.041791 0.041332 0.009570 0.092099 0.092088 0.092119 0.085588 0.113837 0.007550 0.005784 0.000006 0.028219 0.113991 0.092069 
0.091789 0.092007 0.000005 0.042416 0.042200 0.008829 0.092003 0.091996 0.092014 0.083685 0.113833 0.006837 0.001770 0.000006 0.034636 0.113992 0.091982 
0.091818 0.092040 0.000505 0.043377 0.042128 0.007104 0.092036 0.092028 0.092049 0.087008 0.114118 0.005214 0.003776 0.000218 0.030291 0.114275 0.092014 
0.091363 0.091705 0.000005 0.036852 0.036031 0.006857 0.091696 0.091680 0.091733 0.100996 0.116515 0.004995 0.003776 0.000006 0.029053 0.115085 0.091651 
0.090988 0.091434 0.000005 0.043777 0.041540 0.009329 0.091419 0.091393 0.091490 0.088685 0.113326 0.007337 0.004785 0.000219 0.029439 0.113486 0.091348 
0.092920 0.092967 0.000005 0.050326 0.048757 0.007588 0.092971 0.092975 0.092945 0.064071 0.115866 0.005630 0.002265 0.000217 0.031476 0.116037 0.092983 
0.091668 0.091830 0.000005 0.044247 0.042682 0.012064 0.091829 0.091824 0.091828 0.074731 0.115198 0.009986 0.003276 0.000219 0.031430 0.115367 0.091818 
0.091274 0.091445 0.000005 0.048126 0.046261 0.009828 0.091443 0.091437 0.091445 0.082499 0.111786 0.007817 0.002275 0.000765 0.030232 0.111934 0.091429 
0.092473 0.092665 0.000005 0.040139 0.039812 0.010767 0.092662 0.092657 0.092667 0.072545 0.117631 0.007487 0.006782 0.000217 0.031038 0.117806 0.092647 
0.091281 0.091521 0.000005 0.038838 0.037859 0.011318 0.091517 0.091507 0.091531 0.083793 0.116016 0.009256 0.003779 0.000006 0.034087 0.116196 0.091491 
0.093118 0.093391 0.000005 0.036950 0.036250 0.009549 0.093385 0.093374 0.093406 0.079772 0.119787 0.007484 0.003766 0.000760 0.025681 0.119968 0.093354 
0.092222 0.092522 0.000005 0.042098 0.041966 0.007584 0.092515 0.092502 0.092545 0.093591 0.112791 0.005663 0.002268 0.000006 0.026314 0.112931 0.092477 
0.093546 0.093712 0.000005 0.038522 0.038557 0.006596 0.093712 0.093709 0.093708 0.069295 0.120889 0.004695 0.003262 0.000215 0.034793 0.121083 0.093702 
0.092522 0.092765 0.000005 0.043774 0.042127 0.008564 0.092760 0.092751 0.092776 0.086214 0.116771 0.006570 0.000779 0.000006 0.023540 0.115341 0.092734 
0.090853 0.091145 0.000005 0.040493 0.040280 0.010574 0.091138 0.091125 0.091166 0.094096 0.111798 0.008556 0.002276 0.000006 0.033442 0.111945 0.091101 
0.091108 0.091725 0.000005 0.043493 0.042423 0.008829 0.091660 0.091536 0.091999 0.093457 0.111591 0.006862 0.002776 0.000219 0.029235 0.111685 0.091396 
0.091401 0.091656 0.000505 0.039743 0.037877 0.011313 0.091651 0.091640 0.091668 0.086602 0.116210 0.009251 0.004280 0.000006 0.028185 0.116389 0.091622 
0.091740 0.092204 0.000005 0.040593 0.039518 0.006853 0.092189 0.092163 0.092261 0.089776 0.115251 0.004981 0.001768 0.000006 0.033155 0.115423 0.092116 
0.092370 0.092645 0.000005 0.042094 0.040480 0.006845 0.092639 0.092627 0.092662 0.092980 0.115177 0.004970 0.001267 0.000217 0.025082 0.115333 0.092606 
0.093728 0.093986 0.000005 0.035022 0.034843 0.009045 0.093982 0.093972 0.093998 0.075260 0.122182 0.006979 0.001258 0.000758 0.028651 0.122377 0.093954 
0.091559 0.091830 0.001507 0.040001 0.038874 0.008333 0.091825 0.091813 0.091846 0.091834 0.114909 0.006370 0.001770 0.000006 0.030655 0.115076 0.091793 
0.092147 0.092279 0.001006 0.042763 0.041595 0.009078 0.092280 0.092277 0.092271 0.070773 0.117370 0.007049 0.003774 0.000217 0.035291 0.117554 0.092275 
0.091508 0.091988 0.000505 0.037223 0.037661 0.008088 0.091972 0.091945 0.092048 0.085575 0.115424 0.006131 0.003274 0.000006 0.039161 0.115595 0.091896 
0.091766 0.091938 0.000005 0.046853 0.045557 0.008583 0.091936 0.091930 0.091938 0.081353 0.112882 0.006606 0.001273 0.000763 0.031661 0.113033 0.091922 
0.090588 0.090863 0.000505 0.041948 0.039597 0.009286 0.090857 0.090843 0.090880 0.099429 0.112886 0.006162 0.001776 0.000765 0.029749 0.113044 0.090823 
0.091508 0.091743 0.000505 0.039698 0.040319 0.011782 0.091738 0.091729 0.091754 0.079540 0.114113 0.008485 0.004783 0.000764 0.035557 0.114268 0.091713 
0.092899 0.093163 0.001006 0.039201 0.038240 0.008562 0.093158 0.093147 0.093177 0.082733 0.118041 0.006552 0.002764 0.000760 0.025260 0.118212 0.093128 
0.092534 0.092789 0.000005 0.040676 0.040124 0.010056 0.092784 0.092774 0.092803 0.081501 0.116040 0.007999 0.003270 0.001280 0.026410 0.116199 0.092755 
0.091948 0.092067 0.000005 0.048743 0.045286 0.007840 0.092068 0.092066 0.092056 0.077891 0.115419 0.005890 0.003775 0.000006 0.027274 0.115599 0.092066 
0.092594 0.092941 0.000505 0.049870 0.046253 0.009308 0.092931 0.092912 0.092979 0.073398 0.115851 0.007273 0.002767 0.000217 0.021300 0.116020 0.092880 
0.091175 0.091399 0.000005 0.048229 0.044956 0.011810 0.091395 0.091385 0.091409 0.090125 0.111849 0.009769 0.000787 0.000006 0.022331 0.111999 0.091371 
0.091996 0.092221 0.000505 0.039683 0.038597 0.010067 0.092217 0.092209 0.092228 0.079277 0.117218 0.008012 0.006785 0.000006 0.029384 0.117399 0.092195 
0.092774 0.093063 0.000005 0.039872 0.039475 0.011042 0.093056 0.093044 0.093083 0.083783 0.116125 0.008960 0.001764 0.000216 0.024434 0.116279 0.093021 
0.092849 0.093052 0.000005 0.036865 0.036474 0.006847 0.093049 0.093043 0.093053 0.075589 0.120534 0.004937 0.002763 0.001788 0.035388 0.120731 0.093033 
0.092138 0.092564 0.001006 0.043277 0.042965 0.005880 0.092551 0.092527 0.092616 0.083985 0.114044 0.004094 0.001767 0.000217 0.033684 0.114199 0.092484 
0.092414 0.092742 0.000005 0.036463 0.037683 0.006604 0.092734 0.092720 0.092769 0.092030 0.115050 0.004746 0.002266 0.000761 0.033123 0.115198 0.092691 
0.092458 0.092678 0.000505 0.040779 0.040567 0.006121 0.092675 0.092667 0.092684 0.082921 0.116132 0.004300 0.003771 0.000006 0.032779 0.116302 0.092654 
0.090782 0.091086 0.000005 0.039912 0.039173 0.011782 0.091079 0.091064 0.091110 0.095550 0.112372 0.008516 0.002779 0.000219 0.031014 0.112518 0.091039 
0.091654 0.091787 0.000005 0.050419 0.047606 0.005649 0.091787 0.091784 0.091779 0.084214 0.112635 0.003897 0.003276 0.000006 0.028928 0.112795 0.091781 
0.092015 0.092282 0.000005 0.040113 0.039340 0.012051 0.092276 0.092265 0.092297 0.084041 0.115560 0.009970 0.002269 0.000006 0.027541 0.115725 0.092245 
0.091079 0.091343 0.000005 0.039438 0.039250 0.008345 0.091338 0.091326 0.091359 0.090143 0.113548 0.006390 0.003279 0.001793 0.036353 0.113705 0.091306 
0.090963 0.091155 0.000505 0.047260 0.047271 0.007611 0.091152 0.091145 0.091160 0.086947 0.109399 0.005711 0.002278 0.000006 0.036770 0.109535 0.091134 
0.091224 0.091459 0.000505 0.046120 0.043505 0.012311 0.091455 0.091444 0.091471 0.087258 0.112480 0.010262 0.003279 0.000219 0.022952 0.112626 0.091428 
0.091682 0.092024 0.000505 0.039793 0.040987 0.007348 0.092015 0.092000 0.092055 0.097691 0.111054 0.005457 0.004280 0.000006 0.029951 0.111182 0.091969 
0.092102 0.092200 0.000505 0.053611 0.052101 0.008089 0.092202 0.092202 0.092189 0.073740 0.111137 0.006132 0.002271 0.000006 0.028031 0.111279 0.092202 
0.091328 0.091552 0.000505 0.044732 0.043512 0.009328 0.091548 0.091539 0.091561 0.088168 0.112295 0.007333 0.001773 0.000006 0.030848 0.112447 0.091524 
0.091434 0.091558 0.000505 0.048656 0.045183 0.010075 0.091558 0.091555 0.091547 0.077619 0.114555 0.008040 0.003277 0.000006 0.028146 0.114731 0.091554 
0.091587 0.091838 0.001006 0.038700 0.036745 0.009321 0.091833 0.091822 0.091848 0.088390 0.117471 0.007303 0.001769 0.000006 0.030896 0.117661 0.091805 
0.091114 0.091220 0.000505 0.045415 0.042155 0.010828 0.091221 0.091219 0.091206 0.074382 0.116454 0.008771 0.002274 0.000219 0.035151 0.116646 0.091221 
0.091683 0.091910 0.000505 0.045745 0.044074 0.008827 0.091905 0.091896 0.091919 0.088037 0.112666 0.006845 0.002774 0.000006 0.026508 0.112817 0.091881 
0.090848 0.091266 0.000505 0.049795 0.046900 0.009290 0.091210 0.091099 0.091503 0.075400 0.113334 0.006144 0.000331 0.000220 0.037710 0.113462 0.090985 
0.092732 0.093018 0.000005 0.037861 0.037644 0.008263 0.093012 0.093000 0.093035 0.087062 0.117351 0.005181 0.003266 0.000006 0.028063 0.117523 0.092978 
0.092484 0.092743 0.000005 0.039970 0.037984 0.007091 0.092737 0.092727 0.092755 0.087138 0.117945 0.005182 0.005276 0.000761 0.024372 0.118122 0.092709 
0.092264 0.092463 0.000005 0.040361 0.039037 0.011514 0.092460 0.092454 0.092465 0.076795 0.117996 0.008203 0.002267 0.000217 0.030877 0.118179 0.092443 
0.090027 0.090359 0.000505 0.037666 0.036810 0.008849 0.090350 0.090333 0.090385 0.103524 0.112161 0.006899 0.004791 0.000006 0.034712 0.112318 0.090305 
0.091058 0.091328 0.001006 0.041874 0.041906 0.009830 0.091322 0.091310 0.091347 0.090228 0.111418 0.007827 0.003280 0.000219 0.033202 0.111556 0.091289 
0.092340 0.092545 0.000005 0.045161 0.045409 0.008822 0.092542 0.092536 0.092552 0.080697 0.112745 0.006824 0.001270 0.000006 0.031134 0.112889 0.092523 
prostate
0.090965 0.091181 0.000005 0.042419 0.043261 0.009343 0.091177 0.091149 0.091190 0.083587 0.111247 0.007350 0.005289 0.000000 0.039312 0.111370 0.091154 
0.092781 0.093010 0.000005 0.043677 0.041389 0.011294 0.093006 0.092977 0.093020 0.078555 0.116888 0.009201 0.004774 0.000753 0.018659 0.117028 0.092982 
0.091610 0.091857 0.000506 0.038863 0.038586 0.009328 0.091852 0.091822 0.091870 0.084673 0.115425 0.007313 0.003778 0.000207 0.034921 0.115567 0.091824 
0.093151 0.093308 0.000005 0.044013 0.042772 0.008316 0.093308 0.093284 0.093305 0.073710 0.117590 0.006312 0.000777 0.000205 0.028906 0.117740 0.093298 
0.092361 0.092523 0.000005 0.042402 0.041398 0.008328 0.092522 0.092497 0.092519 0.076781 0.116985 0.006337 0.000780 0.000000 0.034905 0.117145 0.092511 
0.090742 0.090927 0.000506 0.046240 0.046569 0.009297 0.090924 0.090898 0.090931 0.086066 0.109435 0.006169 0.001280 0.000000 0.039558 0.109550 0.090907 
0.093568 0.093841 0.000506 0.034560 0.034455 0.006589 0.093836 0.093805 0.093854 0.080496 0.121684 0.004692 0.003762 0.000000 0.028691 0.121857 0.093805 
0.091742 0.092315 0.000005 0.037767 0.038890 0.009776 0.092252 0.092113 0.092580 0.077450 0.115606 0.006574 0.005281 0.000755 0.039193 0.115702 0.091998 
0.091139 0.091373 0.000506 0.042284 0.040134 0.012967 0.091368 0.091338 0.091382 0.088637 0.114482 0.008461 0.001773 0.000000 0.028183 0.114629 0.091342 
0.091564 0.091875 0.000506 0.040154 0.038508 0.008085 0.091867 0.091832 0.091899 0.097144 0.114370 0.006141 0.004279 0.000755 0.024694 0.114501 0.091826 
0.092123 0.092305 0.000506 0.049071 0.046419 0.007835 0.092303 0.092276 0.092307 0.084534 0.113151 0.005894 0.002771 0.000000 0.022935 0.113282 0.092287 
0.091241 0.091518 0.000506 0.040764 0.039977 0.008834 0.091511 0.091479 0.091536 0.092970 0.113189 0.006858 0.004282 0.000000 0.030537 0.113322 0.091477 
0.091477 0.091723 0.000005 0.043358 0.040385 0.010065 0.091717 0.091686 0.091735 0.091386 0.114839 0.008039 0.001771 0.000207 0.024936 0.114981 0.091689 
0.092670 0.092901 0.000005 0.040193 0.039156 0.006846 0.092897 0.092868 0.092910 0.083768 0.117505 0.004955 0.003268 0.000205 0.029328 0.117654 0.092873 
0.092643 0.093121 0.001006 0.038361 0.038183 0.010299 0.093105 0.093058 0.093182 0.079484 0.117372 0.008227 0.002264 0.000205 0.028944 0.117516 0.093029 
0.091766 0.092219 0.001507 0.038641 0.038010 0.012019 0.092204 0.092159 0.092274 0.079776 0.116734 0.008700 0.003273 0.000000 0.031696 0.116890 0.092132 
0.091091 0.091389 0.001006 0.037273 0.037327 0.010078 0.091382 0.091348 0.091411 0.090620 0.114121 0.008056 0.004785 0.000208 0.034307 0.114254 0.091343 
0.091012 0.091243 0.000506 0.042408 0.042229 0.010331 0.091238 0.091209 0.091255 0.085455 0.112055 0.008310 0.003281 0.001277 0.034799 0.112179 0.091212 
0.092161 0.092241 0.000506 0.046861 0.044925 0.010070 0.092243 0.092224 0.092223 0.067522 0.116502 0.008007 0.002269 0.000000 0.033332 0.116664 0.092248 
0.091818 0.092089 0.000506 0.039423 0.039974 0.011063 0.092083 0.092051 0.092107 0.083713 0.113971 0.009005 0.003777 0.000207 0.032068 0.114095 0.092049 
0.091870 0.092120 0.000005 0.037800 0.038818 0.008337 0.092115 0.092085 0.092132 0.082688 0.115200 0.006360 0.004780 0.000000 0.038262 0.115341 0.092087 
0.091427 0.091714 0.000005 0.043075 0.041453 0.005887 0.091707 0.091673 0.091735 0.100130 0.112342 0.004122 0.003276 0.001276 0.026044 0.112463 0.091670 
0.090959 0.091133 0.001006 0.047490 0.044437 0.009586 0.091130 0.091104 0.091134 0.084492 0.112757 0.007585 0.005791 0.000209 0.027179 0.112892 0.091116 
0.092935 0.093358 0.000506 0.042681 0.041000 0.009053 0.093345 0.093301 0.093409 0.077951 0.117576 0.007020 0.001265 0.000205 0.025394 0.117725 0.093279 
0.092216 0.092419 0.000005 0.042132 0.040667 0.010559 0.092416 0.092389 0.092424 0.078751 0.116516 0.008492 0.002770 0.000754 0.028430 0.116663 0.092397 
0.091948 0.092240 0.000506 0.039745 0.039491 0.007835 0.092233 0.092200 0.092260 0.092687 0.114242 0.005897 0.002269 0.000000 0.029877 0.114374 0.092196 
0.092211 0.092403 0.000506 0.040891 0.039361 0.007837 0.092401 0.092374 0.092405 0.079663 0.117673 0.005877 0.004777 0.000206 0.031200 0.117831 0.092384 
0.092358 0.092582 0.000005 0.043838 0.042444 0.012297 0.092578 0.092549 0.092592 0.079694 0.115038 0.010209 0.001768 0.000207 0.024119 0.115170 0.092554 
0.092437 0.092634 0.000005 0.042580 0.040902 0.007587 0.092632 0.092605 0.092637 0.081018 0.116899 0.005642 0.005277 0.000000 0.027475 0.117054 0.092614 
0.092099 0.092337 0.000005 0.043333 0.040917 0.010057 0.092332 0.092302 0.092348 0.087336 0.115560 0.008015 0.000781 0.000206 0.024365 0.115700 0.092306 
0.090839 0.091024 0.000005 0.045230 0.042256 0.009833 0.091022 0.090995 0.091025 0.086386 0.113785 0.007823 0.005289 0.000000 0.029548 0.113935 0.091005 
0.092077 0.092255 0.000005 0.047052 0.045706 0.009320 0.092253 0.092227 0.092257 0.081247 0.113138 0.007306 0.000328 0.000207 0.029121 0.113265 0.092237 
0.092009 0.092264 0.000005 0.037675 0.036867 0.009815 0.092259 0.092229 0.092276 0.083981 0.117586 0.007768 0.003774 0.000000 0.031515 0.117746 0.092230 
0.091756 0.092047 0.000506 0.036938 0.037838 0.010024 0.092041 0.092008 0.092069 0.087026 0.114760 0.006816 0.003777 0.000755 0.034744 0.114891 0.092004 
0.093565 0.093830 0.000005 0.037029 0.036287 0.006527 0.093825 0.093795 0.093843 0.084299 0.120527 0.003648 0.002758 0.000000 0.025575 0.120692 0.093796 
0.092405 0.092559 0.000005 0.045567 0.045908 0.008030 0.092559 0.092535 0.092557 0.076869 0.113547 0.004980 0.001270 0.000000 0.034979 0.113679 0.092549 
0.090522 0.090759 0.000506 0.045480 0.044229 0.011080 0.090754 0.090723 0.090773 0.091404 0.109982 0.009067 0.002280 0.000210 0.031410 0.110095 0.090726 
0.093066 0.093556 0.000506 0.033818 0.033232 0.009050 0.093540 0.093493 0.093616 0.078243 0.122073 0.006996 0.003262 0.000203 0.029633 0.122249 0.093463 
0.092680 0.092830 0.000005 0.043685 0.041097 0.008817 0.092829 0.092805 0.092824 0.074297 0.118691 0.006791 0.003770 0.000205 0.026996 0.118855 0.092821 
0.091754 0.092003 0.000005 0.037035 0.035955 0.009817 0.091998 0.091967 0.092013 0.085459 0.118065 0.007773 0.001270 0.000000 0.034682 0.118233 0.091970 
0.092602 0.092738 0.000005 0.044705 0.041819 0.005877 0.092738 0.092715 0.092730 0.078079 0.118277 0.004073 0.003770 0.000205 0.028492 0.118442 0.092733 
0.093031 0.093587 0.000005 0.038795 0.038140 0.009549 0.093526 0.093387 0.093849 0.073623 0.119623 0.007481 0.002762 0.000204 0.029424 0.119737 0.093276 
0.091211 0.091404 0.001507 0.046694 0.044524 0.007604 0.091401 0.091374 0.091409 0.088699 0.112237 0.005696 0.002275 0.000208 0.030008 0.112366 0.091383 
0.091674 0.091906 0.000506 0.041152 0.040343 0.010070 0.091902 0.091873 0.091916 0.083712 0.114858 0.008033 0.004280 0.000000 0.030900 0.115001 0.091877 
0.091558 0.091724 0.000005 0.044691 0.044401 0.006383 0.091722 0.091697 0.091724 0.080967 0.112945 0.004554 0.005787 0.000208 0.036850 0.113075 0.091709 
0.091343 0.091634 0.001006 0.037237 0.039511 0.009832 0.091627 0.091594 0.091656 0.085348 0.112317 0.007814 0.003781 0.000757 0.040521 0.112432 0.091589 
0.090049 0.090395 0.000005 0.049483 0.048169 0.011587 0.090384 0.090344 0.090436 0.080541 0.109134 0.009570 0.000028 0.000211 0.040075 0.109257 0.090330 
0.092440 0.092603 0.000506 0.047486 0.046032 0.008574 0.092601 0.092577 0.092601 0.077794 0.114058 0.006581 0.002770 0.000000 0.026595 0.114192 0.092590 
0.092942 0.093225 0.000005 0.039683 0.039788 0.007085 0.093218 0.093186 0.093244 0.087534 0.115866 0.005178 0.001763 0.000205 0.027897 0.115996 0.093184 
0.092577 0.092783 0.000005 0.039708 0.039760 0.005159 0.092780 0.092754 0.092787 0.081434 0.117064 0.003442 0.004774 0.000000 0.034993 0.117218 0.092762 
0.090586 0.090800 0.001006 0.047830 0.045855 0.007858 0.090796 0.090767 0.090810 0.093780 0.109661 0.005955 0.003284 0.000210 0.030255 0.109775 0.090772 
0.090760 0.091027 0.000506 0.043024 0.041286 0.007361 0.091021 0.090988 0.091045 0.097982 0.111814 0.005481 0.004285 0.000757 0.029733 0.111939 0.090988 
0.091273 0.091458 0.000506 0.045135 0.043365 0.009785 0.091455 0.091429 0.091460 0.082945 0.113358 0.006604 0.005788 0.000757 0.029752 0.113493 0.091439 
0.092525 0.092785 0.001006 0.038944 0.039701 0.008573 0.092780 0.092749 0.092801 0.082002 0.115546 0.006575 0.002768 0.000754 0.032066 0.115677 0.092749 
0.092669 0.092899 0.000005 0.042712 0.041278 0.007770 0.092895 0.092866 0.092909 0.086174 0.116063 0.004747 0.001764 0.000205 0.025969 0.116202 0.092871 
0.092752 0.093059 0.000506 0.033486 0.033838 0.007824 0.093051 0.093018 0.093080 0.086044 0.119603 0.005852 0.001264 0.000204 0.033645 0.119761 0.093013 
0.091637 0.091951 0.001006 0.035018 0.034972 0.009076 0.091943 0.091909 0.091974 0.090342 0.116660 0.007069 0.003776 0.000755 0.033203 0.116807 0.091902 
0.090669 0.090915 0.001006 0.045036 0.042078 0.008048 0.090909 0.090878 0.090928 0.097999 0.112033 0.005034 0.005289 0.000209 0.025927 0.112162 0.090880 
