-1231068.116678
0
0.000001 0.000001 0.000001 0.000001 0.000001 0.000001 0.000001 0.000001 0.000001 0.000001 0.000002 0.000001 0.000001 0.000001 0.000001 0.000001 0.000531 0.000001 0.000295 0.000001 0.000441 0.000001 0.000001 0.000236 0.000001 0.000002 0.000001 0.000047 0.000001 0.000001 0.000001 0.000001 0.000001 0.000001 0.128228 0.000001 0.000001 0.000001 0.000001 0.000001 0.000001 0.000001 0.000059 0.000001 0.000001 0.000001 0.000001 0.000001 0.000001 0.000001 0.000001 0.000001 0.000001 0.000001 0.000001 0.000001 0.000591 0.000056 0.837016 0.029977 0.000001 0.000001 0.000001 0.000001 0.000001 0.000001 0.000001 0.000001 0.000001 0.000001 0.000001 0.000002 0.000001 0.000001 0.000001 0.001233 0.000001 0.000001 0.000001 0.000001 0.000001 0.000001 0.000155 0.000001 0.000001 0.000001 0.000001 0.000001 0.000001 0.000001 0.000001 0.000001 0.000789 0.000001 0.000001 0.000250 
0.000001 0.000001 0.000001 0.000001 0.000001 0.000001 0.000001 0.000001 0.000001 0.000001 0.000002 0.000001 0.000001 0.000001 0.000001 0.000001 0.000002 0.000001 0.000001 0.000001 0.000002 0.000001 0.000001 0.000001 0.000001 0.000002 0.000001 0.000002 0.000001 0.000001 0.000001 0.000001 0.000001 0.000001 0.000003 0.000001 0.000001 0.000001 0.000001 0.000001 0.000001 0.000001 0.000002 0.000001 0.000001 0.000001 0.000001 0.000001 0.000001 0.000001 0.000001 0.000001 0.000001 0.000001 0.000001 0.000001 0.000003 0.000003 0.999874 0.000001 0.000001 0.000001 0.000001 0.000001 0.000001 0.000001 0.000001 0.000001 0.000001 0.000001 0.000001 0.000002 0.000001 0.000001 0.000001 0.000001 0.000001 0.000001 0.000001 0.000001 0.000001 0.000001 0.000002 0.000001 0.000001 0.000001 0.000001 0.000001 0.000001 0.000001 0.000001 0.000001 0.000002 0.000001 0.000001 0.000002 
0.000001 0.000001 0.000001 0.000001 0.000001 0.000001 0.000001 0.000001 0.001313 0.000001 0.000001 0.000001 0.000001 0.000001 0.000001 0.000001 0.000014 0.000001 0.000001 0.000001 0.000323 0.000001 0.000001 0.000001 0.000001 0.000093 0.000001 0.000061 0.000001 0.000001 0.000001 0.000001 0.000001 0.000001 0.000752 0.000001 0.000001 0.000001 0.000001 0.000001 0.000001 0.000034 0.000180 0.000001 0.000001 0.000001 0.000001 0.000001 0.000001 0.000001 0.000001 0.000001 0.000001 0.000001 0.000001 0.000001 0.000661 0.030766 0.964058 0.000001 0.000001 0.000001 0.000001 0.000001 0.000001 0.000001 0.000001 0.000001 0.000001 0.000001 0.000001 0.000044 0.000099 0.000001 0.000001 0.000001 0.000001 0.000001 0.000001 0.000001 0.000001 0.000001 0.000308 0.000001 0.000001 0.000001 0.000001 0.000001 0.000001 0.000001 0.000001 0.000001 0.000923 0.000001 0.000001 0.000319 
0.000001 0.000001 0.000001 0.000001 0.000001 0.000001 0.000001 0.000001 0.000001 0.000001 0.749712 0.000001 0.000001 0.000001 0.000001 0.000001 0.000002 0.000001 0.000001 0.000001 0.000002 0.000001 0.000001 0.000001 0.000001 0.000002 0.000001 0.000002 0.000001 0.000001 0.000001 0.000001 0.000022 0.000001 0.000003 0.000001 0.000001 0.000001 0.000001 0.000001 0.000001 0.000001 0.000002 0.000656 0.000267 0.000001 0.000001 0.000001 0.000001 0.000001 0.000001 0.000001 0.000001 0.000001 0.000001 0.000001 0.000003 0.000003 0.248502 0.000002 0.000001 0.000001 0.000001 0.000001 0.000001 0.000001 0.000001 0.000001 0.000001 0.000001 0.000001 0.000002 0.000001 0.000001 0.000001 0.000001 0.000001 0.000001 0.000001 0.000001 0.000001 0.000001 0.000002 0.000001 0.000001 0.000001 0.000001 0.000001 0.000001 0.000001 0.000001 0.000717 0.000003 0.000001 0.000001 0.000002 
0.000001 0.000001 0.000001 0.000001 0.000001 0.000001 0.000001 0.000001 0.000001 0.000001 0.466176 0.000001 0.000001 0.000001 0.000001 0.000001 0.000002 0.000001 0.000001 0.000001 0.000002 0.000001 0.000001 0.000001 0.000001 0.000002 0.000001 0.097469 0.000001 0.000001 0.000001 0.000001 0.000001 0.000001 0.000003 0.000001 0.000001 0.000001 0.000001 0.000001 0.000084 0.000001 0.000002 0.000001 0.000001 0.000001 0.000001 0.000001 0.000001 0.000001 0.000001 0.000001 0.000001 0.000001 0.000001 0.000001 0.000003 0.369785 0.065480 0.000002 0.000001 0.000001 0.000001 0.000001 0.000001 0.000001 0.000001 0.000001 0.000001 0.000001 0.000001 0.000002 0.000001 0.000001 0.000001 0.000001 0.000001 0.000001 0.000001 0.000001 0.000001 0.000001 0.000002 0.000001 0.000001 0.000001 0.000001 0.000001 0.000001 0.000001 0.000001 0.000001 0.000885 0.000001 0.000001 0.000002 
0.000001 0.000001 0.000001 0.000001 0.000001 0.000001 0.000001 0.000001 0.000001 0.000001 0.000002 0.000001 0.000001 0.000001 0.000001 0.000001 0.000002 0.000001 0.000001 0.000458 0.000002 0.000001 0.000001 0.000001 0.000001 0.000001 0.000001 0.000002 0.000001 0.000001 0.000001 0.000001 0.000001 0.000001 0.826756 0.000001 0.000001 0.000001 0.000001 0.000001 0.000001 0.000001 0.000002 0.000001 0.000001 0.000001 0.000001 0.000001 0.000001 0.000001 0.000001 0.000001 0.000001 0.000001 0.000001 0.000001 0.157096 0.000003 0.009112 0.000001 0.000001 0.000001 0.000001 0.000001 0.000001 0.000001 0.000001 0.000001 0.000001 0.000001 0.000001 0.000001 0.000001 0.000001 0.000001 0.000001 0.000001 0.000001 0.000001 0.000001 0.000001 0.000001 0.002924 0.000001 0.000001 0.000001 0.000001 0.000001 0.000001 0.000001 0.000001 0.000001 0.000002 0.000001 0.000001 0.003548 
0.000094 0.000001 0.000001 0.000001 0.000001 0.000001 0.000001 0.000001 0.000001 0.000001 0.000002 0.000020 0.000075 0.000001 0.000001 0.000075 0.000015 0.000020 0.000001 0.000001 0.000391 0.000001 0.000001 0.000001 0.000020 0.000141 0.000001 0.000053 0.000001 0.000001 0.000001 0.000001 0.000001 0.000001 0.000318 0.000001 0.000001 0.000001 0.000001 0.000020 0.000001 0.000001 0.000199 0.000001 0.000001 0.000001 0.000020 0.005214 0.000001 0.000001 0.000001 0.000001 0.000001 0.000001 0.000001 0.000001 0.000710 0.014040 0.976550 0.000001 0.000001 0.000001 0.000001 0.000001 0.000001 0.000020 0.000001 0.000020 0.000001 0.000001 0.000001 0.000076 0.000001 0.000001 0.000001 0.000001 0.000001 0.000001 0.000001 0.000001 0.000001 0.000001 0.000226 0.000001 0.000223 0.000001 0.000020 0.000001 0.000020 0.000001 0.000001 0.000001 0.001010 0.000001 0.000001 0.000335 
0.145007 0.141225 0.143499 0.142860 0.140994 0.140926 0.145489 
0.136550 0.154173 0.115705 0.172576 0.114922 0.168998 0.137075 
0.139335 0.150782 0.152740 0.142198 0.129436 0.136355 0.149154 
0.138463 0.134914 0.166133 0.140578 0.139215 0.136881 0.143815 
breast
0.130012 0.128176 0.241907 0.110960 0.108517 0.142144 0.138284 
0.128213 0.120124 0.229037 0.125854 0.122089 0.146933 0.127750 
0.123797 0.126163 0.239434 0.121181 0.129480 0.122460 0.137485 
0.124927 0.125659 0.235162 0.118003 0.115935 0.147017 0.133296 
0.127077 0.130189 0.241660 0.120613 0.103582 0.136822 0.140057 
0.121059 0.119117 0.224937 0.122557 0.126284 0.156378 0.129667 
0.138817 0.134215 0.248282 0.098643 0.080258 0.158119 0.141666 
0.133738 0.135221 0.250877 0.101941 0.095780 0.137065 0.145378 
0.120801 0.121634 0.230719 0.121628 0.137056 0.131032 0.137130 
0.130178 0.126163 0.234085 0.137996 0.105577 0.132755 0.133245 
0.123871 0.122640 0.231593 0.111168 0.121882 0.158287 0.130560 
0.122686 0.124653 0.235151 0.137636 0.124435 0.121886 0.133554 
0.122711 0.123143 0.230798 0.120460 0.129581 0.140221 0.133085 
0.121409 0.113078 0.216086 0.133345 0.132673 0.162501 0.120907 
0.128016 0.126666 0.237743 0.119772 0.116132 0.137028 0.134643 
0.129416 0.134718 0.252528 0.123222 0.118828 0.095638 0.145650 
0.127390 0.127169 0.238020 0.119892 0.119032 0.131115 0.137383 
0.127849 0.126163 0.238237 0.121181 0.118773 0.130601 0.137197 
0.126275 0.127672 0.240171 0.116955 0.115565 0.137581 0.135780 
0.125599 0.114085 0.219977 0.122884 0.128312 0.165139 0.124004 
0.128051 0.128679 0.245277 0.121781 0.113119 0.125673 0.137420 
0.129974 0.130692 0.246490 0.120733 0.114799 0.116829 0.140483 
0.122290 0.129685 0.246409 0.120493 0.124159 0.116593 0.140371 
0.124009 0.127672 0.238533 0.123070 0.118481 0.132964 0.135270 
0.119012 0.117608 0.226414 0.111496 0.131305 0.164699 0.129467 
0.122279 0.122137 0.232661 0.118691 0.112651 0.160156 0.131425 
0.129273 0.131195 0.245555 0.114738 0.106136 0.133558 0.139545 
0.127582 0.120124 0.225906 0.131969 0.126662 0.140192 0.127566 
0.126878 0.132202 0.246041 0.119564 0.111413 0.119051 0.144850 
0.126563 0.124653 0.234400 0.123878 0.122952 0.135089 0.132466 
0.128275 0.130189 0.243847 0.120613 0.118008 0.120906 0.138162 
0.124217 0.122640 0.230832 0.121869 0.108414 0.160944 0.131084 
0.123244 0.121130 0.228387 0.113865 0.117085 0.167447 0.128842 
0.125717 0.122640 0.230256 0.117283 0.103828 0.169885 0.130391 
0.130409 0.125659 0.236461 0.113417 0.106163 0.154288 0.133602 
0.123269 0.124150 0.234182 0.119172 0.119289 0.147812 0.132126 
0.125738 0.123143 0.233586 0.129632 0.136524 0.117564 0.133813 
0.123400 0.124150 0.236164 0.114585 0.112417 0.155689 0.133595 
0.125671 0.126163 0.237208 0.128824 0.109903 0.137817 0.134414 
0.130959 0.124150 0.236562 0.111528 0.114583 0.150160 0.132058 
0.136096 0.128176 0.241723 0.112489 0.113176 0.131405 0.136935 
0.117801 0.120124 0.230661 0.125854 0.149283 0.124851 0.131426 
0.124141 0.128176 0.240082 0.110960 0.122497 0.135683 0.138461 
0.123899 0.124150 0.233878 0.119172 0.112299 0.154553 0.132048 
0.124414 0.118614 0.228580 0.116322 0.126651 0.158473 0.126946 
0.126422 0.131698 0.244757 0.128029 0.110622 0.119241 0.139230 
0.119835 0.119621 0.225648 0.147136 0.121288 0.135895 0.130578 
0.136386 0.134718 0.250318 0.104878 0.104621 0.124138 0.144942 
0.125613 0.127672 0.241084 0.121541 0.136895 0.111176 0.136019 
0.125093 0.127672 0.237908 0.118484 0.107010 0.148616 0.135217 
0.126367 0.118111 0.224699 0.111616 0.129128 0.163880 0.126199 
0.120361 0.127169 0.240726 0.129064 0.129651 0.116934 0.136094 
0.129982 0.129685 0.240677 0.128136 0.100492 0.133559 0.137468 
0.125760 0.127169 0.239297 0.118363 0.118536 0.135673 0.135201 
0.125344 0.125156 0.233646 0.122469 0.109274 0.151570 0.132541 
0.126977 0.128176 0.241007 0.121661 0.125814 0.120076 0.136289 
0.123922 0.128679 0.241577 0.127896 0.122217 0.119017 0.136693 
0.128748 0.127672 0.240149 0.107783 0.112382 0.147511 0.135755 
0.124131 0.126666 0.236254 0.127415 0.112192 0.139221 0.134121 
0.125909 0.130189 0.245846 0.108383 0.111358 0.136262 0.142053 
0.131113 0.130692 0.246289 0.111561 0.125968 0.115040 0.139337 
0.128137 0.133711 0.251737 0.115339 0.112805 0.116632 0.141639 
0.126814 0.130692 0.243074 0.126848 0.106199 0.127668 0.138705 
0.123154 0.122640 0.231864 0.118811 0.120884 0.149141 0.133506 
0.134042 0.124653 0.234585 0.117763 0.117126 0.136728 0.135104 
0.128972 0.125156 0.234489 0.116354 0.107569 0.154509 0.132950 
0.122031 0.123143 0.233276 0.132689 0.143740 0.111382 0.133737 
0.129344 0.126666 0.237115 0.118243 0.115191 0.139136 0.134305 
0.121914 0.117608 0.222610 0.140540 0.137082 0.134546 0.125700 
0.124489 0.125659 0.235754 0.131761 0.118267 0.125729 0.138340 
0.127268 0.127169 0.237952 0.129064 0.119347 0.121910 0.137289 
0.133858 0.130692 0.245139 0.122261 0.118981 0.110171 0.138897 
0.122215 0.119621 0.227498 0.141962 0.121479 0.140187 0.127039 
0.123591 0.127169 0.239948 0.124478 0.123959 0.125464 0.135391 
0.127262 0.125659 0.235069 0.124118 0.121762 0.132945 0.133185 
0.128651 0.120124 0.228481 0.121268 0.120518 0.152275 0.128683 
0.125270 0.123143 0.235749 0.108231 0.131143 0.141061 0.135404 
0.136493 0.134718 0.251638 0.101821 0.101527 0.130909 0.142895 
0.127670 0.121130 0.227979 0.121508 0.116490 0.153684 0.131538 
0.124989 0.118111 0.222514 0.125374 0.108791 0.174470 0.125751 
0.127768 0.127672 0.239266 0.107783 0.105795 0.153748 0.137968 
0.132983 0.123647 0.233553 0.111408 0.107189 0.156337 0.134883 
0.130366 0.132705 0.247399 0.131914 0.111986 0.102361 0.143269 
0.127596 0.126666 0.240143 0.106014 0.118368 0.145419 0.135795 
0.125592 0.128679 0.241497 0.115666 0.115090 0.136738 0.136739 
0.130247 0.122137 0.232026 0.109519 0.116830 0.158841 0.130400 
0.120306 0.118614 0.225485 0.116322 0.123740 0.167913 0.127620 
0.120612 0.120124 0.227759 0.128912 0.126509 0.147688 0.128396 
0.126084 0.128679 0.239630 0.124838 0.117828 0.126793 0.136148 
0.123211 0.130189 0.243366 0.135900 0.112996 0.115244 0.139095 
0.123716 0.122137 0.230026 0.127863 0.128084 0.138338 0.129836 
0.124989 0.124653 0.237715 0.126935 0.122371 0.127788 0.135550 
0.134933 0.136228 0.252891 0.118997 0.106197 0.106672 0.144083 
0.128714 0.122640 0.231106 0.134098 0.131477 0.121586 0.130378 
0.123350 0.128176 0.241987 0.110960 0.129157 0.129501 0.136869 
0.123731 0.123647 0.228726 0.143510 0.110398 0.139666 0.130323 
0.127753 0.126163 0.237006 0.102836 0.109867 0.162349 0.134026 
0.122298 0.120627 0.227442 0.133618 0.126051 0.141316 0.128648 
0.124270 0.123143 0.231449 0.123517 0.113404 0.153424 0.130792 
0.121962 0.122137 0.234144 0.120220 0.131621 0.134619 0.135297 
0.130698 0.129685 0.240365 0.135779 0.106379 0.117657 0.139436 
0.120939 0.129182 0.240512 0.135659 0.121984 0.112560 0.139162 
0.115529 0.111065 0.214274 0.143565 0.145724 0.150118 0.119724 
0.121960 0.125659 0.236072 0.125059 0.119237 0.138122 0.133891 
0.125014 0.129685 0.246240 0.108263 0.122811 0.128956 0.139030 
0.128424 0.129685 0.243973 0.122021 0.121860 0.115753 0.138282 
0.124489 0.123647 0.233559 0.123050 0.125129 0.138368 0.131759 
0.129574 0.134215 0.251618 0.113930 0.112744 0.112820 0.145099 
0.129216 0.124150 0.233434 0.128344 0.121220 0.131632 0.132005 
0.120922 0.123143 0.234763 0.140333 0.140203 0.109524 0.131112 
0.125844 0.124150 0.236015 0.117643 0.127472 0.135923 0.132953 
0.126475 0.126163 0.236643 0.123651 0.116638 0.136503 0.133928 
0.122233 0.118111 0.221200 0.133017 0.111841 0.168452 0.125147 
0.121765 0.121634 0.229178 0.129272 0.121601 0.147228 0.129324 
0.121815 0.119117 0.224500 0.127143 0.123371 0.154979 0.129074 
0.125197 0.120124 0.233324 0.136555 0.134053 0.122417 0.128330 
0.116356 0.117104 0.224819 0.120548 0.145018 0.150403 0.125752 
0.132173 0.133208 0.250639 0.102989 0.117608 0.119077 0.144307 
0.118519 0.124653 0.235377 0.131521 0.121923 0.135204 0.132804 
0.121719 0.125659 0.237700 0.126588 0.128390 0.126009 0.133935 
0.122149 0.127169 0.238358 0.127536 0.113476 0.133829 0.137484 
0.124177 0.125659 0.237941 0.111888 0.125385 0.141000 0.133950 
0.127696 0.124653 0.236297 0.099419 0.127649 0.148851 0.135435 
0.124438 0.122137 0.232882 0.118691 0.144660 0.126169 0.131023 
0.128185 0.124150 0.237538 0.108471 0.116418 0.150440 0.134798 
0.130210 0.134718 0.254143 0.118636 0.118872 0.100531 0.142890 
0.126725 0.126666 0.237161 0.128944 0.106216 0.134634 0.139653 
0.123129 0.129182 0.240544 0.129545 0.110825 0.130071 0.136704 
0.129706 0.131698 0.245846 0.111801 0.103807 0.134978 0.142164 
0.127261 0.129182 0.240906 0.115786 0.102353 0.145177 0.139334 
0.124359 0.119621 0.225410 0.133377 0.114803 0.154424 0.128006 
0.133883 0.133208 0.247409 0.118276 0.103545 0.120375 0.143304 
0.128982 0.128679 0.242486 0.106494 0.123931 0.131676 0.137752 
0.132516 0.136731 0.253468 0.108416 0.099639 0.122283 0.146947 
0.129245 0.120124 0.228517 0.112096 0.126385 0.155298 0.128335 
0.122779 0.120124 0.230637 0.130440 0.130691 0.137020 0.128309 
0.119671 0.120627 0.230220 0.135146 0.124900 0.138603 0.130833 
0.130247 0.130692 0.244386 0.114618 0.107284 0.129246 0.143527 
0.118871 0.122137 0.231870 0.137035 0.145322 0.114086 0.130680 
0.130796 0.130189 0.243278 0.108383 0.103891 0.145437 0.138025 
0.129969 0.128679 0.239643 0.114138 0.095675 0.152918 0.138978 
0.121086 0.121130 0.231054 0.127623 0.154367 0.115126 0.129614 
0.123045 0.128176 0.241995 0.121661 0.116029 0.132215 0.136878 
0.129351 0.128176 0.238423 0.133890 0.116455 0.118172 0.135533 
0.128287 0.129685 0.242270 0.117435 0.104983 0.134874 0.142466 
0.122954 0.120627 0.230067 0.103985 0.121484 0.171765 0.129117 
0.131535 0.126163 0.236372 0.122709 0.113054 0.131356 0.138811 
0.130486 0.129182 0.239558 0.115786 0.093333 0.154827 0.136827 
0.127933 0.121130 0.227870 0.123037 0.111218 0.160076 0.128736 
0.128856 0.127169 0.238957 0.109191 0.110827 0.149910 0.135090 
0.126230 0.118111 0.222463 0.128431 0.119724 0.159557 0.125484 
0.131433 0.126163 0.237292 0.108951 0.110764 0.151300 0.134097 
0.121495 0.119117 0.225764 0.125614 0.128209 0.150391 0.129410 
0.132906 0.134215 0.248554 0.112401 0.093256 0.131994 0.146675 
0.130532 0.127672 0.238270 0.113897 0.103378 0.151034 0.135215 
0.126679 0.126163 0.238789 0.118123 0.116486 0.138881 0.134880 
0.128629 0.120124 0.228722 0.125854 0.130809 0.137198 0.128664 
0.127243 0.127672 0.242076 0.107783 0.130961 0.125189 0.139076 
0.126283 0.127169 0.239398 0.116247 0.116519 0.139006 0.135378 
0.121743 0.124150 0.233884 0.117643 0.113823 0.156707 0.132051 
0.126115 0.128176 0.238460 0.127776 0.106507 0.136997 0.135970 
0.125764 0.122640 0.232804 0.132569 0.133446 0.119433 0.133343 
0.129916 0.127169 0.240590 0.104605 0.121175 0.138402 0.138142 
0.124360 0.127672 0.242032 0.120012 0.132681 0.116799 0.136442 
0.119257 0.121130 0.230770 0.132209 0.137878 0.126735 0.132020 
0.123595 0.127169 0.237362 0.122949 0.116389 0.135393 0.137142 
0.126188 0.129182 0.240798 0.131073 0.108898 0.124644 0.139217 
0.128089 0.128176 0.243873 0.112489 0.133008 0.116874 0.137491 
0.128015 0.131195 0.245203 0.123910 0.109723 0.122509 0.139444 
0.118293 0.122640 0.231267 0.129512 0.126189 0.141616 0.130483 
0.128482 0.127169 0.239321 0.118363 0.108305 0.142724 0.135635 
0.124450 0.126666 0.237233 0.122829 0.110621 0.143809 0.134392 
0.123619 0.129685 0.242657 0.117435 0.126760 0.122244 0.137599 
0.121814 0.126163 0.241651 0.121181 0.124882 0.128922 0.135388 
0.138598 0.127169 0.238358 0.100019 0.105210 0.155337 0.135309 
0.123048 0.124653 0.235033 0.129992 0.125910 0.128713 0.132650 
0.125857 0.128679 0.245620 0.112609 0.125976 0.124109 0.137150 
0.121066 0.127169 0.239391 0.132122 0.113836 0.128177 0.138239 
0.125016 0.125156 0.234895 0.120940 0.116576 0.144549 0.132868 
0.128565 0.128679 0.242539 0.108023 0.123556 0.129226 0.139413 
0.126809 0.131195 0.244829 0.126968 0.095523 0.135992 0.138684 
0.128179 0.128176 0.239148 0.115546 0.101886 0.151319 0.135745 
0.126824 0.124653 0.236882 0.110120 0.131371 0.136992 0.133158 
0.128286 0.129685 0.242938 0.123550 0.112870 0.124944 0.137727 
0.127050 0.121130 0.228292 0.104693 0.124164 0.165783 0.128888 
0.129216 0.129182 0.244236 0.117315 0.117793 0.121666 0.140592 
0.132610 0.128679 0.242777 0.103437 0.101377 0.154792 0.136328 
0.127232 0.125659 0.237286 0.118003 0.139816 0.113281 0.138723 
0.128240 0.127169 0.242078 0.107663 0.111543 0.148036 0.135272 
0.119144 0.123647 0.230766 0.134338 0.114650 0.146529 0.130926 
0.122256 0.119621 0.224966 0.144078 0.119405 0.139673 0.130001 
0.130879 0.128176 0.241957 0.117075 0.111952 0.132689 0.137272 
0.125227 0.130189 0.242301 0.114498 0.111332 0.138696 0.137757 
0.127022 0.128176 0.239143 0.114018 0.113672 0.142174 0.135797 
0.120747 0.121130 0.227721 0.126094 0.122959 0.150216 0.131133 
0.135509 0.130692 0.241345 0.114618 0.092009 0.147891 0.137936 
0.121949 0.123647 0.233877 0.138924 0.131092 0.118718 0.131793 
0.124791 0.123143 0.235539 0.111288 0.127797 0.141831 0.135611 
0.129342 0.133208 0.246768 0.119805 0.105697 0.121999 0.143180 
0.130032 0.127672 0.240904 0.095553 0.113902 0.155931 0.136006 
0.124807 0.125659 0.238211 0.118003 0.117189 0.137812 0.138319 
0.123627 0.124653 0.236778 0.129992 0.134112 0.118418 0.132420 
0.123192 0.126666 0.238459 0.113657 0.123074 0.140256 0.134696 
0.129714 0.129685 0.241691 0.122021 0.105746 0.131390 0.139753 
0.123893 0.120124 0.227208 0.121268 0.130780 0.148807 0.127920 
0.124939 0.127672 0.240134 0.112369 0.122196 0.136992 0.135698 
0.126566 0.132202 0.246007 0.121093 0.107426 0.126827 0.139880 
0.124162 0.124150 0.234167 0.120700 0.119859 0.144360 0.132603 
0.122235 0.123143 0.231077 0.123517 0.115496 0.148557 0.135975 
0.120345 0.121130 0.228825 0.134679 0.117343 0.145839 0.131839 
0.132186 0.119621 0.226115 0.102804 0.107533 0.184383 0.127358 
0.124201 0.124150 0.233246 0.128344 0.113826 0.144344 0.131890 
0.128659 0.127672 0.237929 0.124598 0.107907 0.138112 0.135123 
0.134107 0.128679 0.244090 0.117195 0.106205 0.132220 0.137505 
0.121805 0.124150 0.236866 0.120700 0.135018 0.129198 0.132263 
0.125601 0.119117 0.227938 0.122557 0.132209 0.144226 0.128352 
0.127089 0.129182 0.243785 0.123430 0.121963 0.116588 0.137963 
0.127063 0.120627 0.229439 0.127503 0.118132 0.145064 0.132172 
0.129695 0.133711 0.247672 0.117809 0.100036 0.127401 0.143675 
0.126262 0.126666 0.239629 0.127415 0.113445 0.132236 0.134347 
0.131259 0.129685 0.244613 0.115907 0.117617 0.119811 0.141108 
0.123083 0.123647 0.231610 0.127636 0.108598 0.149153 0.136274 
0.133924 0.127672 0.241975 0.099552 0.098802 0.162558 0.135518 
0.120524 0.123143 0.233531 0.138217 0.116409 0.137508 0.130667 
0.125059 0.131698 0.245491 0.120973 0.104930 0.132265 0.139584 
0.129326 0.125156 0.236801 0.111768 0.123292 0.137807 0.135849 
0.137430 0.132202 0.245470 0.107335 0.089903 0.147890 0.139770 
0.130926 0.133711 0.249575 0.109224 0.103707 0.131149 0.141707 
0.125371 0.128176 0.239124 0.118604 0.123486 0.129501 0.135738 
0.126838 0.121130 0.230204 0.123037 0.126855 0.142091 0.129844 
0.128957 0.136731 0.256038 0.110886 0.103027 0.118815 0.145546 
0.127153 0.127672 0.238317 0.112369 0.107366 0.151874 0.135248 
0.133388 0.127672 0.241069 0.107195 0.092429 0.162409 0.135838 
0.120114 0.118614 0.227664 0.134666 0.145745 0.126695 0.126503 
0.134095 0.132705 0.246247 0.116627 0.102976 0.127112 0.140239 
0.117289 0.115091 0.220679 0.135354 0.147316 0.140913 0.123357 
0.127880 0.129685 0.242363 0.112849 0.109148 0.138131 0.139943 
0.124909 0.128176 0.244363 0.117075 0.132891 0.114385 0.138202 
0.121598 0.120124 0.227256 0.122797 0.121087 0.158822 0.128317 
0.122425 0.123647 0.233573 0.117523 0.123650 0.144895 0.134288 
0.134610 0.133711 0.247621 0.119925 0.102860 0.120100 0.141172 
0.123178 0.119621 0.228526 0.116562 0.130793 0.151516 0.129805 
0.115577 0.116098 0.224159 0.123365 0.157142 0.138839 0.124821 
0.129514 0.128679 0.240678 0.117195 0.116839 0.130626 0.136469 
0.134573 0.133711 0.249188 0.106167 0.114184 0.120116 0.142061 
0.124897 0.123143 0.234893 0.111288 0.114520 0.157732 0.133527 
0.131853 0.127672 0.238282 0.109311 0.113281 0.144323 0.135277 
0.125763 0.126666 0.236768 0.125887 0.110847 0.137278 0.136792 
0.128914 0.129182 0.244203 0.124959 0.118305 0.116088 0.138349 
0.131152 0.127169 0.242058 0.093905 0.115797 0.152079 0.137840 
prostate
0.125467 0.125810 0.212230 0.128029 0.127589 0.147398 0.133479 
0.128388 0.132082 0.224516 0.117332 0.138845 0.115767 0.143070 
0.124985 0.131560 0.222223 0.127869 0.137849 0.115800 0.139716 
0.133212 0.120583 0.204223 0.117652 0.115385 0.180563 0.128384 
0.122976 0.120060 0.203906 0.131234 0.138841 0.155387 0.127596 
0.132394 0.129991 0.221193 0.118359 0.117493 0.142518 0.138051 
0.129745 0.129991 0.218681 0.133589 0.140215 0.110104 0.137675 
0.129716 0.125810 0.211826 0.121937 0.111581 0.162486 0.136644 
0.131727 0.128946 0.216614 0.118111 0.119022 0.149071 0.136508 
0.130014 0.136264 0.226908 0.127461 0.118709 0.116725 0.143919 
0.127387 0.127378 0.216280 0.126877 0.135021 0.130647 0.136410 
0.129470 0.128946 0.215868 0.136387 0.128732 0.124380 0.136216 
0.132759 0.126332 0.217073 0.109877 0.112595 0.166533 0.134830 
0.125359 0.131037 0.220006 0.132314 0.127351 0.122800 0.141133 
0.139170 0.138355 0.232533 0.108158 0.109178 0.125127 0.147479 
0.132388 0.136787 0.228498 0.116924 0.109603 0.130459 0.145340 
0.130862 0.128946 0.218799 0.121157 0.135595 0.127420 0.137221 
0.131150 0.129991 0.222929 0.116836 0.124172 0.133874 0.141047 
0.137225 0.132605 0.228202 0.114410 0.124526 0.120934 0.142098 
0.127244 0.127378 0.214050 0.139061 0.129789 0.125205 0.137273 
0.137998 0.138355 0.230769 0.118819 0.111625 0.116389 0.146045 
0.127943 0.128946 0.221001 0.124203 0.137500 0.120898 0.139509 
0.124458 0.133128 0.226132 0.128240 0.136072 0.110173 0.141796 
0.127498 0.122673 0.210010 0.121193 0.133809 0.153531 0.131285 
0.129184 0.136264 0.229764 0.104617 0.121558 0.133175 0.145438 
0.126655 0.125287 0.214602 0.123336 0.135925 0.136829 0.137366 
0.136242 0.125287 0.212440 0.117244 0.115572 0.157118 0.136096 
0.135852 0.141491 0.235958 0.101287 0.104112 0.131546 0.149754 
0.126017 0.124764 0.215023 0.124735 0.121052 0.156273 0.132136 
0.133398 0.134173 0.225458 0.111736 0.118779 0.131793 0.144664 
0.128637 0.130514 0.215704 0.148942 0.122534 0.116592 0.137077 
0.136551 0.133650 0.223816 0.110089 0.111132 0.138512 0.146249 
0.125495 0.127378 0.218453 0.132969 0.127104 0.133905 0.134696 
0.130268 0.133128 0.223648 0.116057 0.111689 0.144230 0.140980 
0.133974 0.131560 0.220316 0.105024 0.096541 0.168522 0.144063 
0.124995 0.125287 0.213692 0.124859 0.139943 0.137628 0.133596 
0.137683 0.142537 0.236459 0.100012 0.087433 0.145363 0.150514 
0.130484 0.134696 0.224880 0.125566 0.113217 0.128558 0.142598 
0.126386 0.129991 0.220950 0.116836 0.137523 0.130673 0.137640 
0.126047 0.128423 0.219173 0.125602 0.151742 0.112025 0.136988 
0.125612 0.129469 0.217629 0.136511 0.122230 0.130986 0.137564 
0.132303 0.124764 0.209407 0.123212 0.118754 0.157072 0.134488 
0.128853 0.132082 0.221915 0.124947 0.122654 0.129611 0.139937 
0.128438 0.135219 0.226840 0.122644 0.114786 0.126122 0.145952 
0.135019 0.132605 0.222418 0.128117 0.132003 0.109569 0.140269 
0.125522 0.128423 0.218094 0.119510 0.132889 0.136020 0.139541 
0.130439 0.122673 0.206810 0.125762 0.124344 0.160014 0.129957 
0.129511 0.128946 0.216523 0.128772 0.123220 0.136585 0.136443 
0.130060 0.127378 0.214983 0.122308 0.133008 0.134689 0.137573 
0.127897 0.133650 0.223923 0.123795 0.111324 0.134751 0.144659 
0.132067 0.136264 0.229396 0.104617 0.113397 0.139715 0.144544 
0.128131 0.131037 0.218821 0.132314 0.128852 0.120079 0.140767 
0.130611 0.131037 0.220284 0.130220 0.124119 0.122520 0.141210 
0.130258 0.134173 0.224599 0.127918 0.116125 0.125048 0.141879 
0.131374 0.125810 0.212261 0.124983 0.124464 0.147359 0.133750 
0.127522 0.130514 0.221205 0.121529 0.135693 0.124714 0.138822 
0.122390 0.125810 0.210512 0.131074 0.126803 0.147958 0.135453 
0.131307 0.133650 0.225445 0.116181 0.111127 0.141233 0.141057 
0.136560 0.137310 0.226635 0.109433 0.086986 0.158837 0.144240 
0.132645 0.133650 0.224741 0.100951 0.112078 0.151815 0.144120 
0.127030 0.128946 0.215932 0.127249 0.125488 0.134144 0.141212 
0.128530 0.128946 0.215307 0.118111 0.108921 0.163915 0.136271 
0.129178 0.126332 0.213069 0.111400 0.124179 0.161931 0.133910 
0.132586 0.135219 0.225625 0.122644 0.107249 0.131485 0.145193 
0.133160 0.129469 0.218549 0.110620 0.120578 0.147732 0.139892 
0.124180 0.127378 0.214687 0.138491 0.129604 0.130647 0.135013 
0.136978 0.134696 0.225167 0.118904 0.104657 0.136922 0.142676 
0.129706 0.134173 0.225798 0.130011 0.123173 0.112026 0.145112 
0.132209 0.133128 0.224416 0.114534 0.124809 0.129622 0.141282 
0.131152 0.130514 0.219857 0.121529 0.114960 0.143644 0.138344 
0.140560 0.133650 0.222331 0.123795 0.109228 0.129588 0.140846 
0.132383 0.132605 0.224418 0.123548 0.120389 0.126433 0.140224 
0.131135 0.133650 0.224100 0.126841 0.125331 0.117183 0.141759 
0.125175 0.127901 0.215972 0.134616 0.130405 0.130292 0.135639 
0.126928 0.134696 0.225760 0.124043 0.119396 0.126677 0.142500 
0.133306 0.130514 0.218670 0.121529 0.121401 0.136601 0.137979 
0.127471 0.129469 0.219790 0.103006 0.126072 0.152915 0.141278 
0.130717 0.135219 0.225900 0.111984 0.124910 0.128483 0.142787 
0.135174 0.142014 0.239763 0.112072 0.115848 0.105060 0.150070 
0.131990 0.132082 0.223533 0.123424 0.120732 0.128565 0.139673 
0.127698 0.133650 0.224162 0.117704 0.115895 0.139409 0.141482 
0.129444 0.137310 0.228379 0.117048 0.109261 0.133780 0.144778 
0.123746 0.123196 0.208170 0.147207 0.134492 0.130046 0.133143 
0.122435 0.127901 0.215173 0.140708 0.147692 0.110643 0.135448 
0.130890 0.128946 0.216013 0.128772 0.116559 0.142508 0.136312 
0.137778 0.134696 0.225513 0.092061 0.102238 0.165295 0.142420 
0.130462 0.132082 0.220839 0.121901 0.106208 0.146135 0.142374 
0.134018 0.126855 0.214420 0.123707 0.126517 0.139823 0.134660 
0.132039 0.127378 0.215823 0.108602 0.118745 0.161980 0.135434 
0.128508 0.132605 0.224471 0.118979 0.121943 0.132376 0.141118 
0.130859 0.127901 0.217184 0.119386 0.127166 0.141434 0.136070 
0.123689 0.124242 0.209200 0.141363 0.133968 0.135979 0.131560 
0.129994 0.138355 0.235646 0.112727 0.127047 0.109425 0.146805 
0.126950 0.127378 0.214078 0.137538 0.128837 0.127926 0.137294 
0.128919 0.132082 0.222920 0.120378 0.124362 0.130728 0.140611 
0.122521 0.121105 0.206210 0.133005 0.138265 0.147113 0.131781 
0.126623 0.128423 0.218474 0.124079 0.138343 0.126896 0.137162 
0.125532 0.122151 0.207154 0.131160 0.137818 0.146316 0.129870 
0.129055 0.129469 0.216232 0.118235 0.113144 0.157194 0.136671 
0.128875 0.126855 0.216240 0.100863 0.119765 0.166689 0.140712 
0.134100 0.130514 0.221328 0.109345 0.121913 0.143644 0.139156 
0.127544 0.131037 0.223391 0.121653 0.131910 0.125521 0.138945 
0.127213 0.127378 0.214115 0.125354 0.120747 0.144990 0.140204 
0.138332 0.129991 0.217368 0.112267 0.098266 0.166089 0.137687 
0.131762 0.133128 0.224717 0.123101 0.122928 0.123100 0.141264 
0.137792 0.133128 0.226914 0.106919 0.108475 0.144749 0.142023 
0.134420 0.134696 0.228927 0.098153 0.124156 0.136172 0.143476 
0.129134 0.125810 0.211371 0.131074 0.115796 0.151177 0.135637 
0.132113 0.131037 0.222066 0.124699 0.131846 0.118534 0.139706 
0.135956 0.126332 0.210383 0.147951 0.123242 0.123034 0.133103 
0.123125 0.126332 0.213335 0.137290 0.132962 0.132836 0.134120 
0.136671 0.131560 0.220892 0.124823 0.120151 0.126646 0.139257 
0.138324 0.145673 0.243477 0.087049 0.085217 0.141912 0.158348 
0.125740 0.123719 0.210748 0.121441 0.145726 0.140890 0.131736 
0.130856 0.137832 0.230178 0.121741 0.118438 0.115302 0.145654 
0.135099 0.135219 0.226856 0.113506 0.119797 0.126402 0.143122 
0.131097 0.131560 0.221181 0.115685 0.126413 0.134730 0.139334 
0.133269 0.137832 0.230038 0.101942 0.106055 0.145316 0.145548 
0.136434 0.135741 0.230239 0.090786 0.126870 0.135532 0.144398 
0.131446 0.128946 0.215926 0.119634 0.118630 0.144165 0.141252 
0.131493 0.133128 0.220711 0.127670 0.098921 0.147991 0.140086 
0.126613 0.128946 0.220094 0.137910 0.133126 0.116391 0.136921 
0.132886 0.132605 0.221895 0.125071 0.123437 0.121494 0.142611 
0.127718 0.131560 0.221470 0.127869 0.121212 0.130275 0.139897 
0.127661 0.123719 0.212014 0.126010 0.133166 0.143554 0.133877 
0.129596 0.135219 0.226425 0.133305 0.123048 0.109353 0.143054 
0.129946 0.126855 0.213324 0.126753 0.124606 0.141727 0.136789 
0.124761 0.121628 0.206072 0.127037 0.136832 0.154400 0.129269 
0.136268 0.138878 0.233034 0.108282 0.120407 0.116114 0.147018 
0.134559 0.135741 0.228179 0.107539 0.104918 0.142333 0.146731 
0.122662 0.122151 0.205990 0.150005 0.137456 0.132253 0.129483 
0.135776 0.136787 0.229251 0.116924 0.119330 0.117213 0.144719 
0.132798 0.127901 0.215176 0.116341 0.119255 0.152742 0.135788 
0.130457 0.127901 0.216884 0.125478 0.140857 0.122489 0.135934 
0.134008 0.129469 0.217403 0.109097 0.118281 0.154718 0.137024 
0.134423 0.139923 0.231560 0.114622 0.098764 0.133491 0.147217 
0.127487 0.116923 0.198796 0.133537 0.153276 0.145671 0.124309 
0.127952 0.128946 0.218830 0.130295 0.148346 0.108493 0.137139 
0.129623 0.132082 0.220425 0.150837 0.132937 0.094717 0.139379 
0.127921 0.123719 0.209613 0.110780 0.123270 0.170829 0.133867 
0.136282 0.134173 0.223726 0.121826 0.103933 0.138332 0.141728 
0.129119 0.128946 0.219427 0.113542 0.132927 0.138561 0.137477 
0.125370 0.124764 0.212930 0.131779 0.142393 0.129781 0.132983 
0.126052 0.123719 0.208130 0.133625 0.119666 0.157864 0.130945 
0.127368 0.134173 0.228069 0.111736 0.139732 0.116067 0.142855 
0.135056 0.132605 0.222200 0.105272 0.113150 0.149027 0.142690 
0.127350 0.132082 0.225937 0.123424 0.132929 0.115041 0.143238 
0.126993 0.128946 0.216367 0.131818 0.122059 0.136865 0.136951 
0.133852 0.132082 0.220254 0.117332 0.097909 0.159105 0.139466 
0.129898 0.124242 0.208652 0.138317 0.130342 0.134658 0.133890 
0.134244 0.126855 0.214544 0.114570 0.118331 0.154171 0.137284 
0.136613 0.128946 0.218102 0.119634 0.116159 0.144389 0.136156 
0.127018 0.130514 0.224042 0.127621 0.113609 0.136120 0.141075 
0.130193 0.127378 0.215400 0.122308 0.116246 0.153896 0.134579 
0.128818 0.127901 0.217286 0.114818 0.130499 0.141737 0.138941 
0.126219 0.125810 0.214227 0.132027 0.139893 0.127389 0.134435 
0.123025 0.129469 0.216556 0.147171 0.119641 0.126906 0.137233 
0.134723 0.128946 0.215272 0.136387 0.124542 0.124100 0.136031 
0.134303 0.132082 0.222538 0.121901 0.131976 0.117167 0.140032 
0.128502 0.121105 0.206705 0.117775 0.133775 0.155677 0.136461 
0.118499 0.124242 0.209613 0.142886 0.132075 0.140941 0.131745 
0.128928 0.127378 0.218990 0.114694 0.138973 0.131446 0.139591 
0.125109 0.130514 0.220456 0.127621 0.129027 0.123355 0.143919 
0.136322 0.135219 0.226248 0.115029 0.111618 0.130164 0.145400 
0.127639 0.128423 0.214885 0.127125 0.116323 0.149882 0.135722 
0.137827 0.142014 0.238284 0.119686 0.107289 0.103497 0.151404 
0.132040 0.129991 0.218179 0.106175 0.109372 0.166660 0.137582 
0.133205 0.134696 0.226535 0.117951 0.119776 0.125035 0.142802 
0.138191 0.144105 0.241008 0.111044 0.110241 0.103759 0.151652 
0.130415 0.131560 0.225014 0.124823 0.124843 0.120682 0.142663 
0.136875 0.133650 0.224718 0.097905 0.119684 0.143114 0.144053 
0.130651 0.123719 0.211523 0.118395 0.111016 0.173047 0.131650 
0.125263 0.126332 0.213266 0.144905 0.131564 0.124354 0.134316 
0.131517 0.131560 0.220346 0.115685 0.118031 0.143710 0.139151 
0.127167 0.129469 0.217342 0.119758 0.120008 0.149276 0.136980 
0.135417 0.137832 0.230677 0.111080 0.114990 0.123427 0.146577 
0.134355 0.136264 0.227290 0.125938 0.109595 0.122609 0.143949 
0.134584 0.138878 0.235343 0.103713 0.110513 0.127479 0.149491 
0.131794 0.130514 0.218735 0.115437 0.112650 0.152848 0.138022 
0.134360 0.138878 0.233580 0.096098 0.102310 0.146822 0.147952 
0.136976 0.130514 0.222161 0.107822 0.109358 0.153125 0.140043 
0.125506 0.127378 0.216164 0.115646 0.115817 0.158554 0.140935 
0.133532 0.141491 0.236246 0.116517 0.114107 0.108616 0.149491 
0.131663 0.138355 0.234570 0.109681 0.132304 0.105864 0.147563 
0.124947 0.126855 0.214518 0.132845 0.121506 0.144224 0.135105 
0.128221 0.127901 0.216742 0.116341 0.127261 0.144738 0.138796 
0.130656 0.134173 0.230499 0.119351 0.116880 0.123391 0.145050 
0.127772 0.129991 0.218480 0.115313 0.119653 0.151035 0.137756 
0.128343 0.133128 0.224415 0.126717 0.126644 0.119097 0.141656 
0.130860 0.133650 0.224455 0.114087 0.115431 0.139633 0.141884 
0.126846 0.128423 0.215756 0.136263 0.126979 0.129313 0.136419 
0.125211 0.131037 0.219743 0.138405 0.126971 0.119917 0.138716 
0.140550 0.136787 0.229206 0.129108 0.111283 0.108009 0.145057 
0.127803 0.125810 0.212530 0.124983 0.132344 0.140596 0.135933 
0.129421 0.133650 0.221459 0.133886 0.100294 0.138232 0.143057 
0.127282 0.129991 0.217830 0.135112 0.122530 0.129833 0.137422 
0.128248 0.132605 0.222488 0.117456 0.120395 0.138502 0.140306 
0.135398 0.140969 0.238176 0.105732 0.118539 0.111812 0.149376 
0.128816 0.127901 0.218544 0.108726 0.133445 0.146059 0.136511 
0.130384 0.130514 0.221617 0.106299 0.122103 0.149847 0.139236 
0.127554 0.126855 0.214674 0.128276 0.136411 0.131441 0.134789 
0.130989 0.133650 0.223541 0.110089 0.109037 0.151478 0.141215 
0.130193 0.134173 0.223477 0.122396 0.115345 0.130434 0.143983 
0.131571 0.137310 0.233120 0.103341 0.117451 0.131785 0.145422 
0.128631 0.133650 0.224360 0.128364 0.119717 0.123704 0.141573 
0.124434 0.118492 0.203931 0.135431 0.136660 0.155091 0.125961 
0.134153 0.137832 0.230244 0.123264 0.119015 0.109901 0.145592 
0.124149 0.126332 0.213816 0.120538 0.120388 0.160130 0.134647 
0.130388 0.136264 0.226990 0.118323 0.112243 0.132055 0.143736 
0.130533 0.133128 0.220949 0.122149 0.106523 0.146591 0.140128 
0.121391 0.124764 0.209513 0.138441 0.125434 0.148469 0.131987 
0.138430 0.139400 0.231642 0.115450 0.109005 0.119120 0.146952 
0.126587 0.131037 0.218827 0.132314 0.126381 0.126561 0.138293 
0.129962 0.131037 0.220731 0.132314 0.123161 0.123360 0.139435 
0.138131 0.138878 0.229841 0.112851 0.102686 0.129080 0.148534 
0.131589 0.135219 0.227753 0.121121 0.122464 0.117959 0.143895 
0.125209 0.127901 0.217888 0.123955 0.137340 0.130131 0.137577 
0.133643 0.135219 0.227054 0.118075 0.117714 0.125040 0.143255 
0.126213 0.122673 0.206254 0.139469 0.119219 0.156309 0.129862 
0.121618 0.125287 0.214706 0.123336 0.136176 0.141768 0.137110 
0.146988 0.137832 0.232296 0.089759 0.113102 0.133710 0.146314 
0.123013 0.124764 0.210551 0.141487 0.148448 0.114413 0.137324 
0.127097 0.117446 0.199220 0.139752 0.139357 0.152080 0.125047 
0.132494 0.132605 0.224652 0.091565 0.113084 0.164233 0.141367 
0.138606 0.135219 0.226493 0.111984 0.117124 0.127481 0.143094 
0.135157 0.126855 0.214693 0.126753 0.132613 0.129242 0.134687 
0.139265 0.141491 0.236264 0.102810 0.104690 0.125623 0.149857 
0.129674 0.132082 0.222413 0.135607 0.116750 0.124210 0.139262 
0.131622 0.136264 0.228439 0.115277 0.120815 0.123411 0.144172 
0.128970 0.137832 0.230223 0.127833 0.124718 0.104795 0.145630 
0.128641 0.128946 0.216340 0.113542 0.114069 0.162036 0.136425 
0.133406 0.138355 0.230280 0.102066 0.104367 0.145602 0.145924 
0.132887 0.127378 0.210984 0.119263 0.096828 0.178749 0.133912 
0.127342 0.128423 0.216540 0.125602 0.121782 0.143824 0.136487 
0.131276 0.138355 0.230340 0.110634 0.098296 0.145121 0.145978 
0.134928 0.129469 0.217090 0.124327 0.128181 0.129067 0.136938 
0.134414 0.135219 0.227922 0.115982 0.117827 0.124760 0.143877 
0.131177 0.126332 0.214517 0.114446 0.127055 0.152005 0.134468 
0.129228 0.131560 0.221448 0.120254 0.138777 0.119323 0.139411 
0.130496 0.136264 0.227315 0.115277 0.105397 0.138874 0.146376 
0.125831 0.131037 0.220018 0.136883 0.119483 0.125241 0.141509 
0.128511 0.132082 0.224868 0.111240 0.128405 0.133391 0.141503 
0.129126 0.132082 0.221657 0.124947 0.123029 0.129349 0.139809 
0.132266 0.127378 0.218506 0.110125 0.137585 0.137369 0.136772 
0.130663 0.131560 0.224153 0.118731 0.113496 0.141788 0.139609 
0.146691 0.137832 0.228529 0.106511 0.098810 0.136431 0.145195 
0.124802 0.126855 0.214163 0.140460 0.123298 0.135444 0.134978 
0.137065 0.136787 0.228765 0.094080 0.103322 0.152909 0.147073 
0.129569 0.131037 0.220974 0.123176 0.124107 0.131724 0.139414 
0.136060 0.128423 0.217020 0.108850 0.116715 0.156589 0.136343 
skin
0.120958 0.118946 0.235060 0.116233 0.133545 0.145344 0.129913 
0.123342 0.126887 0.243823 0.130332 0.105078 0.135859 0.134678 
0.123236 0.123909 0.241336 0.122937 0.119334 0.137358 0.131890 
0.124423 0.127383 0.247722 0.124350 0.120268 0.117457 0.138398 
0.119520 0.122420 0.239343 0.121639 0.126747 0.137344 0.132987 
0.126837 0.130361 0.255297 0.105231 0.111830 0.131793 0.138650 
0.116110 0.117457 0.232116 0.135707 0.130587 0.141878 0.126144 
0.117907 0.120435 0.237186 0.124216 0.130148 0.138422 0.131686 
0.124238 0.123413 0.242071 0.123401 0.122131 0.132276 0.132469 
0.122208 0.125398 0.247581 0.113198 0.131937 0.120420 0.139259 
0.122428 0.123413 0.241122 0.124927 0.118433 0.138171 0.131506 
0.128499 0.122917 0.239336 0.129384 0.112210 0.136336 0.131319 
0.127302 0.129864 0.253195 0.112739 0.124716 0.113738 0.138445 
0.131501 0.127879 0.248620 0.110740 0.098748 0.145710 0.136801 
0.119631 0.121924 0.238774 0.126097 0.123796 0.139749 0.130029 
0.119860 0.122917 0.241606 0.112606 0.136302 0.132868 0.133842 
0.123931 0.126391 0.248964 0.114960 0.103818 0.146827 0.135110 
