-1504312.285458
0
0.000002 0.000002 0.000002 0.000002 0.000002 0.000002 0.000002 0.000002 0.000002 0.000002 0.000333 0.000002 0.000107 0.000002 0.000002 0.000002 0.000002 0.000028 0.000396 0.000002 0.001617 0.000002 0.000002 0.000317 0.000002 0.000002 0.000002 0.007889 0.000002 0.000002 0.000002 0.000002 0.000028 0.000002 0.000009 0.000002 0.000002 0.000002 0.000002 0.000028 0.000107 0.000002 0.000002 0.000002 0.000002 0.000002 0.000002 0.000002 0.000002 0.000002 0.000002 0.000002 0.000002 0.000002 0.000002 0.000002 0.000002 0.000358 0.986234 0.000002 0.000002 0.000002 0.000002 0.000002 0.000002 0.000028 0.000002 0.000028 0.000002 0.000002 0.000002 0.000002 0.000002 0.000002 0.000002 0.001659 0.000002 0.000002 0.000002 0.000002 0.000002 0.000002 0.000002 0.000002 0.000223 0.000002 0.000028 0.000002 0.000028 0.000002 0.000002 0.000423 0.000002 0.000002 0.000002 0.000002 
0.000003 0.000002 0.000002 0.000002 0.000002 0.000002 0.000002 0.000002 0.000003 0.000002 0.000007 0.000002 0.000003 0.000002 0.000002 0.000003 0.000003 0.000002 0.000003 0.000003 0.000428 0.000002 0.000002 0.000003 0.000002 0.000003 0.000002 0.000007 0.000002 0.000002 0.000002 0.000002 0.000002 0.000002 0.000004 0.000002 0.000002 0.000002 0.000002 0.000002 0.000003 0.000003 0.000003 0.000003 0.000003 0.000002 0.000002 0.000003 0.000002 0.000002 0.000002 0.000002 0.000002 0.000002 0.000002 0.000002 0.000003 0.000007 0.999328 0.000003 0.000002 0.000002 0.000002 0.000002 0.000002 0.000002 0.000002 0.000002 0.000002 0.000002 0.000002 0.000003 0.000003 0.000002 0.000002 0.000003 0.000002 0.000002 0.000002 0.000002 0.000002 0.000002 0.000003 0.000002 0.000003 0.000002 0.000002 0.000002 0.000002 0.000002 0.000002 0.000003 0.000003 0.000002 0.000002 0.000003 
0.000001 0.000001 0.000001 0.000001 0.000001 0.000001 0.000001 0.000001 0.001355 0.000001 0.000250 0.000001 0.000001 0.000001 0.000001 0.000001 0.000001 0.000001 0.000001 0.000001 0.000001 0.000001 0.000001 0.000001 0.000001 0.000001 0.000001 0.004986 0.000001 0.000001 0.000001 0.000001 0.000001 0.000001 0.000002 0.000001 0.000001 0.000001 0.000001 0.000001 0.000001 0.000043 0.000001 0.000001 0.000001 0.000001 0.000001 0.000001 0.000001 0.000001 0.000001 0.000001 0.000001 0.000001 0.000001 0.000001 0.000001 0.252888 0.740270 0.000001 0.000001 0.000001 0.000001 0.000001 0.000001 0.000001 0.000001 0.000001 0.000001 0.000001 0.000001 0.000001 0.000126 0.000001 0.000001 0.000001 0.000001 0.000001 0.000001 0.000001 0.000001 0.000001 0.000001 0.000001 0.000001 0.000001 0.000001 0.000001 0.000001 0.000001 0.000001 0.000001 0.000001 0.000001 0.000001 0.000001 
0.000002 0.000002 0.000002 0.000002 0.000002 0.000002 0.000002 0.000002 0.000002 0.000002 0.949096 0.000002 0.000002 0.000002 0.000002 0.000002 0.000002 0.000002 0.000002 0.000002 0.000002 0.000002 0.000002 0.000002 0.000002 0.000002 0.000002 0.000005 0.000002 0.000002 0.000002 0.000002 0.000002 0.000002 0.000003 0.000002 0.000002 0.000002 0.000002 0.000002 0.000002 0.000002 0.000002 0.000002 0.000334 0.000002 0.000002 0.000002 0.000002 0.000002 0.000002 0.000002 0.000002 0.000002 0.000002 0.000002 0.000002 0.000005 0.050404 0.000002 0.000002 0.000002 0.000002 0.000002 0.000002 0.000002 0.000002 0.000002 0.000002 0.000002 0.000002 0.000002 0.000002 0.000002 0.000002 0.000002 0.000002 0.000002 0.000002 0.000002 0.000002 0.000002 0.000002 0.000002 0.000002 0.000002 0.000002 0.000002 0.000002 0.000002 0.000002 0.000002 0.000002 0.000002 0.000002 0.000002 
0.000010 0.000009 0.000009 0.000009 0.000009 0.000009 0.000009 0.000009 0.000013 0.000009 0.218433 0.000010 0.000010 0.000009 0.000009 0.000010 0.000011 0.000010 0.000010 0.000011 0.000012 0.000009 0.000009 0.000010 0.000160 0.000010 0.000009 0.516385 0.000009 0.000009 0.000009 0.000009 0.000010 0.000009 0.000017 0.000009 0.000009 0.000009 0.000009 0.000010 0.000010 0.000010 0.000011 0.000011 0.000010 0.000009 0.000010 0.000011 0.000009 0.000009 0.000009 0.000009 0.000009 0.000009 0.000009 0.000009 0.000013 0.256858 0.007254 0.000011 0.000009 0.000009 0.000009 0.000009 0.000009 0.000010 0.000009 0.000010 0.000009 0.000009 0.000009 0.000010 0.000010 0.000009 0.000009 0.000011 0.000009 0.000009 0.000009 0.000009 0.000009 0.000009 0.000011 0.000009 0.000011 0.000009 0.000010 0.000009 0.000010 0.000009 0.000009 0.000013 0.000011 0.000009 0.000009 0.000012 
0.000401 0.000005 0.000005 0.000005 0.000005 0.000005 0.000005 0.000005 0.000007 0.000005 0.000192 0.000005 0.000006 0.000005 0.000005 0.000005 0.000006 0.000005 0.000006 0.001985 0.000006 0.000005 0.000005 0.000006 0.000005 0.000006 0.000005 0.004901 0.000005 0.000005 0.000005 0.000005 0.000005 0.000005 0.000009 0.000005 0.000005 0.000005 0.000005 0.000005 0.000005 0.000005 0.002381 0.000006 0.000006 0.000005 0.000005 0.000006 0.000005 0.000005 0.000005 0.000005 0.000005 0.000005 0.000005 0.000005 0.218600 0.000168 0.753588 0.000006 0.000005 0.000005 0.000005 0.000005 0.000005 0.000005 0.000005 0.000005 0.000005 0.000005 0.000005 0.000639 0.000006 0.000005 0.000005 0.000006 0.000005 0.000005 0.000005 0.000005 0.000005 0.000005 0.016478 0.000005 0.000006 0.000005 0.000005 0.000005 0.000005 0.000005 0.000005 0.000007 0.000006 0.000005 0.000005 0.000219 
0.000006 0.000006 0.000006 0.000006 0.000006 0.000006 0.000006 0.000006 0.000008 0.000006 0.000206 0.000006 0.000006 0.000006 0.000006 0.000365 0.000006 0.000006 0.000006 0.000006 0.000007 0.000006 0.000006 0.000006 0.000006 0.000006 0.000006 0.005589 0.000006 0.000006 0.000006 0.000006 0.000006 0.000006 0.000010 0.000006 0.000006 0.000006 0.000006 0.000006 0.000006 0.000006 0.000006 0.000006 0.000006 0.000006 0.000096 0.025321 0.000006 0.000006 0.000006 0.000006 0.000006 0.000006 0.000006 0.000006 0.000008 0.120409 0.847480 0.000007 0.000006 0.000006 0.000006 0.000006 0.000006 0.000006 0.000006 0.000006 0.000006 0.000006 0.000006 0.000006 0.000006 0.000006 0.000006 0.000006 0.000006 0.000006 0.000006 0.000006 0.000006 0.000006 0.000006 0.000006 0.000007 0.000006 0.000006 0.000006 0.000006 0.000006 0.000006 0.000008 0.000006 0.000006 0.000006 0.000007 
0.000001 0.000001 0.000001 0.000001 0.000001 0.000001 0.000001 0.000001 0.000340 0.000001 0.000327 0.000001 0.000001 0.000001 0.000001 0.000001 0.000472 0.000001 0.000001 0.000001 0.000001 0.000001 0.000001 0.000001 0.000001 0.000261 0.000001 0.006673 0.000001 0.000001 0.000001 0.000001 0.000001 0.000001 0.000002 0.000001 0.000001 0.000001 0.000001 0.000001 0.000001 0.000001 0.000001 0.000520 0.000001 0.000001 0.000001 0.000001 0.000001 0.000001 0.000001 0.000001 0.000001 0.000001 0.000001 0.000001 0.000001 0.000342 0.986532 0.000001 0.000001 0.000001 0.000001 0.000001 0.000001 0.000001 0.000001 0.000001 0.000001 0.000001 0.000001 0.000001 0.000001 0.000001 0.000001 0.000001 0.000001 0.000001 0.000001 0.000001 0.000001 0.000001 0.000001 0.000001 0.000060 0.000001 0.000001 0.000001 0.000001 0.000001 0.000001 0.000301 0.000001 0.000001 0.000001 0.004080 
0.000007 0.000007 0.000007 0.000007 0.000007 0.000007 0.000007 0.000007 0.000221 0.000007 0.000188 0.000113 0.000007 0.000007 0.000007 0.000007 0.000007 0.000007 0.000007 0.000007 0.000008 0.000007 0.000007 0.000007 0.000007 0.000007 0.000007 0.005316 0.000007 0.000007 0.000007 0.000007 0.000007 0.000007 0.032997 0.000007 0.000007 0.000007 0.000007 0.000007 0.000007 0.000007 0.000007 0.000007 0.000007 0.000007 0.000007 0.000008 0.000007 0.000007 0.000007 0.000007 0.000007 0.000007 0.000007 0.000007 0.000009 0.009971 0.927060 0.000008 0.000007 0.000007 0.000007 0.000007 0.000007 0.000007 0.000007 0.000007 0.000007 0.000007 0.000007 0.000007 0.000007 0.000007 0.000007 0.000008 0.000007 0.000007 0.000007 0.000007 0.000007 0.000007 0.000008 0.000007 0.000008 0.000007 0.000007 0.000007 0.000007 0.000007 0.000007 0.000063 0.023465 0.000007 0.000007 0.000008 
0.000004 0.000004 0.000004 0.000004 0.000004 0.000004 0.000004 0.000004 0.000005 0.000004 0.000011 0.000004 0.000004 0.000004 0.000004 0.000004 0.000004 0.000004 0.000004 0.000004 0.000005 0.000004 0.000004 0.000004 0.000004 0.000004 0.000004 0.000012 0.000004 0.000004 0.000004 0.000004 0.000004 0.000004 0.998977 0.000004 0.000004 0.000004 0.000004 0.000004 0.000004 0.000004 0.000004 0.000004 0.000004 0.000004 0.000004 0.000004 0.000004 0.000004 0.000004 0.000004 0.000004 0.000004 0.000004 0.000004 0.000005 0.000010 0.000636 0.000004 0.000004 0.000004 0.000004 0.000004 0.000004 0.000004 0.000004 0.000004 0.000004 0.000004 0.000004 0.000004 0.000004 0.000004 0.000004 0.000004 0.000004 0.000004 0.000004 0.000004 0.000004 0.000004 0.000004 0.000004 0.000004 0.000004 0.000004 0.000004 0.000004 0.000004 0.000004 0.000005 0.000004 0.000004 0.000004 0.000005 
0.000003 0.000002 0.000002 0.000002 0.000002 0.000002 0.000002 0.000002 0.000003 0.000002 0.000007 0.000002 0.000003 0.000002 0.000002 0.000003 0.000003 0.000002 0.000003 0.000003 0.000003 0.000002 0.000002 0.000003 0.000002 0.000003 0.000002 0.000007 0.000002 0.000002 0.000002 0.000002 0.000002 0.000002 0.000004 0.000002 0.000002 0.000002 0.000002 0.000002 0.000003 0.000003 0.000003 0.000003 0.000003 0.000002 0.000002 0.000003 0.000002 0.000002 0.000002 0.000002 0.000002 0.000002 0.000002 0.000002 0.000003 0.000006 0.999756 0.000003 0.000002 0.000002 0.000002 0.000002 0.000002 0.000002 0.000002 0.000002 0.000002 0.000002 0.000002 0.000003 0.000003 0.000002 0.000002 0.000003 0.000002 0.000002 0.000002 0.000002 0.000002 0.000002 0.000003 0.000002 0.000003 0.000002 0.000002 0.000002 0.000002 0.000002 0.000002 0.000003 0.000003 0.000002 0.000002 0.000003 
0.000002 0.000001 0.000001 0.000001 0.000001 0.000001 0.000001 0.000001 0.000002 0.000001 0.000007 0.000002 0.000002 0.000001 0.000001 0.000002 0.000002 0.000002 0.000002 0.000002 0.000002 0.000001 0.000001 0.000002 0.000002 0.000002 0.000001 0.000270 0.000001 0.000001 0.000001 0.000001 0.000002 0.000001 0.796050 0.000001 0.000001 0.000001 0.000001 0.000002 0.000002 0.000002 0.000002 0.000002 0.000002 0.000001 0.000002 0.000002 0.000001 0.000001 0.000001 0.000001 0.000001 0.000001 0.000001 0.000001 0.137696 0.000004 0.065836 0.000002 0.000001 0.000001 0.000001 0.000001 0.000001 0.000002 0.000001 0.000002 0.000001 0.000001 0.000001 0.000002 0.000002 0.000001 0.000001 0.000002 0.000001 0.000001 0.000001 0.000001 0.000001 0.000001 0.000002 0.000001 0.000002 0.000001 0.000002 0.000001 0.000002 0.000001 0.000001 0.000002 0.000002 0.000001 0.000001 0.000002 
0.000002 0.000002 0.000002 0.000002 0.000002 0.000002 0.000002 0.000002 0.000002 0.000002 0.601795 0.000002 0.000002 0.000002 0.000002 0.000002 0.000002 0.000002 0.000002 0.000002 0.000002 0.000002 0.000002 0.000002 0.000002 0.000002 0.000002 0.001358 0.000002 0.000002 0.000002 0.000002 0.000002 0.000002 0.000003 0.000002 0.000002 0.000002 0.000002 0.000002 0.000002 0.000002 0.000002 0.000002 0.000002 0.000002 0.000002 0.000002 0.000002 0.000002 0.000002 0.000002 0.000002 0.000002 0.000002 0.000002 0.000003 0.006927 0.345242 0.044501 0.000002 0.000002 0.000002 0.000002 0.000002 0.000002 0.000002 0.000002 0.000002 0.000002 0.000002 0.000002 0.000002 0.000002 0.000002 0.000002 0.000002 0.000002 0.000002 0.000002 0.000002 0.000002 0.000002 0.000002 0.000002 0.000002 0.000002 0.000002 0.000002 0.000002 0.000002 0.000002 0.000002 0.000002 0.000002 0.000002 
0.085730 0.078356 0.078142 0.087270 0.072568 0.076151 0.071283 0.071362 0.073833 0.077309 0.070853 0.086422 0.070721 
0.075082 0.075075 0.076903 0.087535 0.073481 0.076637 0.070642 0.074509 0.074393 0.079269 0.076801 0.073454 0.086220 
0.087006 0.074805 0.083544 0.079879 0.071107 0.075587 0.075284 0.072161 0.070276 0.076606 0.071503 0.082095 0.080148 
0.075081 0.080618 0.083012 0.086598 0.070632 0.074143 0.067801 0.078039 0.072698 0.078924 0.075427 0.076648 0.080378 
breast
0.104813 0.071708 0.177946 0.093836 0.011817 0.028582 0.027491 0.153783 0.020375 0.042143 0.070380 0.118768 0.078359 
0.098491 0.067418 0.175394 0.110732 0.011305 0.028513 0.024039 0.144935 0.019062 0.042142 0.066167 0.121655 0.090147 
0.103125 0.070635 0.189509 0.104709 0.012057 0.027457 0.028331 0.151337 0.022396 0.036105 0.069327 0.103825 0.081186 
0.103208 0.070367 0.171379 0.101560 0.015427 0.032761 0.024529 0.151350 0.019962 0.040633 0.069063 0.120407 0.079352 
0.106191 0.072780 0.169290 0.103302 0.009634 0.031815 0.027209 0.155846 0.020551 0.036861 0.071433 0.114137 0.080950 
0.100560 0.067253 0.167267 0.107563 0.019368 0.030655 0.025958 0.144383 0.018959 0.042896 0.065640 0.128327 0.081172 
0.108782 0.074925 0.170726 0.079991 0.003278 0.031738 0.025286 0.159768 0.021295 0.045163 0.073540 0.130726 0.074783 
0.110044 0.075461 0.178304 0.083159 0.009255 0.027678 0.028441 0.161513 0.021533 0.042899 0.074066 0.115764 0.071882 
0.102549 0.068222 0.185548 0.106097 0.017377 0.026717 0.030006 0.146835 0.019351 0.039123 0.066957 0.110140 0.081078 
0.102785 0.070635 0.160922 0.121919 0.006445 0.031734 0.023688 0.150912 0.019757 0.034596 0.069327 0.110647 0.096633 
0.100740 0.068758 0.180313 0.095185 0.014613 0.030487 0.024874 0.147756 0.019559 0.044406 0.067483 0.130114 0.075712 
0.101803 0.069831 0.175741 0.121860 0.009776 0.028110 0.024684 0.149429 0.019669 0.037614 0.068537 0.103639 0.089309 
0.101928 0.069026 0.171607 0.104591 0.022761 0.028566 0.026760 0.149321 0.019650 0.040633 0.067747 0.116910 0.080499 
0.092780 0.063664 0.176197 0.119844 0.009134 0.028599 0.023460 0.136194 0.017900 0.045914 0.062480 0.132802 0.091032 
0.106070 0.070903 0.176061 0.103164 0.012372 0.030016 0.024960 0.154471 0.020090 0.039879 0.069590 0.112068 0.080354 
0.109514 0.075193 0.189744 0.105043 0.009521 0.032376 0.029248 0.160770 0.021201 0.027050 0.073803 0.081259 0.085279 
0.104367 0.071171 0.174894 0.103184 0.015685 0.030869 0.027371 0.153055 0.020174 0.037615 0.069853 0.108873 0.082889 
0.105367 0.070635 0.181264 0.104709 0.009513 0.031766 0.027679 0.151127 0.022286 0.033841 0.069327 0.109012 0.083473 
0.104113 0.071439 0.182758 0.100074 0.009335 0.030837 0.025546 0.152826 0.020241 0.039879 0.070117 0.113801 0.079033 
0.094027 0.064200 0.171664 0.108932 0.013389 0.024537 0.023274 0.140329 0.023043 0.051952 0.063007 0.135895 0.085752 
0.106441 0.072347 0.187203 0.104807 0.004448 0.024901 0.025791 0.153777 0.020402 0.040634 0.070643 0.107053 0.081554 
0.106744 0.073048 0.178034 0.103321 0.012178 0.026205 0.025544 0.163800 0.023088 0.035351 0.071696 0.097401 0.083589 
0.105821 0.072512 0.190920 0.103282 0.011606 0.029554 0.028667 0.155716 0.020534 0.032332 0.071170 0.099200 0.078686 
0.104593 0.071439 0.175219 0.106333 0.014050 0.027074 0.025022 0.153423 0.020289 0.040634 0.070117 0.112089 0.079720 
0.096731 0.066077 0.185237 0.096553 0.013899 0.029528 0.027104 0.141895 0.023597 0.046670 0.064850 0.134732 0.073127 
0.099548 0.068490 0.176922 0.102988 0.005940 0.031923 0.024468 0.146186 0.021773 0.045916 0.067220 0.131649 0.076977 
0.106805 0.073316 0.178179 0.097083 0.008429 0.029076 0.025572 0.156786 0.023190 0.039125 0.071960 0.112370 0.078109 
0.098813 0.067418 0.169759 0.116990 0.014660 0.027853 0.023793 0.144922 0.019023 0.040632 0.066167 0.116699 0.093273 
0.110309 0.073852 0.177512 0.101816 0.011923 0.030772 0.028075 0.158322 0.020868 0.032333 0.072486 0.101043 0.080689 
0.102123 0.069831 0.178103 0.107779 0.012944 0.026486 0.024902 0.152236 0.019798 0.041388 0.068537 0.113545 0.082329 
0.106202 0.072780 0.183412 0.103302 0.011015 0.029646 0.025885 0.155863 0.020572 0.033842 0.071433 0.102513 0.083536 
0.100568 0.068758 0.161985 0.106136 0.011502 0.029246 0.023447 0.147540 0.024339 0.048935 0.067483 0.131525 0.078535 
0.099420 0.067954 0.174607 0.098255 0.012582 0.031624 0.024255 0.145850 0.019284 0.045916 0.066693 0.136673 0.076887 
0.100247 0.068758 0.165667 0.101443 0.008207 0.033790 0.023693 0.149524 0.019476 0.048180 0.067483 0.134929 0.078603 
0.102084 0.070367 0.180235 0.096867 0.003948 0.031579 0.025082 0.149953 0.019865 0.042143 0.069063 0.127018 0.081796 
0.101416 0.069563 0.181286 0.103066 0.009649 0.031395 0.025056 0.148859 0.019656 0.039878 0.068273 0.122023 0.079881 
0.100816 0.069026 0.188538 0.113978 0.012610 0.025454 0.027933 0.147940 0.019487 0.036105 0.067747 0.100273 0.090092 
0.103289 0.069934 0.179091 0.098373 0.007517 0.035731 0.024868 0.151037 0.021975 0.036859 0.068273 0.125568 0.077484 
0.102471 0.070635 0.174689 0.112532 0.003956 0.028054 0.024710 0.150521 0.022301 0.040633 0.069327 0.115334 0.084838 
0.101413 0.069563 0.183237 0.095243 0.009349 0.026330 0.025055 0.149269 0.019821 0.046671 0.068273 0.124991 0.080785 
0.106695 0.072079 0.181413 0.095401 0.010713 0.031684 0.025515 0.153590 0.020286 0.036860 0.070380 0.108958 0.086425 
0.098672 0.067418 0.197824 0.110732 0.015426 0.027850 0.028342 0.147133 0.019039 0.034595 0.066167 0.103561 0.083242 
0.105462 0.071708 0.180273 0.093836 0.019231 0.028708 0.027929 0.154591 0.020458 0.039879 0.070380 0.113869 0.073677 
0.101091 0.069563 0.178917 0.103066 0.005941 0.032055 0.024837 0.148455 0.019622 0.041388 0.068273 0.126979 0.079812 
0.097339 0.066613 0.183981 0.101286 0.011930 0.026117 0.024537 0.148007 0.018956 0.047425 0.065377 0.127996 0.080436 
0.107352 0.073584 0.174823 0.108054 0.010210 0.025583 0.025387 0.159965 0.020856 0.038370 0.072223 0.102334 0.081259 
0.100140 0.067521 0.158829 0.132615 0.010763 0.028447 0.025273 0.146332 0.021188 0.037613 0.065903 0.111777 0.093599 
0.109984 0.075193 0.180175 0.086269 0.013081 0.027649 0.028567 0.161352 0.021428 0.038371 0.073803 0.105898 0.078231 
0.104926 0.071439 0.189691 0.104768 0.018881 0.029548 0.026171 0.153840 0.020264 0.032332 0.070117 0.094047 0.083976 
0.104425 0.071439 0.168989 0.101639 0.011524 0.029238 0.024525 0.155596 0.020272 0.042898 0.070117 0.122066 0.077273 
0.099844 0.066345 0.180035 0.096572 0.016818 0.028263 0.024385 0.145240 0.018895 0.047425 0.065113 0.133044 0.078021 
0.105934 0.071543 0.186476 0.112571 0.011963 0.035602 0.025797 0.152471 0.019930 0.024784 0.069853 0.097813 0.085263 
0.105801 0.072512 0.160725 0.111105 0.009145 0.029578 0.024087 0.157657 0.022847 0.037615 0.071170 0.110690 0.087069 
0.103729 0.071171 0.184278 0.101619 0.009591 0.028334 0.025609 0.152262 0.020167 0.039879 0.069853 0.113771 0.079735 
0.102338 0.070099 0.168339 0.106234 0.010144 0.030164 0.024187 0.150180 0.019831 0.042897 0.068800 0.125282 0.081505 
0.104984 0.071708 0.183786 0.104788 0.014780 0.030301 0.025734 0.153998 0.020307 0.034596 0.070380 0.100675 0.083963 
0.104888 0.071976 0.183761 0.111065 0.009755 0.030060 0.025731 0.153966 0.020275 0.032332 0.070643 0.100820 0.084727 
0.104271 0.071439 0.182930 0.090687 0.010730 0.028697 0.025578 0.153022 0.020376 0.045917 0.070117 0.121880 0.074356 
0.103497 0.070903 0.169837 0.110987 0.010325 0.031890 0.024464 0.151884 0.019977 0.036860 0.069590 0.115614 0.084173 
0.108767 0.072780 0.181565 0.090785 0.012093 0.032810 0.025761 0.156055 0.023079 0.038370 0.071433 0.114054 0.072448 
0.109483 0.073048 0.190486 0.093934 0.016512 0.032781 0.026537 0.161801 0.020643 0.027049 0.071697 0.094534 0.081494 
0.109058 0.074657 0.184996 0.097181 0.012139 0.030327 0.026252 0.160440 0.021186 0.032333 0.073276 0.099446 0.078709 
0.106737 0.073048 0.165933 0.109579 0.011235 0.031243 0.024614 0.158996 0.022996 0.033842 0.071696 0.105922 0.084160 
0.100738 0.068758 0.174264 0.103007 0.014321 0.032173 0.026819 0.147753 0.021882 0.041388 0.067483 0.121862 0.079552 
0.102119 0.069831 0.176083 0.101521 0.012508 0.028922 0.027156 0.152204 0.019774 0.040633 0.068537 0.111903 0.088811 
0.102338 0.070099 0.170353 0.099976 0.010102 0.028046 0.024341 0.154946 0.019883 0.045162 0.068800 0.125147 0.080807 
0.101300 0.069026 0.187049 0.117108 0.017798 0.026272 0.027874 0.148542 0.019498 0.033086 0.067747 0.095412 0.089288 
0.103660 0.070903 0.176061 0.101600 0.012312 0.026133 0.024960 0.152087 0.020158 0.043652 0.069590 0.116902 0.081981 
0.099249 0.066448 0.167621 0.126279 0.018527 0.029623 0.023396 0.142492 0.018566 0.036104 0.064850 0.111772 0.095074 
0.102410 0.070367 0.176560 0.115641 0.007782 0.030195 0.029656 0.150360 0.019745 0.033841 0.069063 0.105603 0.088777 
0.103888 0.071171 0.176389 0.112571 0.010977 0.026195 0.027431 0.152459 0.020109 0.037615 0.069853 0.103795 0.087547 
0.106588 0.073048 0.183912 0.104886 0.011075 0.032873 0.025977 0.158840 0.020562 0.028559 0.071696 0.092740 0.089245 
0.100194 0.067150 0.170516 0.124793 0.007939 0.027634 0.023574 0.143969 0.018878 0.040632 0.065903 0.116643 0.092176 
0.103573 0.071171 0.188140 0.107877 0.008470 0.029751 0.025888 0.152069 0.020068 0.034596 0.069853 0.105648 0.082896 
0.103212 0.070367 0.173400 0.107819 0.015863 0.026734 0.024685 0.151355 0.019974 0.040633 0.069063 0.111976 0.084920 
0.100210 0.067789 0.179139 0.106038 0.008207 0.025556 0.024441 0.144124 0.019098 0.047425 0.066167 0.126387 0.085420 
0.105224 0.069398 0.187214 0.092075 0.018595 0.033053 0.025494 0.149407 0.019618 0.038369 0.067747 0.117026 0.076781 
0.109503 0.075193 0.185699 0.083139 0.008288 0.031412 0.026527 0.160755 0.021384 0.038371 0.073803 0.109252 0.076675 
0.099577 0.067954 0.166717 0.106077 0.013847 0.029484 0.026077 0.146046 0.021635 0.043651 0.066693 0.126696 0.085543 
0.099028 0.066345 0.163024 0.110653 0.007004 0.033919 0.022986 0.146608 0.018613 0.043651 0.065113 0.138295 0.084759 
0.104106 0.071439 0.178719 0.090687 0.008581 0.030597 0.027645 0.152817 0.020288 0.043653 0.070117 0.127067 0.074284 
0.108039 0.069666 0.170872 0.095224 0.010118 0.025544 0.026629 0.148477 0.022130 0.049690 0.068010 0.129847 0.075755 
0.107964 0.074121 0.175648 0.114351 0.008695 0.033504 0.025540 0.163259 0.020796 0.027050 0.072750 0.084512 0.091811 
0.103824 0.070903 0.184300 0.089084 0.014377 0.034389 0.025612 0.154674 0.020131 0.038369 0.069590 0.118909 0.075839 
0.105043 0.071976 0.181914 0.098549 0.010834 0.026500 0.025608 0.156542 0.020467 0.042143 0.070643 0.113733 0.076049 
0.099553 0.068490 0.187005 0.093600 0.006566 0.031685 0.025242 0.146193 0.019362 0.042897 0.067220 0.130142 0.082044 
0.097815 0.066613 0.172466 0.101286 0.016209 0.030041 0.023857 0.145801 0.018978 0.049689 0.065377 0.136311 0.075556 
0.098494 0.067418 0.175459 0.113861 0.011622 0.024896 0.024195 0.144525 0.021523 0.046670 0.066167 0.123072 0.082099 
0.105523 0.071976 0.172358 0.107936 0.015472 0.028014 0.024928 0.154754 0.020408 0.037615 0.070643 0.107276 0.083097 
0.106196 0.072780 0.169297 0.118947 0.010233 0.032321 0.024800 0.158238 0.020484 0.033087 0.071433 0.095813 0.086372 
0.100357 0.068490 0.175787 0.112375 0.014877 0.028948 0.024472 0.147193 0.019357 0.039123 0.067220 0.115222 0.086579 
0.106410 0.070202 0.179883 0.110908 0.011309 0.024284 0.024870 0.150041 0.019815 0.041388 0.068537 0.108480 0.083874 
0.110821 0.075997 0.179309 0.100408 0.009914 0.030275 0.026217 0.162657 0.021499 0.031578 0.074593 0.091203 0.085529 
0.100585 0.068758 0.178130 0.118652 0.013559 0.024668 0.024688 0.147565 0.019414 0.038369 0.067483 0.103487 0.094641 
0.105467 0.071708 0.186326 0.093836 0.019823 0.029432 0.025984 0.154598 0.022845 0.036860 0.070380 0.108990 0.073752 
0.101339 0.069295 0.152906 0.128079 0.011356 0.027022 0.022858 0.148674 0.019513 0.042142 0.068010 0.116812 0.091995 
0.103272 0.070635 0.179590 0.085935 0.012107 0.030381 0.025177 0.151517 0.020149 0.046671 0.069327 0.133555 0.071684 
0.099197 0.067686 0.168241 0.118574 0.014523 0.030840 0.023731 0.145487 0.021452 0.037614 0.066430 0.116908 0.089317 
0.100479 0.069026 0.174062 0.107720 0.007481 0.029007 0.024374 0.147519 0.019511 0.044407 0.067747 0.126746 0.081920 
0.100361 0.068490 0.185807 0.104552 0.015366 0.033529 0.029912 0.147612 0.019360 0.034595 0.067220 0.110432 0.082764 
0.105645 0.072512 0.164588 0.118927 0.008083 0.029760 0.026776 0.155082 0.020379 0.034596 0.071170 0.099059 0.093423 
0.105751 0.072244 0.172686 0.118908 0.014136 0.030247 0.027399 0.155126 0.020331 0.030068 0.070907 0.095945 0.086253 
0.093444 0.062963 0.178417 0.130717 0.011700 0.029707 0.023433 0.134136 0.017498 0.039876 0.061427 0.122930 0.093751 
0.103210 0.070367 0.171382 0.106254 0.015606 0.032038 0.024529 0.153762 0.022331 0.038369 0.069063 0.113797 0.079292 
0.105822 0.072512 0.195012 0.090766 0.011718 0.030517 0.026722 0.155303 0.020634 0.038370 0.071170 0.108959 0.072497 
0.105978 0.072512 0.183090 0.104847 0.012829 0.027414 0.025824 0.157907 0.022936 0.034596 0.071170 0.099072 0.081825 
0.102505 0.069295 0.181139 0.104611 0.013218 0.029945 0.025027 0.152301 0.019616 0.037614 0.068010 0.113709 0.083011 
0.108965 0.074925 0.191082 0.095636 0.007603 0.026735 0.029279 0.162383 0.021238 0.034597 0.073540 0.095950 0.078068 
0.101575 0.069563 0.175413 0.112453 0.011171 0.029282 0.024623 0.151441 0.019581 0.036105 0.068273 0.108764 0.091755 
0.103706 0.069026 0.180938 0.124930 0.017309 0.027745 0.024844 0.151334 0.019442 0.030067 0.067747 0.092220 0.090694 
0.101581 0.069563 0.187513 0.101502 0.011935 0.028533 0.025552 0.149066 0.022110 0.039124 0.068273 0.113643 0.081605 
0.104267 0.070635 0.177405 0.104709 0.010874 0.030350 0.024991 0.152547 0.019984 0.037615 0.069327 0.113852 0.083445 
0.096780 0.066345 0.159168 0.118476 0.008664 0.028109 0.022709 0.142042 0.018727 0.049689 0.065113 0.137942 0.086236 
0.099488 0.068222 0.174762 0.113920 0.009671 0.029484 0.024285 0.146024 0.019237 0.041387 0.066957 0.121783 0.084781 
0.097880 0.066882 0.170601 0.112257 0.012922 0.026912 0.026141 0.143586 0.018947 0.046670 0.065640 0.128077 0.083485 
0.098180 0.067418 0.187089 0.121683 0.009200 0.027031 0.024752 0.147348 0.018970 0.034595 0.066167 0.101856 0.095711 
0.096674 0.065809 0.189129 0.105920 0.018162 0.027382 0.024976 0.146505 0.018697 0.042896 0.064587 0.121449 0.077813 
0.108678 0.074389 0.194642 0.084645 0.012842 0.031708 0.029499 0.161850 0.021096 0.030823 0.073013 0.099506 0.077309 
0.101482 0.069831 0.181439 0.115602 0.006618 0.035283 0.025085 0.149031 0.019568 0.033086 0.068537 0.110640 0.083798 
0.103730 0.070367 0.188836 0.107819 0.010421 0.030951 0.025798 0.151794 0.019856 0.033086 0.069063 0.105654 0.082624 
0.103564 0.071171 0.176037 0.111006 0.007407 0.032159 0.027367 0.152057 0.020044 0.036860 0.069853 0.110572 0.081901 
0.102738 0.070367 0.191024 0.095302 0.011894 0.025194 0.025984 0.150767 0.020076 0.045162 0.069063 0.118432 0.073996 
0.102608 0.069831 0.190723 0.082747 0.018434 0.028751 0.028336 0.150430 0.019980 0.043652 0.068537 0.123546 0.072426 
0.103048 0.068861 0.188590 0.102988 0.022720 0.025457 0.025529 0.148005 0.019524 0.039123 0.067220 0.106816 0.082119 
0.101255 0.069563 0.189112 0.092114 0.008066 0.027022 0.027898 0.149074 0.019814 0.045916 0.068273 0.125030 0.076862 
0.109833 0.075193 0.190485 0.100349 0.012654 0.033407 0.026747 0.161167 0.021172 0.023276 0.073803 0.086555 0.085358 
0.103013 0.070903 0.169311 0.112551 0.005120 0.031072 0.029188 0.151283 0.022297 0.036105 0.069590 0.112267 0.087300 
0.105264 0.072244 0.172156 0.112650 0.008632 0.030876 0.024894 0.154520 0.020350 0.035351 0.070907 0.109102 0.083055 
0.109599 0.073584 0.178676 0.093973 0.008310 0.033536 0.028074 0.159735 0.020770 0.033842 0.072223 0.111027 0.076649 
0.105259 0.072244 0.172150 0.098569 0.008093 0.034008 0.027303 0.154513 0.020418 0.039124 0.070907 0.118995 0.078417 
0.102335 0.067892 0.158998 0.118535 0.011979 0.025557 0.022894 0.144143 0.018995 0.048180 0.065903 0.128017 0.086573 
0.110078 0.074389 0.176141 0.100290 0.008157 0.028723 0.025631 0.159729 0.021031 0.035352 0.073013 0.102597 0.084870 
0.106327 0.071976 0.177262 0.089162 0.023922 0.030368 0.025396 0.158137 0.025348 0.036106 0.070643 0.109084 0.076268 
0.111203 0.076265 0.179803 0.089476 0.009496 0.028681 0.028718 0.163218 0.021679 0.036862 0.074856 0.104409 0.075333 
0.101066 0.067418 0.183696 0.096651 0.013507 0.030955 0.024846 0.144727 0.019140 0.044406 0.066167 0.126585 0.080837 
0.098338 0.067418 0.183290 0.115425 0.010518 0.031404 0.024628 0.147129 0.018943 0.034595 0.066167 0.111980 0.090166 
0.098558 0.067686 0.177563 0.120138 0.008352 0.029267 0.026633 0.145108 0.019039 0.038368 0.066430 0.115152 0.087704 
0.106261 0.073048 0.181539 0.097063 0.007068 0.028952 0.030578 0.156023 0.020664 0.037615 0.071696 0.109051 0.080441 
0.100688 0.068490 0.182195 0.121762 0.019337 0.027565 0.025001 0.147606 0.021728 0.032331 0.067220 0.097090 0.088987 
0.106033 0.072780 0.179196 0.090785 0.008386 0.031784 0.025542 0.155651 0.020634 0.039879 0.071433 0.120696 0.077199 
0.104868 0.071976 0.165598 0.096985 0.007441 0.028610 0.026745 0.153938 0.022834 0.045917 0.070643 0.126992 0.077452 
0.100245 0.067954 0.191631 0.112335 0.023473 0.025299 0.025655 0.149263 0.019293 0.034595 0.066693 0.096908 0.086655 
0.104179 0.071708 0.184926 0.104788 0.006202 0.030628 0.025730 0.152997 0.022628 0.036105 0.070380 0.110671 0.079060 
0.107225 0.071708 0.169494 0.117304 0.012124 0.027859 0.024618 0.153788 0.020207 0.034596 0.070380 0.100668 0.090030 
0.107897 0.072512 0.176508 0.100153 0.006793 0.027345 0.030083 0.157269 0.020527 0.040634 0.071170 0.112184 0.076925 
0.100031 0.067686 0.188049 0.085719 0.011728 0.032250 0.025216 0.148699 0.019284 0.045916 0.066430 0.138323 0.070671 
0.102953 0.070635 0.175213 0.106274 0.008981 0.028148 0.029624 0.153530 0.019926 0.038369 0.069327 0.110429 0.086591 
0.105571 0.072244 0.158379 0.098569 0.010223 0.031175 0.023871 0.154899 0.022927 0.045917 0.070907 0.127035 0.078284 
0.098935 0.067954 0.170050 0.107642 0.007282 0.024320 0.023850 0.147631 0.019282 0.051199 0.066693 0.131281 0.083880 
0.103724 0.071171 0.182256 0.092232 0.009035 0.026163 0.025454 0.152255 0.020293 0.047426 0.069853 0.125126 0.075011 
0.096946 0.066345 0.167411 0.113782 0.011029 0.027418 0.023360 0.142249 0.018754 0.047425 0.065113 0.131338 0.088828 
0.102953 0.070635 0.181259 0.092193 0.009034 0.029595 0.025269 0.151121 0.020054 0.043652 0.069327 0.125291 0.079618 
0.097725 0.066882 0.178494 0.110692 0.011896 0.026158 0.026730 0.143394 0.018951 0.045915 0.065640 0.124743 0.082781 
0.108950 0.074925 0.172925 0.094072 0.005769 0.031047 0.030293 0.159978 0.021181 0.036861 0.073540 0.110991 0.079468 
0.104103 0.071439 0.172670 0.096945 0.008229 0.029149 0.024771 0.152813 0.020269 0.044407 0.070117 0.125336 0.079750 
0.102796 0.070635 0.183105 0.101580 0.007836 0.028356 0.025393 0.150927 0.022436 0.042898 0.069327 0.115212 0.079501 
0.098497 0.067418 0.181509 0.110732 0.012094 0.025620 0.024660 0.144531 0.021473 0.042142 0.066167 0.114910 0.090248 
0.104923 0.071439 0.191702 0.090687 0.018539 0.029308 0.028735 0.153835 0.022739 0.035351 0.070117 0.105671 0.076953 
0.105199 0.071171 0.180592 0.096926 0.012527 0.037558 0.025362 0.153880 0.020135 0.034596 0.069853 0.112412 0.079788 
0.101252 0.069563 0.179092 0.101502 0.007637 0.032087 0.024869 0.148655 0.019661 0.042143 0.068273 0.128627 0.076641 
0.106847 0.072079 0.163439 0.111046 0.011293 0.026411 0.024152 0.153778 0.020325 0.042898 0.070380 0.115351 0.082003 
0.100108 0.068758 0.187690 0.117088 0.009220 0.024575 0.027778 0.149383 0.019378 0.037614 0.067483 0.101827 0.089099 
0.106462 0.071171 0.190675 0.087539 0.013154 0.030594 0.028547 0.155047 0.020209 0.037615 0.069853 0.113919 0.075216 
0.104445 0.071439 0.193198 0.103203 0.013950 0.025650 0.026385 0.160417 0.020264 0.035351 0.070117 0.097221 0.078359 
0.099114 0.067954 0.188386 0.117029 0.011171 0.027249 0.027688 0.147858 0.019132 0.036104 0.066693 0.105205 0.086417 
0.104205 0.071171 0.172702 0.106313 0.013853 0.027704 0.027184 0.152853 0.020193 0.040634 0.069853 0.113746 0.079589 
0.104943 0.072244 0.173823 0.114214 0.005379 0.027919 0.027395 0.154122 0.020338 0.036860 0.070907 0.105627 0.086230 
0.104991 0.071708 0.195886 0.095401 0.015604 0.030813 0.026664 0.156391 0.022699 0.030068 0.070380 0.097571 0.081825 
0.106806 0.073316 0.176166 0.106470 0.008592 0.028353 0.025417 0.156789 0.023125 0.036106 0.071960 0.104118 0.082783 
0.100422 0.068758 0.177953 0.113959 0.011624 0.031872 0.024656 0.147362 0.019361 0.036859 0.067483 0.117060 0.082631 
0.103561 0.071171 0.176033 0.101619 0.007048 0.032882 0.024957 0.152052 0.022495 0.039124 0.069853 0.117182 0.082022 
0.103177 0.070903 0.175536 0.106293 0.007227 0.032551 0.024865 0.151487 0.019972 0.037615 0.069590 0.118928 0.081855 
0.106781 0.072512 0.179931 0.100153 0.021030 0.030705 0.025673 0.156494 0.020646 0.035351 0.071170 0.102431 0.077125 
0.103122 0.070635 0.187429 0.104709 0.011662 0.027457 0.025612 0.154156 0.020048 0.038369 0.069327 0.108749 0.078726 
0.106769 0.071171 0.172867 0.082845 0.014710 0.029182 0.024805 0.153042 0.022723 0.045917 0.069853 0.128614 0.077503 
0.104215 0.069831 0.181789 0.114037 0.010068 0.032212 0.025148 0.149432 0.019605 0.032331 0.068537 0.107325 0.085469 
0.105212 0.071976 0.194129 0.095420 0.013455 0.029639 0.026414 0.154783 0.020493 0.036860 0.070643 0.103936 0.077040 
0.103404 0.071171 0.175863 0.115700 0.005832 0.033575 0.027336 0.151858 0.019964 0.033841 0.069853 0.107373 0.084229 
0.102344 0.070099 0.176407 0.104670 0.010873 0.028718 0.024807 0.150189 0.019861 0.042143 0.068800 0.120268 0.080822 
0.105370 0.071976 0.190331 0.090727 0.014833 0.028707 0.028701 0.154565 0.020479 0.037615 0.070643 0.108956 0.077097 
0.106954 0.073316 0.160140 0.109599 0.008692 0.029829 0.024054 0.157384 0.023150 0.039125 0.071960 0.114062 0.081734 
0.104328 0.071708 0.172994 0.098530 0.006535 0.029934 0.024831 0.153180 0.020315 0.043653 0.070380 0.125404 0.078208 
0.102291 0.069831 0.192394 0.093699 0.015540 0.028928 0.026018 0.150036 0.019899 0.041388 0.068537 0.113551 0.077889 
0.105493 0.072512 0.180546 0.106411 0.007427 0.029517 0.025574 0.157276 0.020439 0.034596 0.071170 0.104112 0.084928 
0.100384 0.067954 0.173640 0.088868 0.022555 0.028221 0.024290 0.149432 0.019481 0.048935 0.066693 0.134845 0.074704 
0.105111 0.072244 0.188114 0.100133 0.007976 0.026530 0.028511 0.156715 0.022848 0.036860 0.070907 0.102261 0.081790 
0.105034 0.071976 0.178265 0.086033 0.009763 0.027919 0.025142 0.154145 0.020530 0.047426 0.070643 0.128595 0.074528 
0.103706 0.070367 0.188046 0.101560 0.022269 0.026106 0.030684 0.151971 0.020016 0.034596 0.069063 0.097178 0.084438 
0.103566 0.071171 0.188069 0.090668 0.007614 0.026855 0.025732 0.152472 0.020303 0.045917 0.069853 0.123523 0.074256 
0.101184 0.069295 0.164830 0.118692 0.010424 0.035190 0.023756 0.148482 0.019456 0.036859 0.068010 0.118806 0.085016 
0.099833 0.067150 0.158828 0.129486 0.010643 0.030133 0.022863 0.147008 0.021215 0.039123 0.065903 0.113373 0.094443 
0.106534 0.072079 0.179222 0.100094 0.008941 0.026349 0.025328 0.153389 0.022742 0.041388 0.070380 0.112055 0.081498 
0.106676 0.072780 0.173849 0.097044 0.015054 0.031186 0.025204 0.156450 0.020677 0.038370 0.071433 0.115752 0.075524 
0.107705 0.071708 0.172030 0.096965 0.016807 0.031809 0.024867 0.154382 0.020403 0.040634 0.070380 0.117191 0.075121 
0.099582 0.067954 0.170754 0.110771 0.014421 0.031656 0.026387 0.146053 0.019179 0.039878 0.066693 0.123548 0.083123 
0.106727 0.073048 0.159875 0.097063 0.010164 0.033412 0.024148 0.161393 0.020635 0.038370 0.071696 0.120828 0.082640 
0.103287 0.069295 0.182638 0.123385 0.008869 0.031511 0.025088 0.148104 0.019407 0.031576 0.068010 0.098873 0.089958 
0.103487 0.069398 0.181163 0.095204 0.018123 0.027775 0.027439 0.151108 0.024460 0.041388 0.067747 0.116846 0.075861 
0.108825 0.074389 0.170616 0.101855 0.012890 0.030504 0.027671 0.159649 0.021089 0.036106 0.073013 0.102571 0.080823 
0.104593 0.071439 0.187310 0.078171 0.014156 0.033825 0.025951 0.153422 0.020393 0.042898 0.070117 0.127131 0.070595 
0.105300 0.070367 0.179035 0.101560 0.012508 0.028118 0.029750 0.151369 0.019986 0.040633 0.069063 0.115336 0.076974 
0.102609 0.069831 0.180587 0.114037 0.018449 0.028028 0.024997 0.150845 0.019780 0.033841 0.068537 0.100522 0.087937 
0.103826 0.070903 0.184304 0.096906 0.014676 0.029059 0.025612 0.152295 0.020172 0.040634 0.069590 0.117088 0.074935 
0.105487 0.072512 0.174493 0.104847 0.006775 0.028766 0.027518 0.154885 0.020475 0.038370 0.071170 0.110632 0.084069 
0.098977 0.067418 0.177999 0.106038 0.016785 0.027884 0.024445 0.145126 0.019146 0.043651 0.066167 0.123270 0.083094 
0.104597 0.071439 0.185301 0.095381 0.014617 0.026351 0.025796 0.153429 0.020383 0.042898 0.070117 0.115327 0.074364 
0.107577 0.073852 0.177162 0.103380 0.008473 0.028538 0.025602 0.157922 0.020913 0.037616 0.072486 0.107461 0.079019 
0.101894 0.069563 0.173744 0.104631 0.014185 0.034410 0.024531 0.151837 0.022003 0.034595 0.068273 0.117297 0.083038 
0.102852 0.069026 0.166695 0.107720 0.013712 0.027685 0.026291 0.148990 0.021979 0.044407 0.067747 0.123399 0.079497 
0.098938 0.067954 0.170054 0.119439 0.007641 0.026492 0.026260 0.147636 0.021556 0.043651 0.066693 0.119926 0.083759 
0.097937 0.067150 0.174772 0.087244 0.008849 0.030558 0.024069 0.143744 0.019111 0.052708 0.065903 0.149656 0.078298 
0.101091 0.069563 0.174887 0.112453 0.005906 0.033503 0.024527 0.148455 0.019505 0.036105 0.068273 0.118862 0.086870 
0.104106 0.071439 0.170658 0.107897 0.008451 0.029150 0.024616 0.152816 0.020177 0.039879 0.070117 0.115488 0.085207 
0.107074 0.072347 0.173782 0.100114 0.009908 0.030813 0.024832 0.154562 0.022755 0.036106 0.070643 0.110719 0.086345 
0.102385 0.069563 0.184295 0.104631 0.020238 0.028717 0.025246 0.152862 0.019782 0.036105 0.068273 0.107109 0.080794 
0.098046 0.066882 0.178844 0.107563 0.015286 0.027694 0.024383 0.146177 0.023739 0.041387 0.065640 0.118280 0.086078 
0.105273 0.072244 0.186275 0.106391 0.009773 0.029430 0.025979 0.156943 0.022781 0.032332 0.070907 0.099164 0.082509 
0.102631 0.068428 0.173588 0.112316 0.007855 0.029267 0.026478 0.144688 0.019027 0.040632 0.066430 0.120076 0.088583 
0.108888 0.074657 0.172779 0.099591 0.009398 0.030294 0.027855 0.159814 0.021134 0.036106 0.073276 0.107647 0.078561 
0.103179 0.070903 0.177492 0.110987 0.007407 0.032067 0.024865 0.151903 0.019987 0.036105 0.069590 0.108901 0.086615 
0.105976 0.072512 0.183087 0.098588 0.012589 0.032233 0.028234 0.155494 0.020540 0.035351 0.071170 0.100713 0.083512 
0.102172 0.069295 0.166668 0.109305 0.008507 0.033040 0.026288 0.154269 0.019531 0.039878 0.068010 0.120307 0.082731 
0.103943 0.071439 0.182511 0.082145 0.006604 0.025500 0.025358 0.153027 0.020479 0.052709 0.070117 0.134953 0.071215 
0.101472 0.069026 0.173829 0.120237 0.006008 0.026805 0.024188 0.148960 0.019496 0.041388 0.067747 0.115116 0.085728 
0.107029 0.073584 0.176487 0.103361 0.006717 0.032058 0.025478 0.159537 0.020747 0.034597 0.072223 0.109290 0.078891 
0.104760 0.070099 0.188508 0.095283 0.011697 0.027995 0.028146 0.150198 0.019898 0.040633 0.068800 0.115299 0.078685 
0.107246 0.073852 0.172769 0.089299 0.004030 0.032815 0.025227 0.157508 0.020881 0.039880 0.072486 0.122489 0.081517 
0.108573 0.074657 0.184529 0.090923 0.006832 0.028785 0.026311 0.159423 0.021202 0.039125 0.073276 0.110827 0.075537 
0.105621 0.071708 0.174400 0.101659 0.020694 0.029463 0.025086 0.154789 0.020396 0.036860 0.070380 0.108996 0.079948 
0.101465 0.068325 0.178646 0.107642 0.013335 0.028034 0.024566 0.148243 0.019210 0.040633 0.066693 0.116752 0.086456 
0.111878 0.076265 0.189363 0.089476 0.005217 0.030758 0.026988 0.163851 0.024033 0.033088 0.074856 0.101242 0.072984 
0.104426 0.071439 0.173021 0.095381 0.011679 0.031383 0.024834 0.153214 0.020279 0.042143 0.070117 0.125483 0.076601 
0.105407 0.071439 0.166726 0.087558 0.008836 0.034510 0.024182 0.157021 0.022724 0.043653 0.070117 0.130446 0.077383 
0.097990 0.066613 0.182674 0.120060 0.019471 0.026192 0.024510 0.144051 0.018870 0.037613 0.065377 0.106684 0.089895 
0.108119 0.074121 0.173799 0.098706 0.009654 0.029385 0.025416 0.158683 0.020988 0.036861 0.072750 0.107542 0.083977 
0.094812 0.064737 0.184772 0.121487 0.015052 0.024027 0.024389 0.141457 0.018309 0.043650 0.063533 0.116213 0.087561 
0.105810 0.072512 0.178875 0.095459 0.010320 0.029552 0.027892 0.155287 0.020575 0.039879 0.071170 0.115614 0.077054 
