-1623889.350084
0
0.000002 0.000001 0.000001 0.000001 0.000001 0.000001 0.000001 0.000001 0.000002 0.000001 0.000710 0.000024 0.000093 0.000001 0.000001 0.000002 0.000002 0.000024 0.000346 0.000002 0.001409 0.000001 0.000001 0.000277 0.000002 0.000002 0.000001 0.000002 0.000001 0.000001 0.000001 0.000001 0.000024 0.000001 0.012974 0.000001 0.000001 0.000001 0.000001 0.000002 0.000093 0.000002 0.000002 0.000002 0.000002 0.000001 0.000024 0.000002 0.000001 0.000001 0.000001 0.000001 0.000001 0.000001 0.000001 0.000001 0.000002 0.000433 0.981067 0.000092 0.000001 0.000001 0.000001 0.000001 0.000001 0.000024 0.000001 0.000002 0.000001 0.000001 0.000001 0.000002 0.000002 0.000001 0.000001 0.001447 0.000001 0.000001 0.000001 0.000001 0.000001 0.000001 0.000002 0.000001 0.000185 0.000001 0.000024 0.000001 0.000002 0.000001 0.000001 0.000614 0.000002 0.000001 0.000001 0.000002 
0.000002 0.000001 0.000001 0.000001 0.000001 0.000001 0.000001 0.000001 0.000002 0.000001 0.000005 0.000002 0.000002 0.000001 0.000001 0.000002 0.000002 0.000002 0.000002 0.000002 0.000002 0.000001 0.000001 0.000002 0.000002 0.000002 0.000001 0.000002 0.000001 0.000001 0.000001 0.000001 0.000002 0.000001 0.000006 0.000001 0.000001 0.000001 0.000001 0.000002 0.000002 0.000002 0.000002 0.000002 0.000002 0.000001 0.000002 0.000002 0.000001 0.000001 0.000001 0.000001 0.000001 0.000001 0.000001 0.000001 0.000002 0.000004 0.999838 0.000002 0.000001 0.000001 0.000001 0.000001 0.000001 0.000002 0.000001 0.000002 0.000001 0.000001 0.000001 0.000002 0.000002 0.000001 0.000001 0.000002 0.000001 0.000001 0.000001 0.000001 0.000001 0.000001 0.000002 0.000001 0.000002 0.000001 0.000002 0.000001 0.000002 0.000001 0.000001 0.000002 0.000002 0.000001 0.000001 0.000002 
0.000002 0.000002 0.000002 0.000002 0.000002 0.000002 0.000002 0.000002 0.002631 0.000002 0.000408 0.000002 0.000002 0.000002 0.000002 0.000002 0.000002 0.000002 0.000002 0.000002 0.000021 0.000002 0.000002 0.000002 0.000002 0.000002 0.000002 0.000002 0.000002 0.000002 0.000002 0.000002 0.000002 0.000002 0.007895 0.000002 0.000002 0.000002 0.000002 0.000002 0.000002 0.000088 0.000002 0.000002 0.000002 0.000002 0.000002 0.000002 0.000002 0.000002 0.000002 0.000002 0.000002 0.000002 0.000002 0.000002 0.000002 0.391770 0.596764 0.000002 0.000002 0.000002 0.000002 0.000002 0.000002 0.000002 0.000002 0.000002 0.000002 0.000002 0.000002 0.000002 0.000260 0.000002 0.000002 0.000002 0.000002 0.000002 0.000002 0.000002 0.000002 0.000002 0.000002 0.000002 0.000002 0.000002 0.000002 0.000002 0.000002 0.000002 0.000002 0.000002 0.000002 0.000002 0.000002 0.000002 
0.000004 0.000004 0.000004 0.000004 0.000004 0.000004 0.000004 0.000004 0.000005 0.000004 0.996086 0.000004 0.000004 0.000004 0.000004 0.000004 0.000004 0.000004 0.000004 0.000004 0.000005 0.000004 0.000004 0.000004 0.000004 0.000004 0.000004 0.000004 0.000004 0.000004 0.000004 0.000004 0.000004 0.000004 0.000016 0.000004 0.000004 0.000004 0.000004 0.000004 0.000004 0.000004 0.000004 0.000004 0.000784 0.000004 0.000004 0.000004 0.000004 0.000004 0.000004 0.000004 0.000004 0.000004 0.000004 0.000004 0.000005 0.000010 0.002752 0.000005 0.000004 0.000004 0.000004 0.000004 0.000004 0.000004 0.000004 0.000004 0.000004 0.000004 0.000004 0.000004 0.000004 0.000004 0.000004 0.000004 0.000004 0.000004 0.000004 0.000004 0.000004 0.000004 0.000004 0.000004 0.000005 0.000004 0.000004 0.000004 0.000004 0.000004 0.000004 0.000005 0.000004 0.000004 0.000004 0.000005 
0.000001 0.000001 0.000001 0.000001 0.000001 0.000001 0.000001 0.000001 0.000002 0.000001 0.829493 0.000001 0.000001 0.000001 0.000001 0.000001 0.000001 0.000001 0.000001 0.000001 0.000002 0.000001 0.000001 0.000001 0.000001 0.000001 0.000001 0.092476 0.000001 0.000001 0.000001 0.000001 0.000001 0.000001 0.000005 0.000001 0.000001 0.000001 0.000001 0.000001 0.000001 0.000001 0.000001 0.000001 0.000001 0.000001 0.000001 0.000001 0.000001 0.000001 0.000001 0.000001 0.000001 0.000001 0.000001 0.000001 0.000002 0.076499 0.001413 0.000002 0.000001 0.000001 0.000001 0.000001 0.000001 0.000001 0.000001 0.000001 0.000001 0.000001 0.000001 0.000001 0.000001 0.000001 0.000001 0.000001 0.000001 0.000001 0.000001 0.000001 0.000001 0.000001 0.000001 0.000001 0.000002 0.000001 0.000001 0.000001 0.000001 0.000001 0.000001 0.000002 0.000001 0.000001 0.000001 0.000002 
0.000077 0.000001 0.000001 0.000001 0.000001 0.000001 0.000001 0.000001 0.000001 0.000001 0.000469 0.000001 0.000001 0.000001 0.000001 0.000001 0.000001 0.000001 0.000001 0.000381 0.000001 0.000001 0.000001 0.000001 0.000001 0.000001 0.000001 0.000001 0.000001 0.000001 0.000001 0.000001 0.000001 0.000001 0.012314 0.000001 0.000001 0.000001 0.000001 0.000001 0.000001 0.000001 0.000457 0.000001 0.000001 0.000001 0.000001 0.000001 0.000001 0.000001 0.000001 0.000001 0.000001 0.000001 0.000001 0.000001 0.062751 0.000344 0.918745 0.000001 0.000001 0.000001 0.000001 0.000001 0.000001 0.000001 0.000001 0.000001 0.000001 0.000001 0.000001 0.000123 0.000001 0.000001 0.000001 0.000001 0.000001 0.000001 0.000001 0.000001 0.000001 0.000001 0.003164 0.000001 0.000001 0.000001 0.000001 0.000001 0.000001 0.000001 0.000001 0.000001 0.000001 0.000001 0.000001 0.001093 
0.000004 0.000003 0.000003 0.000003 0.000003 0.000003 0.000003 0.000003 0.000005 0.000003 0.000508 0.000004 0.000004 0.000003 0.000003 0.000234 0.000004 0.000004 0.000004 0.000004 0.000190 0.000003 0.000003 0.000004 0.000061 0.000004 0.000003 0.000004 0.000003 0.000003 0.000003 0.000003 0.000004 0.000003 0.010077 0.000003 0.000003 0.000003 0.000003 0.000061 0.000004 0.000004 0.000004 0.000004 0.000004 0.000003 0.000004 0.016209 0.000003 0.000003 0.000003 0.000003 0.000003 0.000003 0.000003 0.000003 0.000005 0.206985 0.765165 0.000005 0.000003 0.000003 0.000003 0.000003 0.000003 0.000004 0.000003 0.000061 0.000003 0.000003 0.000003 0.000004 0.000004 0.000003 0.000003 0.000004 0.000003 0.000003 0.000003 0.000003 0.000003 0.000003 0.000004 0.000003 0.000005 0.000003 0.000004 0.000003 0.000061 0.000003 0.000003 0.000079 0.000004 0.000003 0.000003 0.000005 
0.000004 0.000004 0.000004 0.000004 0.000004 0.000004 0.000004 0.000004 0.000892 0.000004 0.000630 0.000004 0.000004 0.000004 0.000004 0.000004 0.001846 0.000004 0.000004 0.000004 0.000503 0.000004 0.000004 0.000004 0.000004 0.001021 0.000004 0.000005 0.000004 0.000004 0.000004 0.000004 0.000004 0.000004 0.013189 0.000004 0.000004 0.000004 0.000004 0.000004 0.000004 0.000004 0.000004 0.002037 0.000004 0.000004 0.000004 0.000004 0.000004 0.000004 0.000004 0.000004 0.000004 0.000004 0.000004 0.000004 0.000005 0.000371 0.967094 0.000005 0.000004 0.000004 0.000004 0.000004 0.000004 0.000004 0.000004 0.000004 0.000004 0.000004 0.000004 0.000004 0.000004 0.000004 0.000004 0.000004 0.000004 0.000004 0.000004 0.000004 0.000004 0.000004 0.000004 0.000004 0.000047 0.000004 0.000004 0.000004 0.000004 0.000004 0.000004 0.000452 0.000004 0.000004 0.000004 0.011580 
0.000003 0.000003 0.000003 0.000003 0.000003 0.000003 0.000003 0.000003 0.000642 0.000003 0.000319 0.000003 0.000003 0.000003 0.000003 0.000003 0.000003 0.000003 0.000003 0.000003 0.000004 0.000003 0.000003 0.000003 0.000003 0.000003 0.000003 0.000003 0.000003 0.000003 0.000003 0.000003 0.000003 0.000003 0.017974 0.000003 0.000003 0.000003 0.000003 0.000003 0.000003 0.000003 0.000003 0.000003 0.000003 0.000003 0.000003 0.000003 0.000003 0.000003 0.000003 0.000003 0.000003 0.000003 0.000003 0.000003 0.000004 0.015441 0.888383 0.067228 0.000003 0.000003 0.000003 0.000003 0.000003 0.000003 0.000003 0.000003 0.000003 0.000003 0.000003 0.000003 0.000003 0.000003 0.000003 0.000003 0.000003 0.000003 0.000003 0.000003 0.000003 0.000003 0.000003 0.000003 0.000003 0.000003 0.000003 0.000003 0.000003 0.000003 0.000003 0.000004 0.009763 0.000003 0.000003 0.000003 
0.000003 0.000002 0.000002 0.000002 0.000002 0.000002 0.000002 0.000002 0.000003 0.000002 0.000007 0.000002 0.000003 0.000002 0.000002 0.000003 0.000003 0.000002 0.000003 0.000003 0.000003 0.000002 0.000002 0.000003 0.000002 0.000003 0.000002 0.000003 0.000002 0.000002 0.000002 0.000002 0.000002 0.000002 0.998741 0.000002 0.000002 0.000002 0.000002 0.000002 0.000003 0.000003 0.000003 0.000003 0.000003 0.000002 0.000002 0.000003 0.000002 0.000002 0.000002 0.000002 0.000002 0.000002 0.000002 0.000002 0.000003 0.000006 0.001023 0.000003 0.000002 0.000002 0.000002 0.000002 0.000002 0.000002 0.000002 0.000002 0.000002 0.000002 0.000002 0.000003 0.000003 0.000002 0.000002 0.000003 0.000002 0.000002 0.000002 0.000002 0.000002 0.000002 0.000003 0.000002 0.000003 0.000002 0.000002 0.000002 0.000002 0.000002 0.000002 0.000003 0.000003 0.000002 0.000002 0.000003 
0.000002 0.000002 0.000002 0.000002 0.000002 0.000002 0.000002 0.000002 0.000003 0.000002 0.000007 0.000002 0.000002 0.000002 0.000002 0.000002 0.000002 0.000002 0.000002 0.000002 0.000003 0.000002 0.000002 0.000002 0.000002 0.000002 0.000002 0.000003 0.000002 0.000002 0.000002 0.000002 0.000002 0.000002 0.000009 0.000002 0.000002 0.000002 0.000002 0.000002 0.000002 0.000002 0.000002 0.000002 0.000002 0.000002 0.000002 0.000002 0.000002 0.000002 0.000002 0.000002 0.000002 0.000002 0.000002 0.000002 0.000003 0.000006 0.999770 0.000003 0.000002 0.000002 0.000002 0.000002 0.000002 0.000002 0.000002 0.000002 0.000002 0.000002 0.000002 0.000002 0.000002 0.000002 0.000002 0.000002 0.000002 0.000002 0.000002 0.000002 0.000002 0.000002 0.000002 0.000002 0.000003 0.000002 0.000002 0.000002 0.000002 0.000002 0.000002 0.000003 0.000002 0.000002 0.000002 0.000003 
0.000002 0.000002 0.000002 0.000002 0.000002 0.000002 0.000002 0.000002 0.000002 0.000002 0.000011 0.000002 0.000002 0.000002 0.000002 0.000002 0.000002 0.000002 0.000002 0.000002 0.000002 0.000002 0.000002 0.000002 0.000002 0.000002 0.000002 0.000002 0.000002 0.000002 0.000002 0.000002 0.000002 0.000002 0.629933 0.000002 0.000002 0.000002 0.000002 0.000002 0.000002 0.000002 0.000002 0.000002 0.000002 0.000002 0.000002 0.000002 0.000002 0.000002 0.000002 0.000002 0.000002 0.000002 0.000002 0.000002 0.126478 0.000005 0.243320 0.000002 0.000002 0.000002 0.000002 0.000002 0.000002 0.000002 0.000002 0.000002 0.000002 0.000002 0.000002 0.000002 0.000002 0.000002 0.000002 0.000002 0.000002 0.000002 0.000002 0.000002 0.000002 0.000002 0.000002 0.000002 0.000094 0.000002 0.000002 0.000002 0.000002 0.000002 0.000002 0.000002 0.000002 0.000002 0.000002 0.000002 
0.090789 0.084505 0.083048 0.081448 0.086304 0.084001 0.081351 0.077489 0.080343 0.083370 0.076996 0.090355 
0.115597 0.062340 0.063148 0.071966 0.129475 0.099871 0.085119 0.022585 0.056454 0.110149 0.106801 0.076493 
0.095573 0.090392 0.095722 0.078392 0.088925 0.087055 0.070568 0.078038 0.090537 0.072853 0.068689 0.083255 
0.087989 0.084115 0.091629 0.074699 0.092465 0.091280 0.096572 0.058517 0.074012 0.096149 0.081347 0.071226 
breast
0.111147 0.109528 0.088837 0.038399 0.117044 0.162956 0.043289 0.029093 0.057470 0.069441 0.073309 0.099486 
0.104513 0.102857 0.089723 0.046550 0.134650 0.156024 0.039933 0.027278 0.059568 0.069437 0.068746 0.100720 
0.109297 0.107860 0.098143 0.043589 0.129811 0.159313 0.046083 0.028520 0.056842 0.059533 0.072169 0.088840 
0.109011 0.107443 0.083721 0.042105 0.130138 0.165790 0.039709 0.028434 0.053926 0.066963 0.071883 0.100876 
0.112629 0.111196 0.080776 0.042851 0.123266 0.169396 0.042077 0.029551 0.055531 0.060773 0.074450 0.097504 
0.105766 0.102023 0.082655 0.045066 0.142316 0.158205 0.040969 0.027022 0.051394 0.070675 0.068176 0.105731 
0.116233 0.114531 0.080992 0.031730 0.089754 0.173240 0.040363 0.030664 0.062223 0.074398 0.076732 0.109142 
0.116986 0.115365 0.086136 0.033215 0.101778 0.167687 0.044347 0.030899 0.057783 0.070683 0.077302 0.097819 
0.108111 0.104108 0.096314 0.044326 0.138905 0.154306 0.047355 0.027394 0.052636 0.064484 0.069602 0.092460 
0.109250 0.107860 0.075898 0.051746 0.138117 0.165823 0.037658 0.028501 0.061143 0.057056 0.072169 0.094779 
0.106645 0.104942 0.092054 0.039136 0.123228 0.161183 0.041484 0.027704 0.053049 0.073153 0.070172 0.107250 
0.108100 0.106609 0.088023 0.051745 0.143799 0.157927 0.040684 0.028151 0.053571 0.062009 0.071313 0.088067 
0.106932 0.105359 0.084265 0.043586 0.143813 0.158273 0.041917 0.027792 0.052955 0.066962 0.070457 0.097689 
0.098819 0.097020 0.092881 0.050993 0.142026 0.150411 0.040200 0.025282 0.054279 0.075625 0.064754 0.107711 
0.112286 0.108277 0.087302 0.042848 0.127737 0.163243 0.040823 0.030408 0.054393 0.065725 0.072454 0.094504 
0.116073 0.114948 0.095193 0.043596 0.125749 0.171327 0.046593 0.030610 0.059887 0.044677 0.077017 0.074330 
0.110169 0.108694 0.085885 0.042848 0.132258 0.164068 0.042970 0.028789 0.056953 0.062010 0.072739 0.092616 
0.111679 0.107860 0.091754 0.043589 0.125738 0.165798 0.044358 0.028494 0.059078 0.055818 0.072169 0.093665 
0.110662 0.109111 0.092482 0.041365 0.120594 0.164754 0.042369 0.028944 0.054919 0.065726 0.073024 0.096051 
0.099840 0.097854 0.088634 0.045803 0.136195 0.145220 0.039260 0.028061 0.059633 0.085533 0.065324 0.108643 
0.113615 0.109945 0.096447 0.043591 0.118760 0.157977 0.043190 0.029685 0.055685 0.066964 0.073594 0.090546 
0.113010 0.111613 0.087310 0.042851 0.127340 0.162582 0.041435 0.035573 0.060775 0.058297 0.074735 0.084480 
0.112075 0.110779 0.098288 0.042850 0.127294 0.165335 0.046142 0.029619 0.053467 0.053343 0.074165 0.086643 
0.110678 0.109111 0.086147 0.044332 0.133228 0.160123 0.040679 0.028951 0.052322 0.066964 0.073024 0.094443 
0.102560 0.100772 0.097941 0.039873 0.124491 0.155581 0.044737 0.026444 0.053753 0.076866 0.067320 0.109662 
0.106278 0.104525 0.090286 0.042844 0.119095 0.162047 0.040941 0.027593 0.052851 0.075630 0.069887 0.108024 
0.113542 0.112030 0.087580 0.039885 0.115556 0.166250 0.041611 0.029834 0.058615 0.064489 0.075020 0.095588 
0.104463 0.102857 0.084603 0.049516 0.145629 0.154853 0.039068 0.027023 0.059150 0.066960 0.068746 0.097131 
0.116610 0.112863 0.086298 0.042111 0.125223 0.169278 0.043846 0.030019 0.056349 0.053344 0.075591 0.088469 
0.108217 0.106609 0.089669 0.045071 0.133687 0.156734 0.041147 0.030650 0.053704 0.068201 0.071313 0.094999 
0.112548 0.111196 0.091838 0.042851 0.126086 0.165971 0.042558 0.029523 0.058195 0.055820 0.074450 0.088964 
0.106782 0.104942 0.077846 0.044327 0.129149 0.158342 0.037711 0.027750 0.055266 0.080584 0.070172 0.107129 
0.105444 0.103691 0.088278 0.040618 0.123390 0.161735 0.040243 0.027334 0.052399 0.075629 0.069317 0.111921 
0.106763 0.104942 0.081007 0.042103 0.119886 0.164808 0.038551 0.029465 0.052860 0.079345 0.070172 0.110098 
0.109081 0.107443 0.091683 0.039880 0.109777 0.165609 0.041850 0.028452 0.059076 0.069440 0.071883 0.105827 
0.107749 0.106192 0.092608 0.042845 0.124423 0.163794 0.041844 0.028044 0.053544 0.065724 0.071028 0.102205 
0.106819 0.105359 0.098480 0.048036 0.140502 0.153690 0.045695 0.027751 0.058120 0.059531 0.070457 0.085560 
0.109730 0.106192 0.090990 0.040621 0.116413 0.170986 0.041499 0.029968 0.055888 0.060770 0.071028 0.105915 
0.109441 0.107860 0.087110 0.047297 0.125722 0.160615 0.040698 0.028567 0.056673 0.066963 0.072169 0.096886 
0.107984 0.106192 0.094641 0.039138 0.115846 0.156404 0.041916 0.028354 0.058924 0.076869 0.071028 0.102704 
0.113084 0.109528 0.091073 0.039141 0.117507 0.166278 0.042160 0.029274 0.064825 0.060772 0.073309 0.093049 
0.104265 0.102857 0.106725 0.046550 0.141946 0.155337 0.047413 0.028688 0.052200 0.057053 0.068746 0.088218 
0.111062 0.109528 0.089513 0.038399 0.127695 0.162855 0.044115 0.029070 0.052584 0.065726 0.073309 0.096144 
0.107798 0.106192 0.091045 0.042845 0.119098 0.164962 0.041435 0.028059 0.053541 0.068200 0.071028 0.105795 
0.103431 0.101606 0.097120 0.042099 0.126371 0.152735 0.041707 0.030395 0.054385 0.078105 0.067891 0.104156 
0.113932 0.112446 0.084606 0.045077 0.129220 0.161290 0.040891 0.032417 0.053803 0.063251 0.075306 0.087761 
0.106018 0.102440 0.076434 0.056932 0.155845 0.155979 0.039353 0.028821 0.053768 0.062006 0.068461 0.093943 
0.116434 0.114948 0.087439 0.034697 0.110534 0.166907 0.044587 0.030724 0.062419 0.063252 0.077017 0.091042 
0.110424 0.109111 0.097119 0.043590 0.139255 0.162211 0.043563 0.028866 0.057308 0.053342 0.073024 0.082188 
0.110744 0.109111 0.081420 0.042107 0.124412 0.164257 0.039427 0.030695 0.052256 0.070679 0.073024 0.101868 
0.105470 0.101189 0.093400 0.039874 0.128205 0.154719 0.041145 0.028302 0.053840 0.078104 0.067606 0.108147 
0.111840 0.108694 0.095221 0.047298 0.137583 0.172030 0.043035 0.028893 0.054422 0.040957 0.072739 0.087287 
0.112242 0.110779 0.074232 0.046558 0.130231 0.166293 0.037790 0.031153 0.060103 0.062011 0.074165 0.094442 
0.110248 0.108694 0.093861 0.042107 0.122712 0.161724 0.042659 0.028816 0.054758 0.065725 0.072739 0.095958 
0.108673 0.107026 0.081964 0.044330 0.127496 0.162865 0.039174 0.028330 0.053741 0.070678 0.071598 0.104125 
0.110910 0.109528 0.092603 0.043591 0.133125 0.163982 0.042448 0.029017 0.057445 0.057057 0.073309 0.086984 
0.111250 0.109945 0.092776 0.046558 0.132603 0.165293 0.042561 0.029123 0.055137 0.053342 0.073594 0.087818 
0.110857 0.109111 0.092580 0.036916 0.112763 0.161728 0.042433 0.029006 0.055068 0.075633 0.073024 0.100880 
0.109723 0.108277 0.082491 0.046556 0.132644 0.166502 0.039517 0.028653 0.054197 0.060771 0.072454 0.098214 
0.115137 0.111196 0.090322 0.036918 0.114422 0.169732 0.042180 0.029568 0.055816 0.063250 0.074450 0.097010 
0.115202 0.111613 0.096691 0.038402 0.124387 0.172102 0.043893 0.033024 0.060802 0.044674 0.074735 0.084475 
0.115399 0.114114 0.092020 0.039888 0.120885 0.169895 0.042641 0.030644 0.057337 0.053345 0.076446 0.087387 
0.112945 0.111613 0.077761 0.045818 0.131784 0.169465 0.038870 0.031371 0.058039 0.055820 0.074735 0.091780 
0.106544 0.104942 0.087243 0.042844 0.130597 0.162402 0.042639 0.027672 0.055314 0.068200 0.070172 0.101432 
0.108209 0.106609 0.088066 0.042104 0.126422 0.159891 0.043174 0.029901 0.063464 0.066962 0.071313 0.093885 
0.108752 0.107026 0.083588 0.041363 0.121038 0.161144 0.039622 0.031800 0.056292 0.074393 0.071598 0.103384 
0.106712 0.105359 0.096843 0.049519 0.150914 0.154648 0.045238 0.027719 0.055549 0.054578 0.070457 0.082465 
0.109956 0.108277 0.087365 0.042106 0.126022 0.158018 0.040864 0.028725 0.056943 0.071917 0.072454 0.097352 
0.104318 0.100772 0.083508 0.053964 0.160840 0.155088 0.038456 0.026568 0.055571 0.059528 0.067320 0.094065 
0.108807 0.107443 0.088374 0.048780 0.134478 0.163030 0.045836 0.028367 0.056336 0.055817 0.071883 0.090849 
0.110179 0.108694 0.087477 0.047298 0.135569 0.158317 0.043398 0.028792 0.056996 0.062010 0.072739 0.088532 
0.112801 0.111613 0.091959 0.043593 0.127802 0.169858 0.042637 0.032057 0.063176 0.047151 0.074735 0.082620 
0.106502 0.102440 0.086319 0.053224 0.144360 0.154287 0.038934 0.027135 0.054340 0.066960 0.068461 0.097038 
0.110080 0.108694 0.096949 0.045073 0.127917 0.163687 0.043453 0.028762 0.054708 0.057057 0.072739 0.090881 
0.109025 0.107443 0.085311 0.045072 0.137402 0.157836 0.040136 0.028436 0.056423 0.066963 0.071883 0.094071 
0.106776 0.102857 0.092675 0.044325 0.125790 0.151874 0.041380 0.027331 0.057066 0.078105 0.068746 0.103074 
0.110582 0.105359 0.096946 0.037653 0.125930 0.163938 0.042942 0.028127 0.055676 0.063246 0.070457 0.099144 
0.116438 0.114948 0.092200 0.033214 0.100928 0.171574 0.043401 0.030725 0.062540 0.063252 0.077017 0.093764 
0.105379 0.103691 0.081893 0.044326 0.132817 0.158325 0.040982 0.027309 0.059553 0.071914 0.069317 0.104495 
0.105338 0.101189 0.080640 0.046548 0.128114 0.164075 0.037706 0.029984 0.053423 0.071912 0.067606 0.113465 
0.110776 0.109111 0.089367 0.036916 0.109496 0.165757 0.044019 0.028981 0.054931 0.071917 0.073024 0.105705 
0.114658 0.105776 0.084646 0.039137 0.116293 0.154861 0.042264 0.028250 0.055844 0.081822 0.070743 0.105707 
0.114408 0.113280 0.084835 0.048044 0.133621 0.172709 0.041040 0.033540 0.061291 0.044676 0.075876 0.076680 
0.109776 0.108277 0.093621 0.036173 0.116372 0.169772 0.042503 0.030391 0.056970 0.063248 0.072454 0.100442 
0.111562 0.109945 0.091350 0.040625 0.120938 0.160977 0.042240 0.030947 0.052884 0.069441 0.073594 0.095496 
0.106203 0.104525 0.098169 0.038394 0.110817 0.162749 0.043031 0.027561 0.060336 0.070676 0.069887 0.107651 
0.103485 0.101606 0.087298 0.042099 0.131740 0.156753 0.039606 0.028454 0.049027 0.081820 0.067891 0.110221 
0.104646 0.102857 0.089467 0.048033 0.138484 0.150740 0.040409 0.027088 0.052063 0.076867 0.068746 0.100599 
0.111413 0.109945 0.083339 0.045074 0.136600 0.162222 0.040068 0.029175 0.055025 0.062011 0.073594 0.091534 
0.112509 0.111196 0.080718 0.050267 0.140420 0.168291 0.039578 0.031238 0.052985 0.054581 0.074450 0.083767 
0.106067 0.104525 0.088587 0.047293 0.141291 0.158172 0.040444 0.027522 0.055091 0.064484 0.069887 0.096636 
0.110308 0.106609 0.091614 0.046554 0.134656 0.153436 0.043724 0.028664 0.054005 0.068201 0.071313 0.090916 
0.117465 0.116199 0.086369 0.041373 0.120649 0.170776 0.042038 0.031040 0.062818 0.052108 0.077872 0.081294 
0.106478 0.104942 0.090373 0.050260 0.146095 0.152115 0.040999 0.027645 0.060227 0.063246 0.070172 0.087448 
0.110967 0.109528 0.094225 0.038399 0.128904 0.163821 0.042896 0.029039 0.055091 0.060772 0.073309 0.093049 
0.107401 0.105775 0.070220 0.054711 0.151151 0.156713 0.035788 0.027937 0.052835 0.069439 0.070743 0.097288 
0.109626 0.107860 0.090376 0.034690 0.109674 0.164181 0.041607 0.028626 0.054439 0.076870 0.072169 0.109882 
0.104765 0.103274 0.083174 0.050258 0.146942 0.159683 0.038746 0.027119 0.056787 0.062007 0.069032 0.098212 
0.107066 0.105359 0.087505 0.045069 0.125898 0.159558 0.040348 0.027834 0.053132 0.073153 0.070457 0.104621 
0.105916 0.104525 0.096779 0.043585 0.134326 0.163725 0.047016 0.027713 0.055440 0.057054 0.069887 0.094034 
0.112158 0.110779 0.077360 0.050266 0.137152 0.164585 0.041070 0.029401 0.060104 0.057058 0.074165 0.085902 
0.111578 0.110362 0.083424 0.050266 0.146147 0.165750 0.042585 0.029226 0.052585 0.049627 0.073880 0.084569 
0.099045 0.095352 0.095145 0.056183 0.157298 0.150054 0.040558 0.024941 0.050947 0.065717 0.063613 0.101148 
0.108933 0.107443 0.083684 0.044330 0.135284 0.164588 0.039685 0.030873 0.053876 0.063248 0.071883 0.096173 
0.112274 0.110779 0.101227 0.036918 0.114780 0.165876 0.045019 0.029443 0.053437 0.063250 0.074165 0.092834 
0.112152 0.110779 0.091643 0.043592 0.130262 0.162134 0.042431 0.031864 0.058018 0.057058 0.074165 0.085902 
0.109180 0.105775 0.092361 0.043587 0.131061 0.161655 0.041779 0.030064 0.055740 0.062008 0.070743 0.096048 
0.115899 0.114531 0.096695 0.039146 0.113398 0.165819 0.046963 0.032283 0.057457 0.057060 0.076732 0.084017 
0.107642 0.106192 0.087784 0.047295 0.135968 0.161055 0.040530 0.029727 0.060695 0.059532 0.071028 0.092552 
0.109063 0.105359 0.092366 0.053227 0.157879 0.157442 0.041045 0.029648 0.053158 0.049624 0.070457 0.080731 
0.107735 0.106192 0.097357 0.042104 0.126378 0.159363 0.043110 0.028037 0.058563 0.064485 0.071028 0.095647 
0.111257 0.107860 0.088643 0.043589 0.127394 0.163770 0.041183 0.028983 0.056630 0.062010 0.072169 0.096513 
0.103076 0.101189 0.077570 0.050256 0.138346 0.154081 0.036924 0.026603 0.051040 0.081820 0.067606 0.111489 
0.105722 0.104108 0.088417 0.048034 0.135622 0.158808 0.040334 0.027418 0.052491 0.068199 0.069602 0.101246 
0.103813 0.102023 0.085873 0.047291 0.138423 0.152890 0.041748 0.026830 0.051571 0.076867 0.068176 0.104497 
0.104279 0.102857 0.099459 0.051741 0.143750 0.154229 0.041979 0.029165 0.059886 0.057053 0.068746 0.086857 
0.102029 0.100355 0.100847 0.044322 0.140511 0.153021 0.042951 0.029724 0.048616 0.070674 0.067035 0.099915 
0.114945 0.113697 0.099384 0.033954 0.109579 0.172195 0.047497 0.031984 0.061947 0.050868 0.076161 0.087788 
0.107942 0.106609 0.092707 0.048779 0.133224 0.168720 0.041909 0.028103 0.051123 0.054578 0.071313 0.094994 
0.110697 0.107443 0.097884 0.045072 0.130780 0.164103 0.043549 0.028810 0.054104 0.054579 0.071883 0.091096 
0.112601 0.108694 0.087463 0.046556 0.128931 0.166242 0.040928 0.028784 0.052066 0.060772 0.072739 0.094224 
0.109173 0.107443 0.099671 0.039139 0.119921 0.155859 0.044008 0.028487 0.051989 0.074393 0.071883 0.098033 
0.108290 0.106609 0.099223 0.033205 0.116042 0.160135 0.046178 0.028210 0.056454 0.071916 0.071313 0.102424 
0.108161 0.104525 0.098132 0.042844 0.143261 0.152678 0.043107 0.027758 0.055333 0.064484 0.069887 0.089830 
0.107956 0.106192 0.099390 0.037654 0.111163 0.157474 0.045644 0.028346 0.056571 0.075631 0.071028 0.102951 
0.115946 0.114948 0.096001 0.041372 0.125123 0.175023 0.043665 0.030568 0.062206 0.038485 0.077017 0.079648 
0.109705 0.108277 0.082479 0.047297 0.126976 0.165368 0.044431 0.028645 0.059095 0.059533 0.072454 0.095739 
0.111751 0.110362 0.083511 0.047300 0.131901 0.167093 0.040180 0.029281 0.052716 0.058296 0.073880 0.093729 
0.116239 0.112446 0.087699 0.038403 0.112126 0.173911 0.044150 0.031628 0.056223 0.055820 0.075306 0.096049 
0.111872 0.110362 0.083570 0.040625 0.116463 0.170820 0.042679 0.029318 0.055263 0.064488 0.073880 0.100660 
0.108451 0.102440 0.076631 0.050257 0.142868 0.151323 0.037119 0.027443 0.051568 0.079344 0.068461 0.104096 
0.116717 0.113697 0.085179 0.041370 0.118184 0.167259 0.041264 0.030430 0.061698 0.058298 0.076161 0.089743 
0.111356 0.109945 0.086481 0.036175 0.129128 0.166180 0.040897 0.030879 0.062442 0.059534 0.073594 0.093389 
0.118038 0.116616 0.086663 0.036182 0.108642 0.170225 0.044690 0.031223 0.058240 0.060777 0.078157 0.090547 
0.107043 0.102857 0.095772 0.039876 0.123688 0.158592 0.042080 0.027062 0.057069 0.073152 0.068746 0.104062 
0.104265 0.102857 0.095947 0.048775 0.138947 0.160823 0.041552 0.028924 0.057088 0.057053 0.068746 0.095024 
0.104794 0.103274 0.091459 0.051000 0.140423 0.157529 0.042917 0.027369 0.052353 0.063245 0.069032 0.096604 
0.113085 0.111613 0.090521 0.039885 0.113900 0.165612 0.047231 0.029690 0.058450 0.062012 0.074735 0.093267 
0.105846 0.104525 0.093239 0.051743 0.157714 0.155668 0.041647 0.027453 0.055051 0.053339 0.069887 0.083887 
0.112737 0.111196 0.088760 0.036918 0.109096 0.169539 0.041771 0.029583 0.058262 0.065727 0.074450 0.101960 
0.111677 0.109945 0.078712 0.039883 0.113539 0.163695 0.041342 0.029260 0.057570 0.075633 0.073594 0.105150 
0.105098 0.103691 0.100793 0.047292 0.154358 0.152072 0.043524 0.028943 0.054898 0.057053 0.069317 0.082960 
0.110951 0.109528 0.094216 0.043591 0.121221 0.165995 0.042890 0.029034 0.055075 0.059534 0.073309 0.094657 
0.113368 0.109528 0.081495 0.049523 0.141566 0.161514 0.039476 0.029016 0.057164 0.057057 0.073309 0.086984 
0.114800 0.110779 0.086980 0.041367 0.116524 0.163145 0.046143 0.031187 0.053130 0.066965 0.074165 0.094815 
0.106948 0.103274 0.099178 0.034685 0.110025 0.163009 0.043176 0.029378 0.052478 0.075629 0.069032 0.113189 
0.109372 0.107860 0.087069 0.044330 0.126245 0.160503 0.045594 0.031002 0.059064 0.063248 0.072169 0.093544 
0.112086 0.110362 0.072571 0.040625 0.118566 0.166720 0.037317 0.029387 0.057610 0.075633 0.073880 0.105243 
0.105633 0.103691 0.085196 0.045068 0.125493 0.151722 0.039453 0.029114 0.054907 0.084298 0.069317 0.106109 
0.110492 0.108694 0.092397 0.037657 0.112017 0.158767 0.042314 0.028894 0.054904 0.078109 0.072739 0.103016 
0.103017 0.101189 0.083881 0.048031 0.137273 0.152880 0.038598 0.026580 0.056055 0.078104 0.067606 0.106786 
0.109544 0.107860 0.091915 0.037656 0.112015 0.162947 0.042001 0.028596 0.059315 0.071917 0.072169 0.104064 
0.103795 0.102023 0.092210 0.046549 0.135858 0.151763 0.043440 0.026823 0.051714 0.075628 0.068176 0.102021 
0.115961 0.114531 0.082444 0.038405 0.108056 0.171765 0.045623 0.030579 0.059603 0.060775 0.076732 0.095526 
0.110807 0.109111 0.084619 0.039882 0.115149 0.163590 0.040293 0.028988 0.057284 0.073156 0.073024 0.104097 
0.109517 0.107860 0.093494 0.042106 0.120249 0.159882 0.042420 0.028591 0.056890 0.070678 0.072169 0.096145 
0.104522 0.102857 0.094152 0.046550 0.136262 0.151632 0.041634 0.027041 0.061891 0.069437 0.068746 0.095276 
0.110515 0.109111 0.098752 0.036916 0.124220 0.163183 0.046479 0.028895 0.059883 0.058295 0.073024 0.090727 
0.111984 0.108694 0.090594 0.039882 0.121682 0.172992 0.041845 0.029207 0.056998 0.057057 0.072739 0.096326 
0.107816 0.106192 0.091058 0.042104 0.119844 0.164996 0.041443 0.028067 0.051105 0.069439 0.071028 0.106909 
0.113251 0.109528 0.076893 0.046557 0.133496 0.159690 0.038404 0.029337 0.052338 0.070679 0.073309 0.096517 
0.106450 0.104942 0.098298 0.049519 0.139010 0.152091 0.045577 0.030100 0.055501 0.062008 0.070172 0.086334 
0.112634 0.108694 0.098580 0.035432 0.113405 0.165653 0.046367 0.030513 0.057275 0.062010 0.072739 0.096699 
0.110516 0.109111 0.100345 0.042849 0.130962 0.159171 0.044446 0.034806 0.052554 0.058295 0.073024 0.083922 
0.105145 0.103691 0.099233 0.049517 0.141872 0.155445 0.045578 0.028960 0.052441 0.059530 0.069317 0.089271 
0.110259 0.108694 0.084350 0.044331 0.132824 0.160648 0.042579 0.028822 0.052079 0.066964 0.072739 0.095711 
0.111811 0.110362 0.085125 0.048041 0.129097 0.162767 0.043083 0.029298 0.055250 0.060773 0.073880 0.090513 
0.110768 0.109528 0.102049 0.039141 0.125250 0.166455 0.044947 0.030693 0.062490 0.049627 0.073309 0.085744 
0.113446 0.112030 0.085945 0.044335 0.125445 0.165013 0.041155 0.029803 0.058501 0.059535 0.075020 0.089770 
0.106399 0.104942 0.090346 0.048035 0.138487 0.163043 0.040981 0.027627 0.050368 0.060769 0.070172 0.098831 
0.110221 0.108694 0.087498 0.042107 0.118639 0.167441 0.040950 0.028805 0.059493 0.064487 0.072739 0.098927 
0.109751 0.108277 0.087265 0.044331 0.123784 0.167641 0.040799 0.028662 0.054337 0.062010 0.072454 0.100689 
0.112163 0.110779 0.088478 0.041367 0.136617 0.165723 0.041588 0.029408 0.053038 0.058296 0.074165 0.088377 
0.109363 0.107860 0.096928 0.043589 0.129005 0.159414 0.042796 0.031244 0.052202 0.063248 0.072169 0.092183 
0.112903 0.108694 0.084430 0.033207 0.109555 0.163077 0.040170 0.028872 0.064488 0.075632 0.072739 0.106232 
0.110382 0.106609 0.092693 0.048037 0.136431 0.165121 0.041900 0.028094 0.053559 0.053340 0.071313 0.092518 
0.111398 0.109945 0.101119 0.039142 0.121983 0.163562 0.044307 0.029409 0.055711 0.060772 0.073594 0.089058 
0.110042 0.108694 0.087414 0.048781 0.131616 0.168305 0.043357 0.028752 0.051992 0.055818 0.072739 0.092490 
0.108654 0.107026 0.088302 0.043588 0.127392 0.160637 0.040866 0.028324 0.053884 0.069439 0.071598 0.100289 
0.111423 0.109945 0.097621 0.036917 0.118896 0.163330 0.046350 0.029176 0.057842 0.062011 0.073594 0.092895 
0.113525 0.112030 0.073630 0.045818 0.127711 0.167336 0.037363 0.030070 0.056057 0.064489 0.075020 0.096949 
0.111194 0.109528 0.084816 0.040624 0.114403 0.165229 0.040421 0.029109 0.055013 0.071918 0.073309 0.104437 
0.108226 0.106609 0.100777 0.038396 0.123530 0.159201 0.044119 0.028189 0.056440 0.068201 0.071313 0.094999 
0.112158 0.110779 0.090056 0.044334 0.124191 0.166172 0.042006 0.031125 0.057971 0.057058 0.074165 0.089985 
0.105542 0.103691 0.086738 0.036168 0.127463 0.157104 0.039849 0.029086 0.054887 0.080583 0.069317 0.109572 
0.111820 0.110362 0.096233 0.041367 0.118940 0.161310 0.046055 0.031022 0.060448 0.060773 0.073880 0.087790 
0.111735 0.109945 0.089133 0.034692 0.106007 0.162669 0.041020 0.029276 0.057803 0.078110 0.073595 0.106017 
0.108837 0.107443 0.096320 0.042105 0.140745 0.156464 0.047966 0.028374 0.059010 0.057056 0.071883 0.083797 
0.110444 0.108694 0.097468 0.036915 0.108646 0.159800 0.043147 0.029117 0.055248 0.075632 0.072739 0.102148 
0.107221 0.105775 0.079653 0.050261 0.140814 0.167735 0.038278 0.027882 0.050489 0.060770 0.070743 0.100378 
0.105608 0.102440 0.076435 0.055449 0.152414 0.157408 0.036794 0.028724 0.056260 0.064483 0.068461 0.095524 
0.113220 0.109528 0.089564 0.041366 0.119789 0.159630 0.041786 0.029322 0.059995 0.068203 0.073309 0.094289 
0.112673 0.111196 0.083974 0.039884 0.124594 0.168366 0.040481 0.029567 0.053194 0.063250 0.074450 0.098371 
0.113544 0.109528 0.083177 0.039883 0.127053 0.166444 0.039962 0.029076 0.052441 0.066964 0.073309 0.098619 
0.105247 0.103691 0.085006 0.046551 0.138769 0.161458 0.041792 0.027271 0.052169 0.065722 0.069317 0.103008 
0.113093 0.111613 0.073070 0.039885 0.116852 0.172960 0.037641 0.033876 0.060477 0.063250 0.074735 0.102547 
0.109534 0.105775 0.093854 0.052486 0.144664 0.162012 0.042047 0.027832 0.053178 0.052101 0.070743 0.085774 
0.109049 0.105359 0.092235 0.039137 0.128152 0.157951 0.044162 0.029759 0.058098 0.068200 0.070457 0.097442 
0.115100 0.113697 0.080429 0.042112 0.126074 0.168649 0.042459 0.030315 0.056685 0.059536 0.076161 0.088781 
0.110755 0.109111 0.095699 0.030983 0.104769 0.169283 0.043247 0.028972 0.057527 0.070679 0.073024 0.105951 
0.111472 0.107443 0.090405 0.042105 0.126424 0.160036 0.045907 0.028675 0.051893 0.066963 0.071883 0.096793 
0.107974 0.106609 0.091465 0.048037 0.147932 0.158586 0.041066 0.028349 0.056272 0.055817 0.071313 0.086580 
0.109847 0.108277 0.093663 0.039881 0.124949 0.162284 0.042530 0.028694 0.052118 0.066963 0.072454 0.098340 
0.112277 0.110779 0.085356 0.043592 0.121267 0.164502 0.043233 0.029441 0.057944 0.063250 0.074165 0.094195 
0.104552 0.102857 0.091000 0.044325 0.137694 0.154995 0.040799 0.027055 0.054475 0.071914 0.068746 0.101587 
0.110755 0.109111 0.094119 0.039141 0.123235 0.159132 0.042826 0.028975 0.052579 0.070679 0.073024 0.096424 
0.114322 0.112863 0.086388 0.042853 0.122016 0.166226 0.041443 0.030076 0.054026 0.062013 0.075591 0.092185 
0.107570 0.106192 0.086168 0.043587 0.131911 0.168677 0.040086 0.029708 0.058166 0.057055 0.071028 0.099851 
0.108676 0.105359 0.081155 0.045069 0.134132 0.157347 0.041109 0.027954 0.052975 0.073153 0.070457 0.102613 
0.105374 0.103691 0.085072 0.051979 0.135785 0.154677 0.041834 0.029036 0.052271 0.071914 0.069317 0.099051 
0.104434 0.102440 0.089350 0.035425 0.106861 0.159230 0.040333 0.027018 0.059366 0.086774 0.068461 0.120308 
0.107630 0.106192 0.087784 0.047295 0.128584 0.166918 0.040530 0.028004 0.055785 0.059532 0.071028 0.100718 
0.110662 0.109111 0.082959 0.045073 0.126753 0.163385 0.039821 0.028942 0.057132 0.065726 0.073024 0.097412 
0.113462 0.109945 0.085255 0.041366 0.120639 0.166546 0.040163 0.029632 0.065113 0.059534 0.073594 0.094750 
0.107624 0.106192 0.094466 0.043587 0.140906 0.159956 0.041803 0.029966 0.053751 0.059532 0.071028 0.091190 
0.103652 0.102023 0.092132 0.045066 0.137350 0.154487 0.040928 0.028497 0.061433 0.068198 0.068176 0.098059 
0.111665 0.110362 0.094571 0.044333 0.127860 0.164763 0.043121 0.031712 0.057840 0.053342 0.073880 0.086550 
0.109052 0.103274 0.088032 0.047292 0.131444 0.157627 0.042743 0.027622 0.056977 0.066960 0.069032 0.099946 
0.115515 0.114114 0.082224 0.042349 0.116409 0.170059 0.043018 0.030443 0.056927 0.059537 0.076446 0.092958 
0.109710 0.108277 0.089163 0.046556 0.128930 0.165635 0.040784 0.028886 0.057056 0.059533 0.072454 0.093017 
0.112185 0.110779 0.091653 0.040626 0.123401 0.167087 0.044899 0.029409 0.060485 0.058296 0.074165 0.087016 
0.109239 0.105775 0.081288 0.045811 0.128464 0.166047 0.041291 0.031808 0.053059 0.065723 0.070743 0.100751 
0.111081 0.109111 0.093025 0.034186 0.095430 0.158474 0.042080 0.029314 0.057952 0.086778 0.073024 0.109546 
0.108883 0.105359 0.087793 0.051002 0.136757 0.156123 0.039988 0.028493 0.050864 0.068200 0.070457 0.096081 
0.113803 0.112446 0.086128 0.042852 0.119554 0.171752 0.041274 0.031638 0.053748 0.057059 0.075306 0.094441 
0.111075 0.107026 0.097798 0.039138 0.119518 0.159473 0.045859 0.028309 0.056543 0.066963 0.071598 0.096700 
0.114406 0.112863 0.083245 0.036178 0.100849 0.172917 0.040614 0.030096 0.063819 0.065728 0.075591 0.103693 
0.115624 0.114114 0.091798 0.036921 0.107042 0.168010 0.043139 0.030477 0.057245 0.064490 0.076446 0.094692 
0.110967 0.109528 0.084702 0.042107 0.137525 0.163812 0.040347 0.029038 0.054843 0.060772 0.073309 0.093049 
0.107380 0.103691 0.091391 0.045068 0.134488 0.156738 0.041152 0.029239 0.057260 0.066961 0.069317 0.097317 
0.119832 0.116616 0.094537 0.036182 0.103272 0.173361 0.044408 0.031635 0.058355 0.054585 0.078157 0.089059 
0.110723 0.109111 0.084580 0.039141 0.118356 0.166783 0.040267 0.028964 0.054772 0.069441 0.073024 0.104837 
0.112688 0.109111 0.080173 0.035433 0.105706 0.171138 0.038677 0.031388 0.062318 0.071917 0.073024 0.108427 
0.103114 0.101606 0.095373 0.050998 0.156398 0.150812 0.041179 0.026848 0.054102 0.062006 0.067891 0.089673 
0.114723 0.113280 0.083407 0.040628 0.118526 0.167854 0.040719 0.030194 0.061493 0.060775 0.075876 0.092525 
0.100405 0.098688 0.098442 0.051737 0.152336 0.145639 0.041995 0.027498 0.050243 0.071911 0.065895 0.095213 
0.112318 0.110779 0.088553 0.039142 0.116703 0.165670 0.044098 0.029456 0.055606 0.065727 0.074165 0.097784 
0.110938 0.109528 0.102140 0.041366 0.127935 0.162827 0.045006 0.030750 0.055252 0.058295 0.073309 0.082654 
0.104515 0.102857 0.086225 0.045067 0.133278 0.160455 0.039516 0.027046 0.054341 0.070675 0.068746 0.107279 
0.107278 0.105775 0.090785 0.042103 0.129688 0.166608 0.043727 0.029621 0.053263 0.063247 0.070743 0.097162 
0.115532 0.114114 0.082226 0.042112 0.121555 0.166763 0.040558 0.030444 0.061839 0.059537 0.076446 0.088874 
0.104104 0.102440 0.091110 0.042100 0.137067 0.156582 0.042690 0.027156 0.054513 0.070675 0.068461 0.103102 
0.101036 0.099521 0.108279 0.045805 0.145954 0.153468 0.044748 0.025968 0.050738 0.062004 0.066465 0.096014 
0.111297 0.109945 0.088035 0.041366 0.126771 0.168648 0.041300 0.029135 0.059961 0.055819 0.073594 0.094130 
0.117932 0.114114 0.083782 0.035438 0.121288 0.168521 0.040963 0.032148 0.064300 0.057060 0.076446 0.088007 
0.107113 0.105359 0.094210 0.039137 0.115845 0.159625 0.044098 0.028088 0.053590 0.075630 0.070457 0.106849 
0.110705 0.109111 0.082978 0.037657 0.124368 0.165904 0.039833 0.028955 0.059622 0.068202 0.073024 0.099640 
0.109851 0.108277 0.084142 0.045814 0.128870 0.160817 0.042444 0.030417 0.054332 0.066963 0.072454 0.095618 
0.111617 0.110362 0.091371 0.045075 0.128770 0.172073 0.042255 0.031696 0.057715 0.050866 0.073880 0.084322 
0.110462 0.108694 0.095887 0.030241 0.107572 0.160560 0.045188 0.030844 0.057679 0.076871 0.072739 0.103262 
prostate
0.111624 0.084950 0.076949 0.035672 0.156197 0.171362 0.036113 0.047995 0.050806 0.069022 0.066609 0.092703 
0.116695 0.089063 0.093270 0.031188 0.144459 0.170608 0.043953 0.048357 0.053412 0.060251 0.069885 0.078859 
0.116185 0.088721 0.084517 0.035116 0.159066 0.171693 0.038978 0.050004 0.050496 0.057745 0.069612 0.077868 
0.110095 0.081523 0.072468 0.032301 0.141314 0.167618 0.034207 0.044374 0.056373 0.086565 0.063879 0.109282 
0.107045 0.081180 0.079347 0.037351 0.165994 0.160675 0.036034 0.044110 0.048944 0.079045 0.063605 0.096670 
0.115184 0.087692 0.078000 0.031748 0.141895 0.172139 0.036306 0.047693 0.057204 0.071530 0.068793 0.091815 
0.114770 0.087692 0.079656 0.037359 0.169753 0.171532 0.037384 0.047502 0.057024 0.052731 0.068793 0.075804 
0.115887 0.084950 0.067114 0.033428 0.147104 0.169918 0.036025 0.046883 0.050698 0.080301 0.066609 0.101085 
0.114141 0.087007 0.076550 0.031747 0.142467 0.180414 0.036412 0.047228 0.056729 0.064010 0.068247 0.095049 
0.119968 0.091805 0.071819 0.034558 0.153900 0.182472 0.036046 0.053537 0.054180 0.051480 0.072070 0.078165 
0.112708 0.085979 0.075966 0.035112 0.163525 0.175966 0.036015 0.046598 0.056073 0.058996 0.067428 0.085634 
0.114172 0.087007 0.073716 0.038480 0.166326 0.167046 0.035626 0.047245 0.054232 0.065263 0.068247 0.082639 
0.114423 0.085293 0.083316 0.028940 0.125577 0.169459 0.037620 0.047179 0.054105 0.084061 0.066882 0.103143 
0.115829 0.088378 0.078673 0.036798 0.157521 0.171837 0.039730 0.047980 0.050198 0.061504 0.069339 0.082213 
