-1313237.738949
0
0.000001 0.000001 0.000001 0.000001 0.000001 0.000001 0.000001 0.000001 0.000001 0.000001 0.000002 0.000001 0.000001 0.000001 0.000001 0.000001 0.000414 0.000001 0.000215 0.000001 0.001032 0.000001 0.000001 0.000172 0.000001 0.000001 0.000001 0.000001 0.000001 0.000001 0.000001 0.000001 0.000001 0.000001 0.010363 0.000001 0.000001 0.000001 0.000001 0.000015 0.000001 0.000001 0.000001 0.000001 0.000001 0.000001 0.000001 0.002069 0.000001 0.000001 0.000001 0.000001 0.000001 0.000001 0.000001 0.000001 0.000001 0.000002 0.962292 0.021838 0.000001 0.000001 0.000001 0.000001 0.000001 0.000001 0.000001 0.000001 0.000001 0.000001 0.000001 0.000001 0.000001 0.000001 0.000001 0.000898 0.000001 0.000001 0.000001 0.000001 0.000001 0.000001 0.000009 0.000001 0.000046 0.000001 0.000001 0.000001 0.000001 0.000001 0.000001 0.000001 0.000543 0.000001 0.000001 0.000020 
0.000001 0.000001 0.000001 0.000001 0.000001 0.000001 0.000001 0.000001 0.000001 0.000001 0.000002 0.000001 0.000001 0.000001 0.000001 0.000001 0.000001 0.000001 0.000001 0.000001 0.000001 0.000001 0.000001 0.000001 0.000001 0.000001 0.000001 0.000001 0.000001 0.000001 0.000001 0.000001 0.000001 0.000001 0.000002 0.000001 0.000001 0.000001 0.000001 0.000001 0.000001 0.000001 0.000001 0.000001 0.000001 0.000001 0.000001 0.000001 0.000001 0.000001 0.000001 0.000001 0.000001 0.000001 0.000001 0.000001 0.000001 0.000002 0.999914 0.000001 0.000001 0.000001 0.000001 0.000001 0.000001 0.000001 0.000001 0.000001 0.000001 0.000001 0.000001 0.000001 0.000001 0.000001 0.000001 0.000001 0.000001 0.000001 0.000001 0.000001 0.000001 0.000001 0.000001 0.000001 0.000001 0.000001 0.000001 0.000001 0.000001 0.000001 0.000001 0.000001 0.000002 0.000001 0.000001 0.000001 
0.000071 0.000001 0.000001 0.000001 0.000001 0.000001 0.000001 0.000001 0.001678 0.000001 0.000002 0.000015 0.000057 0.000001 0.000001 0.000001 0.000001 0.000015 0.000001 0.000001 0.000010 0.000001 0.000001 0.000001 0.000015 0.000003 0.000001 0.000001 0.000001 0.000001 0.000001 0.000001 0.000015 0.000001 0.000042 0.000001 0.000001 0.000001 0.000001 0.000001 0.000057 0.000043 0.000001 0.000001 0.000001 0.000001 0.000015 0.001914 0.000001 0.000001 0.000001 0.000001 0.000001 0.000001 0.000001 0.000001 0.000001 0.012561 0.982412 0.000001 0.000001 0.000001 0.000001 0.000001 0.000001 0.000015 0.000001 0.000015 0.000001 0.000001 0.000001 0.000113 0.000127 0.000001 0.000001 0.000001 0.000001 0.000001 0.000001 0.000001 0.000001 0.000001 0.000016 0.000001 0.000125 0.000001 0.000015 0.000001 0.000015 0.000001 0.000001 0.000001 0.000561 0.000001 0.000001 0.000019 
0.000001 0.000001 0.000001 0.000001 0.000001 0.000001 0.000001 0.000001 0.000001 0.000001 0.562461 0.000001 0.000001 0.000001 0.000001 0.000074 0.000001 0.000001 0.000001 0.000001 0.000001 0.000001 0.000001 0.000001 0.000001 0.000291 0.000001 0.000001 0.000001 0.000001 0.000001 0.000001 0.000001 0.000001 0.000002 0.000001 0.000001 0.000001 0.000001 0.000001 0.000001 0.000001 0.000001 0.000585 0.000239 0.000001 0.000001 0.000002 0.000001 0.000001 0.000001 0.000001 0.000001 0.000001 0.000001 0.000001 0.000001 0.000002 0.435606 0.000001 0.000001 0.000001 0.000001 0.000001 0.000001 0.000001 0.000001 0.000001 0.000001 0.000001 0.000001 0.000001 0.000001 0.000001 0.000001 0.000001 0.000001 0.000001 0.000001 0.000001 0.000001 0.000001 0.000002 0.000001 0.000001 0.000001 0.000001 0.000001 0.000001 0.000001 0.000001 0.000640 0.000002 0.000001 0.000001 0.000002 
0.000001 0.000001 0.000001 0.000001 0.000001 0.000001 0.000001 0.000001 0.000001 0.000001 0.448769 0.000001 0.000001 0.000001 0.000001 0.000001 0.000001 0.000001 0.000001 0.000001 0.000001 0.000001 0.000001 0.000001 0.000001 0.000001 0.000001 0.074771 0.000001 0.000001 0.000001 0.000001 0.000001 0.000001 0.000002 0.000001 0.000001 0.000001 0.000001 0.000001 0.000001 0.000001 0.000001 0.000001 0.000001 0.000001 0.000001 0.000001 0.000001 0.000001 0.000001 0.000001 0.000001 0.000001 0.000001 0.000001 0.000001 0.325171 0.148932 0.000001 0.000001 0.000001 0.000001 0.000001 0.000001 0.000001 0.000001 0.000001 0.000001 0.000001 0.000001 0.000001 0.000001 0.000001 0.000001 0.000001 0.000001 0.000001 0.000001 0.000001 0.000001 0.000001 0.000002 0.000001 0.000001 0.000001 0.000001 0.000001 0.000001 0.000001 0.000001 0.000001 0.002267 0.000001 0.000001 0.000002 
0.000001 0.000001 0.000001 0.000001 0.000001 0.000001 0.000001 0.000001 0.000001 0.000001 0.000002 0.000001 0.000001 0.000001 0.000001 0.000001 0.000001 0.000001 0.000001 0.000365 0.000001 0.000001 0.000001 0.000001 0.000001 0.000001 0.000001 0.000001 0.000001 0.000001 0.000001 0.000001 0.000001 0.000001 0.745203 0.000001 0.000001 0.000001 0.000001 0.000001 0.000001 0.000001 0.000438 0.000001 0.000001 0.000001 0.000001 0.000001 0.000001 0.000001 0.000001 0.000001 0.000001 0.000001 0.000001 0.000001 0.127120 0.000002 0.120128 0.000001 0.000001 0.000001 0.000001 0.000001 0.000001 0.000001 0.000001 0.000001 0.000001 0.000001 0.000001 0.000001 0.000001 0.000001 0.000001 0.000001 0.000001 0.000001 0.000001 0.000001 0.000001 0.000001 0.003005 0.000001 0.000001 0.000001 0.000001 0.000001 0.000001 0.000001 0.000001 0.000001 0.000002 0.000001 0.000001 0.003660 
0.181087 0.168291 0.165962 0.153324 0.164067 0.167269 
0.160688 0.169765 0.188230 0.159661 0.162248 0.159408 
0.165399 0.165605 0.168285 0.157979 0.164838 0.177894 
0.104678 0.211943 0.205364 0.143564 0.089332 0.245119 
breast
0.184586 0.181495 0.184155 0.124442 0.143543 0.181780 
0.177371 0.170268 0.172234 0.134868 0.159797 0.185462 
0.179527 0.178688 0.180178 0.132540 0.169659 0.159408 
0.177344 0.177986 0.176942 0.129719 0.151612 0.186396 
0.184573 0.184301 0.184020 0.133141 0.139058 0.174907 
0.172354 0.168864 0.169273 0.131811 0.162503 0.195195 
0.194084 0.189915 0.188248 0.115654 0.112126 0.199973 
0.191665 0.191318 0.191126 0.118711 0.129278 0.177902 
0.174407 0.172373 0.177197 0.131702 0.175850 0.168471 
0.185176 0.178688 0.177104 0.146753 0.142870 0.169409 
0.173434 0.173776 0.173408 0.123131 0.158085 0.198166 
0.175832 0.176583 0.178340 0.146043 0.164107 0.159095 
0.175227 0.174478 0.174772 0.131120 0.165834 0.178568 
0.165543 0.160444 0.160608 0.139308 0.172562 0.201535 
0.181164 0.179390 0.178540 0.131485 0.152783 0.176638 
0.192725 0.190616 0.191076 0.136563 0.157641 0.131378 
0.183016 0.180091 0.180304 0.131721 0.155462 0.169406 
0.184383 0.178688 0.179766 0.132540 0.157659 0.166963 
0.180030 0.180793 0.180216 0.129374 0.152763 0.176824 
0.168058 0.161848 0.162588 0.133198 0.167938 0.206371 
0.183882 0.182196 0.184189 0.133723 0.151453 0.164557 
0.186831 0.185003 0.184421 0.135839 0.152757 0.155150 
0.181194 0.183600 0.186840 0.132905 0.162758 0.152703 
0.177576 0.180793 0.179792 0.134542 0.155453 0.171843 
0.166415 0.166759 0.169100 0.122057 0.170967 0.204702 
0.170777 0.173074 0.173059 0.129355 0.150757 0.202978 
0.185182 0.185705 0.185065 0.128446 0.143125 0.172476 
0.177299 0.170268 0.169546 0.140037 0.164763 0.178087 
0.187079 0.187108 0.189570 0.132796 0.147862 0.155586 
0.178494 0.176583 0.175961 0.134414 0.160739 0.173808 
0.185619 0.184301 0.183550 0.133141 0.155713 0.157675 
0.172041 0.173776 0.173382 0.132176 0.145731 0.202894 
0.171465 0.171671 0.171133 0.125005 0.152944 0.207782 
0.173642 0.173776 0.172726 0.128299 0.138743 0.212814 
0.182373 0.177986 0.177444 0.125843 0.142562 0.193790 
0.175260 0.175881 0.175477 0.130301 0.156869 0.186212 
0.179976 0.174478 0.175698 0.138873 0.177013 0.153963 
0.178025 0.175881 0.175849 0.126425 0.150042 0.193777 
0.178450 0.178688 0.178269 0.139000 0.149025 0.176567 
0.180548 0.175881 0.177960 0.123841 0.150918 0.190851 
0.192957 0.181495 0.180823 0.125734 0.149389 0.169602 
0.170870 0.170268 0.172187 0.134868 0.190831 0.160975 
0.179513 0.181495 0.181878 0.124442 0.158231 0.174442 
0.175332 0.175881 0.175374 0.130301 0.149525 0.193586 
0.170644 0.168163 0.170704 0.126406 0.164272 0.199811 
0.182911 0.186406 0.185106 0.140210 0.147667 0.157699 
0.173229 0.169566 0.170007 0.152721 0.161316 0.173162 
0.195733 0.190616 0.190538 0.121058 0.138909 0.163145 
0.182152 0.180793 0.180524 0.133250 0.175883 0.147398 
0.177698 0.180793 0.179496 0.130666 0.142262 0.189085 
0.172433 0.167461 0.167417 0.122293 0.165675 0.204721 
0.181085 0.180091 0.179737 0.139474 0.169432 0.150181 
0.185565 0.183600 0.182185 0.139365 0.137004 0.172282 
0.179342 0.180091 0.179617 0.130429 0.156239 0.174281 
0.176764 0.177285 0.176137 0.133359 0.145263 0.191192 
0.182940 0.181495 0.180905 0.133487 0.163874 0.157299 
0.181023 0.182196 0.181582 0.138892 0.161281 0.155025 
0.180317 0.180793 0.180217 0.121622 0.148104 0.188946 
0.178518 0.179390 0.178206 0.137945 0.149114 0.176828 
0.181303 0.184301 0.186373 0.122805 0.147900 0.177317 
0.190967 0.185003 0.184572 0.125626 0.163251 0.150582 
0.187827 0.189213 0.190656 0.129630 0.149330 0.153344 
0.184264 0.185003 0.183770 0.138546 0.143241 0.165177 
0.175023 0.173776 0.174745 0.129591 0.158503 0.188362 
0.187218 0.176583 0.177073 0.129246 0.153599 0.176281 
0.179382 0.177285 0.176265 0.128191 0.142882 0.195997 
0.177350 0.174478 0.175594 0.141457 0.184461 0.146660 
0.181324 0.179390 0.178516 0.130193 0.151593 0.178985 
0.173661 0.166759 0.166115 0.146606 0.176402 0.170457 
0.182080 0.177986 0.179617 0.141348 0.157051 0.161919 
0.183009 0.180091 0.180395 0.139474 0.157536 0.159496 
0.193501 0.185003 0.184251 0.134670 0.156997 0.145578 
0.171654 0.169566 0.173820 0.146260 0.160692 0.178007 
0.179090 0.180091 0.179822 0.135597 0.163277 0.162123 
0.179819 0.177986 0.177033 0.134888 0.158752 0.171522 
0.177603 0.170268 0.170082 0.130992 0.158399 0.192656 
0.179434 0.174478 0.176245 0.120784 0.167900 0.181159 
0.194448 0.190616 0.189670 0.118474 0.136220 0.170572 
0.178047 0.171671 0.172354 0.131466 0.153465 0.192997 
0.172266 0.167461 0.166605 0.133922 0.144941 0.214805 
0.181495 0.180793 0.181189 0.121622 0.140863 0.194039 
0.184200 0.175179 0.175928 0.123604 0.143016 0.198073 
0.191213 0.187810 0.189003 0.143369 0.150133 0.138472 
0.181085 0.179390 0.178939 0.119856 0.154071 0.186659 
0.179022 0.182196 0.181494 0.128555 0.151863 0.176870 
0.180129 0.173074 0.173129 0.121602 0.153907 0.198158 
0.165774 0.168163 0.170178 0.126406 0.159822 0.209657 
0.168091 0.170268 0.170299 0.137453 0.166162 0.187727 
0.181275 0.182196 0.180966 0.136307 0.154554 0.164701 
0.180639 0.184301 0.185336 0.146062 0.150960 0.152702 
0.174984 0.173074 0.172511 0.137107 0.166325 0.175998 
0.180957 0.176583 0.178464 0.136998 0.160637 0.166361 
0.196165 0.192722 0.191327 0.133397 0.142557 0.143833 
0.180593 0.173776 0.173304 0.142512 0.171076 0.158739 
0.178510 0.181495 0.181440 0.124442 0.166974 0.167139 
0.174687 0.175179 0.173347 0.150738 0.147472 0.178576 
0.178305 0.178688 0.178032 0.117035 0.144356 0.203583 
0.173304 0.170969 0.170576 0.141565 0.165273 0.178312 
0.174115 0.174478 0.173789 0.133704 0.150633 0.193281 
0.177360 0.173074 0.177796 0.130647 0.169891 0.171231 
0.188756 0.183600 0.183136 0.145825 0.143626 0.155057 
0.180406 0.182898 0.182844 0.145588 0.160496 0.147767 
0.162514 0.157637 0.158072 0.147406 0.187761 0.186610 
0.175187 0.177986 0.177385 0.136078 0.156788 0.176576 
0.180190 0.183600 0.183478 0.122568 0.160375 0.169790 
0.185408 0.183600 0.183303 0.134197 0.160898 0.152595 
0.176967 0.175179 0.174799 0.133839 0.162930 0.176285 
0.189922 0.189915 0.190477 0.128574 0.150304 0.150808 
0.182540 0.175881 0.175180 0.138054 0.159355 0.168991 
0.175927 0.174478 0.176487 0.147917 0.180895 0.144297 
0.178139 0.175881 0.176229 0.129009 0.166905 0.173836 
0.180356 0.178688 0.177928 0.135022 0.153777 0.174229 
0.167563 0.167461 0.166376 0.140382 0.148615 0.209603 
0.171930 0.172373 0.171822 0.138163 0.159975 0.185739 
0.170072 0.168864 0.169460 0.135687 0.160903 0.195014 
0.177025 0.170268 0.175242 0.143913 0.175060 0.158493 
0.163423 0.166058 0.166563 0.129572 0.184527 0.189858 
0.193345 0.188511 0.189303 0.119056 0.153991 0.155793 
0.173141 0.176583 0.176178 0.140875 0.161520 0.171704 
0.176977 0.177986 0.177854 0.137370 0.167858 0.161955 
0.176723 0.180091 0.181699 0.138182 0.151381 0.171924 
0.175071 0.177986 0.177959 0.124551 0.163198 0.181235 
0.179895 0.176583 0.177769 0.113741 0.163419 0.188593 
0.177447 0.173074 0.173149 0.129355 0.183389 0.163587 
0.179322 0.175881 0.179459 0.121257 0.153194 0.190887 
0.193721 0.190616 0.192240 0.132687 0.156656 0.134080 
0.183982 0.179390 0.181029 0.139237 0.144463 0.171900 
0.179365 0.182898 0.181656 0.140420 0.148289 0.167372 
0.188966 0.186406 0.186513 0.126099 0.139232 0.172784 
0.183327 0.182898 0.182859 0.128792 0.137577 0.184548 
0.174457 0.169566 0.168383 0.141092 0.151481 0.195022 
0.192918 0.188511 0.188995 0.131977 0.139514 0.158084 
0.184565 0.182196 0.182071 0.120803 0.160653 0.169712 
0.193418 0.193423 0.193195 0.124589 0.134319 0.161055 
0.177486 0.170268 0.170279 0.123240 0.163464 0.195263 
0.174542 0.170268 0.172657 0.138745 0.170402 0.173386 
0.171717 0.170969 0.174216 0.142857 0.164446 0.175794 
0.189064 0.185003 0.186517 0.128210 0.143702 0.167504 
0.172611 0.173074 0.173262 0.144859 0.187174 0.149018 
0.185907 0.184301 0.183345 0.122805 0.138951 0.184691 
0.183397 0.182196 0.182292 0.127263 0.130761 0.194091 
0.173421 0.171671 0.171966 0.136634 0.195102 0.151206 
0.178474 0.181495 0.181440 0.133487 0.155448 0.169658 
0.185415 0.181495 0.180173 0.143823 0.154258 0.154836 
0.185378 0.183600 0.184944 0.130320 0.141137 0.174620 
0.170798 0.170969 0.171175 0.116914 0.157502 0.212641 
0.187941 0.178688 0.180205 0.133832 0.150106 0.169229 
0.182792 0.182898 0.181393 0.128792 0.127492 0.196634 
0.174213 0.171671 0.170940 0.132758 0.147880 0.202539 
0.179702 0.180091 0.179515 0.122677 0.146719 0.191296 
0.172419 0.167461 0.166787 0.136506 0.157045 0.199782 
0.183126 0.178688 0.178135 0.122204 0.146532 0.191316 
0.170036 0.168864 0.169871 0.134395 0.166748 0.190086 
0.193791 0.189915 0.190729 0.127282 0.127699 0.170584 
0.182721 0.180793 0.179690 0.126790 0.138486 0.191520 
0.178565 0.178688 0.178694 0.129956 0.155176 0.178921 
0.177804 0.170268 0.170607 0.134868 0.170919 0.175533 
0.184014 0.180793 0.182248 0.121622 0.169156 0.162167 
0.181586 0.180091 0.179435 0.129035 0.152875 0.176977 
0.172885 0.175881 0.175375 0.129009 0.150817 0.196032 
0.180827 0.181495 0.179885 0.138655 0.142359 0.176779 
0.179367 0.173776 0.175008 0.141220 0.174336 0.156292 
0.185505 0.180091 0.181127 0.118801 0.157630 0.176846 
0.179833 0.180793 0.180742 0.131958 0.172005 0.154669 
0.172303 0.171671 0.173053 0.140510 0.178917 0.163545 
0.178188 0.180091 0.180189 0.134305 0.152981 0.174245 
0.183212 0.182898 0.182948 0.141712 0.146894 0.162335 
0.185646 0.181495 0.181965 0.125734 0.172614 0.152545 
0.185038 0.185705 0.184962 0.136199 0.147886 0.160210 
0.170592 0.173776 0.173304 0.138636 0.165023 0.178669 
0.182228 0.180091 0.179661 0.130429 0.145845 0.181745 
0.178554 0.179390 0.178515 0.134069 0.147717 0.181756 
0.180053 0.183600 0.182667 0.130320 0.163374 0.159986 
0.175427 0.178688 0.180843 0.135001 0.163295 0.166746 
0.189992 0.180091 0.179444 0.114925 0.139215 0.196333 
0.178062 0.176583 0.176166 0.139582 0.165294 0.164313 
0.181246 0.182196 0.184490 0.125971 0.163861 0.162235 
0.177864 0.180091 0.180394 0.142058 0.152469 0.167124 
0.176728 0.177285 0.176549 0.132067 0.153590 0.183781 
0.185050 0.182196 0.183082 0.122095 0.160394 0.167183 
0.182700 0.185705 0.186519 0.138783 0.131335 0.174959 
0.180883 0.181495 0.180380 0.128318 0.137287 0.191637 
0.178501 0.176583 0.176694 0.122786 0.169165 0.176271 
0.184988 0.183600 0.182769 0.135489 0.150657 0.162498 
0.174105 0.171671 0.171043 0.117253 0.158317 0.207612 
0.186141 0.182898 0.184125 0.130084 0.156925 0.159827 
0.184225 0.182196 0.183656 0.118219 0.135203 0.196501 
0.184598 0.177986 0.180131 0.129719 0.178094 0.149471 
0.179630 0.180091 0.182203 0.121385 0.147805 0.188886 
0.171953 0.175179 0.173963 0.142985 0.152125 0.183794 
0.172699 0.169566 0.170629 0.150137 0.158936 0.178034 
0.186153 0.181495 0.181152 0.129611 0.149703 0.171887 
0.180870 0.184301 0.183036 0.127973 0.146503 0.177317 
0.180746 0.181495 0.180289 0.127026 0.148611 0.181833 
0.172470 0.171671 0.172115 0.135342 0.160189 0.188213 
0.191493 0.185003 0.183018 0.128210 0.124976 0.187300 
0.176673 0.175179 0.174901 0.146861 0.172145 0.154240 
0.178605 0.174478 0.176207 0.123368 0.166354 0.180989 
0.188626 0.188511 0.188069 0.133269 0.141013 0.160511 
0.182656 0.180793 0.180423 0.111285 0.148306 0.196538 
0.178629 0.177986 0.180910 0.132202 0.153786 0.176487 
0.178134 0.176583 0.178442 0.139582 0.172947 0.154311 
0.176215 0.179390 0.178927 0.126316 0.160022 0.179130 
0.186447 0.183600 0.183639 0.134197 0.142328 0.169790 
0.172479 0.170268 0.169958 0.130992 0.168431 0.187872 
0.177684 0.180793 0.180307 0.125498 0.159019 0.176699 
0.183556 0.187108 0.185899 0.134088 0.144087 0.165262 
0.177937 0.175881 0.175520 0.131593 0.157594 0.181474 
0.174021 0.174478 0.176831 0.133704 0.152650 0.188317 
0.170614 0.171671 0.172572 0.142992 0.156626 0.185524 
0.177195 0.169566 0.169167 0.115251 0.141747 0.227074 
0.177562 0.175881 0.175168 0.138054 0.151908 0.181428 
0.182505 0.180793 0.179586 0.135834 0.144438 0.176844 
0.191546 0.182196 0.183912 0.129847 0.142762 0.169738 
0.175093 0.175881 0.177971 0.131593 0.172953 0.166508 
0.174372 0.168864 0.169580 0.131811 0.172543 0.182830 
0.184619 0.182898 0.182819 0.135252 0.161789 0.152623 
0.181714 0.170969 0.171671 0.136397 0.156116 0.183132 
0.189300 0.189213 0.188849 0.132112 0.134951 0.165575 
0.180964 0.179390 0.180997 0.137945 0.151287 0.169417 
0.188792 0.183600 0.184062 0.129028 0.154532 0.159986 
0.175899 0.175179 0.177763 0.137715 0.144881 0.188562 
0.183117 0.180793 0.182586 0.115059 0.132429 0.206017 
0.171489 0.174478 0.176168 0.146523 0.155293 0.176050 
0.182745 0.186406 0.185220 0.133851 0.141512 0.170265 
0.182913 0.177285 0.178356 0.124314 0.160725 0.176407 
0.193593 0.187108 0.185693 0.122459 0.123652 0.187494 
0.188151 0.189213 0.188278 0.124461 0.139502 0.170395 
0.180559 0.181495 0.180379 0.130903 0.159526 0.167139 
0.178653 0.171671 0.171370 0.132758 0.164844 0.180704 
0.189897 0.193423 0.192963 0.127071 0.140375 0.156271 
0.180130 0.180793 0.179690 0.125498 0.142260 0.191629 
0.185621 0.180793 0.182229 0.121520 0.125915 0.203923 
0.170150 0.168163 0.170575 0.141911 0.186104 0.163098 
0.191647 0.187810 0.186383 0.130448 0.138334 0.165379 
0.163206 0.163251 0.163688 0.141546 0.188711 0.179598 
0.184037 0.183600 0.183845 0.126444 0.144910 0.177164 
0.180507 0.181495 0.184018 0.129611 0.172097 0.152273 
0.170394 0.170268 0.170093 0.132284 0.159125 0.197837 
0.175820 0.175179 0.175899 0.128773 0.160653 0.183676 
0.192972 0.189213 0.187660 0.133506 0.138522 0.158128 
0.173055 0.169566 0.172837 0.126879 0.167353 0.190310 
0.164265 0.164654 0.165672 0.131683 0.198617 0.175108 
0.186060 0.182196 0.181274 0.129847 0.153259 0.167364 
0.193346 0.189213 0.190700 0.121877 0.146688 0.158175 
0.175479 0.174478 0.177770 0.123368 0.150731 0.198174 
0.185066 0.180793 0.179599 0.122914 0.147430 0.184199 
0.180004 0.179390 0.179512 0.136653 0.147821 0.176621 
0.186610 0.182898 0.182194 0.136544 0.156615 0.155138 
0.183454 0.180091 0.183302 0.109756 0.149607 0.193788 
prostate
0.169060 0.171938 0.173847 0.135791 0.164020 0.185344 
0.176868 0.180370 0.183270 0.130794 0.176885 0.151813 
0.173654 0.179668 0.181958 0.137089 0.175852 0.151780 
0.170699 0.164911 0.167082 0.125714 0.150278 0.221316 
0.161935 0.164208 0.166453 0.137068 0.176197 0.194138 
0.177411 0.177560 0.182155 0.128658 0.153248 0.180968 
0.178928 0.177560 0.179533 0.141535 0.178182 0.144262 
0.175572 0.171938 0.174353 0.130640 0.145069 0.202427 
0.177906 0.176154 0.177927 0.128188 0.153834 0.185991 
0.182025 0.185992 0.187224 0.137917 0.154192 0.152650 
0.173689 0.174046 0.176277 0.135209 0.172264 0.168515 
0.175458 0.176154 0.177719 0.143640 0.165904 0.161124 
0.175095 0.172641 0.177352 0.120574 0.146973 0.207365 
0.174352 0.178965 0.182035 0.140717 0.164862 0.159068 
0.190710 0.188803 0.191130 0.122118 0.144513 0.162727 
0.182921 0.186695 0.187921 0.131600 0.143435 0.167428 
0.177811 0.176154 0.178669 0.130763 0.172877 0.163725 
0.178545 0.177560 0.183986 0.127370 0.161360 0.171180 
0.187844 0.181073 0.186402 0.125970 0.161816 0.156895 
0.174610 0.174046 0.177034 0.145510 0.167806 0.160993 
0.189834 0.188803 0.190415 0.131132 0.146977 0.152840 
0.176556 0.176154 0.182345 0.133339 0.175268 0.156338 
0.175457 0.181776 0.184577 0.137795 0.175611 0.144785 
0.168137 0.167722 0.170817 0.129230 0.171969 0.192125 
0.179730 0.185992 0.187951 0.121063 0.155397 0.169868 
0.171991 0.171235 0.174653 0.131693 0.172443 0.177985 
0.182118 0.171235 0.174466 0.126542 0.150488 0.195150 
0.187099 0.193019 0.194854 0.117090 0.137491 0.170448 
0.167881 0.170533 0.177298 0.132746 0.156580 0.194963 
0.183404 0.183181 0.186350 0.124100 0.153550 0.169415 
0.177225 0.178262 0.178879 0.154647 0.159304 0.151683 
0.186621 0.182478 0.186635 0.122577 0.145021 0.176667 
0.170929 0.174046 0.180495 0.140360 0.163337 0.170834 
0.178321 0.181776 0.183732 0.127493 0.147017 0.181662 
0.179438 0.179668 0.183643 0.117774 0.128853 0.210624 
0.168388 0.171235 0.173981 0.132981 0.178084 0.175332 
0.188552 0.194424 0.195837 0.116272 0.119518 0.185397 
0.180587 0.183884 0.185550 0.135924 0.149356 0.164699 
0.174141 0.177560 0.181913 0.127370 0.172586 0.166430 
0.174434 0.175452 0.178385 0.134391 0.190852 0.146486 
0.173802 0.176857 0.178775 0.143875 0.160258 0.166432 
0.174281 0.170533 0.173238 0.131458 0.153214 0.197276 
0.176917 0.180370 0.182241 0.134749 0.159073 0.166650 
0.180054 0.184587 0.187872 0.133584 0.151608 0.162295 
0.184846 0.181073 0.182927 0.137560 0.169006 0.144588 
0.173631 0.175452 0.178975 0.129240 0.169314 0.173388 
0.170300 0.167722 0.169534 0.133093 0.159885 0.199467 
0.175458 0.176154 0.177927 0.137202 0.159719 0.173540 
0.177129 0.174046 0.177347 0.131346 0.169243 0.170890 
0.177752 0.182478 0.185034 0.136628 0.146263 0.171845 
0.182256 0.185992 0.188150 0.118602 0.147739 0.177261 
0.176871 0.178965 0.181619 0.140717 0.165279 0.156548 
0.179354 0.178965 0.182140 0.139337 0.161172 0.159032 
0.179565 0.183181 0.184831 0.138172 0.152206 0.162044 
0.174513 0.171938 0.174076 0.133216 0.160960 0.185298 
0.174899 0.178262 0.180768 0.131468 0.173158 0.161445 
0.167783 0.171938 0.174427 0.138367 0.162070 0.185416 
0.179065 0.182478 0.186394 0.127728 0.145148 0.179186 
0.184024 0.187397 0.188080 0.122935 0.118208 0.199356 
0.180493 0.182478 0.185651 0.114851 0.145089 0.191438 
0.175530 0.176154 0.180131 0.135914 0.161215 0.171057 
0.170949 0.176154 0.177329 0.128188 0.142044 0.205336 
0.170114 0.172641 0.174640 0.121861 0.158309 0.202435 
0.182360 0.184587 0.187320 0.133584 0.142657 0.169493 
0.178693 0.176857 0.181436 0.121984 0.155088 0.185943 
0.170778 0.174046 0.176036 0.145418 0.167690 0.166032 
0.185732 0.183884 0.185655 0.130681 0.139596 0.174451 
0.183155 0.183181 0.186252 0.139553 0.160550 0.147310 
0.180745 0.181776 0.183953 0.126205 0.160512 0.166809 
0.177512 0.178262 0.180339 0.131468 0.151227 0.181192 
0.188926 0.182478 0.183702 0.134167 0.143884 0.166843 
0.182334 0.181073 0.185111 0.133696 0.155800 0.161985 
0.181617 0.182478 0.184463 0.136742 0.162467 0.152232 
0.169326 0.174749 0.176946 0.141882 0.168863 0.168234 
0.177604 0.183884 0.185726 0.134637 0.155862 0.162288 
0.179959 0.178262 0.179922 0.131468 0.156610 0.173778 
0.174916 0.176857 0.180088 0.118007 0.159147 0.190985 
0.178671 0.184587 0.186218 0.124570 0.159016 0.166937 
0.189469 0.193722 0.198107 0.126339 0.151274 0.141090 
0.179472 0.180370 0.184321 0.133461 0.155811 0.166564 
0.176445 0.182478 0.184236 0.129016 0.150997 0.176827 
0.181004 0.187397 0.188703 0.129374 0.143424 0.170099 
0.169229 0.168425 0.171646 0.151356 0.174022 0.165323 
0.171200 0.174749 0.176631 0.147033 0.186372 0.144015 
0.175638 0.176154 0.177720 0.137202 0.152478 0.180809 
0.183252 0.183884 0.185624 0.107595 0.133346 0.206299 
0.178752 0.180370 0.183259 0.132174 0.141531 0.183913 
0.177884 0.173343 0.175455 0.132398 0.162895 0.178024 
0.173884 0.174046 0.176364 0.119756 0.153310 0.202640 
0.177495 0.181073 0.183474 0.129833 0.158830 0.169295 
0.174371 0.174749 0.177271 0.129005 0.164046 0.180558 
0.166993 0.169830 0.171631 0.146675 0.172119 0.172751 
0.184509 0.188803 0.193730 0.125981 0.163710 0.143268 
0.174574 0.174046 0.177034 0.144223 0.166611 0.163513 
0.179294 0.180370 0.182353 0.130886 0.160348 0.166748 
0.166966 0.165614 0.169401 0.138826 0.176807 0.182386 
0.174891 0.175452 0.178301 0.133103 0.176885 0.161369 
0.166907 0.167019 0.169068 0.137916 0.174389 0.184701 
0.173827 0.176857 0.178211 0.128423 0.146895 0.195787 
0.173617 0.173343 0.178446 0.113083 0.153916 0.207595 
0.180423 0.178262 0.180997 0.121167 0.157960 0.181192 
0.175522 0.178965 0.183625 0.131703 0.168598 0.161587 
0.174054 0.174046 0.178286 0.133921 0.156587 0.183105 
0.182484 0.177560 0.179152 0.123507 0.131606 0.205691 
0.180696 0.181776 0.184148 0.133839 0.160119 0.159422 
0.184335 0.181776 0.186711 0.119767 0.143473 0.183939 
0.182864 0.183884 0.186782 0.112746 0.159329 0.174395 
0.172958 0.171938 0.174741 0.138367 0.151825 0.190172 
0.180816 0.178965 0.181604 0.134279 0.170111 0.154225 
0.181884 0.172641 0.173699 0.152766 0.160622 0.158387 
0.169410 0.172641 0.174650 0.143752 0.171181 0.168366 
0.185984 0.179668 0.181528 0.134514 0.156496 0.161810 
0.193258 0.198640 0.203503 0.108555 0.114955 0.181089 
0.168804 0.169127 0.171765 0.129700 0.182966 0.177638 
0.181797 0.188100 0.189728 0.133472 0.154240 0.152663 
0.185762 0.184587 0.186530 0.125858 0.154933 0.162331 
0.178750 0.179668 0.181633 0.126788 0.161635 0.171526 
0.182070 0.188100 0.189716 0.116732 0.138701 0.184681 
0.184346 0.185289 0.188168 0.106777 0.160989 0.174430 
0.178235 0.176154 0.180040 0.129475 0.152859 0.183236 
0.178464 0.181776 0.182691 0.137702 0.132884 0.186484 
0.175120 0.176154 0.180643 0.144928 0.171649 0.151506 
0.183676 0.181073 0.183925 0.134984 0.159374 0.156967 
0.176529 0.179668 0.181691 0.137089 0.158322 0.166701 
0.170303 0.169127 0.174947 0.133563 0.169691 0.182368 
0.180738 0.184587 0.186334 0.142598 0.160748 0.144996 
0.176492 0.173343 0.176335 0.134974 0.160633 0.178223 
0.166198 0.166317 0.168355 0.133910 0.173100 0.192120 
0.188059 0.189505 0.191635 0.122353 0.155563 0.152884 
0.183581 0.185289 0.188690 0.120942 0.139644 0.181854 
0.166578 0.167019 0.168741 0.153461 0.176538 0.167663 
0.187708 0.186695 0.188628 0.129139 0.155121 0.152710 
0.174971 0.174749 0.176771 0.126430 0.154266 0.192813 
0.176524 0.174749 0.177257 0.134156 0.178759 0.158554 
0.178793 0.176857 0.178628 0.120697 0.151722 0.193304 
0.186886 0.190911 0.191888 0.127974 0.131881 0.170461 
0.167509 0.159992 0.162150 0.138233 0.190546 0.181569 
0.177475 0.176154 0.178759 0.138489 0.187394 0.141728 
0.181404 0.180370 0.181810 0.156640 0.172361 0.127415 
0.168136 0.169127 0.175040 0.120686 0.155150 0.211861 
0.184652 0.183181 0.184427 0.133022 0.137909 0.176809 
0.175407 0.176154 0.178786 0.124325 0.169279 0.176049 
0.170006 0.170533 0.173372 0.139092 0.181472 0.165526 
0.166643 0.169127 0.170829 0.140002 0.156220 0.197179 
0.177039 0.183181 0.186173 0.124100 0.177339 0.152168 
0.181731 0.181073 0.184031 0.118244 0.146214 0.188707 
0.180392 0.180370 0.186249 0.133461 0.169980 0.149546 
0.172939 0.176154 0.177406 0.139777 0.157664 0.176059 
0.179687 0.180370 0.181617 0.128310 0.131373 0.198642 
0.175576 0.169830 0.172628 0.144100 0.167453 0.170412 
0.179204 0.173343 0.176661 0.124672 0.153240 0.192880 
0.180675 0.176154 0.180099 0.129475 0.150376 0.183220 
0.178482 0.178262 0.185905 0.136619 0.149184 0.171547 
0.173669 0.174046 0.177804 0.131346 0.150212 0.192924 
0.175782 0.174749 0.178704 0.125142 0.167240 0.178383 
0.171720 0.171938 0.174712 0.139562 0.178820 0.163248 
0.173305 0.176857 0.178021 0.152889 0.157400 0.161528 
0.180460 0.176154 0.177511 0.143640 0.161146 0.161088 
0.184138 0.180370 0.182540 0.132174 0.168785 0.151993 
0.172042 0.165614 0.171886 0.125949 0.170175 0.194334 
0.164187 0.169830 0.171734 0.147963 0.170727 0.175558 
0.175551 0.174046 0.178988 0.124907 0.178164 0.168345 
0.177348 0.178262 0.182666 0.136619 0.166045 0.159060 
0.187183 0.184587 0.187528 0.127146 0.146404 0.167153 
0.172417 0.175452 0.176824 0.135679 0.151398 0.188231 
0.196711 0.193722 0.195260 0.132777 0.142769 0.138761 
0.174794 0.177560 0.179237 0.118356 0.142080 0.207974 
0.182727 0.183884 0.185947 0.129486 0.155838 0.162118 
0.194499 0.196532 0.200175 0.125991 0.143733 0.139069 
0.180325 0.179668 0.185888 0.134514 0.162860 0.156746 
0.185380 0.182478 0.188225 0.112276 0.150043 0.181597 
0.169740 0.169127 0.173671 0.127125 0.145977 0.214360 
0.170040 0.172641 0.174879 0.150191 0.171523 0.160726 
0.178793 0.179668 0.181229 0.126788 0.152119 0.181403 
0.171416 0.176857 0.178628 0.129710 0.155123 0.188266 
0.186714 0.188100 0.189528 0.126919 0.148564 0.160174 
0.184745 0.185992 0.187421 0.136630 0.145339 0.159873 
0.186961 0.189505 0.195220 0.118490 0.144632 0.165191 
0.177584 0.178262 0.179922 0.126318 0.146862 0.191052 
0.185597 0.189505 0.191140 0.112051 0.134106 0.187601 
0.183127 0.178262 0.180835 0.119879 0.144557 0.193339 
0.171656 0.174046 0.178924 0.126102 0.151365 0.197906 
0.188653 0.193019 0.194819 0.129967 0.149905 0.143638 
0.185080 0.188803 0.191905 0.123405 0.170166 0.140641 
0.170612 0.173343 0.175591 0.140124 0.159571 0.180759 
0.175711 0.174749 0.178496 0.126430 0.163678 0.180938 
0.182636 0.183181 0.191741 0.130539 0.152286 0.159617 
0.174298 0.177560 0.179339 0.126082 0.154114 0.188607 
0.178475 0.181776 0.184089 0.136507 0.164544 0.154610 
0.179385 0.182478 0.184568 0.126348 0.150409 0.176811 
0.174701 0.175452 0.176844 0.143405 0.163536 0.166063 
0.175249 0.178965 0.180632 0.145868 0.164886 0.154399 
0.193031 0.186695 0.188765 0.139440 0.149221 0.142849 
0.172807 0.171938 0.175249 0.133216 0.168870 0.177920 
0.176654 0.182478 0.185873 0.143088 0.135275 0.176631 
0.174249 0.177560 0.179222 0.142823 0.159825 0.166322 
0.175272 0.181073 0.182929 0.128546 0.155672 0.176508 
0.188623 0.192316 0.196845 0.120718 0.153190 0.148308 
0.174149 0.174749 0.177779 0.119991 0.170056 0.183277 
0.175600 0.178262 0.181101 0.118591 0.157948 0.188497 
0.172745 0.173343 0.175558 0.136261 0.173827 0.168265 
0.176833 0.182478 0.184120 0.122577 0.142642 0.191350 
0.180836 0.183181 0.185712 0.133114 0.150128 0.167030 
0.181254 0.187397 0.192020 0.117784 0.151697 0.169847 
0.178756 0.182478 0.184339 0.138030 0.156778 0.159619 
0.162436 0.162100 0.166837 0.140226 0.174537 0.193864 
0.186571 0.188100 0.189819 0.134760 0.155331 0.145420 
0.169699 0.172641 0.174555 0.129588 0.155653 0.197865 
0.179873 0.185992 0.187409 0.130191 0.146811 0.169724 
0.176160 0.181776 0.182796 0.132644 0.140321 0.186304 
0.165147 0.170533 0.172122 0.144335 0.162581 0.185282 
0.191143 0.190208 0.191501 0.128934 0.142695 0.155519 
0.173219 0.178965 0.180413 0.140717 0.162796 0.163890 
0.177970 0.178965 0.180621 0.140717 0.160105 0.161623 
0.189552 0.189505 0.191696 0.126216 0.135465 0.167567 
0.180939 0.184587 0.186426 0.132296 0.158531 0.157221 
0.171892 0.174749 0.177220 0.135330 0.174725 0.166085 
0.183400 0.184587 0.186543 0.129721 0.153553 0.162197 
0.167609 0.167722 0.169233 0.144682 0.156057 0.194697 
0.167816 0.171235 0.175772 0.131693 0.175446 0.178037 
0.196839 0.188100 0.190458 0.106430 0.145790 0.172384 
0.172287 0.170533 0.174858 0.146910 0.187006 0.148406 
0.164073 0.160695 0.162884 0.143619 0.177579 0.191149 
0.178327 0.181073 0.183796 0.106655 0.146472 0.203678 
0.188366 0.184587 0.186334 0.124570 0.151463 0.164680 
0.180217 0.173343 0.175650 0.134974 0.170044 0.165772 
0.191886 0.193019 0.194957 0.118377 0.138582 0.163178 
0.179207 0.180370 0.184086 0.143763 0.153167 0.159407 
0.182213 0.185992 0.187929 0.127616 0.156315 0.159935 
0.181576 0.188100 0.189727 0.138623 0.161505 0.140470 
0.173155 0.176154 0.177824 0.124325 0.147869 0.200674 
0.182707 0.188803 0.190207 0.116967 0.136519 0.184797 
0.173978 0.174046 0.174685 0.128770 0.128582 0.219939 
0.170570 0.175452 0.177678 0.134391 0.158840 0.183068 
0.182456 0.188803 0.190206 0.124601 0.131368 0.182565 
0.183293 0.176857 0.178522 0.133574 0.163780 0.163975 
0.183864 0.184587 0.186992 0.128341 0.154055 0.162161 
0.174735 0.172641 0.175068 0.124437 0.162766 0.190353 
0.178535 0.179668 0.181737 0.130651 0.175049 0.154361 
0.181158 0.185992 0.188627 0.127616 0.139454 0.177153 
0.174780 0.178965 0.182172 0.144581 0.157952 0.161551 
0.175427 0.180370 0.183557 0.123160 0.166008 0.171478 
0.176946 0.180370 0.182137 0.134749 0.159177 0.166620 
0.176080 0.174046 0.176884 0.121044 0.173849 0.178097 
0.176502 0.179668 0.184143 0.129363 0.149127 0.181197 
0.196803 0.188100 0.189103 0.120595 0.130496 0.174903 
0.170408 0.173343 0.175150 0.146563 0.161459 0.173077 
0.186933 0.186695 0.189627 0.109823 0.134916 0.192007 
0.178128 0.178965 0.180850 0.132991 0.160173 0.168892 
0.180003 0.175452 0.177645 0.120226 0.151118 0.195556 
skin
0.170689 0.171156 0.173020 0.126875 0.172250 0.186009 
0.182105 0.182398 0.180958 0.140962 0.140570 0.173006 
0.175946 0.178182 0.177928 0.134296 0.156538 0.177110 
0.182153 0.183101 0.184212 0.136043 0.158912 0.155578 
0.172721 0.176075 0.177252 0.132394 0.164692 0.176867 
0.184529 0.187317 0.189417 0.120704 0.147108 0.170925 
0.165139 0.169048 0.169777 0.142923 0.172129 0.180984 
0.172401 0.173264 0.174694 0.134028 0.168982 0.176632 
0.178393 0.177480 0.178111 0.134155 0.162047 0.169813 
0.180292 0.180290 0.183623 0.126077 0.171957 0.157761 
0.175227 0.177480 0.177531 0.135444 0.157234 0.177084 
0.184263 0.176777 0.176058 0.139074 0.149133 0.174694 
0.186159 0.186614 0.186653 0.126912 0.162500 0.151161 
0.184879 0.183804 0.183846 0.124679 0.135285 0.187507 
0.170822 0.175372 0.175556 0.136025 0.163009 0.179216 
0.175590 0.176777 0.178446 0.124897 0.174486 0.169803 
0.179341 0.181696 0.183792 0.127838 0.139922 0.187411 
0.178002 0.180290 0.179788 0.135099 0.154448 0.172373 
0.169302 0.173264 0.174141 0.126295 0.163221 0.193778 
0.184562 0.179588 0.179404 0.133574 0.162781 0.160091 
0.168681 0.167643 0.168154 0.120540 0.169696 0.205286 
0.180035 0.180993 0.182193 0.125024 0.159372 0.172383 
0.166115 0.167643 0.168553 0.128273 0.173963 0.195452 
0.176746 0.176075 0.175632 0.129626 0.138082 0.203839 
0.182478 0.182398 0.182279 0.124207 0.153503 0.175134 
0.181766 0.181696 0.181174 0.130416 0.144895 0.180054 
0.189415 0.183804 0.184329 0.111791 0.143156 0.187507 
0.188860 0.192235 0.191874 0.129994 0.152435 0.144601 
0.184349 0.183101 0.186155 0.132176 0.148862 0.165356 
0.179228 0.183101 0.184064 0.136043 0.154513 0.163051 
0.183563 0.178182 0.177710 0.120213 0.143519 0.196813 
0.177389 0.180993 0.182411 0.126313 0.162842 0.170052 
0.184214 0.181696 0.181277 0.134282 0.150856 0.167676 
0.173030 0.174669 0.174259 0.122900 0.151597 0.203545 
0.181346 0.178885 0.179135 0.130760 0.167335 0.162538 
0.178731 0.173264 0.173181 0.134028 0.156878 0.183918 
0.175184 0.178885 0.180640 0.134627 0.170607 0.160056 
0.178714 0.180993 0.181203 0.127602 0.159070 0.172418 
0.191928 0.197856 0.197006 0.130688 0.139895 0.142627 
0.179294 0.173967 0.174582 0.131686 0.171241 0.169230 
0.175282 0.176777 0.179883 0.121030 0.165272 0.181755 
0.188918 0.186614 0.185933 0.135934 0.144270 0.158331 
0.179783 0.182398 0.182175 0.131940 0.155803 0.167899 
0.160853 0.162725 0.163804 0.148532 0.200944 0.163143 
0.184503 0.178182 0.182431 0.126658 0.168317 0.159910 
0.178621 0.180993 0.181421 0.127602 0.158864 0.172499 
0.171435 0.176075 0.176364 0.127239 0.172021 0.176867 
0.181509 0.184506 0.184479 0.139093 0.166812 0.143601 
0.184467 0.178182 0.179330 0.130524 0.165069 0.162428 
0.171181 0.176075 0.176248 0.142610 0.174131 0.159756 
0.170611 0.169048 0.170428 0.130034 0.164077 0.195802 
0.178506 0.179588 0.180394 0.133479 0.145705 0.182328 
0.180153 0.185209 0.184960 0.125151 0.149016 0.175511 
0.178344 0.178885 0.180777 0.124316 0.162975 0.174703 
0.176532 0.181696 0.182422 0.121394 0.175023 0.162934 
0.174704 0.175372 0.176559 0.133447 0.158345 0.181573 
0.171908 0.171156 0.173676 0.132031 0.160265 0.190964 
0.189822 0.190127 0.189501 0.117781 0.129212 0.183556 
0.170956 0.170454 0.170512 0.142106 0.172204 0.173770 
0.177114 0.179588 0.179197 0.140018 0.159025 0.165057 
0.184813 0.188722 0.189196 0.126331 0.135001 0.175936 
0.178643 0.180993 0.183066 0.128891 0.150952 0.177454 
0.175576 0.175372 0.175761 0.132158 0.174117 0.167016 
0.170031 0.171156 0.173297 0.137091 0.140260 0.208165 
0.181086 0.178182 0.178359 0.126658 0.165784 0.169930 
0.182126 0.178182 0.179021 0.130524 0.148000 0.182146 
0.173838 0.172561 0.173758 0.113170 0.158329 0.208343 
0.167945 0.169751 0.171992 0.139292 0.160102 0.190918 
0.184819 0.182398 0.181866 0.131940 0.148665 0.170311 
0.180122 0.177480 0.179911 0.141793 0.153470 0.167225 
0.177686 0.176075 0.176736 0.131105 0.146636 0.191762 
0.185995 0.183804 0.184076 0.127162 0.163209 0.155756 
0.185016 0.177480 0.180013 0.134155 0.165970 0.157365 
0.185984 0.191532 0.191389 0.125987 0.158389 0.146719 
0.180601 0.183101 0.183281 0.132081 0.158062 0.162874 
0.166976 0.166238 0.165942 0.141978 0.168283 0.190583 
0.184350 0.189425 0.189755 0.121412 0.158617 0.156441 
0.189739 0.185911 0.189145 0.136987 0.144701 0.153517 
0.173013 0.172561 0.173093 0.129925 0.169963 0.181445 
0.172812 0.174669 0.177462 0.125478 0.160710 0.188869 
0.177614 0.180290 0.179890 0.140254 0.166567 0.155385 
0.176897 0.178885 0.179228 0.119161 0.151524 0.194305 
0.189415 0.185911 0.186424 0.126676 0.140785 0.170788 
0.179948 0.174669 0.174875 0.129344 0.161912 0.179251 
0.177750 0.176075 0.177158 0.133566 0.156154 0.179297 
0.168154 0.162022 0.162186 0.143140 0.174661 0.189838 
0.172616 0.169048 0.169334 0.121012 0.145264 0.222726 
0.173199 0.171859 0.173389 0.151600 0.182920 0.147033 
0.184741 0.187317 0.186935 0.119320 0.138562 0.183125 
0.184925 0.182398 0.181660 0.135807 0.147487 0.167722 
0.181912 0.180290 0.180779 0.128655 0.136273 0.192091 
0.180752 0.185911 0.185022 0.142143 0.145385 0.160787 
0.169262 0.171156 0.171102 0.143535 0.166242 0.178704 
0.175883 0.178182 0.178657 0.133102 0.169423 0.164752 
0.180604 0.176777 0.178562 0.135113 0.164168 0.164777 
0.176090 0.180993 0.180687 0.134046 0.160589 0.167595 
0.187175 0.187317 0.186202 0.120704 0.135417 0.183186 
0.177526 0.182398 0.182188 0.128074 0.157187 0.172626 
0.176686 0.173967 0.176260 0.138130 0.165621 0.169336 
0.177351 0.177480 0.180454 0.119977 0.162679 0.182059 
0.179773 0.179588 0.178992 0.136152 0.150686 0.174809 
0.171206 0.173264 0.173374 0.126295 0.166888 0.188974 
0.173071 0.175372 0.175155 0.137313 0.154684 0.184404 
0.189752 0.190127 0.189810 0.115204 0.133963 0.181145 
0.179790 0.182398 0.182497 0.133229 0.161653 0.160432 
0.169619 0.169751 0.170811 0.127597 0.151833 0.210389 
0.180787 0.185911 0.185949 0.127965 0.153670 0.165717 
0.172427 0.177480 0.177633 0.150910 0.176420 0.145130 
0.180458 0.176075 0.176956 0.123372 0.146716 0.196424 
0.181442 0.176075 0.176100 0.118217 0.156527 0.191640 
0.174062 0.178885 0.178402 0.137205 0.164095 0.167352 
0.174763 0.176777 0.176633 0.128763 0.153860 0.189203 
0.175722 0.177480 0.177224 0.128999 0.146610 0.193965 
0.171908 0.171156 0.171296 0.125586 0.151711 0.208342 
0.189752 0.190127 0.189500 0.129381 0.139955 0.161284 
0.176550 0.176777 0.179202 0.115875 0.157499 0.194097 
