-1235508.529774
0
0.000002 0.000002 0.000002 0.000002 0.000002 0.000002 0.000002 0.000002 0.000002 0.000002 0.000030 0.000031 0.000002 0.000002 0.000002 0.000002 0.000002 0.000031 0.000445 0.000002 0.000650 0.000002 0.000002 0.000356 0.000002 0.000002 0.000002 0.000002 0.000002 0.000002 0.000002 0.000002 0.000031 0.000002 0.035498 0.000002 0.000002 0.000002 0.000002 0.000002 0.000120 0.000002 0.000002 0.000002 0.000120 0.000002 0.000002 0.000002 0.000002 0.000002 0.000002 0.000002 0.000002 0.000002 0.000002 0.000002 0.000002 0.000003 0.915121 0.044064 0.000002 0.000002 0.000002 0.000002 0.000002 0.000031 0.000002 0.000002 0.000002 0.000002 0.000002 0.000098 0.000002 0.000002 0.000002 0.001861 0.000002 0.000002 0.000002 0.000002 0.000002 0.000002 0.000002 0.000002 0.000002 0.000002 0.000031 0.000002 0.000031 0.000002 0.000002 0.000002 0.001308 0.000002 0.000002 0.000002 
0.000001 0.000001 0.000001 0.000001 0.000001 0.000001 0.000001 0.000001 0.000002 0.000001 0.000003 0.000001 0.000001 0.000001 0.000001 0.000001 0.000002 0.000001 0.000002 0.000002 0.000002 0.000001 0.000001 0.000002 0.000001 0.000002 0.000001 0.000002 0.000001 0.000001 0.000001 0.000001 0.000001 0.000001 0.000006 0.000001 0.000001 0.000001 0.000001 0.000001 0.000001 0.000001 0.000002 0.000002 0.000002 0.000001 0.000001 0.000002 0.000001 0.000001 0.000001 0.000001 0.000001 0.000001 0.000001 0.000001 0.000002 0.000003 0.999857 0.000002 0.000001 0.000001 0.000001 0.000001 0.000001 0.000001 0.000001 0.000001 0.000001 0.000001 0.000001 0.000002 0.000002 0.000001 0.000001 0.000002 0.000001 0.000001 0.000001 0.000001 0.000001 0.000001 0.000002 0.000001 0.000002 0.000001 0.000001 0.000001 0.000001 0.000001 0.000001 0.000002 0.000003 0.000001 0.000001 0.000002 
0.000002 0.000002 0.000002 0.000002 0.000002 0.000002 0.000002 0.000002 0.002427 0.000002 0.000019 0.000002 0.000002 0.000002 0.000002 0.000002 0.000002 0.000002 0.000002 0.000002 0.000180 0.000002 0.000002 0.000002 0.000002 0.000002 0.000002 0.000002 0.000002 0.000002 0.000002 0.000002 0.000002 0.000002 0.029382 0.000002 0.000002 0.000002 0.000002 0.000002 0.000002 0.000100 0.000002 0.000002 0.000002 0.000002 0.000002 0.000002 0.000002 0.000002 0.000002 0.000002 0.000002 0.000002 0.000002 0.000002 0.000002 0.044033 0.922422 0.000003 0.000002 0.000002 0.000002 0.000002 0.000002 0.000002 0.000002 0.000002 0.000002 0.000002 0.000002 0.000002 0.000295 0.000002 0.000002 0.000002 0.000002 0.000002 0.000002 0.000002 0.000002 0.000002 0.000002 0.000002 0.000002 0.000002 0.000002 0.000002 0.000002 0.000002 0.000002 0.000002 0.000967 0.000002 0.000002 0.000002 
0.000001 0.000001 0.000001 0.000001 0.000001 0.000001 0.000001 0.000001 0.000002 0.000001 0.819489 0.000001 0.000086 0.000001 0.000001 0.000001 0.000001 0.000001 0.000001 0.000001 0.000002 0.000001 0.000001 0.000001 0.000001 0.000001 0.000001 0.000002 0.000001 0.000001 0.000001 0.000001 0.000001 0.000001 0.000006 0.000001 0.000001 0.000001 0.000001 0.000001 0.000001 0.000001 0.000001 0.000001 0.000002 0.000001 0.000001 0.000001 0.000001 0.000001 0.000001 0.000001 0.000001 0.000001 0.000001 0.000001 0.000002 0.000002 0.179555 0.000002 0.000001 0.000001 0.000001 0.000001 0.000001 0.000001 0.000001 0.000001 0.000001 0.000001 0.000001 0.000002 0.000001 0.000001 0.000001 0.000001 0.000001 0.000001 0.000001 0.000001 0.000001 0.000001 0.000001 0.000001 0.000001 0.000001 0.000001 0.000001 0.000001 0.000001 0.000001 0.000741 0.000003 0.000001 0.000001 0.000001 
0.000001 0.000001 0.000001 0.000001 0.000001 0.000001 0.000001 0.000001 0.000002 0.000001 0.442247 0.000001 0.000001 0.000001 0.000001 0.000001 0.000001 0.000001 0.000001 0.000001 0.000002 0.000001 0.000001 0.000001 0.000001 0.000001 0.000001 0.102313 0.000001 0.000001 0.000001 0.000001 0.000001 0.000001 0.000006 0.000001 0.000001 0.000001 0.000001 0.000001 0.000001 0.000001 0.000001 0.000001 0.000002 0.000001 0.000001 0.000002 0.000001 0.000001 0.000001 0.000001 0.000001 0.000001 0.000001 0.000001 0.000002 0.417706 0.037604 0.000002 0.000001 0.000001 0.000001 0.000001 0.000001 0.000001 0.000001 0.000001 0.000001 0.000001 0.000001 0.000002 0.000001 0.000001 0.000001 0.000001 0.000001 0.000001 0.000001 0.000001 0.000001 0.000001 0.000002 0.000001 0.000001 0.000001 0.000001 0.000001 0.000001 0.000001 0.000001 0.000001 0.000003 0.000001 0.000001 0.000002 
0.000111 0.000001 0.000001 0.000001 0.000001 0.000001 0.000001 0.000001 0.000002 0.000001 0.000028 0.000001 0.000001 0.000001 0.000001 0.000001 0.000001 0.000001 0.000001 0.000549 0.000002 0.000001 0.000001 0.000001 0.000001 0.000001 0.000001 0.000002 0.000001 0.000001 0.000001 0.000001 0.000001 0.000001 0.083712 0.000001 0.000001 0.000001 0.000001 0.000001 0.000001 0.000001 0.000659 0.000001 0.000002 0.000001 0.000001 0.000002 0.000001 0.000001 0.000001 0.000001 0.000001 0.000001 0.000001 0.000001 0.191341 0.000003 0.718858 0.000002 0.000001 0.000001 0.000001 0.000001 0.000001 0.000001 0.000001 0.000001 0.000001 0.000001 0.000001 0.000002 0.000001 0.000001 0.000001 0.000002 0.000001 0.000001 0.000001 0.000001 0.000001 0.000001 0.004558 0.000001 0.000001 0.000001 0.000001 0.000001 0.000001 0.000001 0.000001 0.000001 0.000065 0.000001 0.000001 0.000002 
0.000002 0.000002 0.000002 0.000002 0.000002 0.000002 0.000002 0.000002 0.000002 0.000002 0.000031 0.000002 0.000002 0.000002 0.000002 0.000110 0.000002 0.000002 0.000002 0.000002 0.000344 0.000002 0.000002 0.000002 0.000029 0.000002 0.000002 0.000002 0.000002 0.000002 0.000002 0.000002 0.000002 0.000002 0.035685 0.000002 0.000002 0.000002 0.000002 0.000029 0.000002 0.000002 0.000002 0.000002 0.000002 0.000002 0.000029 0.007621 0.000002 0.000002 0.000002 0.000002 0.000002 0.000002 0.000002 0.000002 0.000002 0.021901 0.932457 0.000002 0.000002 0.000002 0.000002 0.000002 0.000002 0.000002 0.000002 0.000029 0.000002 0.000002 0.000002 0.000002 0.000002 0.000002 0.000002 0.000002 0.000002 0.000002 0.000002 0.000002 0.000002 0.000002 0.000002 0.000002 0.000326 0.000002 0.000002 0.000002 0.000002 0.000002 0.000002 0.000002 0.001271 0.000002 0.000002 0.000002 
0.000001 0.000001 0.000001 0.000001 0.000001 0.000001 0.000001 0.000001 0.000630 0.000001 0.000043 0.000001 0.000001 0.000001 0.000001 0.000001 0.000402 0.000001 0.000001 0.000001 0.000458 0.000001 0.000001 0.000001 0.000001 0.000222 0.000001 0.000001 0.000001 0.000001 0.000001 0.000001 0.000001 0.000001 0.036407 0.000001 0.000001 0.000001 0.000001 0.000001 0.000001 0.000001 0.000001 0.000444 0.000126 0.000001 0.000001 0.000001 0.000001 0.000001 0.000001 0.000001 0.000001 0.000001 0.000001 0.000001 0.000001 0.000002 0.956250 0.000001 0.000001 0.000001 0.000001 0.000001 0.000001 0.000001 0.000001 0.000001 0.000001 0.000001 0.000001 0.000067 0.000001 0.000001 0.000001 0.000001 0.000001 0.000001 0.000001 0.000001 0.000001 0.000001 0.000001 0.000001 0.000001 0.000001 0.000001 0.000001 0.000001 0.000001 0.000001 0.000001 0.001363 0.000001 0.000001 0.003515 
0.000002 0.000001 0.000001 0.000001 0.000001 0.000001 0.000001 0.000001 0.000002 0.000001 0.000004 0.000002 0.000002 0.000001 0.000001 0.000002 0.000002 0.000002 0.000002 0.000002 0.000002 0.000001 0.000001 0.000002 0.000002 0.000002 0.000001 0.000002 0.000001 0.000001 0.000001 0.000001 0.000002 0.000001 0.997602 0.000001 0.000001 0.000001 0.000001 0.000002 0.000002 0.000002 0.000002 0.000002 0.000002 0.000001 0.000002 0.000002 0.000001 0.000001 0.000001 0.000001 0.000001 0.000001 0.000001 0.000001 0.000002 0.000003 0.001316 0.000940 0.000001 0.000001 0.000001 0.000001 0.000001 0.000002 0.000001 0.000002 0.000001 0.000001 0.000001 0.000002 0.000002 0.000001 0.000001 0.000002 0.000001 0.000001 0.000001 0.000001 0.000001 0.000001 0.000002 0.000001 0.000002 0.000001 0.000002 0.000001 0.000002 0.000001 0.000001 0.000002 0.000003 0.000001 0.000001 0.000002 
0.108206 0.112411 0.105581 0.123964 0.114908 0.111324 0.111154 0.104673 0.107778 
0.102657 0.119981 0.102494 0.118300 0.107496 0.107403 0.107816 0.127918 0.105935 
0.105010 0.109453 0.106286 0.118894 0.112807 0.108418 0.113178 0.121913 0.104041 
0.109755 0.116031 0.102599 0.122973 0.125420 0.104375 0.101157 0.114411 0.103279 
breast
0.085314 0.115104 0.077240 0.111767 0.108114 0.115870 0.095118 0.180013 0.111459 
0.085167 0.107962 0.072257 0.128244 0.121423 0.115528 0.087384 0.170458 0.111578 
0.081705 0.113318 0.074862 0.122784 0.129362 0.110634 0.094509 0.177512 0.095314 
0.081234 0.112872 0.073104 0.119452 0.115015 0.123752 0.090692 0.176507 0.107373 
0.083743 0.116889 0.074978 0.121848 0.101913 0.125812 0.095689 0.181799 0.097328 
0.078128 0.107070 0.069886 0.124826 0.125378 0.122478 0.089392 0.169447 0.113395 
0.091686 0.120460 0.077569 0.098192 0.079605 0.128003 0.096583 0.188334 0.119569 
0.087311 0.121353 0.078472 0.101610 0.095458 0.113258 0.099840 0.189286 0.113412 
0.081108 0.109301 0.072141 0.123633 0.137485 0.108358 0.093586 0.171038 0.103349 
0.088321 0.113318 0.072268 0.140636 0.102598 0.125090 0.090069 0.176213 0.091486 
0.079656 0.110194 0.072546 0.112444 0.122391 0.122686 0.089489 0.173176 0.117419 
0.081404 0.111979 0.072829 0.140378 0.122846 0.105024 0.090027 0.176180 0.099332 
0.079680 0.110640 0.071839 0.122268 0.128765 0.114670 0.091531 0.173237 0.107370 
0.078691 0.101714 0.067703 0.136778 0.132483 0.116767 0.083319 0.160990 0.121556 
0.084274 0.113765 0.073938 0.121247 0.115407 0.114327 0.091507 0.180172 0.105364 
0.088205 0.120906 0.078213 0.124245 0.118272 0.114021 0.098726 0.186141 0.071269 
0.084348 0.114211 0.073938 0.121333 0.118148 0.116582 0.094047 0.177994 0.099399 
0.086421 0.113318 0.074112 0.122784 0.117974 0.124939 0.093948 0.177156 0.089349 
0.082419 0.114657 0.074971 0.118173 0.115468 0.117464 0.092478 0.179004 0.105365 
0.080783 0.102606 0.068826 0.125589 0.127292 0.104108 0.085310 0.167851 0.137635 
0.083861 0.115550 0.077496 0.123214 0.112862 0.103454 0.093767 0.182422 0.107376 
0.086857 0.117336 0.076134 0.121934 0.113319 0.106000 0.094341 0.190707 0.093373 
0.080676 0.116443 0.077555 0.121762 0.124176 0.116951 0.095893 0.181339 0.085205 
0.080065 0.114657 0.074394 0.124665 0.117395 0.110220 0.092170 0.179123 0.107311 
0.075319 0.105731 0.071286 0.113207 0.131733 0.119993 0.090231 0.169120 0.123379 
0.077554 0.109748 0.072531 0.120473 0.112029 0.122755 0.089713 0.173824 0.121374 
0.085043 0.117782 0.076633 0.115529 0.104973 0.117153 0.095002 0.184526 0.103359 
0.085052 0.107962 0.070291 0.134736 0.125330 0.112685 0.087072 0.169314 0.107558 
0.084642 0.118675 0.076320 0.123045 0.110290 0.121081 0.096973 0.183702 0.085272 
0.080670 0.111979 0.073199 0.125772 0.122351 0.108419 0.090435 0.177794 0.109381 
0.085926 0.116889 0.075891 0.121848 0.117509 0.117649 0.093611 0.181324 0.089353 
0.078600 0.110194 0.072085 0.123805 0.105832 0.113950 0.090105 0.176017 0.129414 
0.078839 0.108855 0.071470 0.115432 0.117112 0.127013 0.088391 0.171452 0.121437 
0.079944 0.110194 0.071676 0.118936 0.102777 0.123605 0.089154 0.176246 0.127468 
0.086173 0.112872 0.073965 0.114583 0.106265 0.126596 0.091283 0.176744 0.111520 
0.080244 0.111533 0.073139 0.120817 0.119279 0.125052 0.090149 0.174426 0.105361 
0.084159 0.110640 0.072975 0.132006 0.136602 0.103664 0.091989 0.172526 0.095439 
0.081282 0.111533 0.073338 0.115948 0.112017 0.139206 0.090779 0.178576 0.097322 
0.082050 0.113318 0.074036 0.130899 0.108126 0.114212 0.091761 0.178225 0.107373 
0.085585 0.111533 0.075096 0.112702 0.115015 0.109374 0.090717 0.176400 0.123577 
0.092911 0.115104 0.075116 0.113390 0.113175 0.119536 0.092919 0.180267 0.097582 
0.077355 0.107962 0.072116 0.128244 0.150636 0.111215 0.090344 0.170840 0.091288 
0.080318 0.115104 0.074945 0.111767 0.122475 0.115319 0.095114 0.179657 0.105302 
0.080359 0.111533 0.073070 0.120817 0.112099 0.127896 0.090182 0.174664 0.109381 
0.079812 0.106623 0.072481 0.118248 0.127394 0.108394 0.087252 0.174278 0.125517 
0.082379 0.118228 0.076226 0.126975 0.108980 0.104888 0.094563 0.186474 0.101286 
0.078543 0.107516 0.069587 0.150880 0.117747 0.114128 0.089461 0.172811 0.099327 
0.091479 0.120906 0.078085 0.104769 0.104326 0.111825 0.099208 0.187920 0.101481 
0.084257 0.114657 0.075005 0.123042 0.137091 0.110675 0.092126 0.177817 0.085331 
0.080237 0.114657 0.074059 0.119796 0.105676 0.118199 0.092080 0.181955 0.113340 
0.081977 0.106177 0.070473 0.113293 0.130018 0.115491 0.086813 0.170242 0.125517 
0.081722 0.114211 0.074324 0.131070 0.129205 0.135743 0.091495 0.177061 0.065168 
0.086408 0.116443 0.074456 0.129877 0.097247 0.118270 0.093095 0.184804 0.099402 
0.082108 0.114211 0.074842 0.119710 0.118532 0.114657 0.092225 0.178350 0.105365 
0.081095 0.112426 0.072794 0.124235 0.107899 0.121497 0.090443 0.176209 0.113402 
0.084740 0.115104 0.074953 0.123128 0.125472 0.114033 0.092383 0.178827 0.091361 
0.082466 0.115550 0.075108 0.129705 0.121473 0.118765 0.092539 0.179125 0.085268 
0.082879 0.114657 0.075316 0.108435 0.112828 0.111506 0.092983 0.179953 0.121444 
0.081568 0.113765 0.073301 0.129362 0.110510 0.125972 0.090976 0.177222 0.097325 
0.081951 0.116889 0.076332 0.111341 0.110935 0.123736 0.094433 0.183099 0.101284 
0.090607 0.117335 0.076252 0.112197 0.126522 0.126230 0.093667 0.185861 0.071329 
0.085574 0.120014 0.079052 0.115958 0.112241 0.119597 0.095721 0.186570 0.085273 
0.084330 0.117336 0.075118 0.128426 0.103361 0.122965 0.093657 0.185518 0.089290 
0.079932 0.110194 0.072246 0.120559 0.119970 0.121984 0.091970 0.173766 0.109379 
0.090261 0.111979 0.073001 0.119280 0.116712 0.110711 0.092755 0.177675 0.107627 
0.083680 0.112426 0.073078 0.117743 0.106716 0.114620 0.090725 0.181517 0.119495 
0.081517 0.110640 0.072648 0.135252 0.143507 0.105405 0.091643 0.172051 0.087336 
0.084497 0.113765 0.074154 0.119624 0.114554 0.107817 0.091823 0.178289 0.115477 
0.081504 0.105731 0.068802 0.144044 0.135311 0.117357 0.085402 0.166418 0.095433 
0.083129 0.112872 0.073181 0.134059 0.116994 0.119623 0.095355 0.175439 0.089348 
0.084348 0.114211 0.074093 0.131070 0.118065 0.106678 0.094140 0.177995 0.099399 
0.090658 0.117335 0.075873 0.123557 0.118380 0.121646 0.093515 0.183623 0.075413 
0.082393 0.107516 0.071577 0.142765 0.119672 0.112354 0.086726 0.169567 0.107430 
0.081706 0.114211 0.074850 0.126202 0.123923 0.118323 0.091969 0.177519 0.091296 
0.083646 0.112872 0.073259 0.125944 0.120654 0.108897 0.090786 0.176507 0.107437 
0.083919 0.107962 0.071643 0.123375 0.120597 0.106910 0.088544 0.171467 0.125583 
0.082682 0.110640 0.073138 0.109284 0.132339 0.124023 0.092525 0.173965 0.101404 
0.091479 0.120906 0.078550 0.101524 0.101877 0.119253 0.097011 0.187920 0.101481 
0.083996 0.108855 0.071059 0.123547 0.114939 0.119066 0.090843 0.172160 0.115535 
0.081690 0.106177 0.069018 0.127900 0.107488 0.134380 0.085754 0.172125 0.115468 
0.082706 0.114657 0.074877 0.108435 0.105896 0.123335 0.095084 0.179596 0.115414 
0.086900 0.111087 0.073167 0.112616 0.106334 0.107334 0.093611 0.177463 0.131488 
0.089375 0.119121 0.076148 0.133639 0.109950 0.117650 0.094308 0.188478 0.071331 
0.084095 0.113765 0.074472 0.106640 0.119120 0.128815 0.091753 0.179934 0.101408 
0.080801 0.115550 0.075513 0.116722 0.114898 0.108773 0.093267 0.183144 0.111332 
0.086467 0.109748 0.072795 0.110735 0.118053 0.126939 0.089388 0.172285 0.113590 
0.076181 0.106623 0.070266 0.118248 0.123682 0.113897 0.086977 0.172707 0.131419 
0.076368 0.107962 0.071438 0.131490 0.125356 0.104284 0.088392 0.171328 0.123382 
0.082869 0.115550 0.074480 0.126459 0.116303 0.112623 0.092424 0.179956 0.099337 
0.082065 0.116889 0.074763 0.138078 0.110440 0.112514 0.092897 0.185137 0.087215 
0.081356 0.109748 0.071650 0.130211 0.127298 0.116117 0.088516 0.171692 0.103413 
0.081432 0.111979 0.074958 0.129018 0.121580 0.100991 0.093351 0.177309 0.109381 
0.091895 0.122245 0.078394 0.119634 0.104874 0.113640 0.097110 0.188815 0.083394 
0.086433 0.110194 0.072046 0.136789 0.130478 0.101408 0.088892 0.172228 0.101532 
0.080593 0.115104 0.075575 0.111767 0.129159 0.117093 0.093201 0.180246 0.097262 
0.080106 0.111087 0.070815 0.146698 0.106665 0.110417 0.088691 0.174130 0.111390 
0.082004 0.113318 0.074352 0.103308 0.110465 0.123077 0.091915 0.178109 0.123452 
0.080814 0.108409 0.070585 0.136445 0.123972 0.122218 0.087609 0.170557 0.099392 
0.079967 0.110640 0.072365 0.125514 0.112642 0.118065 0.089557 0.173831 0.117419 
0.081010 0.109748 0.073581 0.122096 0.131946 0.124918 0.093460 0.171886 0.091354 
0.088085 0.116443 0.074255 0.137992 0.103491 0.112550 0.094968 0.180790 0.091426 
0.080193 0.115996 0.074333 0.137906 0.119813 0.118545 0.094615 0.179424 0.079175 
0.075339 0.099928 0.066721 0.147795 0.145314 0.118926 0.082056 0.158511 0.105411 
0.079154 0.112872 0.073312 0.124321 0.117573 0.120758 0.091040 0.179691 0.101279 
0.081135 0.116443 0.076795 0.108779 0.124038 0.115944 0.094201 0.181381 0.101284 
0.083765 0.116443 0.075988 0.123385 0.120821 0.110106 0.093864 0.184329 0.091298 
0.082173 0.111087 0.072726 0.124830 0.125066 0.119218 0.089613 0.175892 0.099395 
0.086057 0.120460 0.078515 0.114421 0.112890 0.108099 0.099104 0.189150 0.091303 
0.087193 0.111533 0.072458 0.130555 0.120188 0.116706 0.089554 0.176309 0.095504 
0.081352 0.110640 0.073425 0.143366 0.138859 0.109622 0.088543 0.174959 0.079233 
0.083104 0.111533 0.073898 0.119194 0.127587 0.114997 0.090901 0.175371 0.103415 
0.083727 0.113318 0.073680 0.125260 0.115994 0.120873 0.091065 0.176686 0.099398 
0.077262 0.106177 0.069053 0.136015 0.109772 0.116042 0.086073 0.168123 0.131483 
0.078805 0.109301 0.071496 0.131748 0.120705 0.118813 0.088359 0.171395 0.109378 
0.077653 0.107070 0.070223 0.129695 0.122488 0.111017 0.089454 0.168956 0.123444 
0.084592 0.107962 0.074170 0.139605 0.133580 0.108739 0.087217 0.172654 0.091480 
0.073711 0.105284 0.070421 0.122859 0.146240 0.111251 0.086207 0.170698 0.113329 
0.089972 0.119567 0.078042 0.102889 0.118770 0.123851 0.098282 0.187247 0.081381 
0.077625 0.111979 0.073035 0.133887 0.121167 0.131158 0.089927 0.174013 0.087210 
0.080659 0.112872 0.074067 0.128420 0.128574 0.121915 0.090898 0.175320 0.087274 
0.079467 0.114211 0.074050 0.129448 0.112260 0.121351 0.094077 0.177876 0.097261 
0.079166 0.112872 0.074912 0.112960 0.126456 0.105047 0.092001 0.177218 0.119368 
0.083254 0.111979 0.074258 0.099804 0.129503 0.116397 0.093658 0.175672 0.115475 
0.082118 0.109748 0.072769 0.120473 0.145454 0.103737 0.089513 0.172777 0.103413 
0.083116 0.111533 0.075518 0.109456 0.117518 0.111666 0.093408 0.176281 0.121504 
0.090330 0.120906 0.080318 0.119376 0.118437 0.127958 0.095841 0.185547 0.061284 
0.084428 0.113765 0.073596 0.130985 0.103935 0.123345 0.096402 0.178167 0.095379 
0.080595 0.115996 0.074634 0.131414 0.108974 0.122307 0.092580 0.180254 0.093244 
0.086922 0.118228 0.076278 0.112369 0.103285 0.131021 0.096846 0.185761 0.089291 
0.083294 0.115996 0.074850 0.116808 0.101300 0.128177 0.095372 0.180847 0.103357 
0.079604 0.107516 0.070041 0.136273 0.112549 0.106764 0.087772 0.172017 0.127465 
0.090317 0.119567 0.076906 0.119118 0.102292 0.115050 0.097825 0.185485 0.093440 
0.086176 0.115550 0.075379 0.106984 0.122906 0.119748 0.093556 0.184321 0.095381 
0.087783 0.122692 0.078979 0.108359 0.098922 0.115257 0.100373 0.190299 0.097335 
0.085403 0.107962 0.071591 0.113637 0.127364 0.118555 0.088038 0.169906 0.117544 
0.082180 0.107962 0.072445 0.133113 0.130417 0.123595 0.087124 0.171747 0.091416 
0.077954 0.108409 0.072480 0.138068 0.123833 0.117417 0.089983 0.170519 0.101338 
0.086524 0.117336 0.076235 0.115443 0.106936 0.116422 0.099132 0.182571 0.099403 
0.078932 0.109748 0.072065 0.139949 0.144050 0.109544 0.088763 0.171689 0.085261 
0.086385 0.116889 0.075926 0.108865 0.103755 0.126546 0.093930 0.182273 0.105432 
0.084006 0.115550 0.074827 0.115099 0.093745 0.117153 0.095852 0.182325 0.121445 
0.080389 0.108855 0.072063 0.130039 0.154991 0.101973 0.088188 0.172148 0.091353 
0.080536 0.115104 0.075532 0.123128 0.115320 0.121861 0.093138 0.180128 0.095253 
0.087216 0.115104 0.073869 0.136111 0.114222 0.111557 0.091732 0.178828 0.091361 
0.083784 0.116443 0.075530 0.118517 0.104150 0.111544 0.098506 0.184214 0.107313 
0.078528 0.108409 0.072271 0.104838 0.123393 0.129157 0.088696 0.173273 0.121436 
0.086196 0.113318 0.073568 0.124407 0.112143 0.113628 0.095987 0.179281 0.101472 
0.084317 0.115997 0.074491 0.116808 0.090655 0.119959 0.093350 0.182979 0.121445 
0.081653 0.108855 0.071462 0.125170 0.110344 0.103539 0.088648 0.174760 0.135569 
0.082683 0.114211 0.075118 0.109972 0.111187 0.109066 0.092764 0.179536 0.125463 
0.081914 0.106177 0.069543 0.131146 0.118602 0.113015 0.086256 0.167767 0.125581 
0.086598 0.113318 0.074335 0.109800 0.111152 0.119866 0.091756 0.177635 0.115540 
0.077596 0.107070 0.070800 0.128072 0.128072 0.108357 0.089762 0.168837 0.121434 
0.088642 0.120460 0.077250 0.112798 0.091984 0.123507 0.100933 0.187030 0.097397 
0.085176 0.114657 0.074455 0.114927 0.102622 0.118567 0.092392 0.179716 0.117488 
0.082222 0.113318 0.074785 0.119538 0.116021 0.109811 0.092322 0.178580 0.113403 
0.085672 0.107962 0.071645 0.128244 0.130335 0.105657 0.088292 0.170615 0.111578 
0.084992 0.114657 0.075670 0.108435 0.131644 0.116394 0.095484 0.179354 0.093370 
0.084118 0.114211 0.074230 0.117317 0.116469 0.133179 0.091597 0.177519 0.091360 
0.078004 0.111533 0.073113 0.119194 0.113722 0.128079 0.090245 0.174782 0.111327 
0.081311 0.115104 0.074067 0.129619 0.104126 0.108626 0.092588 0.181218 0.113341 
0.081551 0.110194 0.072778 0.135166 0.133338 0.101225 0.091769 0.174585 0.099394 
0.086824 0.114211 0.075178 0.105103 0.122493 0.121534 0.094790 0.180469 0.099399 
0.079662 0.114657 0.075487 0.121419 0.133266 0.103982 0.092564 0.185720 0.093242 
0.078092 0.108855 0.071995 0.134908 0.137989 0.109768 0.090698 0.172386 0.095309 
0.079754 0.114211 0.073956 0.124579 0.115149 0.112365 0.094207 0.178469 0.107310 
0.083122 0.115996 0.074876 0.133037 0.107103 0.112770 0.095276 0.180492 0.097327 
0.087312 0.115104 0.075962 0.113390 0.133724 0.120391 0.093098 0.181654 0.079366 
0.084813 0.117782 0.076306 0.125266 0.107862 0.113943 0.094657 0.184052 0.095320 
0.076670 0.110194 0.071960 0.131920 0.125444 0.125801 0.088765 0.171990 0.097257 
0.084968 0.114211 0.074517 0.119710 0.107143 0.124410 0.092327 0.179295 0.103419 
0.081625 0.113765 0.073809 0.124493 0.109684 0.128631 0.091318 0.177340 0.099335 
0.080905 0.116443 0.075383 0.118517 0.126186 0.115209 0.093205 0.180907 0.093244 
0.078960 0.113318 0.075913 0.122784 0.124906 0.111152 0.091500 0.180187 0.101280 
0.092786 0.114211 0.074595 0.100234 0.104834 0.118635 0.092709 0.180362 0.121635 
0.082456 0.111979 0.072992 0.132264 0.125266 0.126022 0.089864 0.173894 0.085264 
0.082811 0.115550 0.077556 0.113476 0.126809 0.112439 0.093290 0.180743 0.097327 
0.079237 0.114211 0.073878 0.134316 0.112342 0.125568 0.093825 0.177401 0.089222 
0.081038 0.112426 0.073371 0.122612 0.115959 0.116361 0.090752 0.176090 0.111392 
0.085280 0.115550 0.075874 0.108607 0.124499 0.115099 0.095736 0.179955 0.099401 
0.082631 0.117782 0.076653 0.128512 0.091990 0.119630 0.094073 0.185433 0.103295 
0.083017 0.115104 0.074696 0.116636 0.101017 0.121190 0.092675 0.180251 0.115415 
0.083081 0.111979 0.074284 0.111165 0.132749 0.110894 0.091086 0.175317 0.109445 
0.085672 0.116443 0.075495 0.125008 0.112017 0.117502 0.093235 0.183265 0.091362 
0.081481 0.108855 0.071488 0.105694 0.124623 0.115367 0.088551 0.174402 0.129540 
0.086039 0.115996 0.076298 0.118431 0.117501 0.107851 0.096462 0.184030 0.097391 
0.086027 0.115550 0.077826 0.103738 0.101392 0.115011 0.093430 0.181498 0.125528 
0.085598 0.112872 0.073999 0.119452 0.140267 0.104951 0.095883 0.175557 0.091422 
0.082568 0.114211 0.076912 0.108349 0.112314 0.111175 0.092823 0.180205 0.121443 
0.077291 0.111087 0.071443 0.136961 0.112441 0.131415 0.088807 0.173299 0.097258 
0.080307 0.107516 0.069484 0.147634 0.116042 0.114496 0.089147 0.171964 0.103410 
0.086525 0.115104 0.075558 0.118259 0.111030 0.108291 0.093741 0.182043 0.109449 
0.081446 0.116889 0.075375 0.115357 0.110386 0.123703 0.093525 0.182036 0.101284 
0.082851 0.115104 0.074368 0.115013 0.112792 0.120455 0.092330 0.179776 0.107312 
0.078379 0.108855 0.070815 0.128416 0.121954 0.125543 0.090177 0.170503 0.105358 
0.088993 0.117336 0.074574 0.115443 0.089855 0.131462 0.093220 0.187642 0.101476 
0.081777 0.111087 0.072536 0.141829 0.130100 0.117749 0.089202 0.172468 0.083253 
0.081510 0.110640 0.073522 0.112530 0.127360 0.112443 0.093571 0.179043 0.109380 
0.085551 0.119567 0.076484 0.120741 0.103889 0.115233 0.097609 0.185604 0.095322 
0.085061 0.114657 0.075453 0.095451 0.115414 0.128103 0.092916 0.179477 0.113468 
0.081297 0.112872 0.075138 0.119452 0.116747 0.113848 0.095923 0.177413 0.107309 
0.082507 0.111979 0.074338 0.132264 0.133190 0.111533 0.089804 0.175038 0.089347 
0.079443 0.113765 0.074601 0.114755 0.123384 0.116986 0.091942 0.177814 0.107310 
0.085960 0.116443 0.075246 0.123385 0.104480 0.115944 0.095748 0.181382 0.101411 
0.080457 0.107962 0.071083 0.123375 0.130749 0.113420 0.087696 0.169788 0.115470 
0.080237 0.114657 0.075299 0.113304 0.122566 0.108295 0.092824 0.179478 0.113340 
0.082632 0.118675 0.076622 0.122192 0.106191 0.114939 0.094939 0.184533 0.099277 
0.082759 0.111533 0.072555 0.122440 0.118648 0.133703 0.089871 0.177135 0.091356 
0.078060 0.110640 0.072083 0.125514 0.113634 0.113146 0.094673 0.174895 0.117355 
0.077548 0.108855 0.071369 0.134908 0.115461 0.109163 0.091029 0.176324 0.115343 
0.085660 0.107516 0.071161 0.103813 0.108366 0.125197 0.088014 0.170558 0.139715 
0.082369 0.111533 0.072458 0.130555 0.112760 0.131562 0.089554 0.173833 0.095376 
0.084832 0.114657 0.074041 0.126288 0.106364 0.117464 0.091921 0.179004 0.105429 
0.091258 0.115550 0.076490 0.118345 0.104611 0.122192 0.093273 0.182773 0.095509 
0.079956 0.111533 0.074493 0.122440 0.134988 0.114229 0.089833 0.177215 0.095312 
0.083086 0.107070 0.071217 0.124826 0.131318 0.112272 0.087980 0.172728 0.109503 
0.083282 0.115996 0.075885 0.124922 0.121160 0.116652 0.093515 0.183319 0.085268 
0.084475 0.108409 0.071262 0.129953 0.117341 0.117968 0.090959 0.172138 0.107495 
0.086650 0.120014 0.076923 0.115958 0.098624 0.120516 0.098048 0.187945 0.095322 
0.083923 0.113765 0.075293 0.129362 0.112242 0.120836 0.091192 0.178009 0.095379 
0.088142 0.116443 0.075693 0.116894 0.117409 0.115209 0.095867 0.180907 0.093436 
0.079933 0.111087 0.071770 0.129699 0.107076 0.124721 0.091628 0.178725 0.105361 
0.086596 0.114657 0.077119 0.097074 0.099678 0.108207 0.093458 0.183614 0.139596 
0.077325 0.110640 0.073607 0.140974 0.114760 0.109902 0.089211 0.174263 0.109316 
0.082091 0.118228 0.076166 0.122106 0.103697 0.126253 0.094340 0.185881 0.091237 
0.085811 0.112426 0.074215 0.112874 0.124211 0.113517 0.093659 0.175852 0.107436 
0.092453 0.118675 0.076441 0.107586 0.089108 0.130346 0.094942 0.184888 0.105561 
0.086091 0.120014 0.078025 0.109466 0.103630 0.116299 0.096382 0.186732 0.103362 
0.082500 0.115104 0.074308 0.119882 0.122530 0.117060 0.092107 0.179183 0.097326 
0.084023 0.108855 0.071667 0.125170 0.126684 0.113347 0.088575 0.174182 0.107496 
0.085589 0.122692 0.079876 0.110835 0.102634 0.121799 0.098583 0.190769 0.087222 
0.082592 0.114657 0.074326 0.113304 0.106722 0.125443 0.092203 0.179359 0.111395 
0.088036 0.114657 0.075699 0.107665 0.091069 0.130795 0.092494 0.184042 0.115542 
0.079065 0.106623 0.071766 0.137724 0.145303 0.106006 0.086339 0.167784 0.099390 
0.090121 0.119121 0.076553 0.117409 0.101670 0.117562 0.095036 0.185068 0.097459 
0.074937 0.103499 0.069174 0.138745 0.147518 0.100207 0.084793 0.165726 0.115401 
0.083662 0.116443 0.075642 0.113648 0.108772 0.118788 0.096060 0.181619 0.105367 
0.083406 0.115104 0.075926 0.118259 0.133806 0.104313 0.093003 0.182876 0.093307 
0.078493 0.107962 0.070913 0.124998 0.119965 0.125649 0.087890 0.170734 0.113396 
0.079818 0.111087 0.072614 0.119108 0.123609 0.124354 0.092059 0.176011 0.101341 
0.090686 0.120014 0.076923 0.120827 0.101183 0.113088 0.095572 0.186258 0.095450 
0.080089 0.107516 0.072171 0.118420 0.130897 0.117857 0.089669 0.169922 0.113460 
0.075099 0.104392 0.070327 0.125933 0.159051 0.116731 0.085537 0.163608 0.099323 
0.087405 0.115550 0.074729 0.118345 0.116247 0.126560 0.092387 0.179362 0.089415 
0.093552 0.120014 0.077329 0.106221 0.110592 0.115229 0.096075 0.189559 0.091430 
0.080082 0.110640 0.074485 0.112530 0.114980 0.118432 0.092438 0.174974 0.121439 
0.087358 0.114657 0.074127 0.110058 0.112692 0.120308 0.092047 0.179240 0.109512 
0.081855 0.113765 0.073672 0.127739 0.109409 0.112034 0.093861 0.180291 0.107374 
0.085074 0.115996 0.075151 0.126545 0.117557 0.123680 0.092666 0.182018 0.081313 
0.085037 0.114211 0.076800 0.093742 0.117267 0.111358 0.095269 0.182799 0.123517 
prostate
0.076725 0.106160 0.069626 0.128947 0.123835 0.112787 0.085426 0.187831 0.108663 
0.079958 0.111377 0.074230 0.116939 0.136968 0.100501 0.092427 0.192905 0.094694 
0.077131 0.110943 0.072916 0.128224 0.134519 0.102293 0.088927 0.194410 0.090637 
0.082274 0.101812 0.067469 0.118384 0.111666 0.117119 0.083273 0.181267 0.136735 
0.073852 0.101378 0.067405 0.132917 0.135329 0.103318 0.082525 0.178648 0.124629 
0.082156 0.109638 0.074403 0.118235 0.113589 0.108309 0.088553 0.192392 0.112723 
0.083220 0.109638 0.071438 0.134474 0.136151 0.105558 0.087387 0.189295 0.082840 
0.078699 0.106160 0.069264 0.122451 0.107377 0.111947 0.088636 0.188835 0.126631 
0.083131 0.108769 0.070955 0.118071 0.115775 0.126335 0.087091 0.189066 0.100807 
0.081980 0.114855 0.073603 0.127338 0.114099 0.114142 0.090684 0.202576 0.080723 
0.080066 0.107464 0.070276 0.127569 0.130707 0.117267 0.086345 0.187550 0.092756 
0.080780 0.108769 0.070681 0.137558 0.123991 0.099317 0.086965 0.189199 0.102740 
0.080855 0.106595 0.072584 0.109542 0.110437 0.110337 0.087215 0.189751 0.132684 
0.077000 0.110508 0.072134 0.133014 0.123225 0.104992 0.090874 0.191627 0.096626 
0.089264 0.116595 0.075887 0.106555 0.105100 0.116384 0.093546 0.205834 0.090834 
0.082748 0.115290 0.074181 0.116053 0.105703 0.118203 0.091458 0.201729 0.094635 
0.082959 0.108769 0.071936 0.121319 0.133008 0.108482 0.087565 0.191144 0.094817 
0.081926 0.109638 0.074218 0.116611 0.121112 0.107584 0.091343 0.192830 0.104737 
0.088643 0.111812 0.075682 0.113773 0.121717 0.108087 0.090681 0.196716 0.092888 
0.079698 0.107464 0.070039 0.140560 0.125132 0.105236 0.088434 0.186688 0.096749 
0.088298 0.116595 0.075559 0.117923 0.108061 0.108905 0.092716 0.201110 0.090834 
0.080492 0.108769 0.073401 0.124567 0.134706 0.105828 0.089975 0.189505 0.092758 
0.077695 0.112247 0.074280 0.128470 0.133303 0.109578 0.090029 0.195739 0.078660 
0.078144 0.103551 0.069659 0.121959 0.130932 0.107050 0.084963 0.183039 0.120702 
0.079915 0.114855 0.074972 0.102980 0.119379 0.122648 0.091722 0.200890 0.092638 
0.078601 0.105725 0.069653 0.123993 0.132876 0.116688 0.087596 0.184127 0.100740 
0.086902 0.105725 0.069775 0.117498 0.112680 0.120249 0.088201 0.186062 0.112909 
0.083773 0.119203 0.077526 0.098928 0.100957 0.112116 0.095487 0.207388 0.104622 
0.076406 0.105291 0.072146 0.125535 0.117412 0.113057 0.084975 0.186533 0.118644 
0.083694 0.113116 0.073995 0.110771 0.116138 0.112028 0.093042 0.198463 0.098752 
0.081287 0.110073 0.069781 0.150795 0.115800 0.106421 0.086681 0.190397 0.088766 
0.086031 0.112682 0.073573 0.109066 0.108361 0.112436 0.095241 0.195810 0.106801 
0.077467 0.107464 0.073630 0.134064 0.122498 0.110544 0.085802 0.187915 0.100615 
0.080736 0.112247 0.073485 0.115479 0.108759 0.123937 0.089962 0.194711 0.100684 
0.080747 0.110943 0.072710 0.103866 0.093892 0.115993 0.094527 0.194696 0.132626 
0.076422 0.105725 0.070619 0.125617 0.137404 0.102578 0.085848 0.187125 0.108662 
0.084552 0.120073 0.077574 0.097468 0.083846 0.120715 0.095967 0.209194 0.110613 
0.081841 0.113551 0.073311 0.125468 0.108255 0.119070 0.090502 0.197297 0.090704 
0.078688 0.109638 0.073002 0.116611 0.134488 0.116355 0.087605 0.190916 0.092695 
0.079901 0.108334 0.072036 0.126109 0.149361 0.107075 0.087232 0.187178 0.082775 
0.078697 0.109203 0.070777 0.137640 0.116843 0.120469 0.087214 0.192452 0.086705 
0.081455 0.105291 0.068826 0.123911 0.114851 0.103892 0.087415 0.187603 0.126757 
0.080079 0.111377 0.072687 0.125059 0.119016 0.110574 0.089072 0.195510 0.096627 
0.079735 0.113986 0.074223 0.122303 0.110507 0.116916 0.093688 0.198003 0.090641 
0.087259 0.111812 0.072748 0.128388 0.128148 0.102567 0.089093 0.193086 0.086899 
0.076501 0.108334 0.071781 0.119613 0.130177 0.106779 0.090308 0.189901 0.106606 
0.080243 0.103551 0.068196 0.126831 0.120667 0.107564 0.083885 0.182308 0.126755 
0.080780 0.108769 0.070998 0.129439 0.119242 0.111680 0.087154 0.189198 0.102740 
0.082165 0.107464 0.070558 0.122697 0.129875 0.112835 0.088780 0.186818 0.098809 
0.078573 0.112682 0.072766 0.123681 0.107120 0.116656 0.092140 0.197758 0.098625 
0.082445 0.114855 0.075332 0.102980 0.111455 0.127775 0.091974 0.198549 0.094635 
0.079467 0.110508 0.071542 0.133014 0.124238 0.100228 0.090559 0.191758 0.098686 
0.081877 0.110508 0.072335 0.130615 0.120426 0.102700 0.091032 0.191758 0.098749 
0.081904 0.113116 0.073433 0.125386 0.112171 0.111666 0.090161 0.197467 0.094696 
0.082142 0.106160 0.069718 0.125699 0.120172 0.110708 0.085872 0.186747 0.112782 
0.079107 0.110073 0.072809 0.121565 0.133058 0.104673 0.088634 0.193393 0.096689 
0.074200 0.106160 0.068588 0.132195 0.122106 0.117369 0.087206 0.187569 0.104607 
0.081154 0.112682 0.074562 0.115561 0.107569 0.117200 0.089950 0.196644 0.104678 
0.083678 0.115725 0.074181 0.108015 0.082961 0.123171 0.092073 0.201538 0.118657 
0.081384 0.112682 0.074020 0.099322 0.110181 0.120398 0.093146 0.196204 0.112664 
0.078370 0.108769 0.070681 0.127815 0.121373 0.109208 0.091911 0.189198 0.102677 
0.076651 0.108769 0.070563 0.118071 0.104931 0.111385 0.087340 0.195720 0.126571 
0.077660 0.106595 0.070536 0.111166 0.121682 0.107682 0.086546 0.187509 0.130624 
0.082064 0.113986 0.074043 0.122303 0.103342 0.108264 0.093523 0.197797 0.104679 
0.083607 0.109203 0.071836 0.110034 0.118208 0.122252 0.087898 0.190165 0.106797 
0.077174 0.107464 0.070270 0.139785 0.125401 0.114764 0.086025 0.186425 0.092693 
0.086947 0.113551 0.073685 0.118198 0.100438 0.117505 0.090910 0.197954 0.100813 
0.081669 0.113116 0.073758 0.130258 0.119155 0.105995 0.092989 0.196350 0.086710 
0.083031 0.112247 0.073716 0.113855 0.122240 0.111210 0.090026 0.196920 0.096755 
0.081809 0.110073 0.072347 0.121565 0.111817 0.117762 0.088506 0.191446 0.104675 
0.090740 0.112682 0.072651 0.123681 0.104900 0.109419 0.089635 0.195417 0.100875 
0.084792 0.111812 0.073737 0.123517 0.116471 0.122167 0.088747 0.193919 0.084839 
0.083472 0.112682 0.073105 0.126928 0.120674 0.112944 0.089927 0.195492 0.084776 
0.075643 0.107899 0.071295 0.135770 0.126536 0.094642 0.087176 0.188445 0.112595 
0.078834 0.113551 0.073854 0.123845 0.115778 0.121149 0.090434 0.195908 0.086647 
0.084098 0.110073 0.071669 0.121565 0.117775 0.112635 0.088065 0.191314 0.102805 
0.078615 0.109203 0.071548 0.101914 0.124109 0.126653 0.090088 0.197188 0.100681 
0.079769 0.113986 0.074287 0.110935 0.121876 0.101209 0.091270 0.198059 0.108609 
0.085427 0.119638 0.079350 0.110377 0.113065 0.105644 0.095158 0.206619 0.084721 
0.082540 0.111377 0.073647 0.123435 0.116708 0.108464 0.088819 0.194265 0.100747 
0.078515 0.112682 0.073358 0.117185 0.112604 0.123892 0.089982 0.195154 0.096629 
0.080406 0.115725 0.074487 0.116135 0.105466 0.127868 0.091699 0.199567 0.088646 
0.077274 0.103986 0.068144 0.149648 0.129584 0.107634 0.085942 0.181043 0.096745 
0.077074 0.107899 0.070086 0.142266 0.143053 0.108867 0.085826 0.186211 0.078718 
0.078658 0.108769 0.070896 0.129439 0.112331 0.107642 0.087279 0.192328 0.112659 
0.084744 0.113551 0.074514 0.089743 0.100685 0.122123 0.091531 0.198403 0.124707 
0.080729 0.111377 0.072230 0.121811 0.101529 0.121221 0.091738 0.194689 0.104676 
0.084680 0.107030 0.070540 0.124239 0.123289 0.106187 0.086348 0.186901 0.110787 
0.080560 0.107464 0.071478 0.108082 0.116786 0.110429 0.087374 0.191129 0.126696 
0.080146 0.111812 0.073627 0.118645 0.119317 0.117766 0.089691 0.198293 0.090701 
0.080576 0.107899 0.071857 0.119531 0.124709 0.102422 0.087585 0.188706 0.116714 
0.075758 0.104856 0.068595 0.143316 0.129202 0.104232 0.084264 0.183111 0.106665 
0.082904 0.116595 0.077905 0.111427 0.124895 0.121926 0.092845 0.200760 0.070743 
0.079641 0.107464 0.069996 0.138936 0.124284 0.110000 0.088371 0.186556 0.094753 
0.080629 0.111377 0.072939 0.120187 0.121162 0.117629 0.089458 0.193921 0.092697 
0.076609 0.102247 0.067519 0.134705 0.133991 0.123700 0.085205 0.179346 0.096679 
0.078033 0.108334 0.071608 0.124485 0.134942 0.119650 0.087332 0.190908 0.084708 
0.077128 0.103117 0.067935 0.129997 0.134205 0.108448 0.083300 0.183155 0.112715 
0.078960 0.109203 0.070855 0.118153 0.109387 0.122796 0.087425 0.190560 0.112659 
0.078158 0.107030 0.071237 0.099881 0.117726 0.121960 0.092211 0.191155 0.120643 
0.084638 0.110073 0.072987 0.108574 0.119359 0.117793 0.089205 0.192571 0.104801 
0.079352 0.110508 0.074075 0.121647 0.128889 0.109755 0.088622 0.192459 0.094693 
0.078117 0.107464 0.069986 0.125945 0.116036 0.113773 0.091414 0.188601 0.108664 
0.087147 0.109638 0.071267 0.111740 0.094152 0.126162 0.088269 0.192785 0.118839 
0.083037 0.112247 0.073990 0.122824 0.120183 0.108556 0.090152 0.194317 0.094695 
0.086872 0.112247 0.075219 0.105736 0.104681 0.112542 0.090917 0.201056 0.110730 
0.084112 0.113551 0.075785 0.096238 0.123547 0.115182 0.091881 0.196957 0.102746 
0.079364 0.106160 0.069323 0.132195 0.111455 0.111040 0.087866 0.185885 0.116712 
0.084482 0.110508 0.072760 0.124895 0.128114 0.109242 0.088944 0.192226 0.088830 
0.088672 0.106595 0.068332 0.150139 0.117127 0.104418 0.084566 0.185146 0.095005 
0.076510 0.106595 0.069674 0.138772 0.128689 0.116418 0.085291 0.187355 0.090695 
0.089063 0.110943 0.072195 0.124977 0.116526 0.119239 0.088423 0.191674 0.086961 
0.086558 0.122681 0.079012 0.083345 0.083221 0.129105 0.099816 0.215629 0.100633 
0.077928 0.104421 0.069587 0.122123 0.143328 0.108859 0.084685 0.182404 0.106664 
0.080882 0.116160 0.075369 0.121089 0.114687 0.101531 0.092507 0.203140 0.094636 
0.086422 0.113986 0.074332 0.112559 0.117019 0.119176 0.090926 0.196744 0.088834 
0.082243 0.110943 0.072612 0.115233 0.123546 0.115382 0.088894 0.192462 0.098686 
0.081341 0.116160 0.075713 0.099978 0.103656 0.117818 0.093008 0.201717 0.110608 
0.084948 0.114421 0.076511 0.088283 0.126756 0.106653 0.092802 0.198894 0.110733 
0.081188 0.108769 0.070780 0.119695 0.114911 0.107823 0.092192 0.189986 0.114655 
0.080967 0.112247 0.072071 0.127695 0.094129 0.119717 0.089267 0.195237 0.108670 
0.080205 0.108769 0.072393 0.139182 0.128772 0.109866 0.086716 0.191322 0.082775 
0.084907 0.111812 0.072474 0.125141 0.119539 0.112639 0.091439 0.193217 0.088832 
0.079966 0.110943 0.072085 0.128224 0.116511 0.121924 0.088712 0.192932 0.088704 
0.078209 0.104421 0.070561 0.126995 0.129831 0.100057 0.087061 0.184158 0.118706 
0.081489 0.113986 0.073929 0.133670 0.118666 0.103978 0.090612 0.198956 0.084715 
0.081919 0.107030 0.069848 0.127487 0.120800 0.117643 0.088224 0.186244 0.100805 
0.076767 0.102682 0.067615 0.128291 0.133340 0.115366 0.082902 0.182318 0.110719 
0.086249 0.117029 0.076672 0.106637 0.118180 0.106932 0.093587 0.201946 0.092768 
0.083022 0.114421 0.075089 0.106146 0.101785 0.111630 0.094745 0.202494 0.110669 
0.076611 0.103117 0.067072 0.152731 0.132008 0.111761 0.082452 0.179501 0.094747 
0.087216 0.115290 0.075076 0.116053 0.116294 0.114823 0.091806 0.198599 0.084843 
0.081347 0.107899 0.070967 0.116284 0.115400 0.103360 0.087557 0.190489 0.126696 
