-860279.422753
0
0.000001 0.000001 0.000001 0.000001 0.000001 0.000001 0.000001 0.000001 0.000001 0.000001 0.000001 0.000001 0.000001 0.000001 0.000001 0.000001 0.000432 0.000001 0.000224 0.000001 0.000001 0.000001 0.000001 0.000179 0.000001 0.000001 0.000001 0.070587 0.000001 0.000001 0.000001 0.000001 0.000001 0.000001 0.765381 0.000001 0.000001 0.000001 0.000001 0.000016 0.000001 0.000001 0.000001 0.000001 0.000001 0.000001 0.000001 0.000001 0.000001 0.000001 0.000001 0.000001 0.000001 0.000001 0.000001 0.000001 0.000001 0.000001 0.135565 0.022767 0.000001 0.000001 0.000001 0.000001 0.000001 0.000001 0.000001 0.000001 0.000001 0.000001 0.000001 0.000001 0.000001 0.000001 0.000001 0.000937 0.000001 0.000001 0.000001 0.000001 0.000001 0.000001 0.000001 0.000001 0.000001 0.000001 0.000001 0.000001 0.000001 0.000001 0.000001 0.000001 0.000063 0.000001 0.000001 0.003773 
0.000001 0.000000 0.000000 0.000000 0.000000 0.000000 0.000000 0.000000 0.000001 0.000000 0.000001 0.000001 0.000001 0.000000 0.000000 0.000001 0.000001 0.000001 0.000001 0.000001 0.000001 0.000000 0.000000 0.000001 0.000001 0.000001 0.000000 0.000001 0.000000 0.000000 0.000000 0.000000 0.000001 0.000000 0.000001 0.000000 0.000000 0.000000 0.000000 0.000001 0.000001 0.000001 0.000001 0.000001 0.000001 0.000000 0.000001 0.000001 0.000000 0.000000 0.000000 0.000000 0.000000 0.000000 0.000000 0.000000 0.076691 0.000001 0.923257 0.000001 0.000000 0.000000 0.000000 0.000000 0.000000 0.000001 0.000000 0.000001 0.000000 0.000000 0.000000 0.000001 0.000001 0.000000 0.000000 0.000001 0.000000 0.000000 0.000000 0.000000 0.000000 0.000000 0.000001 0.000000 0.000001 0.000000 0.000001 0.000000 0.000001 0.000000 0.000000 0.000001 0.000001 0.000000 0.000000 0.000001 
0.000046 0.000000 0.000000 0.000000 0.000000 0.000000 0.000000 0.000000 0.001095 0.000000 0.000001 0.000001 0.000001 0.000000 0.000000 0.000001 0.000001 0.000001 0.000001 0.000001 0.000666 0.000000 0.000000 0.000001 0.000010 0.000001 0.000000 0.000001 0.000000 0.000000 0.000000 0.000000 0.000001 0.000000 0.003639 0.000000 0.000000 0.000000 0.000000 0.000001 0.000037 0.000028 0.000274 0.000001 0.000001 0.000000 0.000010 0.002571 0.000000 0.000000 0.000000 0.000000 0.000000 0.000000 0.000000 0.000000 0.000001 0.196613 0.791505 0.000001 0.000000 0.000000 0.000000 0.000000 0.000000 0.000010 0.000000 0.000010 0.000000 0.000000 0.000000 0.000074 0.000083 0.000000 0.000000 0.000001 0.000000 0.000000 0.000000 0.000000 0.000000 0.000000 0.001897 0.000000 0.000001 0.000000 0.000010 0.000000 0.000010 0.000000 0.000000 0.000001 0.001373 0.000000 0.000000 0.000001 
0.000001 0.000000 0.000000 0.000000 0.000000 0.000000 0.000000 0.000000 0.000001 0.000000 0.543992 0.000010 0.000037 0.000000 0.000000 0.000037 0.000001 0.000010 0.000001 0.000230 0.000001 0.000000 0.000000 0.000001 0.000001 0.000147 0.000000 0.000001 0.000000 0.000000 0.000000 0.000000 0.000010 0.000000 0.000001 0.000000 0.000000 0.000000 0.000000 0.000001 0.000001 0.000001 0.000001 0.000294 0.000120 0.000000 0.000001 0.000001 0.000000 0.000000 0.000000 0.000000 0.000000 0.000000 0.000000 0.000000 0.000001 0.000001 0.454016 0.000001 0.000000 0.000000 0.000000 0.000000 0.000000 0.000001 0.000000 0.000001 0.000000 0.000000 0.000000 0.000001 0.000001 0.000000 0.000000 0.000001 0.000000 0.000000 0.000000 0.000000 0.000000 0.000000 0.000001 0.000000 0.000111 0.000000 0.000001 0.000000 0.000001 0.000000 0.000000 0.000322 0.000619 0.000000 0.000000 0.000001 
0.235373 0.252735 0.247067 0.264825 
0.229049 0.298488 0.231592 0.240871 
0.227096 0.289178 0.226894 0.256831 
0.232160 0.245690 0.268179 0.253971 
breast
0.159952 0.295035 0.280698 0.264315 
0.161021 0.283095 0.271666 0.284218 
0.134370 0.288238 0.296528 0.280865 
0.156989 0.297341 0.271164 0.274506 
0.137582 0.309458 0.271381 0.281579 
0.168442 0.288592 0.264838 0.278128 
0.163519 0.315429 0.273571 0.247481 
0.158679 0.302306 0.285444 0.253572 
0.151208 0.278662 0.289485 0.280645 
0.131821 0.303488 0.256639 0.308053 
0.166505 0.293498 0.278678 0.261318 
0.136549 0.279962 0.276946 0.306542 
0.166696 0.286937 0.269295 0.277072 
0.164717 0.273282 0.269581 0.292420 
0.154651 0.289302 0.277993 0.278055 
0.105623 0.301242 0.304483 0.288653 
0.149718 0.292907 0.278816 0.278558 
0.129345 0.303488 0.286302 0.280865 
0.144668 0.293971 0.287382 0.273978 
0.192797 0.260160 0.267324 0.279719 
0.139749 0.283391 0.294250 0.282611 
0.142843 0.290188 0.281572 0.285396 
0.119815 0.300769 0.298340 0.281076 
0.152274 0.288888 0.274693 0.284145 
0.168161 0.282858 0.288612 0.260368 
0.156254 0.289893 0.279559 0.274295 
0.142837 0.301419 0.282553 0.273191 
0.161060 0.280553 0.264002 0.294385 
0.125359 0.308631 0.282417 0.283593 
0.156785 0.282504 0.277045 0.283666 
0.130035 0.301833 0.286553 0.281579 
0.176648 0.280790 0.261909 0.280654 
0.168732 0.295390 0.270987 0.264891 
0.174032 0.288415 0.266068 0.271485 
0.149324 0.302424 0.281371 0.266881 
0.144024 0.299232 0.281207 0.275537 
0.138854 0.276770 0.292053 0.292323 
0.133982 0.314483 0.282852 0.268684 
0.139335 0.290779 0.276312 0.293574 
0.171806 0.281440 0.283926 0.262829 
0.147380 0.297577 0.288186 0.266857 
0.133258 0.280553 0.301971 0.284218 
0.157469 0.295035 0.283181 0.264315 
0.143984 0.301774 0.278704 0.275537 
0.178399 0.272278 0.281866 0.267457 
0.140360 0.289774 0.276608 0.293257 
0.140759 0.282031 0.257139 0.320071 
0.153621 0.301242 0.286985 0.258152 
0.134698 0.288888 0.294811 0.281604 
0.159840 0.296513 0.267127 0.276520 
0.185932 0.278839 0.275900 0.259328 
0.096676 0.318325 0.291190 0.293809 
0.145142 0.300769 0.259533 0.294556 
0.144576 0.292907 0.286500 0.276017 
0.156838 0.296277 0.265258 0.281628 
0.137272 0.292494 0.288127 0.282107 
0.119631 0.301183 0.286408 0.292778 
0.167386 0.286346 0.287540 0.258728 
0.136937 0.304552 0.267747 0.290764 
0.142672 0.304375 0.288394 0.264559 
0.125220 0.313064 0.294883 0.266832 
0.125635 0.309281 0.290147 0.274937 
0.132715 0.307981 0.266282 0.293022 
0.156464 0.290957 0.277781 0.274799 
0.164430 0.282504 0.279567 0.273499 
0.172029 0.288651 0.267858 0.271461 
0.133850 0.279312 0.289432 0.297406 
0.164720 0.284218 0.275549 0.275513 
0.148009 0.282858 0.262014 0.307118 
0.124123 0.297341 0.281154 0.297382 
0.142093 0.285282 0.278816 0.293809 
0.120098 0.305439 0.289839 0.284625 
0.145717 0.279489 0.265661 0.309132 
0.124380 0.297991 0.291446 0.286184 
0.159531 0.284632 0.271164 0.284673 
0.171050 0.272928 0.279429 0.276593 
0.154046 0.294562 0.292112 0.259280 
0.145996 0.306326 0.294611 0.253068 
0.168837 0.287765 0.265026 0.278372 
0.163155 0.299173 0.255468 0.282204 
0.157278 0.301597 0.282397 0.258728 
0.184391 0.277834 0.274678 0.263097 
0.112880 0.302070 0.283161 0.301889 
0.152148 0.304552 0.288120 0.255179 
0.154960 0.288474 0.284122 0.272444 
0.156286 0.297518 0.287924 0.258273 
0.185966 0.277361 0.269216 0.267457 
0.166033 0.270386 0.273508 0.290073 
0.147453 0.293558 0.271295 0.287694 
0.124971 0.294208 0.273824 0.306997 
0.151300 0.287351 0.272575 0.288774 
0.154243 0.274879 0.282128 0.288750 
0.126115 0.304434 0.286913 0.282538 
0.151412 0.273164 0.275979 0.299445 
0.147427 0.297577 0.289909 0.265087 
0.156581 0.282918 0.244799 0.315702 
0.172174 0.298405 0.279829 0.249592 
0.146027 0.291784 0.263987 0.298202 
0.156430 0.289479 0.271935 0.282156 
0.136168 0.294976 0.292791 0.276065 
0.132465 0.293144 0.267898 0.306494 
0.117240 0.302247 0.274523 0.305990 
0.144173 0.274110 0.273520 0.308198 
0.146928 0.294799 0.272829 0.285445 
0.139992 0.295686 0.303581 0.260742 
0.135053 0.293144 0.287413 0.284389 
0.146532 0.293085 0.280266 0.280117 
0.128210 0.297636 0.301255 0.272899 
0.144122 0.291607 0.273483 0.290788 
0.126303 0.284395 0.279187 0.310115 
0.146632 0.289065 0.290536 0.273767 
0.141909 0.298405 0.277051 0.282635 
0.175706 0.278839 0.250542 0.294913 
0.148608 0.288829 0.271751 0.290812 
0.170886 0.275883 0.267478 0.285753 
0.133258 0.278011 0.286720 0.302010 
0.165532 0.274169 0.286727 0.273572 
0.128124 0.313301 0.304476 0.254099 
0.113792 0.305380 0.284454 0.296375 
0.121601 0.299882 0.291302 0.287215 
0.129404 0.297991 0.281338 0.291267 
0.161954 0.279548 0.294158 0.264339 
0.171977 0.290129 0.294896 0.242998 
0.161468 0.274642 0.290367 0.273523 
0.164200 0.283982 0.294073 0.257745 
0.100638 0.321576 0.296759 0.281027 
0.129378 0.302010 0.274534 0.294077 
0.127270 0.304789 0.272119 0.295823 
0.130311 0.317734 0.284116 0.267839 
0.142422 0.307330 0.277301 0.272947 
0.176022 0.271864 0.255691 0.296423 
0.135631 0.303134 0.279176 0.282059 
0.160294 0.301183 0.279786 0.258736 
0.138778 0.308040 0.287933 0.265249 
0.171129 0.283095 0.284434 0.261342 
0.133258 0.293262 0.281637 0.291843 
0.135793 0.286701 0.277534 0.299972 
0.137654 0.300355 0.290075 0.271916 
0.131190 0.282267 0.281746 0.304796 
0.147670 0.309458 0.281626 0.261245 
0.165075 0.296099 0.268152 0.270674 
0.148693 0.272514 0.291026 0.287767 
0.124571 0.302661 0.289890 0.282879 
0.137272 0.292494 0.267793 0.302441 
0.147558 0.293144 0.283306 0.275992 
0.168640 0.296868 0.287897 0.246595 
0.146973 0.290779 0.279613 0.282635 
0.170251 0.297163 0.258867 0.273719 
0.183845 0.269972 0.266041 0.280142 
0.169797 0.285282 0.284155 0.260766 
0.175765 0.276297 0.260650 0.287288 
0.162086 0.295863 0.282292 0.259759 
0.165822 0.273342 0.277625 0.283211 
0.135776 0.312887 0.280980 0.270357 
0.162342 0.296513 0.272250 0.268895 
0.151985 0.283154 0.289080 0.275781 
0.161067 0.272928 0.281015 0.284990 
0.144833 0.296513 0.299155 0.259500 
0.134547 0.308158 0.286362 0.270933 
0.146506 0.301774 0.278724 0.272996 
0.157390 0.287410 0.262926 0.292274 
0.138723 0.273164 0.291210 0.296903 
0.149718 0.300533 0.296608 0.253141 
0.139702 0.283804 0.297431 0.279062 
0.133403 0.280139 0.291066 0.295392 
0.152182 0.290366 0.273811 0.283642 
0.129772 0.294622 0.277242 0.298365 
0.127270 0.302661 0.302441 0.267628 
0.132748 0.298878 0.279932 0.288442 
0.133659 0.298582 0.275940 0.291819 
0.142100 0.300533 0.280579 0.276788 
0.134376 0.307094 0.275392 0.283138 
0.145154 0.295686 0.283168 0.275992 
0.139348 0.288238 0.289780 0.282635 
0.185133 0.295449 0.273130 0.246287 
0.121437 0.302838 0.281892 0.293833 
0.139847 0.291016 0.301777 0.267360 
0.116774 0.303074 0.281259 0.298893 
0.154316 0.291193 0.275405 0.279086 
0.147453 0.296099 0.296713 0.259735 
0.142837 0.303961 0.259677 0.293525 
0.154829 0.300119 0.273112 0.271940 
0.159327 0.282504 0.297379 0.260790 
0.129923 0.300769 0.283148 0.286159 
0.199154 0.282681 0.268524 0.249641 
0.137444 0.289538 0.296757 0.276261 
0.175156 0.293558 0.279176 0.252110 
0.149521 0.282090 0.293883 0.274506 
0.162211 0.287824 0.291741 0.258224 
0.133843 0.303252 0.259912 0.302993 
0.148345 0.279489 0.254636 0.317529 
0.152393 0.287410 0.284944 0.275254 
0.147709 0.306917 0.273962 0.271412 
0.159991 0.297577 0.273034 0.269398 
0.151097 0.295390 0.268288 0.285225 
0.155427 0.315606 0.257052 0.271916 
0.116189 0.290543 0.285192 0.308077 
0.164228 0.284395 0.288012 0.263365 
0.140695 0.300592 0.276654 0.282059 
0.164923 0.304138 0.292545 0.238394 
0.151905 0.289715 0.281331 0.277048 
0.139190 0.287587 0.279390 0.293833 
0.152089 0.294385 0.285638 0.267888 
0.139992 0.298227 0.278163 0.283618 
0.168607 0.280553 0.274247 0.276593 
0.159840 0.286346 0.287461 0.266353 
0.135388 0.301006 0.280013 0.283593 
0.139125 0.309399 0.272625 0.278851 
0.164102 0.284395 0.266033 0.285469 
0.153587 0.277598 0.270110 0.298706 
0.193696 0.289656 0.271059 0.245588 
0.128871 0.306857 0.273483 0.290788 
0.147210 0.296513 0.269590 0.286687 
0.142455 0.303725 0.278063 0.275757 
0.149206 0.289065 0.283650 0.278079 
0.163491 0.278425 0.278412 0.279671 
0.122312 0.299705 0.291556 0.286428 
0.148443 0.286701 0.277593 0.287263 
0.135704 0.309281 0.277537 0.277479 
0.131873 0.296927 0.277894 0.293305 
0.140071 0.293144 0.293335 0.273451 
0.149015 0.295626 0.267616 0.287743 
0.187543 0.283804 0.285175 0.243477 
0.141259 0.281854 0.271856 0.305032 
0.125208 0.312650 0.279052 0.283090 
0.154355 0.288651 0.293158 0.263836 
0.148038 0.316256 0.274988 0.260718 
0.140709 0.304198 0.290324 0.264770 
0.152464 0.297577 0.272935 0.277024 
0.158702 0.282681 0.278475 0.280142 
0.116047 0.315665 0.299725 0.268563 
0.157318 0.304138 0.272191 0.266353 
0.167492 0.306680 0.268870 0.256958 
0.150696 0.272278 0.279069 0.297958 
0.143125 0.304611 0.275792 0.276472 
0.162603 0.259746 0.280676 0.296975 
0.147578 0.300769 0.283286 0.268367 
0.137253 0.282327 0.305939 0.274482 
0.158506 0.293262 0.268326 0.279906 
0.149055 0.293085 0.282827 0.275034 
0.140787 0.301656 0.274995 0.282562 
0.171076 0.284573 0.275887 0.268464 
0.145152 0.279666 0.297533 0.277648 
0.137384 0.308808 0.278822 0.274985 
0.153582 0.304198 0.281762 0.260458 
0.164016 0.289479 0.284683 0.261822 
0.170046 0.296513 0.272171 0.261270 
0.149548 0.289302 0.272929 0.288222 
0.119762 0.299705 0.292335 0.288198 
0.185067 0.287824 0.291761 0.235348 
prostate
0.156614 0.287082 0.269544 0.286761 
0.135004 0.284677 0.305330 0.274989 
0.134951 0.286147 0.289177 0.289725 
0.193557 0.281467 0.257686 0.267290 
0.175758 0.267700 0.267668 0.288875 
0.162441 0.288018 0.275783 0.273758 
0.134751 0.288018 0.278848 0.298382 
0.179295 0.284542 0.259560 0.276603 
0.149628 0.306196 0.272190 0.271986 
0.130801 0.305930 0.271580 0.291689 
0.146936 0.292829 0.273742 0.286493 
0.152148 0.278261 0.267130 0.302461 
0.176789 0.283072 0.283352 0.256787 
0.134800 0.287617 0.280739 0.296844 
0.143865 0.307668 0.286248 0.262218 
0.140915 0.309539 0.272593 0.276953 
0.144607 0.288419 0.289908 0.277065 
0.147282 0.288018 0.293482 0.271218 
0.137703 0.293365 0.300291 0.268641 
0.139231 0.282671 0.272059 0.306039 
0.133613 0.302589 0.285344 0.278454 
0.137008 0.285879 0.294968 0.282144 
0.107410 0.296974 0.304390 0.291227 
0.166148 0.275586 0.283895 0.274371 
0.140842 0.313549 0.289473 0.256136 
0.151520 0.286012 0.283826 0.278642 
0.161562 0.293631 0.276324 0.268484 
0.151856 0.309006 0.287387 0.251752 
0.163951 0.284943 0.270426 0.280681 
0.148033 0.299113 0.288562 0.264292 
0.139864 0.289088 0.246770 0.324278 
0.155481 0.298044 0.285223 0.261253 
0.149351 0.285211 0.269558 0.295881 
0.135131 0.309672 0.284287 0.270910 
0.175175 0.293766 0.279427 0.251632 
0.153982 0.275854 0.288983 0.281181 
0.151982 0.318763 0.279042 0.250213 
0.133013 0.307801 0.270767 0.288419 
0.152430 0.298176 0.278946 0.270448 
0.129394 0.284810 0.301612 0.284184 
0.127048 0.302186 0.267034 0.303732 
0.186729 0.274785 0.260345 0.278141 
0.140064 0.294835 0.279954 0.285147 
0.125487 0.306331 0.284342 0.283841 
0.140253 0.288286 0.280734 0.290726 
0.152017 0.284810 0.289148 0.274025 
0.181280 0.275586 0.261915 0.281219 
0.147069 0.290958 0.272209 0.289763 
0.151910 0.290290 0.279697 0.278104 
0.137782 0.303123 0.272447 0.286648 
0.133204 0.316088 0.297111 0.253596 
0.150017 0.282538 0.270600 0.296844 
0.139859 0.285078 0.283298 0.291765 
0.132834 0.296573 0.280904 0.289688 
0.166780 0.284542 0.266225 0.282452 
0.142326 0.286548 0.292560 0.278567 
0.159193 0.292161 0.256807 0.291840 
0.150421 0.303123 0.275045 0.271411 
0.163630 0.313148 0.261006 0.262216 
0.160502 0.303123 0.290360 0.246015 
0.152148 0.288419 0.272209 0.287224 
0.182389 0.288419 0.257206 0.271986 
0.186967 0.280532 0.273174 0.259326 
0.140541 0.296173 0.280217 0.283070 
0.157281 0.297107 0.285823 0.259789 
0.129112 0.292829 0.274559 0.303499 
0.145613 0.305261 0.273404 0.275722 
0.122754 0.294034 0.288445 0.294767 
0.145328 0.296974 0.289327 0.268371 
0.139708 0.299246 0.282479 0.278567 
0.153000 0.295504 0.267388 0.284108 
0.132654 0.306063 0.278175 0.283108 
0.132886 0.300583 0.276573 0.289958 
0.149326 0.271043 0.280710 0.298920 
0.120307 0.310341 0.284243 0.285109 
0.154965 0.294167 0.272302 0.278567 
0.162418 0.307265 0.280686 0.249631 
0.165897 0.288554 0.280256 0.265293 
0.124161 0.304996 0.301585 0.269259 
0.152722 0.287217 0.277454 0.282607 
0.135262 0.308202 0.282586 0.273950 
0.128368 0.318227 0.275952 0.277453 
0.133413 0.279195 0.270119 0.317273 
0.129341 0.288820 0.272761 0.309079 
0.157130 0.285879 0.267228 0.289763 
0.178347 0.307801 0.282073 0.231779 
0.145112 0.302454 0.269056 0.283378 
0.161859 0.279062 0.278936 0.280143 
0.177033 0.285211 0.282509 0.255248 
0.127517 0.303523 0.293471 0.275489 
0.159446 0.276122 0.290907 0.273525 
0.151277 0.276255 0.264353 0.308115 
0.105873 0.317826 0.308005 0.268296 
0.136711 0.287750 0.272039 0.303499 
0.135024 0.299914 0.284994 0.280068 
0.143248 0.292694 0.270872 0.293186 
0.129422 0.300047 0.288116 0.282415 
0.168626 0.271977 0.271060 0.288337 
0.162302 0.299646 0.263026 0.275026 
0.174506 0.291760 0.290914 0.242820 
0.152453 0.299246 0.289280 0.259021 
0.139898 0.292697 0.288338 0.279067 
0.159478 0.287750 0.268818 0.283953 
0.170001 0.305795 0.260604 0.263599 
0.130110 0.294435 0.294387 0.281068 
0.165602 0.296974 0.280210 0.257214 
0.145547 0.297643 0.312334 0.244477 
0.159076 0.282003 0.267082 0.291840 
0.134925 0.290157 0.290002 0.284917 
0.149224 0.280532 0.249968 0.320275 
0.131486 0.293230 0.272785 0.302498 
0.132450 0.303924 0.278980 0.284646 
0.142429 0.332798 0.292644 0.232129 
0.161343 0.277725 0.283792 0.277141 
0.138561 0.293901 0.284506 0.283032 
0.135617 0.308870 0.287680 0.267833 
0.150110 0.298845 0.281636 0.269409 
0.156182 0.309138 0.284661 0.250018 
0.163431 0.294703 0.311627 0.230240 
0.169808 0.283340 0.272326 0.274526 
0.147751 0.304593 0.258970 0.288687 
0.124408 0.288419 0.282173 0.305000 
0.137694 0.298444 0.278214 0.285647 
0.129938 0.298845 0.278181 0.293036 
0.171384 0.267567 0.278829 0.282220 
0.122958 0.293633 0.282562 0.300847 
0.149258 0.294299 0.271220 0.285222 
0.168553 0.283605 0.265084 0.282758 
0.138765 0.301119 0.298939 0.261177 
0.153320 0.299782 0.287953 0.258946 
0.138326 0.279596 0.260727 0.321351 
0.128315 0.307000 0.290273 0.274413 
0.184791 0.278662 0.267331 0.269217 
0.149463 0.278662 0.288193 0.283683 
0.169920 0.299646 0.273184 0.257249 
0.131351 0.323574 0.272739 0.272336 
0.177917 0.271441 0.259689 0.290952 
0.124466 0.290958 0.292273 0.292303 
0.112382 0.289756 0.269543 0.328319 
0.186446 0.277725 0.279004 0.256824 
0.148013 0.301653 0.270805 0.279530 
0.147108 0.293498 0.295026 0.264368 
0.138750 0.279864 0.290548 0.290839 
0.166247 0.277725 0.261111 0.294917 
0.132854 0.291494 0.311359 0.264292 
0.172956 0.293365 0.281045 0.252633 
0.124963 0.294835 0.295055 0.285147 
0.149628 0.293498 0.262032 0.294842 
0.155145 0.307533 0.264873 0.272449 
0.151355 0.283873 0.261735 0.303036 
0.164379 0.291760 0.278956 0.264906 
0.174868 0.283340 0.267266 0.274526 
0.124627 0.309404 0.277245 0.288725 
0.172070 0.290290 0.259536 0.278104 
0.149490 0.296438 0.287394 0.266677 
0.144100 0.282003 0.281287 0.292610 
0.116862 0.302186 0.260214 0.320738 
0.159747 0.275721 0.262071 0.302461 
0.135101 0.297375 0.287456 0.280068 
0.173422 0.272378 0.287180 0.267020 
0.120978 0.301650 0.266717 0.310655 
0.149445 0.282671 0.300937 0.266947 
0.132207 0.291627 0.287442 0.288725 
0.140618 0.303791 0.285218 0.270372 
0.154537 0.294968 0.263772 0.286723 
0.111560 0.312614 0.293869 0.281956 
0.180015 0.290558 0.274217 0.255210 
0.138006 0.297643 0.289400 0.274951 
0.127148 0.316892 0.287239 0.268721 
0.132458 0.291226 0.290899 0.285417 
0.165620 0.300583 0.292861 0.240936 
0.183973 0.280264 0.265470 0.270292 
0.141575 0.272914 0.269545 0.315967 
0.152630 0.303924 0.274037 0.269409 
0.162263 0.289488 0.273223 0.275026 
0.146199 0.306599 0.279407 0.267795 
0.135744 0.298311 0.276795 0.289150 
0.138707 0.306198 0.301536 0.253559 
0.154907 0.304325 0.272360 0.268408 
0.138765 0.329054 0.291320 0.240861 
0.165034 0.291627 0.286857 0.256481 
0.154360 0.295369 0.284094 0.266177 
0.111448 0.316624 0.295551 0.276377 
0.118540 0.305129 0.312345 0.263987 
0.131567 0.299379 0.272903 0.296151 
0.144450 0.304057 0.282276 0.269217 
0.132854 0.299113 0.288503 0.279530 
0.149813 0.305795 0.273944 0.270448 
0.127715 0.299514 0.283314 0.289458 
0.145448 0.308202 0.279248 0.267102 
0.147016 0.284810 0.266214 0.301960 
0.117198 0.302855 0.272945 0.307002 
0.118243 0.301920 0.284337 0.295500 
0.159154 0.282003 0.277162 0.281682 
0.142764 0.295504 0.259847 0.301885 
0.137135 0.290558 0.271385 0.300922 
0.150217 0.295905 0.280929 0.272949 
0.141761 0.305397 0.293973 0.258870 
0.146865 0.296438 0.300949 0.255748 
0.157455 0.296706 0.291898 0.253942 
0.151798 0.281602 0.278839 0.287762 
0.162983 0.298044 0.277721 0.261253 
0.140453 0.304192 0.273286 0.282069 
0.146009 0.302990 0.298944 0.252058 
0.122662 0.303123 0.282489 0.291727 
0.175461 0.261952 0.267595 0.294993 
0.125960 0.301520 0.286948 0.285572 
0.149088 0.303388 0.272960 0.274563 
0.143304 0.303391 0.276853 0.276452 
0.165430 0.291895 0.261606 0.281068 
0.143770 0.292561 0.260131 0.303537 
0.138897 0.309807 0.279461 0.271836 
0.152499 0.282538 0.268119 0.296844 
0.134839 0.292697 0.275621 0.296844 
0.156425 0.301119 0.273660 0.268796 
0.140618 0.291094 0.287757 0.280530 
0.147029 0.291359 0.277158 0.284454 
0.138098 0.298712 0.287738 0.275451 
0.156001 0.283205 0.256720 0.304075 
0.136416 0.293631 0.289770 0.280183 
0.163878 0.304059 0.302360 0.229702 
0.138905 0.279864 0.272615 0.308616 
0.193061 0.252194 0.252364 0.302381 
0.162884 0.313682 0.292887 0.230548 
0.150796 0.301252 0.282659 0.265293 
0.154318 0.279062 0.281398 0.285222 
0.141795 0.314085 0.289829 0.254292 
0.127463 0.302454 0.267159 0.302924 
0.135763 0.303391 0.289473 0.271373 
0.123440 0.296441 0.286929 0.293191 
0.159670 0.306196 0.269767 0.264368 
0.156294 0.312747 0.280440 0.250519 
0.187133 0.297908 0.241934 0.273025 
0.164625 0.277191 0.273229 0.284954 
0.128495 0.327985 0.280304 0.263216 
0.144778 0.302186 0.270391 0.282645 
0.143205 0.296173 0.289479 0.271143 
0.161766 0.290691 0.283138 0.264405 
0.142608 0.296305 0.284059 0.277028 
0.138225 0.308470 0.281932 0.271373 
0.129768 0.290157 0.274842 0.305233 
0.150238 0.289756 0.296174 0.263832 
0.142584 0.292296 0.279974 0.285147 
0.167030 0.277592 0.297590 0.257787 
0.149993 0.288687 0.286832 0.274488 
0.163898 0.309138 0.269327 0.257637 
0.144082 0.276523 0.271318 0.308078 
0.158556 0.317158 0.287966 0.236320 
0.147439 0.290157 0.280798 0.281606 
0.167157 0.294968 0.281626 0.256249 
skin
0.169483 0.275353 0.286449 0.268716 
0.130654 0.320367 0.251932 0.297047 
0.152755 0.291109 0.274792 0.281344 
0.140893 0.293505 0.277439 0.288163 
0.152476 0.287905 0.279778 0.279841 
0.143923 0.312607 0.286079 0.257390 
0.143957 0.279766 0.275285 0.300991 
0.144526 0.291251 0.281309 0.282914 
0.140177 0.300197 0.274701 0.284925 
0.127778 0.294312 0.310296 0.267613 
0.139986 0.295119 0.278974 0.285921 
0.140009 0.301669 0.265285 0.293037 
0.133770 0.303922 0.292723 0.269585 
0.166192 0.297112 0.270113 0.266583 
0.147266 0.286838 0.278939 0.286957 
0.140028 0.301669 0.290657 0.267647 
0.143044 0.304065 0.281736 0.271155 
0.155553 0.289234 0.269826 0.285387 
0.154613 0.291251 0.285684 0.268451 
0.150498 0.290705 0.276450 0.282347 
0.191773 0.277631 0.274543 0.256053 
0.163225 0.285224 0.285976 0.265575 
0.168960 0.275092 0.284660 0.271288 
0.172595 0.290444 0.264737 0.272224 
0.155852 0.297516 0.282594 0.264039 
0.148161 0.304065 0.271541 0.276233 
0.171223 0.297112 0.291244 0.240421 
0.111778 0.322621 0.292007 0.273594 
0.148366 0.293505 0.278355 0.279774 
0.125611 0.303661 0.283336 0.287391 
0.175510 0.301265 0.267272 0.255954 
0.148087 0.290302 0.290958 0.270654 
0.148180 0.293909 0.274061 0.283850 
0.195203 0.280692 0.263041 0.261065 
0.142827 0.294716 0.285690 0.276767 
0.159683 0.286173 0.271230 0.282914 
0.127592 0.292177 0.295846 0.284385 
0.153088 0.287763 0.288496 0.270654 
0.114984 0.318468 0.288945 0.277603 
0.152216 0.282163 0.287283 0.278337 
0.167754 0.283895 0.290090 0.258261 
0.143772 0.291227 0.277643 0.287358 
0.135655 0.305133 0.279939 0.279273 
0.135592 0.272695 0.280769 0.310944 
0.145234 0.286031 0.300086 0.268649 
0.142990 0.292841 0.293516 0.270654 
0.157554 0.287905 0.284856 0.269685 
0.113237 0.303258 0.290033 0.293472 
0.150332 0.291109 0.282293 0.276266 
0.132299 0.290444 0.279642 0.297614 
0.154122 0.289923 0.279583 0.276372 
0.140284 0.305940 0.273969 0.279808 
0.143567 0.304326 0.286064 0.266043 
0.155434 0.289637 0.290085 0.264843 
0.135620 0.304065 0.301856 0.258459 
0.159904 0.279220 0.278997 0.281879 
0.169463 0.280431 0.271234 0.278872 
0.144237 0.321957 0.282029 0.251778 
0.151752 0.279363 0.270202 0.298683 
0.137803 0.295783 0.271372 0.295042 
0.138953 0.312204 0.280294 0.268549 
0.153127 0.297919 0.275762 0.273193 
0.147382 0.289377 0.283901 0.279340 
0.174492 0.285509 0.252739 0.287260 
0.152938 0.303804 0.273838 0.269420 
0.147715 0.301265 0.274753 0.276266 
0.177237 0.285105 0.295099 0.242559 
0.159199 0.285912 0.261785 0.293104 
0.145773 0.302594 0.272361 0.279273 
0.134946 0.290041 0.278935 0.296078 
0.152476 0.303140 0.267082 0.277302 
0.135899 0.302190 0.294331 0.267580 
0.150220 0.284963 0.281435 0.283382 
0.131843 0.303780 0.296363 0.268015 
0.140749 0.290966 0.291050 0.277235 
0.163851 0.285652 0.252282 0.298215 
0.131631 0.313272 0.295432 0.259665 
0.131147 0.302855 0.275831 0.290167 
0.152011 0.290184 0.283009 0.274796 
0.167389 0.280692 0.285776 0.266143 
0.132915 0.299390 0.272152 0.295543 
0.165388 0.292177 0.288520 0.253916 
0.141198 0.313011 0.276708 0.269084 
0.154868 0.293387 0.277985 0.273760 
0.157515 0.287905 0.274738 0.279841 
0.180912 0.261471 0.257330 0.300287 
0.179205 0.289923 0.273816 0.257056 
0.119142 0.284038 0.279361 0.317459 
0.153963 0.310068 0.283656 0.252312 
0.153332 0.292437 0.267340 0.286890 
0.160554 0.299390 0.267364 0.272691 
0.133542 0.297776 0.269129 0.299552 
0.156865 0.277892 0.266059 0.299184 
0.142618 0.283491 0.292546 0.281344 
0.129853 0.294051 0.293215 0.282881 
0.148087 0.292841 0.275723 0.283349 
0.161600 0.315146 0.265863 0.257390 
0.155852 0.292437 0.280055 0.271656 
0.147196 0.289780 0.271991 0.291033 
0.137561 0.300197 0.305247 0.256995 
0.152941 0.293244 0.266390 0.287425 
0.159721 0.298869 0.273730 0.267680 
0.134706 0.307150 0.268648 0.289496 
0.139197 0.324496 0.289607 0.246700 
0.133116 0.294976 0.290095 0.281812 
0.189455 0.278295 0.264537 0.267713 
0.136062 0.300315 0.292000 0.271623 
0.117308 0.284963 0.281339 0.316390 
0.177712 0.285366 0.274854 0.262067 
0.175289 0.292983 0.279817 0.251911 
0.152886 0.289637 0.268013 0.289463 
0.162628 0.291512 0.273135 0.272725 
0.177801 0.277346 0.271627 0.273226 
0.164385 0.298204 0.271234 0.266176 
0.139197 0.304183 0.281990 0.274630 
0.160098 0.291512 0.300285 0.248105 
0.136755 0.309261 0.289511 0.264473 
0.147642 0.279885 0.273857 0.298617 
0.130710 0.302594 0.296037 0.270659 
0.157829 0.287098 0.288461 0.266611 
0.159413 0.309261 0.289704 0.241622 
0.150386 0.304872 0.275592 0.269150 
0.130516 0.292841 0.284906 0.291737 
0.147956 0.281617 0.274885 0.295543 
0.174487 0.281902 0.267779 0.275832 
0.135760 0.312750 0.281602 0.269888 
0.154941 0.302072 0.261108 0.281879 
0.125166 0.298322 0.273853 0.302659 
0.153444 0.293505 0.285972 0.267079 
0.206221 0.257461 0.258382 0.277936 
0.147196 0.282163 0.282147 0.288494 
0.141987 0.298869 0.263535 0.295610 
0.127426 0.312893 0.263604 0.296078 
0.143791 0.298844 0.287780 0.269585 
0.167370 0.288309 0.252787 0.291534 
0.155608 0.300458 0.280898 0.263036 
0.145591 0.294312 0.295023 0.265074 
0.146946 0.307790 0.290446 0.254818 
0.160333 0.286031 0.277370 0.276266 
0.134970 0.291512 0.298254 0.275264 
0.126432 0.294430 0.290276 0.288862 
0.134369 0.288712 0.291465 0.285453 
0.107687 0.296851 0.283913 0.311549 
0.162129 0.280027 0.283048 0.274796 
0.145362 0.300862 0.268891 0.284886 
0.153220 0.288830 0.271561 0.286389 
0.143218 0.306604 0.273945 0.276233 
0.160670 0.294312 0.269787 0.275231 
0.125929 0.304326 0.275773 0.293973 
0.132411 0.286434 0.293196 0.287959 
0.141191 0.304326 0.285130 0.269354 
0.137366 0.298062 0.273804 0.290768 
0.130430 0.305536 0.285763 0.278271 
0.126942 0.277085 0.287167 0.308806 
0.172281 0.293790 0.261170 0.272758 
0.150244 0.286031 0.256219 0.307506 
0.179600 0.277892 0.273792 0.268716 
0.148122 0.301526 0.274119 0.276233 
0.157512 0.281356 0.293486 0.267647 
0.148035 0.309379 0.294179 0.248407 
0.146172 0.299248 0.282687 0.271893 
0.147975 0.309547 0.272326 0.270152 
0.160079 0.304208 0.262218 0.273496 
0.154021 0.278699 0.271869 0.295412 
0.118276 0.303258 0.312923 0.265542 
0.128096 0.302594 0.274803 0.294508 
0.157887 0.299794 0.270630 0.271689 
0.142734 0.283491 0.287352 0.286422 
0.179690 0.287645 0.265487 0.267179 
0.165083 0.313296 0.268938 0.252682 
0.147584 0.287502 0.286610 0.278304 
0.155627 0.292841 0.301191 0.250341 
0.132792 0.298322 0.280690 0.288196 
0.178382 0.300458 0.263202 0.257958 
0.159307 0.275353 0.304242 0.261098 
0.143605 0.306865 0.265713 0.283817 
0.149863 0.284298 0.278881 0.286957 
0.135404 0.299390 0.279047 0.286158 
0.145509 0.300458 0.273223 0.280810 
0.169345 0.299508 0.275293 0.255854 
0.135078 0.296187 0.287391 0.281344 
0.167633 0.290444 0.267160 0.274763 
0.114968 0.296187 0.291496 0.297350 
0.153851 0.309000 0.300572 0.236577 
0.132779 0.294312 0.295139 0.277770 
0.157686 0.278817 0.298390 0.265108 
0.167165 0.286173 0.271365 0.275297 
0.126021 0.276563 0.303006 0.294410 
0.132636 0.301265 0.261903 0.304196 
0.148927 0.303922 0.280105 0.267046 
0.139382 0.277892 0.270847 0.311880 
0.167114 0.296733 0.279632 0.256521 
0.121386 0.308597 0.291042 0.278975 
0.143063 0.291370 0.291873 0.273694 
0.203560 0.292841 0.268493 0.235106 
0.157295 0.287241 0.282205 0.273259 
0.166103 0.282045 0.269372 0.282480 
0.160357 0.290041 0.283994 0.265609 
0.157628 0.283895 0.283213 0.275264 
0.165838 0.291370 0.276716 0.266077 
0.152306 0.294455 0.284056 0.269183 
0.140636 0.294976 0.277497 0.286890 
0.142397 0.282827 0.279700 0.295075 
0.115795 0.300719 0.297631 0.285855 
0.150386 0.297255 0.267975 0.284385 
0.130477 0.308075 0.264632 0.296816 
0.118238 0.293102 0.305345 0.283316 
0.138268 0.298583 0.275757 0.287391 
0.158955 0.283777 0.280401 0.276867 
0.180026 0.288309 0.306147 0.225518 
0.131592 0.308193 0.277697 0.282517 
0.140268 0.292177 0.290788 0.276767 
0.170721 0.270560 0.246239 0.312481 
0.156028 0.286055 0.245469 0.312448 
0.166831 0.274285 0.265279 0.293605 
0.127650 0.289637 0.295788 0.286924 
0.145846 0.303661 0.275796 0.274696 
0.171203 0.304729 0.270951 0.253117 
0.143428 0.294573 0.278413 0.283586 
0.136677 0.306722 0.284510 0.272090 
0.150444 0.297255 0.265378 0.286924 
0.144294 0.272814 0.280398 0.302495 
0.158343 0.273763 0.261527 0.306367 
0.158213 0.287763 0.280060 0.273964 
0.138473 0.321032 0.267336 0.273159 
0.182874 0.255064 0.269860 0.292202 
0.155890 0.289898 0.295251 0.258960 
0.128503 0.300315 0.276708 0.294474 
0.120184 0.295783 0.301686 0.282347 
0.145076 0.278817 0.297533 0.278574 
0.149383 0.275353 0.278619 0.296645 
0.173133 0.284156 0.282715 0.259996 
0.140989 0.304326 0.286103 0.268582 
0.165373 0.291109 0.285026 0.258493 
0.131824 0.316475 0.291304 0.260397 
0.172820 0.300197 0.276609 0.250374 
0.168880 0.301787 0.278524 0.250809 
0.149155 0.276824 0.277877 0.296144 
0.143733 0.298844 0.275143 0.282280 
0.175080 0.281759 0.273977 0.269183 
0.159076 0.295902 0.271896 0.273126 
0.162257 0.292319 0.284860 0.260564 
0.139932 0.283895 0.278058 0.298116 
0.172820 0.290041 0.263913 0.273226 
0.123389 0.294169 0.288468 0.293973 
0.152662 0.292580 0.263759 0.290999 
0.162520 0.286838 0.278920 0.271722 
0.155376 0.292177 0.279987 0.272460 
0.142054 0.304847 0.284583 0.268516 
0.115718 0.313414 0.292630 0.278237 
stomach
0.175240 0.286174 0.267630 0.270956 
0.188622 0.268536 0.261883 0.280959 
0.166036 0.263037 0.273716 0.297211 
0.152533 0.295276 0.276657 0.275535 
0.172711 0.281092 0.283635 0.262562 
0.151667 0.281697 0.275566 0.291070 
0.130072 0.291901 0.287775 0.290252 
0.115730 0.306542 0.293885 0.283844 
0.130138 0.292963 0.309784 0.267115 
0.161548 0.292279 0.286602 0.259572 
0.158676 0.275325 0.272864 0.293135 
0.144102 0.289321 0.285671 0.280906 
0.120927 0.284010 0.286179 0.308884 
0.183493 0.293301 0.280331 0.242874 
0.171006 0.269598 0.283017 0.276380 
0.157529 0.300358 0.277513 0.264601 
0.157721 0.289777 0.293748 0.258753 
0.129490 0.288070 0.301058 0.281382 
0.162630 0.297817 0.282575 0.256977 
0.147100 0.278322 0.301055 0.273523 
0.149039 0.282114 0.283865 0.284982 
0.132348 0.293797 0.288423 0.285432 
0.121962 0.314204 0.304448 0.259386 
0.166703 0.288259 0.277341 0.267698 
0.158045 0.296566 0.287935 0.257454 
0.115623 0.294253 0.284416 0.305707 
0.154228 0.279156 0.270464 0.296152 
0.134036 0.286780 0.290655 0.288529 
0.146770 0.291445 0.282415 0.279371 
0.159622 0.292507 0.271540 0.276331 
0.135247 0.298045 0.278494 0.288214 
0.134021 0.302750 0.301008 0.262220 
0.147939 0.291484 0.285335 0.275241 
0.157879 0.291901 0.281066 0.269153 
0.136431 0.314393 0.295082 0.254094 
0.174618 0.282343 0.283494 0.259545 
0.119937 0.310412 0.297083 0.272567 
0.168574 0.294253 0.289910 0.247263 
0.139225 0.291445 0.274713 0.294617 
0.164134 0.286134 0.277958 0.271774 
0.118568 0.299564 0.293975 0.287893 
0.128584 0.277449 0.271875 0.322092 
0.147160 0.288070 0.263060 0.301711 
0.147847 0.287881 0.289534 0.274738 
0.154943 0.301420 0.281074 0.262562 
0.182434 0.287008 0.284484 0.246074 
0.167463 0.284050 0.276766 0.271721 
0.149582 0.280864 0.288408 0.281146 
0.149655 0.289549 0.276606 0.284190 
0.133161 0.295732 0.288772 0.282335 
0.144731 0.301837 0.269006 0.284426 
0.152183 0.303316 0.285988 0.258513 
0.142414 0.288715 0.273275 0.295596 
0.147160 0.290611 0.273224 0.289005 
0.139873 0.286174 0.278357 0.295596 
0.164776 0.284467 0.274960 0.275797 
0.134591 0.293152 0.288333 0.283923 
0.163154 0.299107 0.274433 0.263306 
0.121039 0.282531 0.287043 0.309387 
0.164652 0.280864 0.288584 0.265900 
0.162903 0.299524 0.276043 0.261530 
0.116968 0.290611 0.305186 0.287234 
0.138297 0.301877 0.284612 0.275215 
0.135875 0.313103 0.282157 0.268864 
0.124306 0.289966 0.288067 0.297661 
0.148702 0.271305 0.271109 0.308884 
0.132771 0.301648 0.305586 0.259995 
0.162050 0.295048 0.270652 0.272250 
0.196523 0.269181 0.282321 0.251975 
0.147530 0.294859 0.276758 0.280853 
0.159755 0.290611 0.287810 0.261824 
0.140428 0.302710 0.303987 0.252875 
0.145418 0.286402 0.287857 0.280323 
0.147384 0.295276 0.285116 0.272224 
0.166175 0.259017 0.263619 0.311189 
0.165015 0.290194 0.264944 0.279847 
0.128318 0.296377 0.278756 0.296549 
0.157635 0.284695 0.279358 0.278312 
0.125558 0.313520 0.291293 0.269630 
0.163699 0.277866 0.278005 0.280430 
0.157105 0.274719 0.293384 0.274791 
0.140540 0.303772 0.276899 0.278788 
0.144473 0.285946 0.281582 0.288000 
0.202441 0.269637 0.267607 0.260315 
0.134810 0.288715 0.268173 0.308302 
0.140224 0.290422 0.294616 0.274738 
0.171600 0.281052 0.255245 0.292103 
0.139654 0.290611 0.280730 0.289005 
0.153818 0.279990 0.279674 0.286518 
0.135181 0.300586 0.297118 0.267115 
0.151350 0.278511 0.295824 0.274315 
0.148012 0.297628 0.296403 0.257957 
0.136776 0.287425 0.278138 0.297661 
0.147246 0.300775 0.282532 0.269447 
0.123677 0.319892 0.283013 0.273417 
0.140217 0.296983 0.272548 0.290252 
0.133029 0.292129 0.285386 0.289455 
0.154359 0.275136 0.284014 0.286491 
0.153167 0.285985 0.276977 0.283870 
0.154017 0.273012 0.287485 0.285485 
0.144433 0.296110 0.268916 0.290541 
0.146188 0.281469 0.272852 0.299490 
0.168428 0.294670 0.275398 0.261504 
0.142117 0.288070 0.275726 0.294088 
0.150276 0.294442 0.263259 0.292023 
0.169780 0.292090 0.295367 0.242763 
0.168703 0.275325 0.278083 0.277889 
0.112639 0.304189 0.297766 0.285406 
0.147252 0.286591 0.284272 0.281885 
0.157265 0.295693 0.278365 0.268677 
0.129325 0.279801 0.289131 0.301742 
0.162684 0.288715 0.293662 0.254939 
0.165405 0.284278 0.281164 0.269153 
0.193107 0.288298 0.270273 0.248322 
0.146419 0.269409 0.250909 0.333263 
0.142268 0.296755 0.281633 0.279344 
0.152824 0.296983 0.277728 0.272464 
0.162611 0.300358 0.272430 0.264601 
0.131508 0.290800 0.299060 0.278632 
0.169746 0.273240 0.271555 0.285459 
0.168165 0.302710 0.281333 0.247792 
0.155887 0.297211 0.274464 0.272438 
0.161402 0.285072 0.254303 0.299223 
0.130269 0.286402 0.313170 0.270159 
0.138911 0.308249 0.294937 0.257904 
0.184790 0.284884 0.262388 0.267938 
0.162572 0.285112 0.275011 0.277306 
0.159952 0.295276 0.287794 0.256977 
0.158881 0.285072 0.277153 0.278894 
0.134718 0.290194 0.310488 0.264601 
0.149872 0.294214 0.291817 0.264098 
0.177492 0.298234 0.284550 0.239724 
0.166411 0.268764 0.278810 0.286015 
0.191290 0.270660 0.253545 0.284506 
0.192064 0.272595 0.276802 0.258539 
0.118086 0.309500 0.287036 0.285379 
0.151748 0.280218 0.280773 0.287261 
0.141654 0.285301 0.268767 0.304278 
0.141786 0.309232 0.279776 0.269206 
0.130600 0.295732 0.273545 0.300122 
0.175294 0.297400 0.268553 0.258753 
0.159225 0.278094 0.281508 0.281173 
0.171541 0.275970 0.270550 0.281938 
0.164532 0.289966 0.273252 0.272250 
0.167079 0.278739 0.290058 0.264124 
0.162294 0.284467 0.269819 0.283420 
0.135503 0.302710 0.288584 0.273203 
0.142624 0.297400 0.284205 0.275771 
0.154261 0.290383 0.289194 0.266162 
0.166801 0.285717 0.264537 0.282944 
0.129992 0.298462 0.277485 0.294061 
0.148079 0.295087 0.293025 0.263809 
0.125002 0.291901 0.278369 0.304728 
0.134499 0.287008 0.282368 0.296126 
0.169906 0.289132 0.279405 0.261557 
0.119292 0.307336 0.277246 0.296126 
0.138170 0.309917 0.277704 0.274209 
0.161694 0.276615 0.285867 0.275824 
0.156572 0.274491 0.265398 0.303540 
0.142818 0.316895 0.285374 0.254913 
0.112989 0.293191 0.291156 0.302664 
0.137741 0.300586 0.279311 0.282362 
0.130760 0.291712 0.296461 0.281067 
0.131924 0.291028 0.286507 0.290541 
0.158608 0.295315 0.279753 0.266323 
0.133887 0.303167 0.307583 0.255363 
0.185292 0.285112 0.251520 0.278076 
0.139132 0.275136 0.291617 0.294114 
0.160289 0.293380 0.277681 0.268650 
0.144658 0.290611 0.278267 0.286464 
0.132170 0.289132 0.278255 0.300443 
0.137907 0.300169 0.273474 0.288449 
0.124864 0.294859 0.283408 0.296869 
0.182427 0.294631 0.259851 0.263092 
0.139589 0.289549 0.273967 0.296896 
0.140268 0.291901 0.291054 0.276777 
0.148980 0.294820 0.278841 0.277359 
0.186605 0.287613 0.253740 0.272041 
0.157733 0.287236 0.286883 0.268148 
0.123339 0.310562 0.277677 0.288423 
0.148722 0.286551 0.250761 0.313966 
0.142368 0.277489 0.281739 0.298404 
0.140521 0.301231 0.287083 0.271165 
0.170966 0.277221 0.267809 0.284003 
0.124262 0.293569 0.289088 0.293082 
0.120318 0.308855 0.293811 0.277017 
0.128707 0.300626 0.297517 0.273150 
0.148660 0.307604 0.292423 0.251313 
0.143157 0.271077 0.289561 0.296205 
0.122988 0.298690 0.291910 0.286411 
0.154802 0.295693 0.278287 0.271218 
0.138925 0.309311 0.285734 0.266030 
0.154698 0.281926 0.271563 0.291814 
0.134221 0.301609 0.272094 0.292076 
0.153333 0.290650 0.294010 0.262006 
0.171395 0.281469 0.263662 0.283474 
0.186564 0.278928 0.253576 0.280932 
0.136061 0.280407 0.270068 0.313463 
0.155299 0.296983 0.281106 0.266612 
0.158269 0.296149 0.274417 0.271165 
0.162810 0.288298 0.275159 0.273733 
0.168736 0.266640 0.273764 0.290861 
0.150356 0.292963 0.283713 0.272967 
0.164209 0.278094 0.271442 0.286255 
0.156939 0.285301 0.289056 0.268704 
0.160990 0.291712 0.282247 0.265050 
