-1309288.301852
0
0.000002 0.000002 0.000002 0.000002 0.000002 0.000002 0.000002 0.000002 0.000003 0.000002 0.000140 0.000037 0.000142 0.000002 0.000002 0.000002 0.000002 0.000037 0.000527 0.000002 0.001034 0.000002 0.000002 0.000318 0.000002 0.000002 0.000002 0.000569 0.000002 0.000002 0.000002 0.000002 0.000037 0.000002 0.001725 0.000002 0.000002 0.000002 0.000002 0.000037 0.000142 0.000002 0.000002 0.000002 0.000337 0.000002 0.000037 0.000002 0.000002 0.000002 0.000002 0.000002 0.000002 0.000002 0.000002 0.000002 0.000003 0.000575 0.993394 0.000003 0.000002 0.000002 0.000002 0.000002 0.000002 0.000037 0.000002 0.000037 0.000002 0.000002 0.000002 0.000282 0.000002 0.000002 0.000002 0.000305 0.000002 0.000002 0.000002 0.000002 0.000002 0.000002 0.000002 0.000002 0.000002 0.000002 0.000037 0.000002 0.000037 0.000002 0.000002 0.000003 0.000002 0.000002 0.000002 0.000003 
0.000005 0.000004 0.000004 0.000004 0.000004 0.000004 0.000004 0.000004 0.000006 0.000004 0.000012 0.000004 0.000005 0.000004 0.000004 0.000005 0.000005 0.000004 0.000005 0.000005 0.000006 0.000004 0.000004 0.000005 0.000004 0.000005 0.000004 0.000010 0.000004 0.000004 0.000004 0.000004 0.000004 0.000004 0.000013 0.000004 0.000004 0.000004 0.000004 0.000004 0.000005 0.000005 0.000005 0.000005 0.000005 0.000004 0.000004 0.000005 0.000004 0.000004 0.000004 0.000004 0.000004 0.000004 0.000004 0.000004 0.000006 0.000013 0.999551 0.000005 0.000004 0.000004 0.000004 0.000004 0.000004 0.000004 0.000004 0.000004 0.000004 0.000004 0.000004 0.000005 0.000005 0.000004 0.000004 0.000007 0.000004 0.000004 0.000004 0.000004 0.000004 0.000004 0.000005 0.000004 0.000005 0.000004 0.000004 0.000004 0.000004 0.000004 0.000004 0.000005 0.000005 0.000004 0.000004 0.000005 
0.000005 0.000004 0.000004 0.000004 0.000004 0.000004 0.000004 0.000004 0.004561 0.000004 0.000111 0.000005 0.000005 0.000004 0.000004 0.000005 0.000005 0.000005 0.000005 0.000005 0.000234 0.000004 0.000004 0.000005 0.000005 0.000005 0.000004 0.000404 0.000004 0.000004 0.000004 0.000004 0.000005 0.000004 0.001452 0.000004 0.000004 0.000004 0.000004 0.000005 0.000005 0.000206 0.000005 0.000005 0.000005 0.000004 0.000005 0.000005 0.000004 0.000004 0.000004 0.000004 0.000004 0.000004 0.000004 0.000004 0.000006 0.146681 0.845311 0.000005 0.000004 0.000004 0.000004 0.000004 0.000004 0.000005 0.000004 0.000005 0.000004 0.000004 0.000004 0.000005 0.000607 0.000004 0.000004 0.000051 0.000004 0.000004 0.000004 0.000004 0.000004 0.000004 0.000005 0.000004 0.000005 0.000004 0.000005 0.000004 0.000005 0.000004 0.000004 0.000005 0.000005 0.000004 0.000004 0.000005 
0.000003 0.000003 0.000003 0.000003 0.000003 0.000003 0.000003 0.000003 0.000004 0.000003 0.983083 0.000003 0.000003 0.000003 0.000003 0.000003 0.000003 0.000003 0.000003 0.000003 0.000004 0.000003 0.000003 0.000003 0.000003 0.000003 0.000003 0.000006 0.000003 0.000003 0.000003 0.000003 0.000003 0.000003 0.000008 0.000003 0.000003 0.000003 0.000003 0.000003 0.000003 0.000003 0.000003 0.000003 0.000003 0.000003 0.000003 0.000003 0.000003 0.000003 0.000003 0.000003 0.000003 0.000003 0.000003 0.000003 0.000004 0.000009 0.016634 0.000003 0.000003 0.000003 0.000003 0.000003 0.000003 0.000003 0.000003 0.000003 0.000003 0.000003 0.000003 0.000003 0.000003 0.000003 0.000003 0.000004 0.000003 0.000003 0.000003 0.000003 0.000003 0.000003 0.000003 0.000003 0.000003 0.000003 0.000003 0.000003 0.000003 0.000003 0.000003 0.000003 0.000003 0.000003 0.000003 0.000003 
0.000003 0.000003 0.000003 0.000003 0.000003 0.000003 0.000003 0.000003 0.000004 0.000003 0.713605 0.000003 0.000003 0.000003 0.000003 0.000003 0.000003 0.000003 0.000003 0.000003 0.000004 0.000003 0.000003 0.000003 0.000003 0.000003 0.000003 0.060133 0.000003 0.000003 0.000003 0.000003 0.000003 0.000003 0.000009 0.000003 0.000003 0.000003 0.000003 0.000003 0.000003 0.000003 0.000003 0.000003 0.000003 0.000003 0.000003 0.000003 0.000003 0.000003 0.000003 0.000003 0.000003 0.000003 0.000003 0.000003 0.000004 0.220833 0.005152 0.000004 0.000003 0.000003 0.000003 0.000003 0.000003 0.000003 0.000003 0.000003 0.000003 0.000003 0.000003 0.000003 0.000003 0.000003 0.000003 0.000004 0.000003 0.000003 0.000003 0.000003 0.000003 0.000003 0.000003 0.000003 0.000003 0.000003 0.000003 0.000003 0.000003 0.000003 0.000003 0.000003 0.000003 0.000003 0.000003 0.000003 
0.000254 0.000003 0.000003 0.000003 0.000003 0.000003 0.000003 0.000003 0.000004 0.000003 0.000112 0.000003 0.000003 0.000003 0.000003 0.000003 0.000004 0.000003 0.000003 0.001255 0.000005 0.000003 0.000003 0.000004 0.000003 0.000003 0.000003 0.000378 0.000003 0.000003 0.000003 0.000003 0.000003 0.000003 0.001318 0.000003 0.000003 0.000003 0.000003 0.000003 0.000003 0.000003 0.001505 0.000004 0.000004 0.000003 0.000003 0.000004 0.000003 0.000003 0.000003 0.000003 0.000003 0.000003 0.000003 0.000003 0.269796 0.000462 0.724195 0.000004 0.000003 0.000003 0.000003 0.000003 0.000003 0.000003 0.000003 0.000003 0.000003 0.000003 0.000003 0.000003 0.000003 0.000003 0.000003 0.000005 0.000003 0.000003 0.000003 0.000003 0.000003 0.000003 0.000004 0.000003 0.000003 0.000003 0.000003 0.000003 0.000003 0.000003 0.000003 0.000004 0.000004 0.000003 0.000003 0.000440 
0.000003 0.000002 0.000002 0.000002 0.000002 0.000002 0.000002 0.000002 0.000003 0.000002 0.000168 0.000003 0.000003 0.000002 0.000002 0.000152 0.000003 0.000003 0.000003 0.000003 0.000455 0.000002 0.000002 0.000003 0.000040 0.000003 0.000002 0.000516 0.000002 0.000002 0.000002 0.000002 0.000003 0.000002 0.001671 0.000002 0.000002 0.000002 0.000002 0.000003 0.000003 0.000003 0.000003 0.000003 0.000003 0.000002 0.000003 0.010513 0.000002 0.000002 0.000002 0.000002 0.000002 0.000002 0.000002 0.000002 0.000003 0.066803 0.919213 0.000008 0.000002 0.000002 0.000002 0.000002 0.000002 0.000003 0.000002 0.000003 0.000002 0.000002 0.000002 0.000003 0.000003 0.000002 0.000002 0.000253 0.000002 0.000002 0.000002 0.000002 0.000002 0.000002 0.000003 0.000002 0.000003 0.000002 0.000003 0.000002 0.000003 0.000002 0.000002 0.000003 0.000003 0.000002 0.000002 0.000003 
0.000003 0.000002 0.000002 0.000002 0.000002 0.000002 0.000002 0.000002 0.001059 0.000002 0.000187 0.000002 0.000003 0.000002 0.000002 0.000003 0.001061 0.000002 0.000003 0.000003 0.000685 0.000002 0.000002 0.000111 0.000002 0.000586 0.000002 0.000576 0.000002 0.000002 0.000002 0.000002 0.000002 0.000002 0.001789 0.000002 0.000002 0.000002 0.000002 0.000002 0.000003 0.000003 0.000003 0.001170 0.000129 0.000002 0.000002 0.000003 0.000002 0.000002 0.000002 0.000002 0.000002 0.000002 0.000002 0.000002 0.000003 0.000661 0.982403 0.000012 0.000002 0.000002 0.000002 0.000002 0.000002 0.000002 0.000002 0.000002 0.000002 0.000002 0.000002 0.000003 0.000003 0.000002 0.000002 0.000387 0.000002 0.000002 0.000002 0.000002 0.000002 0.000002 0.000003 0.000002 0.000003 0.000002 0.000002 0.000002 0.000002 0.000002 0.000002 0.000041 0.000003 0.000002 0.000002 0.008952 
0.000002 0.000002 0.000002 0.000002 0.000002 0.000002 0.000002 0.000002 0.000667 0.000002 0.000086 0.000002 0.000002 0.000002 0.000002 0.000002 0.000002 0.000002 0.000002 0.000002 0.000273 0.000002 0.000002 0.000002 0.000002 0.000002 0.000002 0.000277 0.000002 0.000002 0.000002 0.000002 0.000002 0.000002 0.002241 0.000002 0.000002 0.000002 0.000002 0.000002 0.000002 0.000002 0.000002 0.000002 0.000002 0.000002 0.000002 0.000002 0.000002 0.000002 0.000002 0.000002 0.000002 0.000002 0.000002 0.000002 0.000002 0.003674 0.986113 0.000002 0.000002 0.000002 0.000002 0.000002 0.000002 0.000002 0.000002 0.000002 0.000002 0.000002 0.000002 0.000002 0.000002 0.000002 0.000002 0.000097 0.000002 0.000002 0.000002 0.000002 0.000002 0.000002 0.000002 0.000002 0.000002 0.000002 0.000002 0.000002 0.000002 0.000002 0.000002 0.000002 0.006408 0.000002 0.000002 0.000002 
0.000002 0.000001 0.000001 0.000001 0.000001 0.000001 0.000001 0.000001 0.000002 0.000001 0.000004 0.000002 0.000002 0.000001 0.000001 0.000002 0.000002 0.000002 0.000002 0.000002 0.000002 0.000001 0.000001 0.000002 0.000002 0.000002 0.000001 0.000004 0.000001 0.000001 0.000001 0.000001 0.000002 0.000001 0.996883 0.000001 0.000001 0.000001 0.000001 0.000002 0.000002 0.000002 0.000002 0.000002 0.000002 0.000001 0.000002 0.000002 0.000001 0.000001 0.000001 0.000001 0.000001 0.000001 0.000001 0.000001 0.000002 0.000005 0.002961 0.000002 0.000001 0.000001 0.000001 0.000001 0.000001 0.000002 0.000001 0.000002 0.000001 0.000001 0.000001 0.000002 0.000002 0.000001 0.000001 0.000002 0.000001 0.000001 0.000001 0.000001 0.000001 0.000001 0.000002 0.000001 0.000002 0.000001 0.000002 0.000001 0.000002 0.000001 0.000001 0.000002 0.000002 0.000001 0.000001 0.000002 
0.000002 0.000002 0.000002 0.000002 0.000002 0.000002 0.000002 0.000002 0.000002 0.000002 0.000004 0.000002 0.000002 0.000002 0.000002 0.000002 0.000002 0.000002 0.000002 0.000002 0.000002 0.000002 0.000002 0.000002 0.000002 0.000002 0.000002 0.000004 0.000002 0.000002 0.000002 0.000002 0.000002 0.000002 0.000005 0.000002 0.000002 0.000002 0.000002 0.000002 0.000002 0.000002 0.000002 0.000002 0.000002 0.000002 0.000002 0.000002 0.000002 0.000002 0.000002 0.000002 0.000002 0.000002 0.000002 0.000002 0.000002 0.000005 0.999833 0.000002 0.000002 0.000002 0.000002 0.000002 0.000002 0.000002 0.000002 0.000002 0.000002 0.000002 0.000002 0.000002 0.000002 0.000002 0.000002 0.000002 0.000002 0.000002 0.000002 0.000002 0.000002 0.000002 0.000002 0.000002 0.000002 0.000002 0.000002 0.000002 0.000002 0.000002 0.000002 0.000002 0.000002 0.000002 0.000002 0.000002 
0.000014 0.000013 0.000013 0.000013 0.000013 0.000013 0.000013 0.000013 0.000017 0.000013 0.000035 0.000014 0.000014 0.000013 0.000013 0.000014 0.000014 0.000014 0.000014 0.000014 0.000019 0.000013 0.000013 0.000015 0.000014 0.000014 0.000013 0.000031 0.000013 0.000013 0.000013 0.000013 0.000014 0.000013 0.114700 0.000013 0.000013 0.000013 0.000013 0.000014 0.000014 0.000014 0.000014 0.000014 0.000015 0.000013 0.000014 0.000014 0.000013 0.000013 0.000013 0.000013 0.000013 0.000013 0.000013 0.000013 0.669476 0.000041 0.212110 0.000016 0.000013 0.000013 0.000013 0.000013 0.000013 0.000014 0.000013 0.000014 0.000013 0.000013 0.000013 0.000014 0.000014 0.000013 0.000013 0.000020 0.000013 0.000013 0.000013 0.000013 0.000013 0.000013 0.000014 0.000013 0.002416 0.000013 0.000014 0.000013 0.000014 0.000013 0.000013 0.000015 0.000014 0.000013 0.000013 0.000016 
0.000003 0.000002 0.000002 0.000002 0.000002 0.000002 0.000002 0.000002 0.000003 0.000002 0.740914 0.000003 0.000003 0.000002 0.000002 0.000003 0.000003 0.000003 0.000003 0.000003 0.000004 0.000002 0.000002 0.000003 0.000003 0.000003 0.000002 0.000006 0.000002 0.000002 0.000002 0.000002 0.000003 0.000002 0.000245 0.000002 0.000002 0.000002 0.000002 0.000003 0.000003 0.000003 0.000003 0.000003 0.000003 0.000002 0.000003 0.000003 0.000002 0.000002 0.000002 0.000002 0.000002 0.000002 0.000002 0.000002 0.000003 0.001444 0.198990 0.058173 0.000002 0.000002 0.000002 0.000002 0.000002 0.000003 0.000002 0.000003 0.000002 0.000002 0.000002 0.000003 0.000003 0.000002 0.000002 0.000004 0.000002 0.000002 0.000002 0.000002 0.000002 0.000002 0.000003 0.000002 0.000003 0.000002 0.000003 0.000002 0.000003 0.000002 0.000002 0.000003 0.000003 0.000002 0.000002 0.000003 
0.000001 0.000001 0.000001 0.000001 0.000001 0.000001 0.000001 0.000001 0.000002 0.000001 0.009938 0.000001 0.000001 0.000001 0.000001 0.000001 0.000002 0.000001 0.000001 0.000002 0.000002 0.000001 0.000001 0.000002 0.000001 0.000001 0.000001 0.057350 0.000001 0.000001 0.000001 0.000001 0.000001 0.000001 0.185071 0.000001 0.000001 0.000001 0.000001 0.000001 0.000001 0.000001 0.000002 0.000002 0.000002 0.000001 0.000001 0.000002 0.000001 0.000001 0.000001 0.000001 0.000001 0.000001 0.000001 0.000001 0.000002 0.000348 0.741959 0.000002 0.000001 0.000001 0.000001 0.000001 0.000001 0.000001 0.000001 0.000001 0.000001 0.000001 0.000001 0.000001 0.000001 0.000001 0.000001 0.000002 0.000001 0.000001 0.000001 0.000001 0.000001 0.000001 0.004475 0.000001 0.000001 0.000001 0.000001 0.000001 0.000001 0.000001 0.000001 0.000732 0.000002 0.000001 0.000001 0.000002 
0.000003 0.000003 0.000003 0.000003 0.000003 0.000003 0.000003 0.000003 0.000003 0.000003 0.000007 0.000003 0.000003 0.000003 0.000003 0.000003 0.000003 0.000003 0.000003 0.000003 0.000004 0.000003 0.000003 0.000003 0.000003 0.000003 0.000003 0.026282 0.000003 0.000003 0.000003 0.000003 0.000003 0.000003 0.000008 0.000003 0.000003 0.000003 0.000003 0.000003 0.000003 0.000003 0.000003 0.000003 0.000003 0.000003 0.000003 0.000003 0.000003 0.000003 0.000003 0.000003 0.000003 0.000003 0.000003 0.000003 0.000003 0.497061 0.475057 0.000003 0.000003 0.000003 0.000003 0.000003 0.000003 0.000003 0.000003 0.000003 0.000003 0.000003 0.000003 0.000003 0.000003 0.000003 0.000003 0.001342 0.000003 0.000003 0.000003 0.000003 0.000003 0.000003 0.000003 0.000003 0.000003 0.000003 0.000003 0.000003 0.000003 0.000003 0.000003 0.000003 0.000003 0.000003 0.000003 0.000003 
0.072926 0.067145 0.066324 0.073322 0.068628 0.066774 0.070661 0.061595 0.064553 0.068132 0.061116 0.061543 0.060992 0.071722 0.064567 
0.064072 0.073902 0.068845 0.067531 0.055193 0.061235 0.071268 0.070655 0.064966 0.059878 0.075387 0.059814 0.075023 0.062372 0.069858 
0.061117 0.069283 0.069579 0.062095 0.060315 0.066556 0.061496 0.069719 0.068921 0.071465 0.066442 0.063136 0.070596 0.076767 0.062513 
0.072540 0.066721 0.063767 0.071324 0.065569 0.066413 0.070423 0.059044 0.059112 0.071618 0.064815 0.059927 0.073494 0.062892 0.072340 
breast
0.076018 0.037640 0.038213 0.054243 0.052752 0.049075 0.070843 0.067640 0.088994 0.115657 0.098670 0.006718 0.059353 0.125854 0.058330 
0.071404 0.035245 0.035922 0.064917 0.061357 0.049832 0.065094 0.064104 0.084143 0.115637 0.092693 0.008414 0.071856 0.119052 0.060329 
0.074854 0.037041 0.037251 0.061060 0.061546 0.046985 0.071490 0.066602 0.090181 0.099743 0.097176 0.005536 0.062074 0.119861 0.068599 
0.074587 0.036892 0.034903 0.059104 0.057005 0.052917 0.066978 0.066363 0.087305 0.111674 0.096802 0.009404 0.060467 0.128578 0.057022 
0.077139 0.038239 0.035257 0.060115 0.053841 0.055692 0.070978 0.068639 0.090248 0.101742 0.100164 0.010294 0.061652 0.123056 0.052943 
0.071881 0.034946 0.033664 0.062957 0.061731 0.054113 0.066876 0.063644 0.083290 0.117624 0.091946 0.011210 0.062887 0.125668 0.057563 
0.079443 0.039436 0.036000 0.045505 0.040838 0.055314 0.070284 0.070694 0.092940 0.123626 0.103153 0.009737 0.055510 0.126010 0.051512 
0.080043 0.039736 0.037000 0.047465 0.046079 0.046511 0.073852 0.071231 0.093657 0.117663 0.103900 0.004098 0.052250 0.129673 0.056843 
0.074740 0.035694 0.036150 0.062001 0.064329 0.045721 0.071763 0.064319 0.084746 0.107687 0.093814 0.005549 0.062399 0.122553 0.068536 
0.074807 0.037041 0.033760 0.071797 0.059514 0.056059 0.066144 0.066558 0.087518 0.095766 0.097176 0.011063 0.077729 0.116437 0.048629 
0.072871 0.035994 0.035654 0.055176 0.057057 0.053588 0.066748 0.064834 0.085393 0.121609 0.094561 0.010404 0.057156 0.124653 0.064301 
0.076422 0.036592 0.035386 0.071785 0.064897 0.043519 0.067072 0.065818 0.086646 0.103717 0.096055 0.003698 0.070280 0.118459 0.059653 
0.073181 0.036143 0.034544 0.061036 0.061768 0.049189 0.068434 0.065109 0.085662 0.111668 0.094935 0.007493 0.061752 0.129970 0.059116 
0.067373 0.033150 0.034039 0.070720 0.066993 0.050879 0.062695 0.059930 0.079056 0.125563 0.087463 0.010262 0.073321 0.113561 0.064996 
0.075499 0.037191 0.035667 0.060088 0.057463 0.047216 0.068129 0.069624 0.088119 0.109688 0.097550 0.005678 0.061334 0.126109 0.060646 
0.079711 0.039586 0.038346 0.061126 0.058522 0.046347 0.074795 0.070934 0.093330 0.075901 0.103527 0.003534 0.065325 0.124324 0.064692 
0.075445 0.037341 0.035519 0.060092 0.058282 0.048791 0.070356 0.067128 0.088311 0.103723 0.097923 0.006539 0.063823 0.127983 0.058744 
0.076700 0.037041 0.036250 0.061060 0.058502 0.056071 0.070653 0.067157 0.090108 0.093778 0.097176 0.011037 0.064502 0.117209 0.062756 
0.075714 0.037490 0.036629 0.058143 0.056442 0.048926 0.068957 0.067369 0.088696 0.109690 0.098297 0.006629 0.059920 0.124001 0.063098 
0.067987 0.033449 0.033557 0.063895 0.062528 0.042083 0.062603 0.062924 0.084618 0.141474 0.088210 0.004913 0.068078 0.121638 0.062044 
0.077287 0.037790 0.038624 0.061079 0.056988 0.041620 0.070042 0.069046 0.090154 0.111681 0.099044 0.002025 0.062306 0.118570 0.063744 
0.077439 0.038388 0.036377 0.060119 0.056886 0.043883 0.069603 0.076074 0.093085 0.097766 0.100538 0.002812 0.064162 0.123968 0.058900 
0.076856 0.038089 0.039008 0.060111 0.059695 0.051004 0.072781 0.068967 0.090509 0.089809 0.099791 0.007336 0.059197 0.120211 0.066635 
0.075734 0.037490 0.035644 0.062048 0.058957 0.045902 0.068156 0.067387 0.088657 0.111679 0.098297 0.004795 0.060504 0.126213 0.058537 
0.069997 0.034497 0.035660 0.056113 0.059959 0.052171 0.067776 0.062270 0.087011 0.127563 0.090825 0.010381 0.055008 0.121025 0.069744 
0.072545 0.035844 0.035269 0.060053 0.056401 0.054359 0.066268 0.064542 0.087474 0.125585 0.094187 0.009517 0.058466 0.118287 0.061203 
0.077722 0.038538 0.036500 0.056218 0.052732 0.049916 0.069844 0.069159 0.093428 0.107710 0.100912 0.006674 0.058721 0.123555 0.058373 
0.071413 0.035245 0.034036 0.068822 0.064342 0.048319 0.064693 0.063532 0.083642 0.111660 0.092693 0.007431 0.074893 0.121069 0.058209 
0.080739 0.038838 0.036495 0.059154 0.055616 0.053228 0.072569 0.069668 0.091615 0.089815 0.101659 0.008317 0.061095 0.123330 0.057861 
0.074004 0.036592 0.035646 0.063000 0.060693 0.045049 0.067301 0.068290 0.086687 0.113660 0.096055 0.004760 0.063432 0.123154 0.061675 
0.077143 0.038239 0.036995 0.060115 0.057940 0.051146 0.069966 0.068644 0.090334 0.093787 0.100164 0.007399 0.064125 0.121395 0.062607 
0.072861 0.035994 0.033418 0.062009 0.055902 0.046002 0.064900 0.064823 0.090173 0.133541 0.094561 0.005912 0.060006 0.128343 0.051555 
0.071999 0.035545 0.034784 0.057116 0.056557 0.056191 0.065599 0.064055 0.084361 0.125583 0.093440 0.012286 0.058526 0.123080 0.060878 
0.072845 0.035994 0.033909 0.059080 0.053605 0.050630 0.065296 0.067169 0.085296 0.131552 0.094561 0.008676 0.060175 0.127536 0.053675 
0.074542 0.036892 0.036128 0.056175 0.052955 0.055931 0.067964 0.066324 0.087351 0.115651 0.096802 0.011317 0.063095 0.117192 0.061680 
0.073698 0.036443 0.036011 0.060068 0.058395 0.055513 0.067450 0.065571 0.086364 0.109681 0.095682 0.011207 0.061107 0.119130 0.063681 
0.073127 0.036143 0.036757 0.066893 0.066253 0.043101 0.070229 0.065063 0.085738 0.099736 0.094935 0.003614 0.071246 0.117868 0.069296 
0.074694 0.036443 0.035868 0.057140 0.055044 0.064687 0.067635 0.068513 0.089084 0.101727 0.095682 0.016681 0.058818 0.116005 0.061980 
0.074822 0.037041 0.035504 0.065940 0.058081 0.048487 0.067587 0.066572 0.090084 0.111675 0.097176 0.006624 0.065854 0.116900 0.057652 
0.073718 0.036443 0.037413 0.055188 0.054955 0.044910 0.067468 0.066169 0.086870 0.127579 0.095682 0.004934 0.062194 0.122797 0.063681 
0.077015 0.037640 0.036616 0.055219 0.054495 0.050582 0.069402 0.068225 0.089315 0.101737 0.098670 0.007463 0.067462 0.124007 0.062152 
0.071411 0.035245 0.037508 0.064917 0.069085 0.048406 0.069999 0.065893 0.083810 0.095752 0.092693 0.007220 0.064565 0.116279 0.077217 
0.076048 0.037640 0.036273 0.054243 0.056730 0.049088 0.071277 0.067667 0.089031 0.109691 0.098670 0.006639 0.054469 0.130161 0.062374 
0.073684 0.036443 0.035759 0.060068 0.056406 0.057023 0.067234 0.065558 0.086347 0.113659 0.095682 0.012190 0.061104 0.117186 0.061659 
0.070564 0.034796 0.036801 0.059049 0.060153 0.045043 0.065403 0.068075 0.083234 0.129554 0.091572 0.005777 0.062272 0.120814 0.066890 
0.078014 0.038688 0.036128 0.063055 0.057080 0.042478 0.069682 0.071865 0.091290 0.105723 0.101285 0.002008 0.061645 0.125013 0.056046 
0.072106 0.035096 0.032772 0.078579 0.066891 0.049763 0.066250 0.066203 0.085967 0.103705 0.092320 0.008245 0.075100 0.116453 0.050551 
0.079760 0.039586 0.037125 0.049413 0.049443 0.046370 0.073815 0.070978 0.093324 0.105730 0.103527 0.003930 0.058618 0.129630 0.058751 
0.075738 0.037490 0.037381 0.061072 0.063771 0.045903 0.069590 0.067392 0.088727 0.089804 0.098297 0.004505 0.064660 0.126828 0.068843 
0.075727 0.037490 0.034897 0.059119 0.054435 0.050533 0.067537 0.069739 0.088619 0.117644 0.098297 0.007664 0.058209 0.126014 0.054075 
0.072168 0.034647 0.035045 0.056117 0.059607 0.049373 0.064973 0.065476 0.082423 0.129553 0.091199 0.008557 0.059936 0.124569 0.066358 
0.076408 0.037341 0.037099 0.065948 0.063818 0.063928 0.069498 0.067682 0.088631 0.069917 0.097923 0.015391 0.065966 0.114384 0.066065 
0.076847 0.038089 0.034139 0.064992 0.054939 0.051085 0.067465 0.070737 0.092305 0.103729 0.099791 0.007521 0.067840 0.123214 0.047307 
0.075428 0.037341 0.036754 0.059115 0.057714 0.048785 0.068919 0.067114 0.088375 0.109689 0.097923 0.006618 0.060637 0.121224 0.064364 
0.074279 0.036742 0.034524 0.062028 0.056377 0.052766 0.066513 0.066088 0.086953 0.117638 0.096429 0.009473 0.062700 0.122924 0.054565 
0.076011 0.037640 0.036755 0.061075 0.060612 0.047555 0.069209 0.067635 0.089021 0.095771 0.098670 0.005524 0.064697 0.125651 0.064173 
0.076268 0.037790 0.036867 0.064984 0.061260 0.052231 0.069427 0.067863 0.089332 0.089807 0.099044 0.008245 0.065344 0.118213 0.063325 
0.075740 0.037490 0.036640 0.052287 0.053015 0.044390 0.068980 0.067393 0.088729 0.125599 0.098297 0.004050 0.055354 0.128619 0.063418 
0.075126 0.037191 0.034888 0.064968 0.058445 0.056216 0.067231 0.066843 0.087930 0.101733 0.097550 0.011153 0.065128 0.120693 0.054907 
0.079609 0.038239 0.036754 0.052306 0.052552 0.055118 0.069777 0.068661 0.092792 0.105719 0.100164 0.008487 0.053140 0.125135 0.061547 
0.077790 0.038389 0.037890 0.054262 0.057674 0.057528 0.071095 0.074030 0.090821 0.075891 0.100538 0.010892 0.062061 0.122036 0.069102 
0.079161 0.039287 0.038757 0.056238 0.054726 0.052140 0.071269 0.071022 0.093124 0.089819 0.102779 0.007418 0.058965 0.124331 0.060964 
0.077423 0.038388 0.034882 0.064023 0.056126 0.054402 0.068363 0.071252 0.092991 0.093789 0.100538 0.009269 0.064737 0.123199 0.050616 
0.072857 0.035994 0.034904 0.060056 0.058741 0.052064 0.068569 0.064820 0.087782 0.113655 0.094561 0.009369 0.060950 0.125519 0.060159 
0.073999 0.036592 0.035396 0.059096 0.057355 0.045133 0.069539 0.068201 0.086669 0.111671 0.096055 0.004733 0.070165 0.125100 0.060294 
0.074288 0.036742 0.034776 0.058124 0.054210 0.048395 0.066725 0.070816 0.086977 0.123604 0.096429 0.006762 0.062105 0.124102 0.055946 
0.073141 0.036143 0.036513 0.068845 0.069149 0.044622 0.070035 0.065075 0.085724 0.091782 0.094935 0.004439 0.070318 0.120401 0.068877 
0.075160 0.037191 0.035646 0.059112 0.056774 0.044103 0.067874 0.066875 0.088010 0.119630 0.097550 0.003950 0.063019 0.125736 0.059369 
0.070991 0.034497 0.033530 0.074659 0.069868 0.052158 0.063878 0.062850 0.082262 0.099723 0.090825 0.010011 0.076771 0.119695 0.058281 
0.074531 0.036892 0.035626 0.067889 0.061445 0.052891 0.072437 0.066313 0.087294 0.093776 0.096802 0.009167 0.069775 0.115602 0.059560 
0.075422 0.037341 0.035759 0.065948 0.060890 0.044232 0.070543 0.067109 0.088312 0.103723 0.097923 0.003749 0.068396 0.121489 0.059163 
0.077415 0.038388 0.037111 0.061095 0.058629 0.052796 0.070196 0.071333 0.090645 0.079869 0.100538 0.008155 0.069824 0.121284 0.062721 
0.073538 0.035096 0.035293 0.073699 0.064974 0.048163 0.064421 0.063824 0.083763 0.111659 0.092320 0.007421 0.073760 0.115258 0.056813 
0.075407 0.037341 0.037242 0.063020 0.060935 0.051807 0.069310 0.067096 0.088375 0.095769 0.097923 0.008294 0.063689 0.116988 0.066805 
0.074590 0.036892 0.035152 0.063008 0.060343 0.045337 0.067185 0.066366 0.087320 0.111674 0.096802 0.004754 0.065963 0.126213 0.058402 
0.072425 0.035245 0.035390 0.061989 0.059646 0.043771 0.066120 0.064131 0.084036 0.129557 0.092693 0.004878 0.067140 0.119148 0.063829 
0.074179 0.036143 0.036635 0.053228 0.058842 0.056177 0.068015 0.065696 0.086060 0.105702 0.094935 0.012650 0.058138 0.124402 0.069198 
0.079740 0.039586 0.037862 0.047461 0.047718 0.049395 0.071966 0.070961 0.093353 0.105730 0.103527 0.005790 0.057107 0.127874 0.061931 
0.071994 0.035545 0.033789 0.061997 0.058357 0.051639 0.067223 0.064050 0.086744 0.119617 0.093440 0.009417 0.067207 0.123305 0.055676 
0.070581 0.034647 0.033061 0.064902 0.057607 0.061557 0.063546 0.067596 0.082394 0.119610 0.091199 0.015865 0.066755 0.115693 0.054987 
0.075721 0.037490 0.036136 0.052287 0.051142 0.053478 0.071001 0.067375 0.088685 0.119633 0.098297 0.009550 0.055345 0.123524 0.060336 
0.075155 0.036293 0.034824 0.055184 0.052728 0.043255 0.069592 0.066740 0.089016 0.135532 0.095308 0.004099 0.057235 0.125499 0.059539 
0.078547 0.038987 0.036358 0.066967 0.059133 0.051424 0.070135 0.074615 0.091902 0.075896 0.102032 0.005353 0.072121 0.120576 0.055953 
0.075158 0.037191 0.036637 0.051303 0.054314 0.058764 0.068689 0.069234 0.088046 0.105710 0.097550 0.011205 0.056942 0.124044 0.065212 
0.076304 0.037790 0.036634 0.057175 0.055872 0.044754 0.069253 0.070255 0.089368 0.115658 0.099044 0.003938 0.056807 0.124882 0.062265 
0.072544 0.035844 0.036509 0.054196 0.055200 0.056462 0.067289 0.064543 0.085084 0.117631 0.094187 0.012201 0.063699 0.116504 0.068106 
0.073033 0.034796 0.034176 0.059049 0.059331 0.047999 0.064400 0.065155 0.082712 0.135520 0.091572 0.007717 0.057362 0.126229 0.060949 
0.071420 0.035245 0.034784 0.066870 0.063319 0.042260 0.065313 0.063539 0.086151 0.127569 0.092693 0.003922 0.063602 0.121604 0.061710 
0.076306 0.037790 0.035393 0.063032 0.059179 0.047699 0.068232 0.067896 0.089289 0.103727 0.099044 0.005640 0.063799 0.126650 0.056325 
0.079576 0.038239 0.035252 0.069876 0.060722 0.046676 0.068522 0.070989 0.090231 0.091799 0.100164 0.004583 0.066819 0.123608 0.052943 
0.072564 0.035844 0.035027 0.065909 0.063453 0.050404 0.066079 0.064560 0.085005 0.107688 0.094187 0.008349 0.067919 0.121586 0.061426 
0.077459 0.036592 0.037149 0.064953 0.061368 0.040497 0.067702 0.067017 0.087465 0.113660 0.096055 0.001970 0.064955 0.121804 0.061354 
0.080586 0.040035 0.037233 0.058210 0.053650 0.046778 0.071866 0.071715 0.094275 0.087836 0.104647 0.003723 0.065609 0.126765 0.057071 
0.072845 0.035994 0.035396 0.069818 0.066091 0.041445 0.066522 0.064811 0.085347 0.105701 0.094561 0.002753 0.075908 0.120211 0.062600 
0.076044 0.037640 0.037015 0.054243 0.058487 0.050602 0.069440 0.067664 0.091506 0.101737 0.098670 0.007463 0.054480 0.128492 0.066516 
0.073409 0.036293 0.032414 0.075682 0.062610 0.046271 0.064343 0.065311 0.085849 0.115646 0.095308 0.005696 0.073185 0.123103 0.044880 
0.074884 0.037041 0.036023 0.049347 0.051063 0.053065 0.068048 0.066629 0.087717 0.127584 0.097176 0.009625 0.052920 0.126863 0.062017 
0.071690 0.035395 0.033907 0.069802 0.064446 0.054521 0.064723 0.063778 0.086395 0.103707 0.093067 0.011056 0.070806 0.119765 0.056943 
0.073122 0.036143 0.035020 0.062989 0.057999 0.050681 0.066348 0.065056 0.085667 0.121610 0.094935 0.008554 0.063284 0.119600 0.058991 
0.072557 0.035844 0.037408 0.061029 0.062355 0.054949 0.071782 0.065132 0.085515 0.095757 0.094187 0.010981 0.064126 0.121429 0.066948 
0.076834 0.038089 0.034630 0.069872 0.058848 0.046444 0.070310 0.068366 0.089869 0.095775 0.099791 0.004625 0.074100 0.122700 0.049747 
0.076564 0.037939 0.035504 0.069868 0.063294 0.052375 0.070897 0.068125 0.089584 0.083842 0.099417 0.008177 0.066729 0.121566 0.056118 
0.067230 0.032551 0.034150 0.077537 0.073678 0.053339 0.062527 0.059497 0.078028 0.109650 0.085969 0.011870 0.076017 0.110336 0.067622 
0.074580 0.036892 0.034900 0.062032 0.059069 0.051397 0.066972 0.068803 0.089741 0.105708 0.096802 0.008395 0.060305 0.127382 0.057022 
0.076879 0.038089 0.038369 0.052302 0.055947 0.050430 0.070968 0.068410 0.090106 0.105718 0.099791 0.005687 0.053120 0.123406 0.070777 
0.076866 0.038089 0.036875 0.061087 0.059329 0.046460 0.069730 0.070843 0.092454 0.095775 0.099791 0.004625 0.062393 0.122871 0.062814 
0.073420 0.036293 0.035890 0.061040 0.060486 0.052428 0.067213 0.067752 0.086027 0.103714 0.095308 0.009257 0.064265 0.122697 0.064208 
0.079439 0.039436 0.038478 0.055266 0.054276 0.044784 0.074769 0.073052 0.093039 0.095786 0.103153 0.002857 0.058269 0.121758 0.065638 
0.073690 0.036443 0.035263 0.065925 0.061469 0.051045 0.066830 0.067923 0.086308 0.099739 0.095682 0.008285 0.072999 0.118540 0.059860 
0.075570 0.036143 0.036907 0.073726 0.070248 0.047733 0.066757 0.067997 0.086126 0.083827 0.094935 0.006193 0.071662 0.118818 0.063355 
0.073709 0.036443 0.036760 0.059092 0.060165 0.049453 0.068073 0.065582 0.088854 0.107693 0.095682 0.007460 0.062803 0.120086 0.068143 
0.074847 0.037041 0.035760 0.061060 0.058033 0.053046 0.067812 0.066665 0.087656 0.103721 0.097176 0.009309 0.064496 0.123064 0.060315 
0.070255 0.034647 0.032548 0.069782 0.060578 0.049266 0.062893 0.062498 0.082273 0.135518 0.091199 0.008636 0.068110 0.120526 0.051269 
0.072258 0.035694 0.034897 0.066881 0.062035 0.051770 0.065819 0.064286 0.084666 0.113653 0.093814 0.009348 0.066187 0.118340 0.060350 
0.070848 0.034946 0.034042 0.065886 0.062159 0.046526 0.066864 0.063028 0.083010 0.127566 0.091946 0.006691 0.065181 0.122265 0.059041 
0.071374 0.035245 0.038544 0.071750 0.067697 0.046872 0.066091 0.067017 0.084644 0.095752 0.092693 0.006290 0.077203 0.112236 0.066591 
0.069718 0.034347 0.036035 0.061966 0.066661 0.047657 0.065502 0.066742 0.081804 0.117619 0.090452 0.007448 0.059534 0.121482 0.073033 
0.078878 0.039137 0.038731 0.048425 0.052734 0.055120 0.074701 0.072552 0.092393 0.085840 0.102406 0.009215 0.057740 0.122994 0.069134 
0.073950 0.036592 0.036121 0.067881 0.062497 0.058670 0.067663 0.065794 0.086658 0.091785 0.096055 0.012840 0.064799 0.115541 0.063153 
0.074548 0.036892 0.037120 0.063008 0.062219 0.054416 0.068784 0.066398 0.087381 0.091788 0.096802 0.010070 0.063547 0.118862 0.068164 
0.077849 0.037341 0.035752 0.064972 0.058799 0.051805 0.068080 0.067090 0.088299 0.101734 0.097923 0.008373 0.062743 0.120718 0.058521 
0.074595 0.036892 0.037388 0.055199 0.058002 0.042309 0.069029 0.066372 0.087457 0.123605 0.096802 0.003052 0.055018 0.124414 0.069865 
0.074045 0.036592 0.037149 0.047383 0.055302 0.049618 0.071008 0.065883 0.086797 0.119626 0.096055 0.007629 0.053721 0.128272 0.070920 
0.073625 0.035844 0.036644 0.060053 0.065645 0.042843 0.067749 0.065202 0.085418 0.107688 0.094187 0.003699 0.063375 0.127036 0.070992 
0.073713 0.036443 0.038155 0.053235 0.054633 0.046424 0.070523 0.066165 0.086905 0.125590 0.095682 0.005838 0.058237 0.120955 0.067502 
0.079713 0.039586 0.040544 0.058198 0.057276 0.058477 0.072146 0.070936 0.093306 0.065958 0.103527 0.010842 0.065481 0.120057 0.063953 
0.075099 0.037191 0.034878 0.065944 0.057027 0.054687 0.072101 0.066818 0.090359 0.099745 0.097550 0.010196 0.068334 0.116125 0.053945 
0.076555 0.037939 0.035502 0.065964 0.058437 0.053888 0.068444 0.068117 0.089595 0.097762 0.099417 0.009291 0.063685 0.120248 0.055156 
0.080440 0.038688 0.036616 0.054270 0.051357 0.059233 0.072520 0.071761 0.091292 0.093791 0.101285 0.012080 0.057244 0.120938 0.058486 
0.076565 0.037939 0.035507 0.057179 0.052244 0.055410 0.070899 0.068127 0.089612 0.107705 0.099417 0.010353 0.059280 0.124608 0.055156 
0.073163 0.035096 0.032901 0.069794 0.061400 0.043632 0.064246 0.064481 0.083883 0.131545 0.092320 0.004894 0.068251 0.123523 0.050872 
0.078860 0.039137 0.036492 0.058186 0.052941 0.048960 0.070401 0.070175 0.092276 0.097772 0.102406 0.008100 0.065319 0.122907 0.056067 
0.076345 0.037790 0.035903 0.051318 0.055602 0.052351 0.068673 0.070292 0.094225 0.099750 0.099044 0.008377 0.057115 0.132526 0.060689 
0.080890 0.040185 0.037364 0.051381 0.048835 0.048445 0.074570 0.071985 0.094635 0.101758 0.105021 0.004848 0.055439 0.127461 0.057185 
0.071778 0.035245 0.035805 0.056132 0.058794 0.049844 0.066401 0.063947 0.083882 0.121603 0.092693 0.008493 0.062578 0.123974 0.068830 
0.071380 0.035245 0.036905 0.067846 0.065061 0.055972 0.065891 0.066442 0.084160 0.095752 0.092693 0.011870 0.071708 0.113544 0.065531 
0.071666 0.035395 0.036284 0.070778 0.064669 0.051479 0.067968 0.064337 0.084466 0.105696 0.093067 0.009222 0.069138 0.114653 0.061182 
0.077424 0.038388 0.036868 0.056214 0.053200 0.049769 0.074893 0.068895 0.090663 0.103732 0.100538 0.006611 0.061125 0.120980 0.060699 
0.072567 0.035844 0.035770 0.071766 0.070742 0.047371 0.066693 0.064562 0.087472 0.089791 0.094187 0.006252 0.070051 0.120723 0.066209 
0.077149 0.038239 0.036502 0.052306 0.050562 0.055698 0.069562 0.068649 0.090329 0.109696 0.100164 0.010400 0.058028 0.123191 0.059525 
0.076292 0.037790 0.034645 0.056199 0.049798 0.049210 0.070055 0.067883 0.091712 0.125601 0.099044 0.006860 0.058460 0.125550 0.050900 
0.072022 0.035545 0.036775 0.065901 0.070942 0.042640 0.067253 0.066438 0.084447 0.095754 0.093440 0.003520 0.067853 0.123943 0.073526 
0.075976 0.037640 0.036991 0.061075 0.057689 0.053604 0.069384 0.067602 0.091465 0.099748 0.098670 0.009297 0.059810 0.117096 0.063951 
0.076341 0.037640 0.035037 0.068884 0.061317 0.047544 0.068026 0.068015 0.089043 0.095771 0.098670 0.005524 0.070760 0.121961 0.055466 
0.077204 0.038089 0.036153 0.058159 0.053402 0.046542 0.074265 0.071145 0.090106 0.111683 0.099791 0.004836 0.057653 0.121985 0.058987 
0.071715 0.035395 0.036399 0.049304 0.054447 0.057654 0.066789 0.066232 0.084121 0.125582 0.093067 0.013206 0.052414 0.123569 0.070107 
0.074839 0.037041 0.035509 0.062036 0.057434 0.048494 0.072494 0.069035 0.087640 0.105709 0.097176 0.006545 0.067699 0.119734 0.058614 
0.076590 0.037939 0.033780 0.057179 0.049549 0.049356 0.067043 0.068148 0.091999 0.125602 0.099417 0.006870 0.059254 0.131140 0.046133 
0.071988 0.035545 0.034285 0.062973 0.057409 0.041111 0.065182 0.066406 0.084344 0.139503 0.093440 0.003171 0.065534 0.121956 0.057154 
0.075449 0.037341 0.036515 0.053259 0.053000 0.044247 0.068732 0.067133 0.088396 0.129575 0.097923 0.004092 0.056067 0.125288 0.062984 
0.070264 0.034647 0.033544 0.066854 0.061558 0.047754 0.063718 0.062507 0.082324 0.129553 0.091199 0.007627 0.070732 0.120608 0.057112 
0.074860 0.037041 0.036262 0.053251 0.052998 0.051537 0.068233 0.066608 0.087708 0.119629 0.097176 0.008590 0.060860 0.122491 0.062756 
0.070845 0.034946 0.035033 0.064910 0.063111 0.045009 0.067679 0.063026 0.083059 0.125578 0.091946 0.005735 0.064435 0.120445 0.064243 
0.079428 0.039436 0.036241 0.054289 0.048319 0.053790 0.075367 0.070681 0.092920 0.101752 0.103153 0.008517 0.059918 0.122976 0.053213 
0.075718 0.037490 0.035391 0.056191 0.052138 0.050444 0.067939 0.067372 0.088646 0.121621 0.098297 0.007717 0.060824 0.124016 0.056195 
0.074852 0.037041 0.036508 0.059108 0.057010 0.043953 0.068430 0.066601 0.090161 0.117641 0.097176 0.003913 0.060541 0.123250 0.063816 
0.071411 0.035245 0.035525 0.064917 0.063699 0.043772 0.065919 0.063533 0.086172 0.115637 0.092693 0.004694 0.071872 0.119059 0.065851 
0.075748 0.037490 0.037633 0.052287 0.058164 0.050457 0.072249 0.067401 0.091201 0.097759 0.098297 0.007400 0.057812 0.125879 0.070223 
0.075424 0.037341 0.036255 0.056187 0.055882 0.057879 0.068505 0.067179 0.088330 0.095769 0.097923 0.012014 0.060789 0.128279 0.062244 
0.073695 0.036443 0.035763 0.059092 0.056420 0.057028 0.067243 0.065567 0.086355 0.115647 0.095682 0.012216 0.057897 0.118974 0.061980 
0.077027 0.037640 0.034388 0.064980 0.056808 0.044522 0.067572 0.068233 0.089220 0.117646 0.098670 0.003954 0.062813 0.126480 0.050047 
0.072827 0.035994 0.036630 0.068841 0.066225 0.041438 0.069975 0.067241 0.085401 0.103712 0.094561 0.002727 0.070275 0.115614 0.068541 
0.075792 0.037341 0.037529 0.050330 0.054681 0.053426 0.072254 0.069887 0.088543 0.103723 0.097923 0.009329 0.056241 0.122574 0.070424 
0.075726 0.037490 0.037873 0.060095 0.062149 0.043039 0.069989 0.074547 0.088756 0.097759 0.098297 0.002750 0.059016 0.121871 0.070642 
0.071967 0.035545 0.036508 0.068830 0.067508 0.047165 0.069449 0.066388 0.084407 0.099731 0.093440 0.006363 0.067688 0.115111 0.069900 
0.075444 0.037341 0.035271 0.062044 0.058371 0.047275 0.070152 0.067127 0.088307 0.111677 0.097923 0.005715 0.060452 0.125859 0.057043 
0.076545 0.037939 0.035747 0.066940 0.058307 0.047819 0.071087 0.068109 0.089607 0.101739 0.099417 0.005624 0.066897 0.118327 0.055895 
0.076007 0.037640 0.038242 0.055219 0.059997 0.053704 0.070432 0.069992 0.091531 0.083840 0.098670 0.009086 0.062597 0.120586 0.072457 
0.077711 0.038538 0.036247 0.062075 0.056275 0.048394 0.069630 0.069150 0.093400 0.099756 0.100912 0.005639 0.063284 0.121998 0.056992 
0.072831 0.035994 0.035390 0.066889 0.063325 0.056601 0.066509 0.064796 0.085334 0.101723 0.094561 0.012000 0.063841 0.117925 0.062279 
0.075409 0.037341 0.035755 0.059115 0.054670 0.053324 0.068085 0.067097 0.090756 0.107700 0.097923 0.009382 0.063066 0.121854 0.058521 
0.075117 0.037191 0.035629 0.062040 0.056733 0.057729 0.067837 0.066835 0.087967 0.103722 0.097550 0.012109 0.062856 0.118278 0.058407 
0.076906 0.038089 0.036393 0.058159 0.059602 0.047994 0.069354 0.068432 0.090006 0.097763 0.099791 0.005581 0.057655 0.132620 0.061656 
0.074857 0.037041 0.038149 0.061060 0.060375 0.046987 0.068638 0.069630 0.088191 0.105709 0.097176 0.005615 0.059621 0.121113 0.065838 
0.077336 0.037341 0.035280 0.047402 0.048751 0.050318 0.067725 0.067726 0.090781 0.125597 0.097923 0.007759 0.058815 0.129881 0.057363 
0.074314 0.036592 0.036152 0.066905 0.063213 0.057160 0.067940 0.066207 0.086791 0.089797 0.096055 0.011883 0.066483 0.115436 0.065072 
0.076305 0.037790 0.039267 0.055223 0.058125 0.046184 0.070276 0.068476 0.089893 0.101738 0.099044 0.004684 0.057748 0.125758 0.069489 
0.075386 0.037341 0.035746 0.067900 0.060161 0.057275 0.070511 0.067075 0.088280 0.093780 0.097923 0.010127 0.065026 0.115268 0.058201 
0.074284 0.036742 0.035519 0.061052 0.058031 0.049737 0.067335 0.066094 0.087007 0.115650 0.096429 0.007586 0.061954 0.122494 0.060088 
0.076313 0.037790 0.037629 0.052294 0.056177 0.049220 0.072525 0.067905 0.089413 0.103727 0.099044 0.006570 0.057906 0.125059 0.068429 
0.077712 0.038538 0.035408 0.064027 0.053083 0.051426 0.067791 0.069727 0.093764 0.107710 0.100912 0.007604 0.062326 0.125084 0.044887 
0.075996 0.037640 0.035511 0.057171 0.052125 0.052098 0.068175 0.067620 0.088973 0.119634 0.098670 0.008631 0.059188 0.122580 0.055988 
0.074025 0.036592 0.037390 0.054215 0.059301 0.045060 0.068749 0.065864 0.086792 0.113660 0.096055 0.004760 0.059054 0.126824 0.071660 
0.076839 0.038089 0.036617 0.062063 0.057326 0.051083 0.069503 0.070732 0.089979 0.095775 0.099791 0.007415 0.065596 0.118720 0.060471 
0.072056 0.035545 0.034557 0.051260 0.056053 0.048722 0.065442 0.066467 0.084389 0.133537 0.093440 0.007742 0.056400 0.132970 0.061421 
0.076565 0.037939 0.037491 0.058155 0.056914 0.044883 0.072535 0.070489 0.092158 0.101739 0.099417 0.003764 0.062518 0.119551 0.065880 
0.076314 0.037790 0.038340 0.049366 0.048611 0.047705 0.068649 0.067904 0.089349 0.129578 0.099044 0.005983 0.055597 0.127647 0.058124 
0.074608 0.036892 0.036894 0.059104 0.063794 0.043829 0.073523 0.066385 0.087406 0.095765 0.096802 0.003613 0.065389 0.126968 0.069028 
0.075439 0.037341 0.038401 0.052283 0.052781 0.045759 0.069133 0.067704 0.088888 0.125597 0.097923 0.004969 0.055314 0.123045 0.065424 
0.073395 0.036293 0.033897 0.069825 0.061293 0.060841 0.065557 0.065298 0.085904 0.101726 0.095308 0.012951 0.066194 0.118676 0.052843 
0.071095 0.035096 0.032660 0.076627 0.065514 0.048249 0.063400 0.065606 0.085665 0.107682 0.092320 0.009814 0.076023 0.119696 0.050551 
0.077019 0.037640 0.036370 0.058147 0.055272 0.044520 0.069201 0.068229 0.091764 0.113668 0.098670 0.003902 0.062407 0.122740 0.060450 
