-1139031.484901
0
0.000001 0.000001 0.000001 0.000001 0.000001 0.000001 0.000001 0.000001 0.000001 0.000001 0.000002 0.000001 0.000001 0.000001 0.000001 0.000001 0.000333 0.000001 0.000173 0.000001 0.000001 0.000001 0.000001 0.000138 0.000001 0.000001 0.000001 0.000001 0.000001 0.000001 0.000001 0.000001 0.000001 0.000001 0.590973 0.000001 0.000001 0.000001 0.000001 0.000001 0.000001 0.000001 0.000001 0.000001 0.000001 0.000001 0.000001 0.000245 0.000001 0.000001 0.000001 0.000001 0.000001 0.000001 0.000001 0.000001 0.018691 0.000001 0.368126 0.017570 0.000001 0.000001 0.000001 0.000001 0.000001 0.000001 0.000001 0.000001 0.000001 0.000001 0.000001 0.000001 0.000001 0.000001 0.000001 0.000723 0.000001 0.000001 0.000001 0.000001 0.000001 0.000001 0.000001 0.000001 0.000001 0.000001 0.000001 0.000001 0.000001 0.000001 0.000001 0.000001 0.000055 0.000001 0.000001 0.002912 
0.000001 0.000001 0.000001 0.000001 0.000001 0.000001 0.000001 0.000001 0.000001 0.000001 0.000002 0.000001 0.000001 0.000001 0.000001 0.000001 0.000001 0.000001 0.000001 0.000001 0.000001 0.000001 0.000001 0.000001 0.000001 0.000001 0.000001 0.000001 0.000001 0.000001 0.000001 0.000001 0.000001 0.000001 0.000002 0.000001 0.000001 0.000001 0.000001 0.000001 0.000001 0.000001 0.000001 0.000001 0.000001 0.000001 0.000001 0.000002 0.000001 0.000001 0.000001 0.000001 0.000001 0.000001 0.000001 0.000001 0.001675 0.000002 0.998248 0.000001 0.000001 0.000001 0.000001 0.000001 0.000001 0.000001 0.000001 0.000001 0.000001 0.000001 0.000001 0.000001 0.000001 0.000001 0.000001 0.000001 0.000001 0.000001 0.000001 0.000001 0.000001 0.000001 0.000001 0.000001 0.000001 0.000001 0.000001 0.000001 0.000001 0.000001 0.000001 0.000001 0.000002 0.000001 0.000001 0.000001 
0.000069 0.000001 0.000001 0.000001 0.000001 0.000001 0.000001 0.000001 0.001625 0.000001 0.000002 0.000014 0.000001 0.000001 0.000001 0.000001 0.000001 0.000001 0.000001 0.000001 0.000989 0.000001 0.000001 0.000001 0.000014 0.000001 0.000001 0.000001 0.000001 0.000001 0.000001 0.000001 0.000001 0.000001 0.005025 0.000001 0.000001 0.000001 0.000001 0.000014 0.000055 0.000042 0.000407 0.000001 0.000001 0.000001 0.000014 0.002216 0.000001 0.000001 0.000001 0.000001 0.000001 0.000001 0.000001 0.000001 0.046003 0.005267 0.933991 0.000001 0.000001 0.000001 0.000001 0.000001 0.000001 0.000014 0.000001 0.000014 0.000001 0.000001 0.000001 0.000109 0.000123 0.000001 0.000001 0.000001 0.000001 0.000001 0.000001 0.000001 0.000001 0.000001 0.002816 0.000001 0.000001 0.000001 0.000014 0.000001 0.000014 0.000001 0.000001 0.000001 0.001088 0.000001 0.000001 0.000001 
0.000001 0.000001 0.000001 0.000001 0.000001 0.000001 0.000001 0.000001 0.000001 0.000001 0.364312 0.000001 0.000051 0.000001 0.000001 0.000051 0.000001 0.000013 0.000001 0.000001 0.000001 0.000001 0.000001 0.000001 0.000001 0.000200 0.000001 0.000001 0.000001 0.000001 0.000001 0.000001 0.000013 0.000001 0.000002 0.000001 0.000001 0.000001 0.000001 0.000001 0.000001 0.000001 0.000001 0.000399 0.000163 0.000001 0.000001 0.001166 0.000001 0.000001 0.000001 0.000001 0.000001 0.000001 0.000001 0.000001 0.031657 0.000002 0.600942 0.000001 0.000001 0.000001 0.000001 0.000001 0.000001 0.000001 0.000001 0.000001 0.000001 0.000001 0.000001 0.000001 0.000001 0.000001 0.000001 0.000001 0.000001 0.000001 0.000001 0.000001 0.000001 0.000001 0.000001 0.000001 0.000001 0.000001 0.000001 0.000001 0.000001 0.000001 0.000001 0.000436 0.000534 0.000001 0.000001 0.000001 
0.000001 0.000001 0.000001 0.000001 0.000001 0.000001 0.000001 0.000001 0.000001 0.000001 0.383954 0.000001 0.000001 0.000001 0.000001 0.000001 0.000001 0.000001 0.000001 0.000320 0.000001 0.000001 0.000001 0.000001 0.000001 0.000001 0.000001 0.060742 0.000001 0.000001 0.000001 0.000001 0.000001 0.000001 0.000002 0.000001 0.000001 0.000001 0.000001 0.000001 0.000001 0.000001 0.000001 0.000001 0.000001 0.000001 0.000001 0.000047 0.000001 0.000001 0.000001 0.000001 0.000001 0.000001 0.000001 0.000001 0.013122 0.270669 0.269715 0.000001 0.000001 0.000001 0.000001 0.000001 0.000001 0.000001 0.000001 0.000001 0.000001 0.000001 0.000001 0.000001 0.000001 0.000001 0.000001 0.000001 0.000001 0.000001 0.000001 0.000001 0.000001 0.000001 0.000001 0.000001 0.000154 0.000001 0.000001 0.000001 0.000001 0.000001 0.000001 0.000001 0.001207 0.000001 0.000001 0.000001 
0.212261 0.198179 0.190444 0.202679 0.196438 
0.230110 0.189861 0.191090 0.199994 0.188946 
0.198590 0.202291 0.199047 0.200693 0.199379 
0.215547 0.201377 0.194136 0.198019 0.190921 
breast
0.233074 0.204047 0.186428 0.195121 0.181331 
0.233699 0.191326 0.176014 0.201629 0.197333 
0.208983 0.200809 0.181311 0.201599 0.207298 
0.225207 0.200163 0.184367 0.200248 0.190015 
0.216315 0.207400 0.190281 0.207389 0.178615 
0.229620 0.189841 0.178896 0.201209 0.200434 
0.250583 0.213761 0.193527 0.191141 0.150989 
0.236143 0.215130 0.190590 0.191034 0.167103 
0.216178 0.193610 0.175716 0.201345 0.213150 
0.214084 0.201039 0.184135 0.218266 0.182477 
0.236182 0.195402 0.179057 0.193135 0.196224 
0.211819 0.198333 0.177197 0.210982 0.201669 
0.222858 0.196086 0.177959 0.199680 0.203416 
0.240072 0.180204 0.166111 0.203750 0.209863 
0.226503 0.201609 0.181919 0.199532 0.190438 
0.186115 0.214330 0.194803 0.207864 0.196888 
0.217515 0.202447 0.184939 0.201575 0.193523 
0.209334 0.201039 0.186929 0.205976 0.196722 
0.222602 0.203247 0.184411 0.198754 0.190986 
0.257908 0.181574 0.163459 0.195151 0.201909 
0.223395 0.204655 0.183481 0.199782 0.188687 
0.215306 0.207893 0.182764 0.204192 0.189845 
0.197172 0.206485 0.189513 0.204718 0.202112 
0.221650 0.203170 0.179792 0.202241 0.193146 
0.238224 0.187403 0.175700 0.191340 0.207333 
0.237916 0.194563 0.180792 0.198588 0.188140 
0.222413 0.208846 0.187447 0.200142 0.181153 
0.228260 0.191287 0.172408 0.205846 0.202200 
0.201746 0.210523 0.191119 0.209129 0.187483 
0.227222 0.198371 0.175803 0.200582 0.198022 
0.207286 0.207285 0.186145 0.204370 0.194914 
0.246367 0.195210 0.178197 0.199108 0.181118 
0.241126 0.193079 0.178882 0.195619 0.191293 
0.250184 0.195325 0.181888 0.196622 0.175981 
0.236122 0.200239 0.184076 0.197997 0.181566 
0.222693 0.197840 0.181996 0.201495 0.195976 
0.211081 0.195933 0.174356 0.204182 0.214447 
0.218106 0.198070 0.191143 0.202644 0.190037 
0.224180 0.200847 0.180624 0.207681 0.186668 
0.246810 0.197571 0.177833 0.190206 0.187580 
0.223461 0.204085 0.188464 0.196256 0.187733 
0.203549 0.191287 0.174352 0.201730 0.229082 
0.220607 0.204047 0.183960 0.195121 0.196265 
0.228132 0.197878 0.182963 0.202225 0.188802 
0.248741 0.188811 0.171368 0.190573 0.200508 
0.215355 0.209454 0.182245 0.207655 0.185290 
0.213693 0.190526 0.177259 0.219772 0.198750 
0.225913 0.214330 0.189837 0.193024 0.176895 
0.199310 0.203170 0.182416 0.201005 0.214099 
0.233014 0.203285 0.182637 0.200720 0.180344 
0.249821 0.188126 0.171055 0.188569 0.202430 
0.177224 0.202831 0.193207 0.215458 0.211279 
0.221954 0.206485 0.185953 0.210553 0.175056 
0.222282 0.202447 0.181261 0.199508 0.194502 
0.232345 0.199363 0.181181 0.203475 0.183636 
0.207556 0.204009 0.184000 0.202217 0.202219 
0.199314 0.204924 0.185059 0.209834 0.200869 
0.241092 0.203132 0.181628 0.189146 0.185003 
0.214350 0.201839 0.185060 0.210092 0.188659 
0.217715 0.207323 0.190594 0.198193 0.186175 
0.197114 0.208238 0.190712 0.200351 0.203585 
0.202053 0.212884 0.193356 0.202802 0.188905 
0.208593 0.208161 0.189286 0.211740 0.182220 
0.226011 0.195363 0.182739 0.199902 0.195986 
0.234941 0.198371 0.179698 0.196466 0.190524 
0.245916 0.199248 0.178354 0.196340 0.180142 
0.199099 0.195971 0.175215 0.207385 0.222330 
0.235496 0.201532 0.177553 0.196837 0.188582 
0.210635 0.187403 0.174279 0.213040 0.214642 
0.205710 0.200163 0.184745 0.213039 0.196343 
0.216114 0.202332 0.179554 0.206807 0.195193 
0.198182 0.208123 0.190190 0.206819 0.196687 
0.222931 0.190487 0.174222 0.214050 0.198310 
0.205811 0.202524 0.183177 0.205913 0.202574 
0.225377 0.199971 0.177031 0.201547 0.196075 
0.246731 0.191172 0.172373 0.195001 0.194722 
0.219116 0.196202 0.184748 0.191144 0.208789 
0.226659 0.214407 0.192975 0.191179 0.174780 
0.237516 0.192964 0.178081 0.200927 0.190512 
0.243629 0.188433 0.178407 0.205534 0.183997 
0.236622 0.203362 0.186286 0.194353 0.179376 
0.256208 0.196733 0.178373 0.190307 0.178379 
0.193091 0.211207 0.192267 0.213981 0.189454 
0.224331 0.201839 0.187917 0.192779 0.193133 
0.229302 0.204732 0.180369 0.196294 0.189303 
0.239335 0.194679 0.180463 0.192874 0.192649 
0.249621 0.188888 0.173147 0.192032 0.196313 
0.236318 0.191134 0.169691 0.200937 0.201920 
0.215318 0.204808 0.181986 0.205173 0.192715 
0.200895 0.207170 0.187892 0.214548 0.189496 
0.220028 0.194525 0.176200 0.204796 0.204451 
0.223317 0.198256 0.180390 0.200867 0.197171 
0.204310 0.216730 0.192752 0.204771 0.181436 
0.220069 0.195095 0.171064 0.205849 0.207923 
0.210993 0.204085 0.184452 0.195502 0.204968 
0.227030 0.196810 0.174873 0.216422 0.184866 
0.245418 0.200962 0.182878 0.188365 0.182377 
0.215547 0.192241 0.177790 0.210965 0.203458 
0.235569 0.196125 0.177661 0.202052 0.188594 
0.206886 0.194640 0.187116 0.202463 0.208894 
0.210743 0.206370 0.186097 0.214896 0.181894 
0.189860 0.205723 0.186878 0.217331 0.200208 
0.217329 0.177081 0.167752 0.211934 0.225904 
0.214830 0.200124 0.184244 0.206215 0.194587 
0.215941 0.206408 0.186387 0.192535 0.198728 
0.208104 0.206370 0.183453 0.203418 0.198656 
0.218988 0.196963 0.179301 0.203295 0.201453 
0.210190 0.213492 0.188353 0.199232 0.188733 
0.218877 0.197725 0.178844 0.206727 0.197827 
0.192404 0.196048 0.177964 0.214196 0.219389 
0.220896 0.197686 0.179118 0.197823 0.204476 
0.218086 0.200962 0.182617 0.205708 0.192625 
0.249767 0.188126 0.170656 0.205881 0.185570 
0.225129 0.193764 0.176539 0.206280 0.198290 
0.239717 0.189649 0.171694 0.201272 0.197668 
0.210407 0.191249 0.176614 0.208826 0.212904 
0.228787 0.186488 0.168817 0.194293 0.221615 
0.205394 0.212161 0.193802 0.194716 0.193927 
0.199066 0.198716 0.186981 0.213330 0.201907 
0.200811 0.200201 0.183067 0.208428 0.207494 
0.210766 0.202524 0.187968 0.208386 0.190356 
0.234352 0.199894 0.175594 0.190195 0.199964 
0.236269 0.198486 0.180509 0.183815 0.200920 
0.217693 0.194333 0.174098 0.193729 0.220146 
0.242474 0.197610 0.180381 0.189293 0.190243 
0.179734 0.214637 0.198514 0.209159 0.197955 
0.214330 0.201801 0.187880 0.212743 0.183245 
0.207543 0.205762 0.186525 0.212283 0.187887 
0.213274 0.209876 0.194412 0.202876 0.179561 
0.223133 0.205800 0.191548 0.202714 0.176804 
0.243889 0.190372 0.173752 0.204411 0.187575 
0.215752 0.212007 0.188146 0.203334 0.180760 
0.216860 0.204924 0.186780 0.193486 0.197950 
0.217681 0.217568 0.193493 0.198158 0.173099 
0.241158 0.191326 0.176294 0.190499 0.200723 
0.210704 0.191479 0.179918 0.208256 0.209643 
0.214730 0.192164 0.179089 0.211092 0.202925 
0.219947 0.208046 0.188812 0.200839 0.182356 
0.194266 0.194448 0.175129 0.211239 0.224917 
0.228577 0.207400 0.189125 0.196665 0.178233 
0.243375 0.204847 0.185384 0.198559 0.167836 
0.204639 0.192733 0.170196 0.200184 0.232249 
0.209441 0.204162 0.186385 0.205617 0.194395 
0.210060 0.204009 0.181179 0.212110 0.192642 
0.228317 0.206370 0.185462 0.200888 0.178964 
0.243777 0.192317 0.179484 0.188477 0.195944 
0.224557 0.200847 0.182571 0.203914 0.188111 
0.243507 0.205647 0.186943 0.199447 0.164455 
0.258870 0.192695 0.169162 0.195744 0.183528 
0.245744 0.202332 0.178469 0.189900 0.183555 
0.246850 0.188088 0.169808 0.201442 0.193813 
0.240014 0.200924 0.181876 0.192582 0.184604 
0.236764 0.189611 0.170882 0.199306 0.203438 
0.220638 0.213722 0.195307 0.203203 0.167130 
0.240491 0.203285 0.182763 0.197010 0.176450 
0.230238 0.200732 0.180436 0.196836 0.191757 
0.231884 0.191172 0.170695 0.199193 0.207055 
0.210896 0.203285 0.185315 0.193377 0.207126 
0.210183 0.202677 0.191907 0.202679 0.192554 
0.228114 0.197878 0.182981 0.200988 0.190039 
0.228963 0.203932 0.181794 0.205705 0.179607 
0.215267 0.195095 0.172726 0.205443 0.211469 
0.223924 0.202562 0.185724 0.191397 0.196393 
0.210825 0.203094 0.178123 0.198309 0.209649 
0.208696 0.192849 0.174567 0.206913 0.216977 
0.221985 0.202409 0.181486 0.203319 0.190801 
0.213340 0.205608 0.184158 0.211433 0.185461 
0.199567 0.204162 0.186468 0.198197 0.211606 
0.212001 0.208808 0.186354 0.206832 0.186006 
0.209748 0.195478 0.180784 0.209433 0.204556 
0.223753 0.202562 0.187399 0.202178 0.184107 
0.217303 0.201877 0.186189 0.207112 0.187518 
0.205996 0.206408 0.185953 0.199955 0.201688 
0.213697 0.200809 0.181419 0.202790 0.201285 
0.252709 0.202486 0.183015 0.185880 0.175911 
0.201121 0.198678 0.183483 0.211364 0.205354 
0.212364 0.204770 0.186454 0.194550 0.201861 
0.201943 0.202601 0.188797 0.214386 0.192274 
0.228925 0.199286 0.179393 0.200780 0.191616 
0.218477 0.204847 0.184823 0.193130 0.198723 
0.220375 0.208885 0.190474 0.210764 0.169502 
0.236288 0.204124 0.184411 0.199459 0.175718 
0.227222 0.198371 0.178625 0.189452 0.206330 
0.211956 0.206485 0.185428 0.206360 0.189771 
0.253746 0.192887 0.174031 0.184552 0.194784 
0.217467 0.205532 0.183430 0.199327 0.194244 
0.250144 0.204808 0.184814 0.187860 0.172373 
0.207900 0.199932 0.179136 0.197533 0.215499 
0.241238 0.202370 0.182003 0.189393 0.184996 
0.210856 0.197117 0.182823 0.214838 0.194366 
0.220515 0.190487 0.174866 0.215738 0.198394 
0.229052 0.203932 0.183026 0.197530 0.186460 
0.218129 0.207362 0.187978 0.200882 0.185650 
0.225876 0.204085 0.185823 0.197493 0.186723 
0.221424 0.193079 0.180102 0.206343 0.199052 
0.232371 0.208276 0.191278 0.203553 0.164521 
0.196126 0.196925 0.180732 0.214901 0.211317 
0.227488 0.196048 0.181544 0.192495 0.202425 
0.212951 0.211969 0.191011 0.204672 0.179397 
0.236919 0.203400 0.188475 0.184359 0.186846 
0.223994 0.200048 0.183030 0.201395 0.191533 
0.203293 0.198448 0.180079 0.206987 0.211193 
0.222410 0.201686 0.181564 0.196045 0.198295 
0.221604 0.206447 0.185860 0.205225 0.180864 
0.233196 0.191287 0.172661 0.197190 0.205666 
0.228643 0.203132 0.179097 0.192856 0.196273 
0.215057 0.210408 0.186865 0.204842 0.182829 
0.212217 0.197993 0.186498 0.206132 0.197159 
0.232371 0.196048 0.177889 0.201906 0.191786 
0.230640 0.192810 0.174269 0.209170 0.193110 
0.269587 0.190641 0.176042 0.184785 0.178944 
0.214166 0.197955 0.184698 0.211104 0.192078 
0.225573 0.203285 0.182610 0.205666 0.182865 
0.219778 0.204962 0.191767 0.202390 0.181103 
0.210898 0.197686 0.180509 0.199814 0.211093 
0.230210 0.189687 0.173084 0.198425 0.208593 
0.201725 0.205685 0.185725 0.206360 0.200505 
0.227198 0.192164 0.181602 0.204908 0.194128 
0.214672 0.212884 0.192169 0.206137 0.174137 
0.212968 0.201724 0.184755 0.207904 0.192649 
0.213229 0.206370 0.189026 0.198820 0.192554 
0.227102 0.197001 0.183972 0.208565 0.183360 
0.265506 0.203094 0.180768 0.182264 0.168368 
0.221719 0.196010 0.177121 0.212261 0.192890 
0.209630 0.209800 0.190980 0.208006 0.181584 
0.228682 0.199248 0.180107 0.193461 0.198502 
0.235334 0.210638 0.192681 0.198089 0.163258 
0.223496 0.212807 0.189107 0.196397 0.178193 
0.213444 0.204085 0.183274 0.201203 0.197993 
0.228901 0.192887 0.176474 0.199391 0.202347 
0.204011 0.217683 0.196009 0.202502 0.179795 
0.231929 0.203400 0.185636 0.197962 0.181073 
0.244934 0.203439 0.192381 0.195495 0.163752 
0.211410 0.188811 0.171090 0.205412 0.223277 
0.220871 0.211246 0.188422 0.202344 0.177117 
0.228123 0.183135 0.162126 0.201811 0.224805 
0.224539 0.206485 0.186962 0.198535 0.183479 
0.208175 0.203855 0.182892 0.195589 0.209489 
0.230593 0.191479 0.178291 0.202556 0.197081 
0.219158 0.196963 0.183232 0.199148 0.201499 
0.218092 0.212769 0.187789 0.204324 0.177027 
0.231511 0.190564 0.177816 0.195287 0.204822 
0.209638 0.185003 0.170463 0.197990 0.236906 
0.210696 0.205039 0.187886 0.203366 0.193013 
0.216144 0.212807 0.192184 0.194406 0.184459 
0.240729 0.196125 0.181791 0.192990 0.188366 
0.233050 0.203285 0.185151 0.193300 0.185214 
0.226673 0.201609 0.180795 0.205310 0.185613 
0.199204 0.205685 0.192205 0.207114 0.195791 
0.248921 0.202370 0.183430 0.179094 0.186185 
prostate
0.227544 0.192729 0.174557 0.203598 0.201572 
0.208693 0.202087 0.177314 0.197633 0.214272 
0.203869 0.201327 0.177292 0.204024 0.213488 
0.265117 0.184815 0.170676 0.193303 0.186088 
0.239971 0.183825 0.164332 0.199817 0.212055 
0.233739 0.199006 0.180505 0.197104 0.189646 
0.198905 0.199006 0.176964 0.208977 0.216148 
0.247131 0.192691 0.179887 0.198759 0.181533 
0.224386 0.197715 0.183444 0.201484 0.192971 
0.201227 0.208671 0.186849 0.210041 0.193213 
0.209148 0.195164 0.180820 0.205019 0.209848 
0.219205 0.197293 0.172662 0.208299 0.202541 
0.256755 0.193451 0.178655 0.187798 0.183340 
0.209159 0.200566 0.178901 0.208807 0.202567 
0.217085 0.211829 0.193126 0.196143 0.181817 
0.214411 0.209509 0.188636 0.205106 0.182338 
0.216147 0.197447 0.176892 0.198857 0.210658 
0.223986 0.199006 0.182157 0.196699 0.198153 
0.215502 0.203001 0.186593 0.195808 0.199097 
0.212378 0.195011 0.175005 0.212339 0.205267 
0.213536 0.211752 0.186955 0.202371 0.185385 
0.208374 0.197408 0.179856 0.201430 0.212931 
0.191331 0.203839 0.182399 0.207655 0.214776 
0.239638 0.187858 0.169803 0.194789 0.207912 
0.210038 0.208786 0.190193 0.196197 0.194786 
0.217468 0.191930 0.180391 0.200240 0.209970 
0.241300 0.192045 0.180825 0.197483 0.188346 
0.225413 0.216547 0.192030 0.190920 0.175091 
0.236824 0.191131 0.178229 0.200163 0.193653 
0.222028 0.205437 0.185047 0.195860 0.191629 
0.204181 0.199805 0.177120 0.221813 0.197081 
0.231837 0.204638 0.185791 0.194973 0.182762 
0.215126 0.195049 0.181936 0.207295 0.200594 
0.221019 0.204030 0.187102 0.201413 0.186436 
0.257854 0.201442 0.185678 0.189338 0.165688 
0.225344 0.191777 0.170335 0.197732 0.214812 
0.234923 0.218259 0.196202 0.192833 0.157782 
0.208673 0.206351 0.187722 0.209297 0.187957 
0.208204 0.199160 0.183406 0.198300 0.210931 
0.195434 0.196609 0.177807 0.201353 0.228797 
0.203920 0.198437 0.182832 0.215817 0.198995 
0.252588 0.190978 0.170716 0.196845 0.188873 
0.215560 0.202241 0.180775 0.204220 0.197205 
0.206212 0.207111 0.189071 0.207411 0.190195 
0.207053 0.202925 0.178454 0.204989 0.206580 
0.220444 0.196609 0.179201 0.197242 0.206503 
0.249545 0.187858 0.168589 0.198014 0.195994 
0.221552 0.197485 0.177621 0.205763 0.197580 
0.218775 0.195126 0.178079 0.200933 0.207087 
0.215134 0.204714 0.186034 0.209221 0.184897 
0.215497 0.208824 0.193778 0.194422 0.187479 
0.213209 0.200489 0.176791 0.207351 0.202160 
0.216182 0.200528 0.177990 0.206876 0.198424 
0.211391 0.205398 0.184953 0.207924 0.190333 
0.234602 0.192691 0.174434 0.200881 0.197392 
0.213654 0.199767 0.177031 0.198847 0.210702 
0.221197 0.192806 0.177650 0.208356 0.199991 
0.224905 0.204714 0.187184 0.199710 0.183487 
0.245030 0.210346 0.190287 0.197636 0.156701 
0.235037 0.204714 0.188933 0.188186 0.183130 
0.218957 0.197447 0.179461 0.205460 0.198675 
0.250910 0.197447 0.176590 0.196386 0.178668 
0.251296 0.193413 0.172567 0.188306 0.194418 
0.224184 0.206958 0.184351 0.204016 0.180491 
0.230288 0.198361 0.185435 0.192876 0.193041 
0.206592 0.195164 0.177501 0.214454 0.206289 
0.225638 0.206312 0.186883 0.203660 0.177506 
0.201168 0.205360 0.185451 0.209229 0.198791 
0.218708 0.203839 0.182289 0.196536 0.198628 
0.225943 0.199959 0.181789 0.202488 0.189821 
0.228539 0.204599 0.181633 0.203703 0.181525 
0.205349 0.203193 0.190123 0.206380 0.194955 
0.202136 0.204676 0.184479 0.208112 0.200597 
0.225043 0.195619 0.169697 0.204643 0.204999 
0.201614 0.206389 0.188026 0.208308 0.195662 
0.225022 0.199882 0.179643 0.201031 0.194421 
0.224897 0.198514 0.185676 0.192945 0.197967 
0.225054 0.206843 0.180059 0.192352 0.195692 
0.202391 0.217269 0.192418 0.198112 0.189810 
0.219123 0.202126 0.185219 0.200800 0.192732 
0.213398 0.204791 0.189195 0.202402 0.190214 
0.206181 0.210423 0.192238 0.205270 0.185889 
0.210738 0.188696 0.171528 0.217351 0.211687 
0.188576 0.195887 0.176074 0.214682 0.224781 
0.233041 0.197408 0.175672 0.204306 0.189572 
0.253379 0.206351 0.187346 0.181635 0.171290 
0.224649 0.202356 0.185853 0.205246 0.181896 
0.233803 0.194174 0.174653 0.197943 0.199427 
0.252446 0.195049 0.175019 0.187527 0.189958 
0.212337 0.203155 0.184557 0.201945 0.198006 
0.235960 0.195695 0.174318 0.193744 0.200282 
0.220179 0.190217 0.169506 0.211087 0.209011 
0.186489 0.211982 0.195483 0.201799 0.204246 
0.210831 0.195088 0.176934 0.212560 0.204587 
0.209024 0.202317 0.185235 0.201970 0.201454 
0.212787 0.185768 0.176536 0.209884 0.215025 
0.200789 0.196839 0.181842 0.204969 0.215561 
0.228850 0.187021 0.171899 0.201778 0.210452 
0.233207 0.198399 0.181139 0.199781 0.187474 
0.244003 0.194365 0.185968 0.185195 0.190468 
0.228500 0.199959 0.182785 0.193086 0.195671 
0.209926 0.200643 0.182017 0.200785 0.206629 
0.225970 0.195088 0.181739 0.203988 0.193216 
0.249488 0.199274 0.184644 0.197260 0.169334 
0.213250 0.203800 0.181388 0.203253 0.198309 
0.238717 0.203839 0.186456 0.191323 0.179666 
0.224159 0.206198 0.186256 0.183664 0.199723 
0.236737 0.192652 0.176501 0.205443 0.188666 
0.207060 0.200604 0.181895 0.203010 0.207431 
0.219072 0.193413 0.171840 0.217957 0.197718 
0.206434 0.193605 0.177079 0.212950 0.209933 
0.212197 0.201595 0.183891 0.206651 0.195666 
0.225973 0.223169 0.206310 0.189643 0.154905 
0.222830 0.189456 0.170151 0.195272 0.222291 
0.211770 0.210838 0.183380 0.202175 0.191836 
0.211463 0.207150 0.187805 0.199414 0.194168 
0.218662 0.201518 0.182095 0.197782 0.199942 
0.231968 0.211068 0.189364 0.190484 0.177115 
0.233808 0.207719 0.183255 0.176994 0.198224 
0.235436 0.197370 0.180079 0.197826 0.189289 
0.230023 0.203954 0.184774 0.209873 0.171376 
0.198730 0.197447 0.181566 0.212447 0.209810 
0.209102 0.203078 0.183728 0.206261 0.197831 
0.203783 0.201518 0.187738 0.208148 0.198813 
0.236055 0.189303 0.172597 0.196896 0.205149 
0.201172 0.206920 0.181837 0.211105 0.198965 
0.221877 0.194404 0.179219 0.205614 0.198886 
0.230892 0.186413 0.171053 0.201198 0.210442 
0.213372 0.212513 0.186914 0.193477 0.193724 
0.234989 0.207796 0.187063 0.193353 0.176800 
0.207888 0.187136 0.172021 0.218756 0.214200 
0.206520 0.209470 0.187890 0.201874 0.194245 
0.248910 0.195734 0.173376 0.192483 0.189496 
0.216562 0.195734 0.172628 0.199414 0.215662 
0.238214 0.198399 0.181320 0.192368 0.189699 
0.212782 0.214418 0.195567 0.205209 0.172024 
0.227557 0.179184 0.163886 0.202309 0.227064 
0.191742 0.197485 0.177751 0.206998 0.226024 
0.184811 0.202164 0.178415 0.223767 0.210843 
0.257800 0.189456 0.174193 0.187454 0.191096 
0.227297 0.205475 0.186773 0.204438 0.176016 
0.219553 0.197523 0.181424 0.194136 0.207364 
0.213532 0.191054 0.171549 0.204917 0.218948 
0.242697 0.189456 0.169905 0.205156 0.192786 
0.205463 0.205322 0.181072 0.192845 0.215298 
0.242944 0.203001 0.182093 0.188744 0.183218 
0.195846 0.202241 0.187245 0.203815 0.210853 
0.217032 0.197523 0.180854 0.208962 0.195629 
0.240295 0.202432 0.185514 0.201684 0.170074 
0.219344 0.190332 0.173717 0.211631 0.204975 
0.241329 0.194365 0.178488 0.195002 0.190816 
0.242550 0.197370 0.177192 0.196165 0.186723 
0.205622 0.200112 0.194233 0.211173 0.188861 
0.238471 0.195126 0.178911 0.200103 0.187389 
0.220072 0.196002 0.181728 0.197176 0.205022 
0.211762 0.192652 0.173571 0.206363 0.215651 
0.196374 0.198437 0.184277 0.223983 0.196929 
0.226228 0.197255 0.171616 0.207570 0.197330 
0.206122 0.202279 0.181777 0.202478 0.207344 
0.244174 0.185461 0.171204 0.192882 0.206279 
0.199999 0.190600 0.179127 0.219605 0.210670 
0.219959 0.195011 0.177302 0.193535 0.214193 
0.204993 0.199844 0.184124 0.206906 0.204133 
0.220656 0.207073 0.187291 0.200023 0.184957 
0.227122 0.196762 0.181255 0.205502 0.189360 
0.196377 0.217384 0.197573 0.206474 0.182192 
0.251537 0.199045 0.180715 0.187466 0.181237 
0.216720 0.206198 0.183320 0.199725 0.194037 
0.197649 0.220580 0.197709 0.200990 0.183073 
0.210057 0.201403 0.184010 0.204322 0.200208 
0.234603 0.204676 0.187969 0.184987 0.187765 
0.258151 0.189495 0.176835 0.194011 0.181509 
0.215143 0.193298 0.170212 0.213783 0.207565 
0.222086 0.201595 0.186383 0.199239 0.190697 
0.233797 0.198246 0.177461 0.198104 0.192392 
0.214135 0.211030 0.188140 0.199672 0.187023 
0.217218 0.208556 0.184143 0.206620 0.183462 
0.219453 0.212590 0.192825 0.192057 0.183075 
0.231853 0.200035 0.183591 0.199003 0.185518 
0.218535 0.212935 0.202405 0.191604 0.174522 
0.247012 0.199844 0.182384 0.189666 0.181094 
0.232349 0.195203 0.184966 0.198793 0.188689 
0.194473 0.216661 0.193977 0.204978 0.189911 
0.194138 0.211791 0.189179 0.196169 0.208724 
0.212702 0.194480 0.183087 0.211664 0.198067 
0.216509 0.196117 0.184523 0.200597 0.202255 
0.209375 0.205437 0.190961 0.201207 0.193021 
0.222058 0.199274 0.183849 0.199249 0.195569 
0.201813 0.203877 0.183925 0.207630 0.202754 
0.218440 0.204791 0.187569 0.200446 0.188754 
0.212816 0.196609 0.179775 0.210001 0.200799 
0.194422 0.200796 0.183040 0.217288 0.204454 
0.205670 0.209394 0.186677 0.210783 0.187476 
0.226794 0.192652 0.174153 0.200501 0.205899 
0.225965 0.204599 0.181569 0.214887 0.172980 
0.214252 0.199045 0.177945 0.210940 0.197818 
0.223304 0.203040 0.181553 0.198525 0.193579 
0.207240 0.215709 0.192819 0.193416 0.190817 
0.224801 0.196002 0.179723 0.190922 0.208552 
0.232966 0.199920 0.181927 0.189887 0.195299 
0.219341 0.194212 0.173079 0.202378 0.210989 
0.238862 0.204638 0.182948 0.193312 0.180240 
0.212988 0.205513 0.186687 0.205965 0.188846 
0.220764 0.210193 0.189386 0.189781 0.189876 
0.205038 0.204714 0.184701 0.209594 0.195953 
0.243523 0.181389 0.163812 0.201349 0.209926 
0.203254 0.210953 0.186257 0.205596 0.193940 
0.225675 0.193758 0.183591 0.202273 0.194702 
0.218103 0.208633 0.186144 0.201900 0.185221 
0.237601 0.203762 0.180040 0.201257 0.177340 
0.218329 0.191246 0.175928 0.213467 0.201029 
0.212634 0.213427 0.190127 0.202354 0.181458 
0.217973 0.200489 0.175392 0.206521 0.199625 
0.209944 0.200643 0.181773 0.209434 0.198206 
0.228474 0.212513 0.187976 0.198014 0.173022 
0.213113 0.206882 0.183519 0.200493 0.195993 
0.209001 0.195925 0.178122 0.204806 0.212146 
0.217043 0.206997 0.183964 0.200207 0.191790 
0.233536 0.187973 0.173771 0.211318 0.193402 
0.209004 0.192045 0.182674 0.203389 0.212888 
0.238611 0.210992 0.187662 0.179144 0.183592 
0.196529 0.191054 0.173905 0.213958 0.224554 
0.248998 0.179676 0.157724 0.202389 0.211212 
0.239088 0.203308 0.189525 0.183102 0.184977 
0.222519 0.207035 0.184847 0.195994 0.189606 
0.226364 0.194174 0.172169 0.200414 0.206879 
0.218930 0.216623 0.193933 0.193612 0.176901 
0.204540 0.202356 0.185839 0.215053 0.192212 
0.210664 0.208633 0.186298 0.199429 0.194976 
0.194822 0.210877 0.186751 0.207846 0.199705 
0.234293 0.197715 0.183506 0.197778 0.186709 
0.230274 0.211906 0.190919 0.191694 0.175207 
0.259746 0.195241 0.179217 0.199817 0.165978 
0.236299 0.196494 0.173129 0.199650 0.194427 
0.215691 0.212135 0.196636 0.203509 0.172028 
0.211377 0.198437 0.182017 0.205451 0.202718 
0.219112 0.206958 0.183913 0.198758 0.191259 
0.235828 0.193566 0.176464 0.193690 0.200452 
0.203279 0.201480 0.181060 0.200760 0.213421 
0.219231 0.208710 0.192047 0.201716 0.178297 
0.209681 0.200604 0.180644 0.213724 0.195346 
0.219663 0.202164 0.183393 0.192608 0.202172 
0.215073 0.202202 0.182277 0.203492 0.196956 
0.233656 0.194935 0.174685 0.186578 0.210146 
0.231698 0.201365 0.183315 0.197340 0.186282 
0.237064 0.211068 0.189004 0.194190 0.168673 
0.223320 0.194136 0.173544 0.210805 0.198195 
0.235911 0.209623 0.193360 0.187086 0.174020 
0.219399 0.200604 0.180979 0.201292 0.197725 
0.244574 0.196762 0.179184 0.190676 0.188803 
skin
0.234403 0.192380 0.171592 0.192950 0.208674 
0.202152 0.205629 0.193244 0.217807 0.181168 
0.220915 0.200473 0.181016 0.203399 0.194198 
0.207555 0.206008 0.183526 0.206609 0.196302 
0.217638 0.198069 0.180491 0.201513 0.202289 
0.214049 0.211010 0.192789 0.195766 0.186386 
0.217260 0.190091 0.174135 0.209431 0.209083 
0.212783 0.194978 0.180712 0.204248 0.207280 
0.210145 0.199826 0.183420 0.206778 0.199831 
0.204838 0.202878 0.183898 0.197825 0.210561 
0.219039 0.199749 0.179888 0.205585 0.195739 
0.212709 0.199063 0.189169 0.211009 0.188050 
0.202401 0.210093 0.186762 0.199275 0.201470 
0.240558 0.206848 0.184722 0.196337 0.171536 
0.222105 0.197267 0.175970 0.203908 0.200749 
0.202894 0.199063 0.183629 0.198231 0.216184 
0.223892 0.204597 0.192368 0.200558 0.178585 
0.223429 0.202801 0.178557 0.203356 0.191857 
0.227571 0.194978 0.180362 0.196473 0.200616 
0.216167 0.202038 0.178870 0.202367 0.200558 
0.248956 0.188488 0.169617 0.186943 0.205996 
0.227979 0.203526 0.179011 0.193311 0.196174 
0.238506 0.188449 0.168787 0.193636 0.210622 
0.247799 0.198107 0.177507 0.198997 0.177590 
0.225337 0.205283 0.182735 0.195134 0.191510 
0.223928 0.204597 0.184771 0.203033 0.183671 
0.245515 0.206848 0.184224 0.183479 0.179935 
0.186887 0.216659 0.195930 0.207340 0.193184 
0.217433 0.206008 0.187677 0.202413 0.186469 
0.204355 0.206162 0.186655 0.209052 0.193776 
0.242730 0.200627 0.182408 0.192683 0.181552 
0.216474 0.203603 0.180960 0.196012 0.202951 
0.222083 0.204443 0.180900 0.203818 0.188756 
0.253224 0.196388 0.173259 0.189586 0.187542 
0.211805 0.201313 0.180274 0.200872 0.205736 
0.231633 0.194901 0.177247 0.201951 0.194268 
0.204011 0.201275 0.180887 0.204686 0.209141 
0.225770 0.203564 0.178605 0.195684 0.196377 
0.194558 0.222880 0.196462 0.206284 0.179816 
0.223560 0.195625 0.173744 0.198496 0.208575 
0.229703 0.198793 0.179308 0.190713 0.201483 
0.219969 0.209900 0.184224 0.204278 0.181629 
0.209306 0.205398 0.185506 0.204754 0.195036 
0.199891 0.182915 0.165687 0.212750 0.238756 
0.215250 0.200396 0.183295 0.195314 0.205744 
0.221745 0.203641 0.180590 0.197147 0.196876 
0.217451 0.198069 0.179174 0.195730 0.209577 
0.186930 0.207726 0.188076 0.210930 0.206338 
0.213694 0.200473 0.182450 0.200490 0.202892 
0.200506 0.198107 0.177472 0.211341 0.212574 
0.231666 0.190245 0.176558 0.200466 0.201065 
0.219096 0.202269 0.186132 0.207621 0.184882 
0.217097 0.208528 0.188890 0.197801 0.187684 
0.223514 0.201237 0.180807 0.194538 0.199904 
0.201525 0.204597 0.185169 0.194371 0.214339 
0.230863 0.197152 0.176968 0.200072 0.194946 
0.237634 0.192457 0.174341 0.198530 0.197038 
0.226226 0.214293 0.194953 0.195453 0.169075 
0.217417 0.191656 0.173508 0.207946 0.209474 
0.209583 0.202115 0.180728 0.210018 0.197556 
0.219348 0.212574 0.192077 0.201786 0.174215 
0.222659 0.203718 0.184701 0.199848 0.189073 
0.212658 0.197305 0.176927 0.200927 0.212182 
0.248550 0.192534 0.176923 0.205457 0.176536 
0.210896 0.200666 0.184161 0.200086 0.204191 
0.223001 0.200627 0.186285 0.203417 0.186670 
0.248741 0.194099 0.180491 0.182151 0.194519 
0.228444 0.190970 0.175678 0.207182 0.197726 
0.218825 0.205360 0.184432 0.204022 0.187361 
0.218144 0.199672 0.180363 0.210340 0.191482 
0.225444 0.198299 0.186112 0.204666 0.185479 
0.206562 0.206925 0.185107 0.199339 0.202067 
0.217248 0.199595 0.178423 0.201421 0.203313 
0.200699 0.215588 0.188654 0.197991 0.197067 
0.216780 0.205969 0.180601 0.200878 0.195773 
0.225308 0.187039 0.171595 0.209939 0.206119 
0.199635 0.213376 0.192345 0.196969 0.197675 
0.207296 0.209291 0.190565 0.210008 0.182840 
0.222260 0.194176 0.176237 0.199218 0.208109 
0.235796 0.196388 0.178478 0.192061 0.197277 
0.197933 0.202955 0.182302 0.211233 0.205577 
0.241132 0.201275 0.179614 0.189003 0.188976 
0.216568 0.209445 0.191197 0.202551 0.180238 
0.225760 0.196581 0.178133 0.199432 0.200094 
0.227623 0.198069 0.177976 0.202781 0.193551 
0.242533 0.181960 0.160964 0.204389 0.210155 
0.258921 0.190245 0.177361 0.190837 0.182636 
0.191350 0.193297 0.174745 0.219141 0.221466 
0.228506 0.210971 0.189418 0.193827 0.177278 
0.224424 0.205206 0.180498 0.204808 0.185065 
0.237934 0.202955 0.183888 0.200930 0.174293 
0.211044 0.209214 0.183844 0.212177 0.183720 
0.224732 0.192419 0.170726 0.208966 0.203157 
0.214525 0.200358 0.178390 0.199936 0.206791 
0.211500 0.198947 0.180768 0.205966 0.202819 
0.214247 0.203641 0.180256 0.203335 0.198520 
0.226951 0.211048 0.191033 0.196498 0.174470 
0.221901 0.205206 0.180741 0.197383 0.194769 
0.212485 0.195741 0.181263 0.206879 0.203633 
0.220282 0.199826 0.185441 0.194000 0.200452 
0.224059 0.202077 0.179753 0.205574 0.188538 
0.221472 0.195093 0.179669 0.198185 0.205582 
0.213432 0.197575 0.183459 0.210999 0.194535 
0.221717 0.214331 0.196027 0.193710 0.174215 
0.207443 0.205245 0.184248 0.203065 0.199999 
0.254594 0.190854 0.171945 0.194714 0.187893 
0.213997 0.209253 0.185243 0.199297 0.192211 
0.192286 0.199595 0.175873 0.217508 0.214738 
0.244586 0.198030 0.182030 0.192119 0.183235 
0.235883 0.198146 0.183529 0.188531 0.193912 
0.213289 0.201236 0.178099 0.205595 0.201780 
0.233177 0.198909 0.178242 0.198183 0.191490 
0.250600 0.199479 0.173183 0.194276 0.182462 
0.240895 0.192727 0.178701 0.197465 0.190212 
0.217990 0.214024 0.188096 0.201468 0.178422 
0.238392 0.198909 0.181040 0.187125 0.194534 
0.198970 0.214101 0.190091 0.197981 0.198857 
0.216280 0.199518 0.173915 0.207382 0.202904 
0.201466 0.205360 0.188990 0.200039 0.204145 
0.235432 0.201198 0.179018 0.194560 0.189792 
0.228853 0.214101 0.190270 0.186844 0.179932 
0.216120 0.201467 0.186505 0.200086 0.195822 
0.199413 0.203641 0.181153 0.207530 0.208263 
0.219544 0.202686 0.175706 0.204874 0.197191 
0.232994 0.191694 0.175952 0.199642 0.199718 
0.210810 0.205514 0.191740 0.202483 0.189453 
0.220131 0.197498 0.182854 0.206657 0.192859 
0.200082 0.202154 0.181694 0.214462 0.201609 
0.222256 0.206008 0.188865 0.195392 0.187479 
0.259296 0.182684 0.159866 0.192272 0.205882 
0.211087 0.195625 0.173600 0.203446 0.216241 
0.213993 0.195093 0.184372 0.211797 0.194745 
0.204889 0.200018 0.186312 0.215658 0.193123 
0.216562 0.210016 0.186256 0.198645 0.188521 
0.239680 0.196504 0.175912 0.207899 0.180005 
0.235597 0.203757 0.183360 0.195630 0.181657 
0.202181 0.202878 0.182184 0.195754 0.217003 
0.211484 0.214864 0.191266 0.193617 0.188769 
0.227463 0.200396 0.179148 0.198193 0.194801 
0.200861 0.198909 0.178441 0.199420 0.222369 
0.196020 0.212305 0.183868 0.205730 0.202078 
0.212129 0.194939 0.180971 0.202682 0.209278 
0.185101 0.202917 0.184765 0.218410 0.208808 
0.222866 0.194022 0.172375 0.197559 0.213178 
0.220482 0.202192 0.185146 0.206531 0.185649 
0.226126 0.204366 0.186323 0.203592 0.179593 
0.212181 0.204635 0.187072 0.204598 0.191513 
0.221891 0.202878 0.180470 0.199870 0.194891 
0.202379 0.208528 0.187531 0.212247 0.189315 
0.202417 0.198832 0.181340 0.204144 0.213267 
0.207424 0.208528 0.191049 0.200356 0.192643 
0.209418 0.198222 0.181219 0.209040 0.202102 
0.209169 0.203834 0.185201 0.204518 0.197278 
0.203069 0.195548 0.176962 0.214817 0.209603 
0.237951 0.195016 0.177620 0.199196 0.190217 
0.225028 0.200396 0.177168 0.213525 0.183882 
0.237151 0.192419 0.170969 0.192848 0.206613 
0.225932 0.204558 0.183878 0.202301 0.183331 
0.236476 0.198755 0.178608 0.193614 0.192547 
0.218030 0.223527 0.194293 0.189475 0.174675 
0.218741 0.208451 0.187738 0.199296 0.185774 
0.222181 0.203109 0.188821 0.201785 0.184103 
0.240516 0.199101 0.186307 0.202325 0.171752 
0.224456 0.189289 0.173400 0.206472 0.206382 
0.194410 0.207726 0.188518 0.198585 0.210761 
0.203884 0.205360 0.186847 0.211447 0.192462 
0.227606 0.201390 0.182114 0.199860 0.189030 
0.212127 0.200358 0.178192 0.202411 0.206912 
0.256822 0.194138 0.176587 0.195607 0.176846 
0.244583 0.198453 0.187172 0.196136 0.173656 
0.220129 0.199633 0.177118 0.199678 0.203442 
0.229582 0.203641 0.183594 0.188915 0.194268 
0.205109 0.202154 0.182724 0.208788 0.201225 
0.248051 0.203757 0.183116 0.193155 0.171921 
0.231692 0.192380 0.170518 0.188404 0.217005 
0.217599 0.208566 0.187008 0.208463 0.178364 
0.221694 0.197228 0.174942 0.203176 0.202960 
0.208104 0.202955 0.184794 0.207600 0.196547 
0.223125 0.203757 0.183171 0.204292 0.185656 
0.226780 0.212382 0.185779 0.191106 0.183952 
0.207092 0.200550 0.182047 0.203191 0.207119 
0.237886 0.198107 0.177444 0.198936 0.187626 
0.194575 0.200550 0.183906 0.211503 0.209466 
0.235684 0.210170 0.191522 0.184651 0.177973 
0.214412 0.202878 0.185805 0.202375 0.194530 
0.220953 0.198716 0.173695 0.190811 0.215824 
0.244221 0.194901 0.181240 0.199072 0.180566 
0.201378 0.187686 0.170041 0.205504 0.235391 
0.207926 0.200627 0.182048 0.216195 0.193203 
0.212350 0.210093 0.186609 0.199305 0.191644 
0.189929 0.192419 0.170547 0.213885 0.233220 
0.231006 0.193490 0.182329 0.193101 0.200075 
0.191104 0.211734 0.189858 0.205170 0.202134 
0.219263 0.204404 0.186605 0.198970 0.190757 
0.274013 0.203641 0.180480 0.179823 0.162042 
0.219668 0.195702 0.177010 0.198318 0.209301 
0.244385 0.186198 0.170427 0.201299 0.197691 
0.213339 0.199672 0.181842 0.195056 0.210091 
0.229722 0.198793 0.178241 0.200160 0.193084 
0.234223 0.204404 0.181486 0.195258 0.184629 
0.228853 0.197382 0.181834 0.197871 0.194060 
0.217562 0.205245 0.183060 0.206373 0.187761 
0.211580 0.197992 0.177063 0.206641 0.206724 
0.191493 0.207688 0.184759 0.206485 0.209575 
0.217227 0.201352 0.183446 0.205316 0.192659 
0.207182 0.203872 0.191594 0.215663 0.181688 
0.200026 0.207572 0.189441 0.203053 0.199908 
0.210903 0.206085 0.184606 0.207589 0.190817 
0.230256 0.189366 0.174715 0.198790 0.206873 
0.252358 0.196504 0.178303 0.175290 0.197545 
0.208876 0.213299 0.191524 0.207477 0.178825 
0.208816 0.201275 0.181868 0.200140 0.207902 
0.234110 0.181312 0.166398 0.211782 0.206398 
0.222612 0.185474 0.171119 0.217128 0.203667 
0.231373 0.191579 0.169152 0.204008 0.203889 
0.195896 0.201236 0.180912 0.203120 0.218836 
0.224137 0.206162 0.185184 0.202031 0.182486 
0.246895 0.206963 0.186804 0.191861 0.167477 
0.217618 0.206809 0.185358 0.203784 0.186431 
0.213464 0.214062 0.191558 0.200962 0.179954 
0.207260 0.201352 0.180887 0.207821 0.202680 
0.216410 0.192342 0.169835 0.207955 0.213458 
0.225084 0.183717 0.166195 0.210758 0.214246 
0.235844 0.203564 0.179329 0.197404 0.183858 
0.217605 0.207996 0.197094 0.206152 0.171153 
0.243290 0.177150 0.158570 0.199845 0.221145 
0.218965 0.205168 0.182462 0.190464 0.202941 
0.206536 0.209253 0.184918 0.210434 0.188860 
0.192191 0.202115 0.183586 0.205098 0.217010 
0.206011 0.198716 0.174518 0.197482 0.223273 
0.209361 0.192380 0.169851 0.205729 0.222678 
0.247370 0.202724 0.177013 0.189518 0.183375 
0.224576 0.208528 0.188926 0.199039 0.178931 
0.236249 0.200473 0.181622 0.192661 0.188994 
0.210526 0.215781 0.195914 0.197938 0.179842 
0.242356 0.199826 0.181953 0.189724 0.186141 
0.241611 0.208489 0.185392 0.189645 0.174862 
0.219402 0.191617 0.170262 0.205977 0.212741 
0.219013 0.210016 0.186085 0.204832 0.180054 
0.243613 0.197190 0.174039 0.193782 0.191376 
0.235998 0.211542 0.184089 0.198553 0.169819 
0.232831 0.195779 0.177705 0.192761 0.200925 
0.214575 0.198793 0.176672 0.209196 0.200764 
0.242998 0.199672 0.177830 0.197935 0.181566 
0.200328 0.208374 0.182452 0.211022 0.197824 
0.223566 0.199710 0.178660 0.207329 0.190735 
0.222123 0.197267 0.175952 0.196483 0.208174 
0.231254 0.201275 0.182708 0.198148 0.186615 
0.208498 0.216390 0.191613 0.198475 0.185023 
0.198760 0.207880 0.189612 0.206432 0.197315 
stomach
0.246122 0.201615 0.178953 0.196887 0.176423 
0.250399 0.186452 0.166205 0.196581 0.200362 
0.234703 0.187937 0.164753 0.202774 0.209833 
