-588882.259575
0
0.000001 0.000000 0.000000 0.000000 0.000000 0.000000 0.000000 0.000000 0.000001 0.000000 0.000001 0.000000 0.000000 0.000000 0.000000 0.000000 0.000192 0.000000 0.000100 0.000001 0.000177 0.000000 0.000000 0.000080 0.000000 0.000001 0.000000 0.031404 0.000000 0.000000 0.000000 0.000000 0.000000 0.000000 0.341396 0.000000 0.000000 0.000000 0.000000 0.000000 0.000027 0.000000 0.000001 0.000212 0.000001 0.000000 0.000000 0.000612 0.000000 0.000000 0.000000 0.000000 0.000000 0.000000 0.000000 0.000000 0.019752 0.000001 0.593282 0.010129 0.000000 0.000000 0.000000 0.000000 0.000000 0.000000 0.000000 0.000000 0.000000 0.000000 0.000000 0.000001 0.000001 0.000000 0.000000 0.000417 0.000000 0.000000 0.000000 0.000000 0.000000 0.000000 0.000001 0.000000 0.000001 0.000000 0.000000 0.000000 0.000000 0.000000 0.000000 0.000001 0.000508 0.000000 0.000000 0.001679 
0.000001 0.000001 0.000001 0.000001 0.000001 0.000001 0.000001 0.000001 0.000001 0.000001 0.658930 0.000001 0.000001 0.000001 0.000001 0.000001 0.000001 0.000001 0.000001 0.000001 0.000001 0.000001 0.000001 0.000001 0.000001 0.000001 0.000001 0.000001 0.000001 0.000001 0.000001 0.000001 0.000001 0.000001 0.000003 0.000001 0.000001 0.000001 0.000001 0.000001 0.000001 0.000001 0.000001 0.000001 0.000001 0.000001 0.000001 0.000002 0.000001 0.000001 0.000001 0.000001 0.000001 0.000001 0.000001 0.000001 0.002820 0.000001 0.338047 0.000001 0.000001 0.000001 0.000001 0.000001 0.000001 0.000001 0.000001 0.000001 0.000001 0.000001 0.000001 0.000001 0.000001 0.000001 0.000001 0.000001 0.000001 0.000001 0.000001 0.000001 0.000001 0.000001 0.000001 0.000001 0.000134 0.000001 0.000001 0.000001 0.000001 0.000001 0.000001 0.000001 0.000002 0.000001 0.000001 0.000001 
0.000032 0.000000 0.000000 0.000000 0.000000 0.000000 0.000000 0.000000 0.000757 0.000000 0.000001 0.000007 0.000026 0.000000 0.000000 0.000026 0.000001 0.000007 0.000001 0.000158 0.000293 0.000000 0.000000 0.000000 0.000007 0.000101 0.000000 0.000001 0.000000 0.000000 0.000000 0.000000 0.000007 0.000000 0.001680 0.000000 0.000000 0.000000 0.000000 0.000007 0.000000 0.000019 0.000190 0.000001 0.000082 0.000000 0.000007 0.001195 0.000000 0.000000 0.000000 0.000000 0.000000 0.000000 0.000000 0.000000 0.034630 0.135983 0.822177 0.000001 0.000000 0.000000 0.000000 0.000000 0.000000 0.000007 0.000000 0.000007 0.000000 0.000000 0.000000 0.000051 0.000057 0.000000 0.000000 0.000001 0.000000 0.000000 0.000000 0.000000 0.000000 0.000000 0.001312 0.000000 0.000000 0.000000 0.000007 0.000000 0.000007 0.000000 0.000000 0.000221 0.000916 0.000000 0.000000 0.000001 
0.327984 0.330051 0.341965 
0.317884 0.316784 0.365332 
0.367030 0.309531 0.323438 
0.321904 0.320920 0.357175 
breast
0.411943 0.167076 0.420981 
0.400373 0.191175 0.408452 
0.381932 0.184184 0.433884 
0.406445 0.178901 0.414654 
0.395725 0.184438 0.419837 
0.410902 0.185503 0.403595 
0.427723 0.147363 0.424914 
0.419839 0.152810 0.427351 
0.391752 0.183990 0.424257 
0.382963 0.213610 0.403428 
0.412138 0.166554 0.421308 
0.378118 0.212067 0.409814 
0.411310 0.182449 0.406241 
0.394128 0.202732 0.403140 
0.402108 0.181864 0.416028 
0.363858 0.189375 0.446768 
0.399594 0.182253 0.418153 
0.382119 0.184633 0.433248 
0.394367 0.177298 0.428335 
0.421299 0.184471 0.394230 
0.387426 0.185455 0.427119 
0.394795 0.184152 0.421053 
0.373713 0.183898 0.442388 
0.400451 0.187685 0.411864 
0.407956 0.166047 0.425998 
0.400637 0.179336 0.420027 
0.399283 0.174229 0.426487 
0.399498 0.201637 0.398865 
0.384616 0.182910 0.432474 
0.400027 0.188435 0.411538 
0.384304 0.184213 0.431483 
0.419906 0.184619 0.395475 
0.413711 0.171030 0.415260 
0.418169 0.176941 0.404891 
0.400321 0.171148 0.428531 
0.392253 0.180742 0.427004 
0.378805 0.197954 0.423241 
0.389057 0.173290 0.437654 
0.387157 0.197430 0.415413 
0.414791 0.167047 0.418162 
0.399864 0.169785 0.430351 
0.371494 0.191100 0.437405 
0.409349 0.167076 0.423575 
0.393129 0.180817 0.426054 
0.413171 0.174203 0.412626 
0.394820 0.192608 0.412572 
0.381171 0.227740 0.391089 
0.413705 0.157764 0.428531 
0.382160 0.185051 0.432789 
0.411020 0.180008 0.408972 
0.422835 0.166211 0.410955 
0.353624 0.198807 0.447568 
0.400008 0.197070 0.402923 
0.393420 0.179618 0.426961 
0.405458 0.186489 0.408052 
0.386603 0.185440 0.427957 
0.371857 0.196516 0.431626 
0.415259 0.161268 0.423472 
0.389137 0.195484 0.415379 
0.399209 0.163214 0.437577 
0.383713 0.169021 0.447265 
0.385688 0.175875 0.438437 
0.390602 0.195214 0.414185 
0.402530 0.179650 0.417820 
0.408808 0.177898 0.413294 
0.418516 0.175728 0.405756 
0.374493 0.203297 0.422210 
0.410773 0.179079 0.410148 
0.385343 0.216096 0.398561 
0.374052 0.202609 0.423339 
0.388984 0.197833 0.413183 
0.375711 0.187236 0.437053 
0.382746 0.214494 0.402760 
0.374246 0.190305 0.435449 
0.404568 0.189063 0.406369 
0.408166 0.182973 0.408861 
0.400982 0.164234 0.434784 
0.406742 0.152646 0.440612 
0.412821 0.183976 0.403203 
0.406413 0.190518 0.403068 
0.411042 0.161718 0.427239 
0.428797 0.166658 0.404546 
0.368914 0.204073 0.427013 
0.404915 0.158605 0.436479 
0.404049 0.175068 0.420883 
0.402487 0.163755 0.433758 
0.422838 0.174353 0.402809 
0.401960 0.196069 0.401971 
0.398032 0.191023 0.410945 
0.376342 0.210330 0.413328 
0.393676 0.195066 0.411258 
0.393012 0.193478 0.413510 
0.386825 0.182414 0.430761 
0.389222 0.205467 0.405311 
0.399816 0.167151 0.433034 
0.399023 0.222126 0.378851 
0.423089 0.152873 0.424038 
0.389214 0.204885 0.405900 
0.400743 0.187792 0.411465 
0.382389 0.182120 0.435491 
0.384136 0.210016 0.405848 
0.371075 0.210001 0.418923 
0.372141 0.220065 0.407794 
0.398593 0.186729 0.414679 
0.392009 0.162675 0.445316 
0.386818 0.186308 0.426875 
0.392177 0.182913 0.424911 
0.385582 0.173180 0.441238 
0.389613 0.196323 0.414064 
0.367584 0.216618 0.415798 
0.392203 0.177808 0.429988 
0.391641 0.184483 0.423876 
0.412257 0.203090 0.384653 
0.390957 0.197461 0.411582 
0.407996 0.193031 0.398973 
0.369727 0.209465 0.420808 
0.399046 0.181313 0.419641 
0.390073 0.154637 0.455290 
0.363515 0.202280 0.434204 
0.370604 0.189513 0.439883 
0.379474 0.195574 0.424953 
0.405316 0.167839 0.426844 
0.419364 0.146512 0.434124 
0.400661 0.178886 0.420452 
0.408670 0.161853 0.429477 
0.365011 0.182072 0.452918 
0.382987 0.198044 0.418969 
0.381555 0.199539 0.418906 
0.392521 0.169725 0.437755 
0.399060 0.175907 0.425033 
0.413435 0.203732 0.382833 
0.393420 0.183314 0.423266 
0.415761 0.159637 0.424602 
0.402615 0.164364 0.433021 
0.410869 0.167467 0.421663 
0.375141 0.199378 0.425481 
0.376812 0.207370 0.415818 
0.393914 0.173915 0.432171 
0.371831 0.210722 0.417447 
0.405343 0.163364 0.431293 
0.419002 0.172658 0.408339 
0.384718 0.194063 0.421219 
0.377926 0.185740 0.436334 
0.386603 0.206514 0.406883 
0.400699 0.178405 0.420896 
0.413667 0.149717 0.436617 
0.395918 0.186893 0.417189 
0.424352 0.175607 0.400041 
0.420398 0.186086 0.393517 
0.416920 0.163588 0.419491 
0.411395 0.195112 0.393493 
0.411704 0.163335 0.424961 
0.401839 0.190322 0.407839 
0.399723 0.170996 0.429281 
0.413628 0.172105 0.414267 
0.397581 0.178765 0.423654 
0.397675 0.190875 0.411449 
0.397127 0.161568 0.441305 
0.388392 0.172166 0.439442 
0.395749 0.178183 0.426068 
0.406683 0.195827 0.397489 
0.376929 0.202833 0.420238 
0.402301 0.156135 0.441563 
0.385570 0.182267 0.432163 
0.372458 0.202191 0.425352 
0.401272 0.187446 0.411282 
0.381418 0.201874 0.416709 
0.380668 0.169935 0.449397 
0.387898 0.189959 0.422142 
0.379833 0.198314 0.421852 
0.394419 0.179843 0.425738 
0.387392 0.187657 0.424952 
0.397331 0.178480 0.424189 
0.385383 0.184184 0.430433 
0.437274 0.148083 0.414643 
0.370529 0.199571 0.429900 
0.389241 0.169874 0.440885 
0.369026 0.203626 0.427347 
0.401033 0.183705 0.415262 
0.399799 0.162122 0.438079 
0.400186 0.195378 0.404436 
0.407587 0.175128 0.417284 
0.402661 0.164727 0.432612 
0.383344 0.189167 0.427489 
0.440755 0.154850 0.404395 
0.388427 0.178016 0.433557 
0.426833 0.154144 0.419023 
0.394966 0.178451 0.426582 
0.409947 0.161029 0.429024 
0.382629 0.206920 0.410451 
0.386319 0.225031 0.388650 
0.402354 0.177388 0.420258 
0.404468 0.173826 0.421707 
0.412007 0.172419 0.415573 
0.396244 0.192103 0.411652 
0.416024 0.174365 0.409611 
0.359772 0.214448 0.425780 
0.410544 0.166568 0.422888 
0.398638 0.183239 0.418124 
0.418996 0.140719 0.440285 
0.399335 0.178676 0.421989 
0.383527 0.199121 0.417351 
0.401265 0.171477 0.427258 
0.393776 0.186458 0.419766 
0.407346 0.183198 0.409456 
0.407411 0.169171 0.423418 
0.391487 0.185319 0.423194 
0.391601 0.183676 0.424723 
0.408618 0.190276 0.401106 
0.393406 0.202116 0.404478 
0.436189 0.151573 0.412238 
0.379223 0.196773 0.424005 
0.397903 0.190544 0.411552 
0.398272 0.178152 0.423576 
0.393980 0.183077 0.422944 
0.402049 0.185204 0.412747 
0.375448 0.188853 0.435700 
0.391864 0.194199 0.413938 
0.397023 0.175875 0.427102 
0.381175 0.195259 0.423566 
0.392026 0.175771 0.432203 
0.396538 0.190890 0.412572 
0.435309 0.142754 0.421937 
0.382285 0.208641 0.409075 
0.384569 0.185380 0.430051 
0.401023 0.167825 0.431152 
0.410031 0.162061 0.427907 
0.399567 0.165188 0.435244 
0.404172 0.180322 0.415506 
0.399717 0.186460 0.413823 
0.381729 0.164589 0.453682 
0.411107 0.169696 0.419198 
0.423431 0.156600 0.419969 
0.384370 0.205813 0.409816 
0.401252 0.177806 0.420943 
0.389003 0.206098 0.404898 
0.402554 0.170727 0.426718 
0.382980 0.177238 0.439782 
0.402247 0.186207 0.411547 
0.395662 0.177644 0.426694 
0.398719 0.183553 0.417728 
0.411717 0.175131 0.413152 
0.378881 0.186178 0.434941 
0.392977 0.178302 0.428721 
0.416366 0.159920 0.423715 
0.409484 0.166718 0.423798 
0.421584 0.164202 0.414213 
0.397691 0.192400 0.409908 
0.371929 0.191487 0.436585 
0.434506 0.137321 0.428172 
prostate
0.395377 0.197763 0.406860 
0.377718 0.180122 0.442160 
0.377703 0.198274 0.424023 
0.427905 0.178946 0.393149 
0.403244 0.201895 0.394862 
0.406347 0.181699 0.411954 
0.376732 0.207978 0.415290 
0.420786 0.187174 0.392040 
0.397690 0.181671 0.420639 
0.384581 0.198834 0.416585 
0.389605 0.196172 0.414223 
0.390413 0.212364 0.397223 
0.416340 0.166394 0.417266 
0.378483 0.205914 0.415603 
0.402337 0.165875 0.431788 
0.396839 0.180835 0.422326 
0.386180 0.186391 0.427429 
0.391496 0.179071 0.429434 
0.385865 0.175416 0.438719 
0.378051 0.216889 0.405060 
0.388209 0.184117 0.427674 
0.378273 0.191570 0.430157 
0.354397 0.199464 0.446139 
0.399273 0.185177 0.415551 
0.397710 0.159644 0.442646 
0.390097 0.189559 0.420345 
0.404183 0.179276 0.416541 
0.413066 0.154503 0.432431 
0.401312 0.191866 0.406822 
0.399055 0.171197 0.429748 
0.382889 0.234578 0.382533 
0.406806 0.168249 0.424945 
0.388572 0.206454 0.404974 
0.387653 0.178823 0.433524 
0.423890 0.159084 0.417026 
0.388212 0.191880 0.419908 
0.417605 0.152745 0.429650 
0.387026 0.195398 0.417575 
0.398657 0.179377 0.421966 
0.368653 0.193878 0.437469 
0.374185 0.213373 0.412442 
0.422175 0.188932 0.388893 
0.386557 0.193568 0.419875 
0.380047 0.190386 0.429567 
0.384868 0.198914 0.416218 
0.393963 0.183366 0.422671 
0.414091 0.193060 0.392849 
0.389653 0.199607 0.410740 
0.393875 0.188211 0.417914 
0.389400 0.192054 0.418546 
0.390712 0.159721 0.449568 
0.392439 0.205761 0.401800 
0.382827 0.197954 0.419220 
0.381552 0.194772 0.423676 
0.405872 0.192430 0.401698 
0.384564 0.187198 0.428238 
0.400693 0.203172 0.396135 
0.401637 0.178914 0.419449 
0.422169 0.168092 0.409739 
0.412957 0.152634 0.434408 
0.395735 0.196903 0.407362 
0.425384 0.181135 0.393481 
0.425008 0.168946 0.406046 
0.391214 0.190080 0.418706 
0.402878 0.168545 0.428577 
0.370300 0.211939 0.417760 
0.399199 0.179554 0.421246 
0.372015 0.202579 0.425406 
0.393695 0.175813 0.430492 
0.386378 0.187581 0.426041 
0.401594 0.191824 0.406582 
0.383292 0.191566 0.425142 
0.383386 0.197233 0.419381 
0.384037 0.208943 0.407020 
0.373903 0.192847 0.433250 
0.400360 0.187428 0.412212 
0.412633 0.155712 0.431655 
0.413906 0.171455 0.414639 
0.382526 0.173066 0.444408 
0.396972 0.190710 0.412317 
0.387721 0.181695 0.430584 
0.387378 0.181385 0.431237 
0.367065 0.230248 0.402687 
0.369537 0.219990 0.410472 
0.398299 0.199454 0.402247 
0.433191 0.137584 0.429226 
0.396229 0.188542 0.415230 
0.398905 0.190213 0.410882 
0.417305 0.164407 0.418289 
0.377097 0.183606 0.439297 
0.396321 0.182816 0.420863 
0.384614 0.220224 0.395162 
0.364831 0.174065 0.461104 
0.377235 0.214414 0.408351 
0.384084 0.185837 0.430079 
0.381016 0.205852 0.413132 
0.374944 0.191709 0.433347 
0.401833 0.197920 0.400248 
0.408992 0.181761 0.409246 
0.419108 0.151177 0.429716 
0.400427 0.166558 0.433016 
0.384689 0.187672 0.427640 
0.402564 0.193391 0.404046 
0.420485 0.171723 0.407793 
0.377042 0.186248 0.436710 
0.416443 0.162673 0.420884 
0.395579 0.147789 0.456632 
0.397016 0.202865 0.400119 
0.379483 0.192851 0.427666 
0.385831 0.232016 0.382152 
0.371959 0.214004 0.414038 
0.381396 0.193554 0.425050 
0.415458 0.131244 0.453298 
0.395084 0.185817 0.419099 
0.389799 0.188823 0.421378 
0.389699 0.174695 0.435606 
0.397913 0.177633 0.424454 
0.413482 0.155119 0.431399 
0.414005 0.135137 0.450859 
0.412251 0.183610 0.404139 
0.398940 0.194438 0.406622 
0.365237 0.215298 0.419464 
0.386686 0.193965 0.419349 
0.377866 0.198657 0.423477 
0.402781 0.193395 0.403825 
0.371191 0.208399 0.420410 
0.392090 0.195928 0.411981 
0.402773 0.195354 0.401872 
0.393493 0.165965 0.440542 
0.407063 0.164197 0.428740 
0.370488 0.234940 0.394571 
0.382867 0.180758 0.436374 
0.424341 0.177637 0.398022 
0.386829 0.193405 0.419766 
0.416876 0.165994 0.417130 
0.394698 0.177730 0.427572 
0.403943 0.205536 0.390521 
0.366177 0.202235 0.431588 
0.356027 0.238090 0.405884 
0.424652 0.167421 0.407927 
0.399078 0.184413 0.416509 
0.390579 0.173404 0.436016 
0.373369 0.199597 0.427034 
0.400219 0.206841 0.392941 
0.379767 0.170967 0.449265 
0.421477 0.159648 0.418875 
0.372704 0.190940 0.436356 
0.393194 0.204940 0.401866 
0.406713 0.180811 0.412476 
0.388228 0.215198 0.396574 
0.406878 0.174828 0.418294 
0.415769 0.183610 0.400621 
0.376135 0.198399 0.425466 
0.413928 0.188211 0.397861 
0.394882 0.175545 0.429573 
0.381443 0.200237 0.418320 
0.363735 0.231769 0.404496 
0.397384 0.212288 0.390328 
0.382281 0.188388 0.429330 
0.405998 0.178960 0.415042 
0.362192 0.223617 0.414191 
0.390354 0.174842 0.434804 
0.378560 0.197863 0.423577 
0.393966 0.177170 0.428865 
0.398354 0.196812 0.404834 
0.374067 0.186435 0.439498 
0.424624 0.160752 0.414624 
0.387749 0.181952 0.430298 
0.391670 0.171948 0.436382 
0.378645 0.193171 0.428183 
0.419969 0.147302 0.432729 
0.420355 0.180638 0.399007 
0.376105 0.226531 0.397364 
0.402326 0.177786 0.419888 
0.405369 0.184083 0.410548 
0.402192 0.170810 0.426998 
0.387045 0.195976 0.416979 
0.396113 0.158234 0.445652 
0.403917 0.177222 0.418861 
0.403384 0.145784 0.450832 
0.411746 0.163700 0.424554 
0.399978 0.172597 0.427425 
0.372995 0.181012 0.445992 
0.374330 0.168426 0.457244 
0.375567 0.206593 0.417840 
0.392351 0.178403 0.429247 
0.383422 0.186965 0.429613 
0.398673 0.176979 0.424348 
0.377189 0.196913 0.425898 
0.401757 0.171183 0.427060 
0.387898 0.212274 0.399828 
0.364742 0.216885 0.418373 
0.371493 0.201629 0.426878 
0.397069 0.192354 0.410577 
0.393656 0.204964 0.401380 
0.380151 0.210683 0.409166 
0.397943 0.180748 0.421309 
0.400821 0.161990 0.437189 
0.390455 0.165033 0.444512 
0.404730 0.161225 0.434045 
0.389360 0.198173 0.412467 
0.412884 0.168249 0.418867 
0.392996 0.189746 0.417258 
0.400284 0.157274 0.442442 
0.372851 0.199937 0.427212 
0.399508 0.208741 0.391751 
0.379424 0.191681 0.428895 
0.394787 0.185402 0.419810 
0.396687 0.182990 0.420323 
0.412772 0.188799 0.398428 
0.383080 0.215747 0.401173 
0.399786 0.174399 0.425815 
0.394164 0.205761 0.400075 
0.379446 0.206067 0.414487 
0.412670 0.173849 0.413481 
0.388607 0.187299 0.424094 
0.389647 0.191159 0.419193 
0.388690 0.182273 0.429037 
0.390590 0.216942 0.392469 
0.378872 0.189788 0.431339 
0.419621 0.133943 0.446436 
0.375201 0.220621 0.404178 
0.414206 0.215755 0.370039 
0.418232 0.136609 0.445159 
0.402729 0.171837 0.425434 
0.391075 0.195469 0.413456 
0.404420 0.157284 0.438296 
0.376182 0.212193 0.411624 
0.388857 0.177734 0.433409 
0.375011 0.199412 0.425577 
0.408121 0.173787 0.418092 
0.415336 0.155516 0.429148 
0.432272 0.183185 0.384543 
0.403400 0.193648 0.402952 
0.394546 0.166487 0.438967 
0.391671 0.192350 0.415979 
0.393943 0.174312 0.431745 
0.402460 0.174508 0.423032 
0.389211 0.185440 0.425349 
0.394092 0.177887 0.428021 
0.375036 0.213874 0.411090 
0.397035 0.169763 0.433201 
0.388273 0.193491 0.418236 
0.404203 0.166805 0.428992 
0.394235 0.182583 0.423182 
0.421433 0.163003 0.415564 
0.380568 0.219044 0.400388 
0.418700 0.141645 0.439654 
0.392577 0.190223 0.417200 
0.411440 0.165277 0.423283 
skin
0.403536 0.180988 0.415476 
0.386701 0.208055 0.405244 
0.395544 0.189645 0.414811 
0.389045 0.197017 0.413938 
0.393591 0.191297 0.415111 
0.400004 0.165209 0.434787 
0.377263 0.214393 0.408344 
0.385636 0.195485 0.418880 
0.386960 0.194885 0.418155 
0.373908 0.177487 0.448605 
0.383281 0.197356 0.419363 
0.386073 0.205145 0.408782 
0.385934 0.177784 0.436282 
0.417032 0.173780 0.409188 
0.386512 0.198853 0.414636 
0.385992 0.176251 0.437757 
0.393362 0.180996 0.425641 
0.399176 0.195718 0.405107 
0.395152 0.179725 0.425124 
0.393963 0.192844 0.413193 
0.424251 0.169090 0.406659 
0.407033 0.174874 0.418093 
0.399740 0.184772 0.415488 
0.419759 0.175615 0.404625 
0.403798 0.173208 0.422994 
0.397686 0.186250 0.416064 
0.421377 0.147513 0.431110 
0.373469 0.178067 0.448464 
0.396906 0.189137 0.413957 
0.375967 0.197328 0.426705 
0.422707 0.166316 0.410977 
0.393135 0.177656 0.429209 
0.394110 0.193819 0.412072 
0.433537 0.172105 0.394358 
0.386967 0.187421 0.425612 
0.397729 0.195329 0.406942 
0.371171 0.195224 0.433606 
0.396576 0.180205 0.423219 
0.379057 0.182904 0.438039 
0.389032 0.190245 0.420723 
0.410196 0.167827 0.421977 
0.391845 0.195781 0.412373 
0.385558 0.189201 0.425240 
0.361025 0.227307 0.411668 
0.386797 0.178983 0.434220 
0.387905 0.180360 0.431735 
0.397983 0.180791 0.421226 
0.364001 0.203154 0.432845 
0.393859 0.187019 0.419122 
0.372708 0.207135 0.420156 
0.392241 0.188438 0.419322 
0.392289 0.188057 0.419653 
0.395341 0.174585 0.430074 
0.399980 0.174132 0.425887 
0.384661 0.167863 0.447476 
0.397773 0.193366 0.408861 
0.404457 0.191650 0.403893 
0.405511 0.158784 0.435706 
0.385240 0.212338 0.402422 
0.382625 0.206133 0.411242 
0.396537 0.176287 0.427176 
0.400193 0.183143 0.416664 
0.387490 0.191050 0.421460 
0.412346 0.197059 0.390595 
0.401034 0.179528 0.419438 
0.394769 0.187330 0.417901 
0.415964 0.152977 0.431058 
0.394821 0.206994 0.398186 
0.395141 0.189123 0.415736 
0.376260 0.205080 0.418660 
0.398977 0.189137 0.411886 
0.385680 0.173935 0.440385 
0.390251 0.194418 0.415330 
0.387153 0.174571 0.438275 
0.388937 0.183806 0.427257 
0.397206 0.213405 0.389389 
0.389749 0.166105 0.444146 
0.384112 0.198472 0.417416 
0.390733 0.187280 0.421987 
0.407351 0.177359 0.415290 
0.379274 0.206536 0.414190 
0.409507 0.163703 0.426789 
0.397260 0.177770 0.424970 
0.396200 0.185628 0.418172 
0.398818 0.188671 0.412512 
0.403575 0.216164 0.380261 
0.416543 0.170051 0.413406 
0.354876 0.231453 0.413671 
0.412159 0.157251 0.430590 
0.399390 0.196692 0.403918 
0.408827 0.182895 0.408278 
0.383107 0.208823 0.408070 
0.390493 0.209959 0.399548 
0.383314 0.192039 0.424647 
0.375405 0.191778 0.432817 
0.393172 0.193494 0.413335 
0.419221 0.165286 0.415493 
0.402003 0.180932 0.417065 
0.387468 0.203612 0.408920 
0.385141 0.165992 0.448868 
0.397420 0.198175 0.404405 
0.402244 0.179958 0.417798 
0.380653 0.202102 0.417245 
0.401182 0.153608 0.445210 
0.379341 0.191517 0.429142 
0.424361 0.177867 0.397772 
0.386617 0.180008 0.433375 
0.356172 0.228565 0.415263 
0.418853 0.172833 0.408315 
0.419095 0.162560 0.418346 
0.395611 0.200399 0.403990 
0.405005 0.183820 0.411175 
0.416209 0.183678 0.400112 
0.405486 0.179061 0.415453 
0.394001 0.181879 0.424120 
0.404121 0.157553 0.438326 
0.393237 0.171528 0.435235 
0.385803 0.210023 0.404175 
0.381251 0.178617 0.440133 
0.400734 0.176681 0.422585 
0.416742 0.147888 0.435370 
0.398397 0.179852 0.421751 
0.375801 0.201374 0.422825 
0.388616 0.203364 0.408019 
0.413185 0.186150 0.400666 
0.389200 0.178928 0.431872 
0.400679 0.194066 0.405255 
0.370429 0.214091 0.415480 
0.400341 0.176004 0.423655 
0.428863 0.192694 0.378444 
0.383819 0.200752 0.415429 
0.384840 0.208851 0.406308 
0.376525 0.208407 0.415068 
0.395413 0.177628 0.426959 
0.410030 0.201232 0.388737 
0.403677 0.172714 0.423609 
0.391460 0.174860 0.433680 
0.404605 0.161268 0.434126 
0.401602 0.186863 0.411535 
0.376300 0.186447 0.437253 
0.376380 0.196756 0.426864 
0.373370 0.198033 0.428597 
0.353099 0.222218 0.424683 
0.400249 0.184342 0.415409 
0.393216 0.195782 0.411002 
0.397541 0.196290 0.406170 
0.394286 0.186327 0.419386 
0.406251 0.185367 0.408382 
0.377910 0.203479 0.418611 
0.372821 0.199424 0.427754 
0.394565 0.177212 0.428223 
0.381522 0.202115 0.416363 
0.379354 0.188629 0.432017 
0.365400 0.218983 0.415617 
0.413487 0.185056 0.401457 
0.392017 0.218383 0.389600 
0.414052 0.181065 0.404882 
0.396762 0.186172 0.417066 
0.396996 0.178255 0.424749 
0.411393 0.151397 0.437210 
0.398051 0.179683 0.422266 
0.398503 0.180580 0.420917 
0.408690 0.184209 0.407101 
0.386831 0.208815 0.404354 
0.370898 0.171634 0.457469 
0.376821 0.204884 0.418295 
0.404401 0.182324 0.413276 
0.383395 0.197292 0.419313 
0.419415 0.179322 0.401263 
0.418279 0.160555 0.421165 
0.388455 0.189243 0.422302 
0.402720 0.159347 0.437933 
0.379190 0.195704 0.425106 
0.427263 0.167460 0.405277 
0.392155 0.173108 0.434738 
0.396266 0.190423 0.413311 
0.388281 0.198775 0.412944 
0.383603 0.196029 0.420368 
0.393211 0.191100 0.415689 
0.422653 0.162765 0.414582 
0.379881 0.192428 0.427691 
0.409334 0.186122 0.404545 
0.359022 0.208188 0.432790 
0.409537 0.143793 0.446670 
0.380011 0.185367 0.434622 
0.395358 0.175551 0.429091 
0.406376 0.187449 0.406175 
0.356143 0.208165 0.435692 
0.378255 0.216223 0.405521 
0.401640 0.172530 0.425829 
0.372309 0.225719 0.401972 
0.409082 0.168801 0.422116 
0.376536 0.186391 0.437072 
0.388793 0.183234 0.427973 
0.450689 0.143587 0.405724 
0.396942 0.185147 0.417911 
0.397863 0.197242 0.404895 
0.403401 0.176187 0.420412 
0.401462 0.183587 0.414951 
0.412379 0.175354 0.412267 
0.396154 0.178073 0.425774 
0.388015 0.196770 0.415214 
0.380482 0.206902 0.412616 
0.364787 0.195196 0.440017 
0.395704 0.195379 0.408917 
0.381159 0.204467 0.414373 
0.364654 0.192336 0.443010 
0.387278 0.197173 0.415549 
0.392904 0.190584 0.416512 
0.421372 0.135565 0.443063 
0.388788 0.189590 0.421622 
0.383429 0.187343 0.429227 
0.395761 0.229284 0.374955 
0.388334 0.228593 0.383073 
0.399097 0.206930 0.393974 
0.369452 0.195146 0.435402 
0.396065 0.184195 0.419740 
0.424057 0.160880 0.415064 
0.392637 0.192089 0.415274 
0.392286 0.179330 0.428384 
0.395745 0.195379 0.408876 
0.376527 0.215057 0.408417 
0.385468 0.222379 0.392153 
0.402737 0.182831 0.414431 
0.395487 0.182685 0.421828 
0.401421 0.208962 0.389617 
0.401132 0.167721 0.431147 
0.378778 0.203648 0.417574 
0.365302 0.190373 0.444325 
0.383160 0.188684 0.428156 
0.381810 0.209881 0.408309 
0.415632 0.169295 0.415072 
0.392688 0.177212 0.430101 
0.410346 0.168632 0.421022 
0.392584 0.167080 0.440336 
0.419102 0.160738 0.420160 
0.420656 0.158747 0.420596 
0.381675 0.209634 0.408691 
0.395372 0.190762 0.413866 
0.413529 0.180310 0.406161 
0.410298 0.180749 0.408953 
0.403048 0.172169 0.424783 
0.379641 0.209853 0.410505 
0.415511 0.184067 0.400422 
0.373459 0.197914 0.428628 
0.395503 0.202532 0.401965 
0.402285 0.183092 0.414622 
0.399976 0.182090 0.417934 
0.398571 0.174896 0.426533 
0.369221 0.187705 0.443074 
stomach
0.424492 0.173631 0.401877 
0.419679 0.191328 0.388993 
0.395262 0.207516 0.397222 
0.401890 0.181506 0.416604 
0.416563 0.168219 0.415219 
0.391583 0.199847 0.408570 
0.378455 0.195701 0.425845 
0.372131 0.188198 0.439671 
0.378501 0.172350 0.449149 
0.406377 0.168031 0.425591 
0.392912 0.200567 0.406521 
0.385571 0.189555 0.424874 
0.357296 0.216893 0.425811 
0.424271 0.151761 0.423969 
0.402266 0.186386 0.411348 
0.407150 0.171139 0.421712 
0.405417 0.163505 0.431078 
0.373665 0.188607 0.437728 
0.411523 0.163173 0.425305 
0.388371 0.179853 0.431776 
0.387172 0.194026 0.418802 
0.379187 0.192268 0.428545 
0.386931 0.160307 0.452762 
0.408176 0.176087 0.415736 
0.409178 0.162225 0.428597 
0.367562 0.210927 0.421511 
0.392463 0.205031 0.402506 
0.375945 0.197369 0.426686 
0.390046 0.187562 0.422392 
0.405932 0.182621 0.411448 
0.386458 0.193541 0.420001 
0.393439 0.163505 0.443056 
0.396899 0.180482 0.422619 
0.406406 0.174662 0.418932 
0.399600 0.155677 0.444723 
0.416182 0.166537 0.417281 
0.386330 0.169802 0.443868 
0.421644 0.150438 0.427918 
0.384840 0.200712 0.414448 
0.403769 0.178081 0.418151 
0.374002 0.191479 0.434519 
0.363387 0.230133 0.406480 
0.391993 0.209647 0.398360 
0.395056 0.177458 0.427486 
0.405368 0.168827 0.425805 
0.427741 0.151470 0.420789 
0.412189 0.178254 0.409557 
0.391861 0.187818 0.420321 
0.394628 0.190995 0.414378 
0.384958 0.187015 0.428027 
0.393957 0.191936 0.414107 
0.401751 0.165394 0.432855 
0.387839 0.202636 0.409525 
0.392030 0.196573 0.411397 
0.384309 0.202560 0.413132 
0.407643 0.180323 0.412034 
0.379875 0.191389 0.428736 
0.417098 0.167561 0.415341 
0.359078 0.219765 0.421157 
0.406656 0.172039 0.421305 
0.414326 0.167000 0.418674 
0.361556 0.193943 0.444500 
0.393797 0.179596 0.426607 
0.395744 0.172329 0.431927 
0.367498 0.206214 0.426288 
0.382466 0.219143 0.398392 
0.385637 0.165007 0.449356 
0.407628 0.180067 0.412305 
0.430360 0.160648 0.408992 
0.396760 0.187327 0.415914 
0.405982 0.167644 0.426374 
0.393566 0.157435 0.448999 
0.392482 0.185590 0.421928 
0.394843 0.178876 0.426281 
0.397041 0.220832 0.382127 
0.412208 0.186614 0.401179 
0.381599 0.198414 0.419987 
0.403543 0.184392 0.412064 
0.383383 0.174398 0.442219 
0.399032 0.190123 0.410845 
0.395261 0.182088 0.422651 
0.394522 0.184053 0.421425 
0.386642 0.195860 0.417498 
0.441400 0.166156 0.392444 
0.379962 0.215785 0.404252 
0.388066 0.177534 0.434400 
0.410613 0.201598 0.387789 
0.384221 0.196573 0.419206 
0.390465 0.196020 0.413515 
0.386434 0.172578 0.440988 
0.387864 0.183112 0.429023 
0.399628 0.162543 0.437829 
0.378723 0.206138 0.415140 
0.396568 0.175838 0.427594 
0.388223 0.176308 0.435469 
0.390761 0.195853 0.413386 
0.383088 0.194511 0.422402 
0.391632 0.194677 0.413690 
0.401317 0.188780 0.409903 
0.389639 0.194041 0.416320 
0.391174 0.198795 0.410032 
0.383470 0.208927 0.407603 
0.420686 0.165657 0.413657 
0.386760 0.201757 0.411483 
0.399430 0.195777 0.404793 
0.415549 0.148992 0.435459 
0.404201 0.187417 0.408382 
0.364769 0.191382 0.443849 
0.391173 0.186220 0.422608 
0.404310 0.175686 0.420004 
0.370006 0.208540 0.421454 
0.408838 0.160557 0.430605 
0.411528 0.174433 0.414039 
0.441207 0.150598 0.408195 
0.380850 0.243615 0.375535 
0.389581 0.183894 0.426525 
0.404707 0.177444 0.417850 
0.412409 0.171139 0.416452 
0.373397 0.186683 0.439920 
0.408345 0.192850 0.398804 
0.423210 0.152175 0.424614 
0.410291 0.176253 0.413456 
0.400129 0.209322 0.390550 
0.376770 0.175070 0.448160 
0.398631 0.160466 0.440903 
0.428486 0.174503 0.397012 
0.407940 0.183832 0.408228 
0.407898 0.163097 0.429005 
0.397512 0.188282 0.414206 
0.379920 0.170834 0.449246 
0.396557 0.170668 0.432775 
0.427935 0.144203 0.427862 
0.399058 0.195397 0.405545 
0.424154 0.194594 0.381252 
0.429898 0.165672 0.404430 
0.375539 0.190344 0.434117 
0.392495 0.194829 0.412675 
0.382083 0.213391 0.404526 
0.392018 0.177575 0.430407 
0.382314 0.202795 0.414891 
0.426379 0.163733 0.409888 
0.400293 0.186303 0.413404 
0.407909 0.190926 0.401165 
0.408417 0.179915 0.411668 
0.406571 0.171402 0.422027 
0.405053 0.190843 0.404104 
0.389277 0.178475 0.432248 
0.392521 0.182143 0.425336 
0.396966 0.174094 0.428940 
0.407343 0.191791 0.400866 
0.379343 0.200871 0.419787 
0.399652 0.167727 0.432621 
0.372325 0.211481 0.416195 
0.382447 0.201439 0.416114 
0.415594 0.167886 0.416520 
0.368581 0.202047 0.429372 
0.394689 0.176633 0.428677 
0.399345 0.183915 0.416740 
0.393177 0.212208 0.394615 
0.400614 0.160203 0.439183 
0.363126 0.207979 0.428896 
0.389078 0.188358 0.422565 
0.382380 0.181921 0.435698 
0.375400 0.198642 0.425958 
0.413018 0.169166 0.417816 
0.391611 0.155054 0.453335 
0.431426 0.183832 0.384742 
0.376730 0.202567 0.420703 
0.408967 0.174419 0.416614 
0.390291 0.191313 0.418396 
0.377284 0.207335 0.415381 
0.390049 0.194178 0.415772 
0.373150 0.203106 0.423744 
0.429559 0.170108 0.400334 
0.384175 0.204145 0.411680 
0.388118 0.182551 0.429331 
0.391632 0.186517 0.421851 
0.429021 0.180468 0.390510 
0.403647 0.173949 0.422404 
0.380932 0.193292 0.425776 
0.387017 0.224859 0.388124 
0.384205 0.204643 0.411152 
0.394472 0.173457 0.432071 
0.408433 0.191874 0.399693 
0.368384 0.198718 0.432898 
0.376234 0.178945 0.444821 
0.385384 0.176018 0.438599 
0.407128 0.154328 0.438544 
0.374292 0.207183 0.418524 
0.375337 0.191790 0.432872 
0.406186 0.175686 0.418129 
0.400383 0.168674 0.430943 
0.397160 0.198657 0.404184 
0.382332 0.201016 0.416652 
0.404089 0.165824 0.430087 
0.408751 0.193148 0.398101 
0.423577 0.190442 0.385982 
0.372177 0.224388 0.403434 
0.405550 0.172184 0.422267 
0.410191 0.175935 0.413874 
0.409783 0.179527 0.410690 
0.401522 0.200020 0.398458 
0.401206 0.177610 0.421185 
0.403719 0.194193 0.402088 
0.398753 0.176572 0.424675 
0.413744 0.168772 0.417484 
0.418240 0.153054 0.428706 
0.410052 0.151068 0.438880 
0.375046 0.194309 0.430645 
0.399046 0.219052 0.381902 
0.402711 0.179042 0.418246 
0.389309 0.182621 0.428070 
0.424425 0.155069 0.420506 
0.402801 0.199044 0.398155 
0.385985 0.184932 0.429084 
0.413591 0.166294 0.420115 
0.401967 0.173222 0.424812 
0.381481 0.217641 0.400878 
0.413620 0.182468 0.403912 
0.396149 0.190040 0.413811 
0.388194 0.209259 0.402547 
0.410691 0.209564 0.379745 
0.413610 0.170523 0.415867 
0.379332 0.204470 0.416197 
0.378667 0.205896 0.415438 
0.369397 0.201895 0.428708 
0.387128 0.193528 0.419344 
0.402496 0.186053 0.411451 
0.388474 0.202484 0.409042 
0.410217 0.177451 0.412333 
0.398574 0.180150 0.421277 
0.376225 0.184537 0.439238 
0.382333 0.218506 0.399161 
0.399458 0.194601 0.405941 
0.402060 0.174738 0.423202 
0.407740 0.175291 0.416968 
0.385925 0.192503 0.421572 
0.393426 0.175374 0.431200 
0.399511 0.173610 0.426880 
0.415337 0.166447 0.418216 
0.392762 0.194420 0.412817 
0.377269 0.213702 0.409029 
0.393674 0.177617 0.428709 
0.408851 0.197376 0.393773 
0.392308 0.191154 0.416537 
0.373676 0.192427 0.433897 
0.406032 0.162286 0.431682 
0.397150 0.190420 0.412430 
0.388552 0.200657 0.410791 
0.408923 0.194103 0.396975 
0.470853 0.467375 0.488402 
