-1371356.059416
0
0.000106 0.000001 0.000001 0.000001 0.000001 0.000001 0.000001 0.000001 0.000002 0.000001 0.000531 0.000001 0.000001 0.000001 0.000001 0.000001 0.000001 0.000022 0.000317 0.000001 0.001348 0.000001 0.000001 0.000253 0.000022 0.000001 0.000001 0.000001 0.000001 0.000001 0.000001 0.000001 0.000022 0.000001 0.026101 0.000001 0.000001 0.000001 0.000001 0.000022 0.000085 0.000001 0.000001 0.000001 0.000177 0.000001 0.000001 0.000001 0.000001 0.000001 0.000001 0.000001 0.000001 0.000001 0.000001 0.000001 0.000002 0.000350 0.935587 0.030966 0.000001 0.000001 0.000001 0.000001 0.000001 0.000022 0.000001 0.000001 0.000001 0.000001 0.000001 0.000001 0.000001 0.000001 0.000001 0.001325 0.000001 0.000001 0.000001 0.000001 0.000001 0.000001 0.000001 0.000001 0.000001 0.000001 0.000022 0.000001 0.000022 0.000001 0.000001 0.000397 0.002204 0.000001 0.000001 0.000001 
0.000002 0.000001 0.000001 0.000001 0.000001 0.000001 0.000001 0.000001 0.000002 0.000001 0.000005 0.000002 0.000002 0.000001 0.000001 0.000002 0.000002 0.000002 0.000002 0.000002 0.000002 0.000001 0.000001 0.000002 0.000002 0.000002 0.000001 0.000002 0.000001 0.000001 0.000001 0.000001 0.000002 0.000001 0.000006 0.000001 0.000001 0.000001 0.000001 0.000002 0.000002 0.000002 0.000002 0.000002 0.000002 0.000001 0.000002 0.000002 0.000001 0.000001 0.000001 0.000001 0.000001 0.000001 0.000001 0.000001 0.000002 0.000004 0.999842 0.000002 0.000001 0.000001 0.000001 0.000001 0.000001 0.000002 0.000001 0.000002 0.000001 0.000001 0.000001 0.000002 0.000002 0.000001 0.000001 0.000002 0.000001 0.000001 0.000001 0.000001 0.000001 0.000001 0.000002 0.000001 0.000002 0.000001 0.000002 0.000001 0.000002 0.000001 0.000001 0.000002 0.000002 0.000001 0.000001 0.000002 
0.000001 0.000001 0.000001 0.000001 0.000001 0.000001 0.000001 0.000001 0.000955 0.000001 0.000060 0.000001 0.000001 0.000001 0.000001 0.000001 0.000001 0.000001 0.000001 0.000001 0.000002 0.000001 0.000001 0.000001 0.000001 0.000001 0.000001 0.000001 0.000001 0.000001 0.000001 0.000001 0.000001 0.000001 0.003476 0.000001 0.000001 0.000001 0.000001 0.000001 0.000001 0.000063 0.000001 0.000001 0.000002 0.000001 0.000001 0.000001 0.000001 0.000001 0.000001 0.000001 0.000001 0.000001 0.000001 0.000001 0.000001 0.050021 0.945127 0.000002 0.000001 0.000001 0.000001 0.000001 0.000001 0.000001 0.000001 0.000001 0.000001 0.000001 0.000001 0.000001 0.000185 0.000001 0.000001 0.000001 0.000001 0.000001 0.000001 0.000001 0.000001 0.000001 0.000001 0.000001 0.000001 0.000001 0.000001 0.000001 0.000001 0.000001 0.000001 0.000002 0.000002 0.000001 0.000001 0.000001 
0.000002 0.000002 0.000002 0.000002 0.000002 0.000002 0.000002 0.000002 0.000002 0.000002 0.999104 0.000002 0.000002 0.000002 0.000002 0.000002 0.000002 0.000002 0.000002 0.000002 0.000002 0.000002 0.000002 0.000002 0.000002 0.000002 0.000002 0.000002 0.000002 0.000002 0.000002 0.000002 0.000002 0.000002 0.000006 0.000002 0.000002 0.000002 0.000002 0.000002 0.000002 0.000002 0.000002 0.000002 0.000002 0.000002 0.000002 0.000002 0.000002 0.000002 0.000002 0.000002 0.000002 0.000002 0.000002 0.000002 0.000002 0.000004 0.000733 0.000002 0.000002 0.000002 0.000002 0.000002 0.000002 0.000002 0.000002 0.000002 0.000002 0.000002 0.000002 0.000002 0.000002 0.000002 0.000002 0.000002 0.000002 0.000002 0.000002 0.000002 0.000002 0.000002 0.000002 0.000002 0.000002 0.000002 0.000002 0.000002 0.000002 0.000002 0.000002 0.000002 0.000003 0.000002 0.000002 0.000002 
0.000002 0.000002 0.000002 0.000002 0.000002 0.000002 0.000002 0.000002 0.000002 0.000002 0.574929 0.000002 0.000002 0.000002 0.000002 0.000002 0.000002 0.000002 0.000002 0.000002 0.000002 0.000002 0.000002 0.000002 0.000002 0.000002 0.000002 0.126677 0.000002 0.000002 0.000002 0.000002 0.000002 0.000002 0.000006 0.000002 0.000002 0.000002 0.000002 0.000002 0.000002 0.000002 0.000002 0.000002 0.000002 0.000002 0.000002 0.000002 0.000002 0.000002 0.000002 0.000002 0.000002 0.000002 0.000002 0.000002 0.000002 0.297687 0.000550 0.000002 0.000002 0.000002 0.000002 0.000002 0.000002 0.000002 0.000002 0.000002 0.000002 0.000002 0.000002 0.000002 0.000002 0.000002 0.000002 0.000002 0.000002 0.000002 0.000002 0.000002 0.000002 0.000002 0.000002 0.000002 0.000002 0.000002 0.000002 0.000002 0.000002 0.000002 0.000002 0.000002 0.000003 0.000002 0.000002 0.000002 
0.000002 0.000001 0.000001 0.000001 0.000001 0.000001 0.000001 0.000001 0.000002 0.000001 0.004702 0.000002 0.000002 0.000001 0.000001 0.000002 0.000002 0.000002 0.000002 0.000590 0.000002 0.000001 0.000001 0.000002 0.000002 0.000002 0.000001 0.000002 0.000001 0.000001 0.000001 0.000001 0.000002 0.000001 0.228493 0.000001 0.000001 0.000001 0.000001 0.000002 0.000002 0.000002 0.000707 0.000002 0.000002 0.000001 0.000002 0.000002 0.000001 0.000001 0.000001 0.000001 0.000001 0.000001 0.000001 0.000001 0.205505 0.000883 0.553909 0.000002 0.000001 0.000001 0.000001 0.000001 0.000001 0.000002 0.000001 0.000002 0.000001 0.000001 0.000001 0.000190 0.000002 0.000001 0.000001 0.000002 0.000001 0.000001 0.000001 0.000001 0.000001 0.000001 0.004895 0.000001 0.000002 0.000001 0.000002 0.000001 0.000002 0.000001 0.000001 0.000002 0.000002 0.000001 0.000001 0.000002 
0.000002 0.000002 0.000002 0.000002 0.000002 0.000002 0.000002 0.000002 0.000002 0.000002 0.000734 0.000002 0.000002 0.000002 0.000002 0.000109 0.000002 0.000002 0.000002 0.000002 0.000002 0.000002 0.000002 0.000002 0.000002 0.000002 0.000002 0.000002 0.000002 0.000002 0.000002 0.000002 0.000002 0.000002 0.036310 0.000002 0.000002 0.000002 0.000002 0.000002 0.000002 0.000002 0.000002 0.000002 0.000002 0.000002 0.000029 0.007568 0.000002 0.000002 0.000002 0.000002 0.000002 0.000002 0.000002 0.000002 0.000002 0.211583 0.742166 0.000002 0.000002 0.000002 0.000002 0.000002 0.000002 0.000002 0.000002 0.000029 0.000002 0.000002 0.000002 0.000002 0.000002 0.000002 0.000002 0.000002 0.000002 0.000002 0.000002 0.000002 0.000002 0.000002 0.000002 0.000002 0.000324 0.000002 0.000002 0.000002 0.000002 0.000002 0.000002 0.000015 0.000993 0.000002 0.000002 0.000002 
0.000002 0.000002 0.000002 0.000002 0.000002 0.000002 0.000002 0.000002 0.002396 0.000002 0.000682 0.000002 0.000133 0.000002 0.000002 0.000002 0.000948 0.000002 0.000002 0.000002 0.000293 0.000002 0.000002 0.000002 0.000002 0.000524 0.000002 0.000002 0.000002 0.000002 0.000002 0.000002 0.000002 0.000002 0.033793 0.000002 0.000002 0.000002 0.000002 0.000002 0.000002 0.000002 0.000002 0.001046 0.000153 0.000002 0.000002 0.000002 0.000002 0.000002 0.000002 0.000002 0.000002 0.000002 0.000002 0.000002 0.000002 0.000451 0.947732 0.000401 0.000002 0.000002 0.000002 0.000002 0.000002 0.000002 0.000002 0.000002 0.000002 0.000002 0.000002 0.000002 0.000002 0.000002 0.000002 0.000002 0.000002 0.000002 0.000002 0.000002 0.000002 0.000002 0.000002 0.000002 0.000002 0.000002 0.000002 0.000002 0.000002 0.000002 0.000002 0.000515 0.002485 0.000002 0.000002 0.008289 
0.000002 0.000001 0.000001 0.000001 0.000001 0.000001 0.000001 0.000001 0.000002 0.000001 0.000005 0.000027 0.000002 0.000001 0.000001 0.000002 0.000002 0.000002 0.000002 0.000002 0.000002 0.000001 0.000001 0.000002 0.000002 0.000002 0.000001 0.000002 0.000001 0.000001 0.000001 0.000001 0.000002 0.000001 0.000006 0.000001 0.000001 0.000001 0.000001 0.000002 0.000002 0.000002 0.000002 0.000002 0.000002 0.000001 0.000002 0.000002 0.000001 0.000001 0.000001 0.000001 0.000001 0.000001 0.000001 0.000001 0.000002 0.000004 0.998531 0.001181 0.000001 0.000001 0.000001 0.000001 0.000001 0.000002 0.000001 0.000002 0.000001 0.000001 0.000001 0.000002 0.000002 0.000001 0.000001 0.000002 0.000001 0.000001 0.000001 0.000001 0.000001 0.000001 0.000002 0.000001 0.000002 0.000001 0.000002 0.000001 0.000002 0.000001 0.000001 0.000002 0.000108 0.000001 0.000001 0.000002 
0.000002 0.000002 0.000002 0.000002 0.000002 0.000002 0.000002 0.000002 0.000002 0.000002 0.000005 0.000002 0.000002 0.000002 0.000002 0.000002 0.000002 0.000002 0.000002 0.000002 0.000002 0.000002 0.000002 0.000002 0.000002 0.000002 0.000002 0.000002 0.000002 0.000002 0.000002 0.000002 0.000002 0.000002 0.999748 0.000002 0.000002 0.000002 0.000002 0.000002 0.000002 0.000002 0.000002 0.000002 0.000002 0.000002 0.000002 0.000002 0.000002 0.000002 0.000002 0.000002 0.000002 0.000002 0.000002 0.000002 0.000002 0.000004 0.000094 0.000002 0.000002 0.000002 0.000002 0.000002 0.000002 0.000002 0.000002 0.000002 0.000002 0.000002 0.000002 0.000002 0.000002 0.000002 0.000002 0.000002 0.000002 0.000002 0.000002 0.000002 0.000002 0.000002 0.000002 0.000002 0.000002 0.000002 0.000002 0.000002 0.000002 0.000002 0.000002 0.000002 0.000003 0.000002 0.000002 0.000002 
0.106207 0.099089 0.098783 0.108217 0.100975 0.098593 0.100996 0.092552 0.095740 0.098848 
0.147448 0.048390 0.131038 0.082834 0.083559 0.091458 0.144970 0.114759 0.108453 0.047090 
0.103776 0.102115 0.095353 0.088689 0.108300 0.103076 0.106696 0.091448 0.101240 0.099307 
0.122611 0.126810 0.073849 0.062796 0.100978 0.070137 0.116173 0.106995 0.121220 0.098430 
breast
0.120055 0.100763 0.127045 0.087084 0.084999 0.107394 0.093485 0.075741 0.100756 0.102677 
0.117923 0.094443 0.119032 0.104641 0.096025 0.108705 0.089331 0.072622 0.094601 0.102677 
0.116643 0.099183 0.124907 0.098258 0.098955 0.100318 0.099564 0.075030 0.099148 0.087994 
0.115392 0.098788 0.121977 0.095065 0.093068 0.115260 0.088587 0.074150 0.098706 0.099006 
0.118990 0.102343 0.125213 0.096664 0.082629 0.115033 0.090500 0.076542 0.102256 0.089829 
0.112119 0.093653 0.116334 0.101447 0.102833 0.116129 0.088598 0.070795 0.093579 0.104512 
0.127848 0.105503 0.128680 0.072720 0.060726 0.119447 0.090010 0.079480 0.105566 0.110019 
0.123773 0.106293 0.130411 0.075913 0.073799 0.103633 0.095582 0.079882 0.106199 0.104513 
0.114319 0.095628 0.120822 0.099852 0.107286 0.100081 0.099413 0.071712 0.095551 0.095335 
0.122523 0.099183 0.120970 0.115819 0.085612 0.114322 0.083809 0.074105 0.099334 0.084323 
0.113094 0.096418 0.120952 0.088678 0.094797 0.116181 0.092713 0.072644 0.096340 0.108183 
0.114312 0.097998 0.121871 0.115818 0.098397 0.098127 0.090520 0.073375 0.097917 0.091665 
0.113232 0.096813 0.119970 0.098257 0.106050 0.106650 0.090606 0.072682 0.096734 0.099006 
0.109785 0.088913 0.113119 0.114215 0.102755 0.112793 0.090352 0.067213 0.089002 0.111854 
0.118689 0.099578 0.123444 0.096662 0.091551 0.105339 0.090894 0.077178 0.099495 0.097171 
0.124530 0.105898 0.131466 0.098263 0.091324 0.098685 0.099415 0.078567 0.105883 0.065969 
0.118847 0.099973 0.123597 0.096662 0.095234 0.106651 0.092550 0.074854 0.099967 0.091665 
0.121333 0.099183 0.123762 0.098258 0.091320 0.113808 0.095730 0.074892 0.099226 0.082487 
0.117072 0.100368 0.125199 0.093470 0.088688 0.108291 0.094173 0.075284 0.100284 0.097171 
0.113402 0.089703 0.113258 0.103041 0.100206 0.102024 0.089518 0.072425 0.089885 0.126537 
0.120172 0.101158 0.127352 0.098260 0.085153 0.094347 0.095702 0.077776 0.101072 0.099006 
0.122850 0.102738 0.126775 0.096664 0.090265 0.094468 0.092216 0.085090 0.102775 0.086159 
0.115840 0.101948 0.128458 0.096664 0.095504 0.104579 0.098932 0.077475 0.101784 0.078817 
0.114740 0.100368 0.124087 0.099855 0.094504 0.101319 0.090603 0.075311 0.100206 0.099006 
0.108864 0.092468 0.117803 0.090271 0.099625 0.115263 0.098018 0.071585 0.092413 0.113689 
0.111543 0.096023 0.120232 0.096660 0.085471 0.116918 0.092079 0.073305 0.095915 0.111854 
0.121183 0.103133 0.127272 0.090279 0.081785 0.106950 0.092812 0.078158 0.103092 0.095336 
0.117807 0.094443 0.117506 0.111026 0.101931 0.105308 0.087386 0.070987 0.094601 0.099006 
0.120376 0.103923 0.127835 0.095069 0.088100 0.108201 0.093941 0.079905 0.103833 0.078817 
0.114596 0.097998 0.122191 0.101450 0.096757 0.100397 0.091745 0.076107 0.097917 0.100842 
0.121157 0.102343 0.127141 0.096664 0.091642 0.105736 0.094123 0.076372 0.102333 0.082488 
0.113346 0.096418 0.118481 0.099853 0.086866 0.109066 0.085755 0.074663 0.096357 0.119196 
0.111910 0.095233 0.119036 0.091870 0.091491 0.121389 0.090198 0.071861 0.095157 0.111854 
0.113376 0.096418 0.119033 0.095063 0.081839 0.118522 0.086674 0.075374 0.096340 0.117361 
0.120288 0.098788 0.123393 0.090276 0.079477 0.118678 0.093263 0.074298 0.098862 0.102677 
0.114048 0.097603 0.122277 0.096661 0.091729 0.116606 0.093155 0.073227 0.097523 0.097171 
0.117679 0.096813 0.122442 0.107835 0.105507 0.093990 0.098410 0.072439 0.096890 0.087994 
0.117131 0.097603 0.121964 0.091871 0.085324 0.129617 0.092398 0.076692 0.097570 0.089829 
0.116985 0.099183 0.122995 0.106240 0.084390 0.105620 0.091106 0.075326 0.099148 0.099006 
0.119340 0.097603 0.123299 0.088679 0.087342 0.103379 0.093735 0.075254 0.097678 0.113690 
0.128987 0.100763 0.125343 0.088681 0.087254 0.109111 0.093275 0.075768 0.100989 0.089829 
0.110202 0.094443 0.121362 0.104641 0.113961 0.101594 0.102082 0.073024 0.094368 0.084323 
0.115110 0.100763 0.125096 0.087084 0.097514 0.106000 0.095110 0.075551 0.100600 0.097171 
0.114162 0.097603 0.122013 0.096661 0.085472 0.120022 0.092375 0.073327 0.097523 0.100842 
0.112262 0.093258 0.119116 0.095061 0.097197 0.103791 0.093501 0.077026 0.093263 0.115525 
0.118024 0.103528 0.127162 0.101454 0.087837 0.094340 0.090795 0.079997 0.103361 0.093500 
0.113303 0.094048 0.115617 0.126990 0.099297 0.105747 0.085213 0.074100 0.094021 0.091664 
0.127769 0.105898 0.130186 0.079106 0.081812 0.100612 0.095829 0.079329 0.105960 0.093501 
0.118886 0.100368 0.125958 0.098259 0.107609 0.098680 0.096255 0.074806 0.100361 0.078817 
0.114906 0.100368 0.123271 0.095066 0.085523 0.110140 0.088066 0.077941 0.100206 0.104513 
0.114309 0.092863 0.117428 0.090272 0.100733 0.110983 0.092312 0.072707 0.092868 0.115525 
0.117659 0.099973 0.125140 0.106241 0.100768 0.121140 0.094425 0.074301 0.099889 0.060462 
0.122150 0.101948 0.123644 0.104646 0.081866 0.107833 0.084587 0.079674 0.101986 0.091665 
0.116643 0.099973 0.125021 0.095066 0.090853 0.105583 0.094808 0.074992 0.099889 0.097171 
0.115135 0.098393 0.121264 0.099854 0.086957 0.113963 0.087600 0.074009 0.098312 0.104513 
0.119488 0.100763 0.125600 0.098259 0.098776 0.102791 0.093997 0.075247 0.100756 0.084323 
0.117363 0.101158 0.126033 0.104645 0.094831 0.106626 0.094082 0.075373 0.101072 0.078817 
0.117532 0.100368 0.125263 0.083891 0.085909 0.104529 0.094686 0.075684 0.100284 0.111854 
0.115970 0.099578 0.122572 0.104644 0.089590 0.115921 0.087911 0.074490 0.099495 0.089829 
0.117872 0.102343 0.126909 0.083893 0.085820 0.113444 0.094011 0.079983 0.102225 0.093500 
0.125938 0.102738 0.128366 0.087086 0.097695 0.111666 0.096536 0.081201 0.102805 0.065969 
0.121675 0.105108 0.130717 0.090280 0.088043 0.106406 0.094099 0.079838 0.105016 0.078817 
0.120340 0.102738 0.125078 0.103050 0.086050 0.110936 0.086632 0.079992 0.102697 0.082488 
0.114010 0.096418 0.120080 0.096660 0.095322 0.114338 0.092630 0.073313 0.096387 0.100842 
0.124079 0.097998 0.121902 0.095065 0.091960 0.102377 0.093250 0.076134 0.098228 0.099006 
0.117694 0.098393 0.121568 0.093468 0.084735 0.107883 0.088701 0.079150 0.098389 0.110019 
0.115060 0.096813 0.122130 0.111028 0.113429 0.094616 0.097243 0.072216 0.096812 0.080652 
0.118880 0.099578 0.123484 0.095066 0.090673 0.100214 0.091218 0.074965 0.099573 0.106348 
0.115085 0.092468 0.115170 0.120603 0.112165 0.108830 0.085624 0.069509 0.092551 0.087993 
0.117269 0.098788 0.122745 0.109433 0.092402 0.108651 0.095712 0.073728 0.098784 0.082487 
0.118854 0.099973 0.123878 0.106241 0.094331 0.096764 0.093467 0.074861 0.099967 0.091665 
0.125957 0.102738 0.127542 0.098261 0.092520 0.107676 0.093945 0.078839 0.102883 0.069640 
0.115090 0.094048 0.117999 0.119008 0.096377 0.105114 0.087116 0.072190 0.094051 0.099006 
0.116243 0.099973 0.125525 0.101452 0.094453 0.107320 0.096177 0.074645 0.099889 0.084323 
0.117784 0.098788 0.122257 0.101451 0.097865 0.100386 0.089502 0.074176 0.098784 0.099006 
0.118118 0.094443 0.118978 0.099851 0.092285 0.102027 0.092512 0.071737 0.094523 0.115525 
0.117623 0.096813 0.122185 0.085485 0.101875 0.115156 0.097680 0.072870 0.096812 0.093500 
0.127772 0.105898 0.131026 0.075913 0.076464 0.108064 0.096070 0.079332 0.105960 0.093501 
0.117657 0.095233 0.117892 0.099852 0.093214 0.112554 0.089271 0.072620 0.095359 0.106348 
0.114012 0.092863 0.115148 0.104639 0.085904 0.128564 0.084719 0.074934 0.092868 0.106348 
0.117354 0.100368 0.124678 0.083891 0.080848 0.115542 0.095157 0.075529 0.100284 0.106348 
0.122649 0.097208 0.120524 0.088678 0.083389 0.102508 0.092071 0.074764 0.097176 0.121031 
0.127666 0.104318 0.127956 0.107840 0.088863 0.100253 0.090375 0.082377 0.104383 0.065969 
0.118472 0.099578 0.124547 0.082294 0.091288 0.119258 0.094393 0.077096 0.099573 0.093500 
0.115723 0.101158 0.125858 0.091874 0.089009 0.100211 0.094008 0.078487 0.100995 0.102677 
0.119712 0.096023 0.121599 0.087081 0.086644 0.119990 0.095945 0.072316 0.096179 0.104512 
0.107653 0.093258 0.116790 0.095061 0.098215 0.112628 0.089147 0.073108 0.093107 0.121031 
0.109878 0.094443 0.118411 0.107833 0.099068 0.099106 0.091049 0.072184 0.094338 0.113689 
0.117757 0.101158 0.124409 0.101452 0.095292 0.102402 0.089076 0.075716 0.101072 0.091665 
0.116322 0.102343 0.125174 0.112628 0.091404 0.102835 0.087701 0.078762 0.102178 0.080652 
0.114648 0.096023 0.119879 0.106238 0.101874 0.107783 0.090174 0.072022 0.096023 0.095335 
0.119255 0.097998 0.123141 0.104643 0.096027 0.092958 0.091747 0.075472 0.097917 0.100842 
0.128550 0.107083 0.131206 0.093475 0.083452 0.099662 0.092685 0.079762 0.107143 0.076982 
0.119802 0.096418 0.120609 0.112624 0.104186 0.092676 0.091299 0.072312 0.096573 0.093500 
0.116033 0.100763 0.125903 0.087084 0.101377 0.106627 0.095509 0.076226 0.100648 0.089829 
0.113779 0.097208 0.117924 0.122203 0.092714 0.102933 0.080356 0.073076 0.097129 0.102677 
0.116287 0.099183 0.123618 0.079101 0.084473 0.116688 0.093011 0.074847 0.099101 0.113690 
0.114382 0.094838 0.117651 0.112623 0.101521 0.113617 0.086908 0.071909 0.094887 0.091664 
0.113529 0.096813 0.120571 0.101449 0.088014 0.111498 0.090268 0.072940 0.096734 0.108183 
0.114301 0.096023 0.121901 0.098256 0.102637 0.114893 0.098388 0.073255 0.096023 0.084323 
0.123163 0.101948 0.124172 0.112628 0.086344 0.101041 0.088221 0.076143 0.102017 0.084323 
0.115228 0.101553 0.124787 0.112628 0.098949 0.105472 0.091194 0.075489 0.101389 0.073310 
0.107384 0.087333 0.111785 0.125389 0.113957 0.113146 0.090556 0.065933 0.087347 0.097170 
0.113983 0.098788 0.121953 0.099854 0.095700 0.111396 0.088812 0.077338 0.098676 0.093500 
0.116303 0.101948 0.128412 0.083892 0.092347 0.105783 0.099687 0.076343 0.101784 0.093500 
0.119546 0.101948 0.126692 0.098260 0.095004 0.098522 0.094330 0.079466 0.101909 0.084323 
0.117144 0.097208 0.121795 0.098257 0.097577 0.110005 0.092719 0.076424 0.097206 0.091664 
0.122288 0.105503 0.131369 0.088684 0.084861 0.095628 0.100693 0.081240 0.105411 0.084323 
0.120918 0.097603 0.121397 0.106239 0.095617 0.106848 0.090107 0.075522 0.097756 0.087994 
0.114923 0.096813 0.121928 0.119010 0.112667 0.097739 0.090864 0.076011 0.096734 0.073310 
0.117530 0.097603 0.123109 0.095064 0.097200 0.106203 0.096234 0.074074 0.097648 0.095335 
0.119301 0.099183 0.123242 0.098258 0.091230 0.111168 0.091368 0.075406 0.099178 0.091665 
0.109607 0.092863 0.114653 0.112622 0.090202 0.112457 0.083425 0.070349 0.092791 0.121031 
0.112004 0.095628 0.119446 0.107834 0.095296 0.111444 0.090095 0.071860 0.095551 0.100842 
0.110245 0.093653 0.116935 0.106236 0.098100 0.106075 0.090746 0.070740 0.093579 0.113689 
0.117357 0.094443 0.121302 0.115816 0.103635 0.099136 0.093237 0.076150 0.094601 0.084323 
0.105851 0.092073 0.117866 0.099850 0.112435 0.105291 0.095926 0.074272 0.091924 0.104512 
0.125903 0.104713 0.130973 0.077509 0.088748 0.110166 0.101628 0.080437 0.104777 0.075146 
0.111578 0.097998 0.122662 0.109432 0.093779 0.120152 0.092854 0.073053 0.097840 0.080652 
0.116146 0.098788 0.124417 0.101451 0.098225 0.110654 0.096162 0.074799 0.098706 0.080652 
0.114021 0.099973 0.123869 0.104644 0.088483 0.111199 0.093401 0.074768 0.099812 0.089829 
0.113368 0.098788 0.124826 0.088679 0.094978 0.098196 0.098071 0.074446 0.098629 0.110019 
0.117153 0.097998 0.123894 0.075907 0.097898 0.109151 0.099866 0.073791 0.097995 0.106348 
0.116825 0.096023 0.121559 0.096660 0.114275 0.095334 0.095626 0.072340 0.096023 0.095335 
0.116899 0.097603 0.124131 0.085486 0.086964 0.105393 0.098882 0.075186 0.097601 0.111854 
0.126621 0.105898 0.133630 0.093474 0.092374 0.111228 0.095692 0.078331 0.105960 0.056792 
0.119449 0.099578 0.122564 0.106241 0.083012 0.112976 0.093233 0.075333 0.099620 0.087994 
0.115631 0.101553 0.124843 0.106242 0.087984 0.111199 0.089160 0.075840 0.101389 0.086158 
0.122542 0.103528 0.127673 0.087086 0.080030 0.118806 0.094700 0.079709 0.103439 0.082488 
0.118300 0.101553 0.124882 0.091874 0.080086 0.118435 0.091960 0.076106 0.101467 0.095336 
0.115130 0.094048 0.115729 0.112622 0.093885 0.102282 0.083213 0.071756 0.093974 0.117360 
0.126245 0.104713 0.128502 0.093473 0.080965 0.103075 0.093842 0.078250 0.104777 0.086159 
0.122318 0.101158 0.124952 0.082295 0.099762 0.108833 0.091584 0.079858 0.101245 0.087994 
0.124609 0.107478 0.131719 0.082300 0.077310 0.103114 0.095894 0.080364 0.107383 0.089830 
0.118196 0.094443 0.119506 0.090273 0.097051 0.112542 0.094065 0.071219 0.094523 0.108183 
0.114964 0.094443 0.120072 0.109430 0.101323 0.114010 0.092323 0.074590 0.094523 0.084323 
0.110912 0.094838 0.119730 0.114219 0.097608 0.109140 0.092683 0.072609 0.094762 0.093500 
0.121875 0.102738 0.127359 0.090279 0.081874 0.105788 0.098780 0.076914 0.102728 0.091665 
0.112898 0.096023 0.120647 0.115817 0.115972 0.098664 0.092741 0.072428 0.095993 0.078816 
0.121611 0.102343 0.126645 0.083893 0.079562 0.116860 0.092815 0.076766 0.102333 0.097171 
0.119534 0.101158 0.123657 0.090278 0.075346 0.109963 0.089955 0.077134 0.101120 0.111855 
0.113448 0.095233 0.121156 0.106238 0.122114 0.092115 0.096511 0.073628 0.095234 0.084323 
0.115982 0.100763 0.125896 0.098259 0.087638 0.111186 0.095452 0.076181 0.100648 0.087994 
0.121968 0.100763 0.123640 0.111031 0.094299 0.100341 0.087637 0.075243 0.100756 0.084323 
0.118952 0.101948 0.125916 0.093471 0.081054 0.102226 0.096672 0.078970 0.101784 0.099007 
0.112798 0.094838 0.120539 0.079098 0.090998 0.123604 0.096315 0.075192 0.094762 0.111854 
0.120430 0.099183 0.122970 0.099855 0.088335 0.104184 0.095461 0.076825 0.099256 0.093500 
0.119960 0.101553 0.122995 0.091874 0.076044 0.112674 0.084108 0.077423 0.101514 0.111855 
0.114707 0.095233 0.118533 0.101448 0.086726 0.099853 0.088841 0.074722 0.095234 0.124702 
0.117217 0.099973 0.124822 0.085487 0.084301 0.102752 0.094542 0.075492 0.099889 0.115525 
0.114211 0.092863 0.115749 0.107832 0.095205 0.108561 0.086866 0.070242 0.092946 0.115525 
0.120834 0.099183 0.123866 0.085487 0.084300 0.112369 0.093665 0.074691 0.099256 0.106348 
0.110193 0.093653 0.118048 0.104640 0.099888 0.103131 0.094319 0.070695 0.093579 0.111854 
0.124832 0.105503 0.128872 0.087088 0.072396 0.111895 0.095184 0.078912 0.105488 0.089830 
0.119797 0.100368 0.123847 0.090277 0.080496 0.111060 0.090012 0.075599 0.100361 0.108184 
0.117160 0.099183 0.124139 0.095065 0.088368 0.102014 0.094933 0.075478 0.099148 0.104513 
0.119080 0.094443 0.119202 0.104641 0.101175 0.098782 0.093386 0.071966 0.094648 0.102677 
0.120261 0.100368 0.126270 0.083891 0.100999 0.105453 0.100316 0.075875 0.100409 0.086158 
0.119931 0.099973 0.124404 0.090277 0.090616 0.122157 0.092563 0.075790 0.099967 0.084323 
0.111832 0.097603 0.122021 0.095064 0.087079 0.120482 0.092439 0.073356 0.097445 0.102677 
0.117511 0.100763 0.122888 0.104645 0.086926 0.100470 0.085619 0.076064 0.100600 0.104513 
0.114978 0.096418 0.122001 0.111028 0.102291 0.092222 0.098267 0.074713 0.096418 0.091664 
0.121337 0.099973 0.125836 0.080698 0.091789 0.111575 0.099817 0.077343 0.099967 0.091665 
0.114348 0.100368 0.126551 0.096663 0.101851 0.093097 0.098333 0.082425 0.100206 0.086158 
0.111179 0.095233 0.120893 0.111027 0.106063 0.100526 0.098220 0.073709 0.095157 0.087993 
0.114306 0.099973 0.123349 0.099855 0.093216 0.103564 0.091903 0.075015 0.099812 0.099006 
0.118137 0.101553 0.125139 0.107838 0.085178 0.102207 0.092686 0.075964 0.101467 0.089829 
0.122680 0.100763 0.127231 0.088681 0.101237 0.107417 0.099474 0.078326 0.100881 0.073310 
0.120954 0.103133 0.126960 0.099857 0.085762 0.102639 0.091649 0.077959 0.103092 0.087994 
0.110135 0.096418 0.120593 0.107835 0.099069 0.116567 0.091166 0.072126 0.096262 0.089829 
0.120113 0.099973 0.123893 0.095066 0.083218 0.115039 0.091520 0.075828 0.100014 0.095336 
0.116031 0.099578 0.123420 0.099855 0.085850 0.118863 0.090701 0.074542 0.099495 0.091665 
0.116061 0.101948 0.126140 0.093471 0.102222 0.103927 0.092156 0.076132 0.101784 0.086158 
0.113278 0.099183 0.125321 0.098258 0.096380 0.101713 0.095038 0.078305 0.099023 0.093500 
0.127880 0.099973 0.123404 0.075909 0.082539 0.111687 0.090272 0.076311 0.100170 0.111854 
0.116390 0.097998 0.122654 0.107836 0.097872 0.114706 0.092788 0.073022 0.097917 0.078816 
0.117709 0.101158 0.128152 0.088681 0.096177 0.101913 0.098100 0.077209 0.101072 0.089829 
0.113792 0.099973 0.123837 0.109434 0.088630 0.114323 0.093144 0.074568 0.099812 0.082487 
0.115083 0.098393 0.122376 0.098258 0.091230 0.108534 0.091173 0.073964 0.098312 0.102677 
0.120150 0.101158 0.126929 0.083892 0.094742 0.104837 0.099737 0.075741 0.101150 0.091665 
0.118786 0.103133 0.125423 0.103050 0.078415 0.109457 0.083723 0.079663 0.103014 0.095336 
0.117786 0.100763 0.124296 0.091874 0.078888 0.113320 0.090224 0.075823 0.100678 0.106348 
0.116987 0.097998 0.124150 0.087082 0.100358 0.102839 0.098103 0.073646 0.097995 0.100842 
0.120783 0.101948 0.126412 0.099857 0.087139 0.105981 0.093005 0.078613 0.101939 0.084323 
0.114522 0.095233 0.118788 0.082291 0.099849 0.110782 0.089542 0.074562 0.095234 0.119196 
0.121678 0.101553 0.127099 0.093471 0.088779 0.097193 0.099460 0.079346 0.101592 0.089829 
0.120890 0.101158 0.127558 0.079103 0.078126 0.108378 0.091725 0.076385 0.101150 0.115525 
0.119715 0.098788 0.124153 0.095065 0.110823 0.094157 0.100315 0.073800 0.098862 0.084323 
0.117103 0.099973 0.126316 0.083891 0.083513 0.104302 0.096230 0.076928 0.099889 0.111854 
0.110990 0.097208 0.119547 0.112625 0.092689 0.122002 0.085352 0.072706 0.097051 0.089829 
0.113632 0.094048 0.115633 0.123797 0.097542 0.106666 0.085341 0.073906 0.094099 0.095335 
0.123326 0.100763 0.125112 0.093470 0.086114 0.099512 0.093175 0.076883 0.100803 0.100842 
0.116719 0.102343 0.125789 0.090278 0.089150 0.113459 0.089960 0.076623 0.102178 0.093500 
0.117648 0.100763 0.123984 0.090277 0.091634 0.111437 0.089053 0.075597 0.100600 0.099006 
0.111449 0.095233 0.118412 0.104641 0.098421 0.117704 0.090353 0.071459 0.095157 0.097171 
0.124300 0.102738 0.124286 0.090279 0.075167 0.121119 0.083868 0.081938 0.102805 0.093500 
0.115475 0.097208 0.122012 0.117414 0.101939 0.106365 0.093088 0.072389 0.097129 0.076981 
0.117765 0.096813 0.121377 0.088678 0.099767 0.104605 0.096045 0.077279 0.096829 0.100842 
0.121525 0.104713 0.127670 0.095069 0.085436 0.103538 0.091179 0.078255 0.104622 0.087994 
0.119682 0.100368 0.125790 0.071120 0.086434 0.119997 0.096237 0.075498 0.100361 0.104513 
0.115495 0.098788 0.123767 0.095065 0.091960 0.105332 0.096287 0.075669 0.098629 0.099006 
0.116405 0.097998 0.123060 0.107836 0.107723 0.100722 0.091099 0.074675 0.097995 0.082487 
0.113878 0.099578 0.124572 0.090276 0.095676 0.108276 0.094594 0.074725 0.099417 0.099006 
0.121067 0.101948 0.125612 0.098260 0.082399 0.105814 0.093085 0.076375 0.101939 0.093500 
0.113266 0.094443 0.118658 0.099851 0.103423 0.107140 0.091277 0.071148 0.094446 0.106348 
0.114917 0.100368 0.125511 0.088681 0.094799 0.100201 0.095339 0.075465 0.100206 0.104513 
0.118398 0.103923 0.127891 0.096665 0.084008 0.104028 0.091912 0.077754 0.103755 0.091665 
0.117170 0.097603 0.121100 0.098257 0.094912 0.123263 0.089478 0.076246 0.097648 0.084323 
0.112284 0.096813 0.119450 0.101449 0.092804 0.106511 0.092015 0.073785 0.096704 0.108183 
0.112083 0.095233 0.118453 0.111027 0.091990 0.102679 0.091098 0.075962 0.095127 0.106348 
0.118292 0.094048 0.118016 0.080694 0.081665 0.122356 0.090859 0.071490 0.094207 0.128373 
0.116144 0.097603 0.121397 0.106239 0.088162 0.121758 0.090107 0.072995 0.097601 0.087994 
0.119453 0.100368 0.123519 0.101452 0.085351 0.108306 0.088720 0.075299 0.100361 0.097171 
0.128118 0.101158 0.125343 0.093470 0.083449 0.111367 0.089356 0.078393 0.101353 0.087994 
0.113758 0.097603 0.123187 0.098257 0.107518 0.104335 0.092831 0.076995 0.097523 0.087994 
0.116915 0.093653 0.117999 0.101447 0.103103 0.105278 0.092273 0.074661 0.093829 0.100841 
0.118944 0.101553 0.126771 0.099856 0.093486 0.104356 0.095679 0.079024 0.101514 0.078817 
0.120197 0.094838 0.118523 0.106237 0.091933 0.110498 0.091963 0.071888 0.094918 0.099006 
0.123532 0.105108 0.128407 0.090280 0.079121 0.108723 0.092361 0.079457 0.105016 0.087994 
0.118304 0.099578 0.124354 0.104644 0.088483 0.110496 0.090575 0.075999 0.099573 0.087994 
0.123225 0.101948 0.126700 0.091874 0.091494 0.103927 0.096460 0.076197 0.102017 0.086158 
0.117406 0.097208 0.119859 0.103046 0.086227 0.113888 0.089034 0.079032 0.097129 0.097171 
0.122010 0.100368 0.126005 0.072716 0.073508 0.103707 0.094354 0.078596 0.100361 0.128373 
0.112231 0.096813 0.121209 0.114221 0.091261 0.102233 0.089140 0.075394 0.096657 0.100842 
0.117732 0.103528 0.127401 0.096665 0.081522 0.114348 0.091376 0.079743 0.103361 0.084323 
0.119844 0.098393 0.124040 0.088679 0.093690 0.105091 0.098980 0.073888 0.098389 0.099006 
0.128107 0.103923 0.127354 0.082297 0.068565 0.120260 0.090278 0.077978 0.104066 0.097171 
0.122196 0.105108 0.130119 0.083895 0.078366 0.105617 0.095590 0.078757 0.105016 0.095336 
0.117264 0.100763 0.124223 0.095066 0.100524 0.106641 0.089641 0.075369 0.100678 0.089829 
0.118458 0.095233 0.119540 0.101448 0.099331 0.105747 0.091569 0.074354 0.095312 0.099006 
0.124406 0.107478 0.133079 0.082300 0.076292 0.108252 0.098081 0.082107 0.107352 0.080653 
0.117235 0.100368 0.123822 0.088681 0.084589 0.117103 0.089816 0.075425 0.100284 0.102677 
0.124577 0.100368 0.123668 0.080698 0.072566 0.122951 0.086750 0.081586 0.100486 0.106348 
0.111515 0.093258 0.118732 0.114218 0.116380 0.097804 0.091759 0.071406 0.093263 0.091664 
0.125926 0.104318 0.127780 0.091876 0.081285 0.106248 0.090300 0.078054 0.104383 0.089830 
0.106574 0.090493 0.115765 0.115813 0.114951 0.094955 0.093990 0.070688 0.090424 0.106347 
0.118794 0.101948 0.126188 0.088682 0.084679 0.109194 0.095028 0.076454 0.101861 0.097171 
0.117167 0.100763 0.127288 0.093470 0.101384 0.095805 0.099517 0.077770 0.100678 0.086158 
0.111966 0.094443 0.117810 0.101448 0.095468 0.119093 0.088900 0.071945 0.094415 0.104512 
0.113496 0.097208 0.121523 0.095064 0.097020 0.115423 0.094324 0.075315 0.097129 0.093500 
0.126733 0.105108 0.128407 0.095070 0.081753 0.101292 0.089879 0.078592 0.105172 0.087994 
0.112770 0.094048 0.118862 0.095062 0.104473 0.111378 0.092508 0.072334 0.094051 0.104512 
0.106977 0.091283 0.118295 0.103042 0.120627 0.109040 0.099471 0.068389 0.091213 0.091664 
0.122240 0.101158 0.125209 0.093470 0.092282 0.114947 0.091475 0.075504 0.101228 0.082488 
0.130244 0.105108 0.128670 0.080702 0.090054 0.102772 0.091064 0.081842 0.105219 0.084323 
0.113643 0.096813 0.122376 0.088678 0.087342 0.112382 0.095603 0.074574 0.096734 0.111854 
0.121946 0.100368 0.123534 0.085488 0.091487 0.111645 0.088839 0.075413 0.100439 0.100842 
0.116262 0.099578 0.122892 0.103048 0.087515 0.103345 0.091629 0.077228 0.099495 0.099006 
0.120062 0.101553 0.126194 0.101453 0.091789 0.110875 0.093315 0.078068 0.101544 0.075146 
0.119537 0.099973 0.126043 0.069523 0.089239 0.104692 0.097861 0.079475 0.099967 0.113690 
prostate
0.117377 0.093571 0.126188 0.104616 0.099721 0.107228 0.087749 0.068654 0.093741 0.101156 
0.122395 0.098229 0.134943 0.091978 0.102759 0.091809 0.102070 0.069139 0.098403 0.088276 
0.119420 0.097841 0.132626 0.103039 0.106383 0.093172 0.093750 0.071232 0.097941 0.084595 
0.122182 0.089689 0.120880 0.095132 0.089338 0.116324 0.084549 0.064939 0.090049 0.126916 
0.112893 0.089301 0.121862 0.109353 0.108686 0.100985 0.088039 0.063537 0.089467 0.115876 
0.124720 0.096676 0.131942 0.093557 0.090933 0.102471 0.088604 0.069290 0.096969 0.104836 
0.124994 0.096676 0.130237 0.109358 0.111127 0.095620 0.089972 0.067786 0.096995 0.077235 
0.122318 0.093571 0.124144 0.098295 0.089763 0.108848 0.084452 0.067151 0.093741 0.117716 
0.124627 0.095900 0.128743 0.093557 0.092200 0.119119 0.088185 0.067655 0.096218 0.093796 
0.125564 0.101335 0.133893 0.101461 0.095307 0.102816 0.086765 0.075953 0.101511 0.075395 
0.121846 0.094735 0.127262 0.103036 0.107503 0.109170 0.087539 0.067446 0.095027 0.086435 
0.122305 0.095900 0.128147 0.112518 0.102875 0.092336 0.086447 0.067692 0.096145 0.095636 
0.123159 0.093959 0.128704 0.085655 0.082857 0.107958 0.091493 0.068775 0.094203 0.123237 
0.119147 0.097453 0.130959 0.107779 0.099025 0.096825 0.092533 0.068612 0.097553 0.090116 
0.134887 0.102887 0.136470 0.080920 0.083739 0.105952 0.090771 0.076472 0.103305 0.084596 
0.126533 0.101723 0.134435 0.090400 0.086566 0.108715 0.087473 0.074052 0.101826 0.088276 
0.124458 0.095900 0.130838 0.096717 0.102856 0.100379 0.094349 0.070010 0.096218 0.088275 
0.124485 0.096676 0.132262 0.091977 0.092671 0.100636 0.096278 0.070570 0.096969 0.097476 
0.133370 0.098617 0.134924 0.088818 0.092151 0.098994 0.095655 0.071977 0.099058 0.086436 
0.120766 0.094735 0.127281 0.115677 0.102225 0.097737 0.089755 0.066729 0.094980 0.090115 
0.132475 0.102887 0.137077 0.091981 0.085072 0.098563 0.091781 0.072357 0.103211 0.084596 
0.122005 0.095900 0.131853 0.099877 0.104643 0.097447 0.096773 0.068922 0.096145 0.086435 
0.120420 0.099006 0.135536 0.103039 0.100291 0.098560 0.098709 0.071777 0.099107 0.073555 
0.118643 0.091242 0.125467 0.098294 0.100043 0.103652 0.093280 0.065653 0.091530 0.112196 
0.123538 0.101335 0.136064 0.077759 0.093256 0.112956 0.093485 0.073734 0.101438 0.086436 
0.119073 0.093183 0.126580 0.099875 0.105812 0.110103 0.092430 0.065724 0.093426 0.093796 
0.128819 0.093183 0.126025 0.093555 0.087276 0.115326 0.090994 0.066342 0.093645 0.104836 
0.129640 0.105217 0.139423 0.073021 0.079272 0.103077 0.092415 0.075091 0.105370 0.097476 
0.116774 0.092795 0.127009 0.101455 0.094181 0.109063 0.086622 0.068780 0.092964 0.110356 
0.126703 0.099782 0.134162 0.085658 0.090268 0.103525 0.095096 0.072820 0.100030 0.091956 
0.123223 0.097065 0.126807 0.125160 0.103593 0.097268 0.078644 0.068174 0.097311 0.082755 
0.128885 0.099394 0.133108 0.084078 0.084354 0.105131 0.095753 0.070265 0.099715 0.099316 
0.118577 0.094735 0.129897 0.109357 0.102306 0.103588 0.084670 0.068242 0.094833 0.093796 
0.123468 0.099006 0.133206 0.090398 0.083006 0.115981 0.092142 0.069817 0.099180 0.093796 
0.123079 0.097841 0.130685 0.079337 0.071682 0.112685 0.093694 0.069745 0.098014 0.123237 
0.116937 0.093183 0.128129 0.101455 0.105584 0.097074 0.094739 0.068390 0.093352 0.101156 
0.130722 0.105993 0.139201 0.071442 0.065854 0.112357 0.089511 0.075776 0.106147 0.102997 
0.125724 0.100170 0.132490 0.099880 0.089442 0.109405 0.086687 0.071215 0.100392 0.084596 
0.120500 0.096676 0.130998 0.091977 0.109972 0.107780 0.089372 0.069440 0.096849 0.086435 
0.121252 0.095512 0.131516 0.101457 0.115575 0.097412 0.097331 0.066953 0.095757 0.077235 
0.121081 0.096288 0.128257 0.112518 0.096637 0.111224 0.085703 0.070869 0.096507 0.080915 
0.121802 0.092795 0.124089 0.099875 0.094457 0.100953 0.086640 0.068563 0.093110 0.117716 
0.122534 0.098229 0.131922 0.099879 0.094557 0.102214 0.090577 0.071642 0.098330 0.090116 
0.123789 0.100558 0.134184 0.096720 0.087752 0.107150 0.093068 0.071476 0.100708 0.084596 
0.129771 0.098617 0.132362 0.103039 0.103801 0.092688 0.090528 0.069268 0.099011 0.080915 
0.119391 0.095512 0.129802 0.095136 0.101914 0.100425 0.095134 0.067760 0.095610 0.099316 
0.119997 0.091242 0.123069 0.103034 0.097559 0.105033 0.085807 0.064986 0.091556 0.117716 
0.122303 0.095900 0.128752 0.104617 0.095970 0.104729 0.088257 0.067690 0.096145 0.095636 
0.123215 0.094735 0.128197 0.098296 0.103652 0.105577 0.092529 0.066790 0.095053 0.091956 
0.121459 0.099394 0.131863 0.098299 0.087329 0.108308 0.089392 0.072506 0.099495 0.091956 
0.126089 0.101335 0.136679 0.077759 0.083363 0.118398 0.095364 0.071299 0.101438 0.088276 
0.121595 0.097453 0.129755 0.107779 0.103899 0.092300 0.088966 0.068672 0.097626 0.091956 
0.125382 0.097453 0.131270 0.103038 0.095125 0.094781 0.093533 0.069762 0.097699 0.091956 
0.125832 0.099782 0.133237 0.099880 0.089538 0.102662 0.089770 0.071067 0.099957 0.088276 
0.123494 0.093571 0.125599 0.101456 0.097885 0.105643 0.086466 0.067116 0.093934 0.104836 
0.121092 0.097065 0.132293 0.096718 0.102856 0.096561 0.095217 0.070844 0.097237 0.090116 
0.114850 0.093571 0.124353 0.107776 0.103848 0.111263 0.084663 0.068533 0.093668 0.097476 
0.124034 0.099394 0.133214 0.090399 0.086613 0.109660 0.088000 0.071642 0.099568 0.097476 
0.127620 0.102111 0.133506 0.082500 0.068307 0.116926 0.083965 0.072421 0.102288 0.110357 
0.124280 0.099394 0.133739 0.074597 0.084012 0.113935 0.095268 0.070370 0.099568 0.104836 
0.119904 0.095900 0.128146 0.103037 0.099999 0.102226 0.091412 0.067668 0.096072 0.095636 
0.118236 0.095900 0.127037 0.093557 0.087084 0.107718 0.083571 0.073183 0.095999 0.117717 
0.118498 0.093959 0.127067 0.087235 0.096129 0.105009 0.089615 0.066961 0.094129 0.121397 
0.125401 0.100558 0.133941 0.096720 0.081514 0.100447 0.092202 0.071008 0.100734 0.097476 
0.127752 0.096288 0.130159 0.085656 0.091533 0.113254 0.091362 0.068073 0.096607 0.099316 
0.119637 0.094735 0.127869 0.112517 0.100486 0.106744 0.088987 0.067683 0.094906 0.086435 
0.132202 0.100170 0.132835 0.090399 0.080376 0.109189 0.087940 0.072554 0.100539 0.093796 
0.126153 0.099782 0.133808 0.104620 0.094753 0.095872 0.093818 0.070321 0.099957 0.080915 
0.125741 0.099006 0.133795 0.088818 0.094588 0.102628 0.093828 0.072227 0.099253 0.090116 
0.123817 0.097065 0.131116 0.096718 0.085361 0.110824 0.091842 0.068544 0.097237 0.097476 
0.133579 0.099394 0.131568 0.098299 0.086062 0.101311 0.086062 0.070140 0.099788 0.093796 
0.127306 0.098617 0.132467 0.098299 0.094834 0.112070 0.087737 0.070657 0.098938 0.079075 
0.127033 0.099394 0.132408 0.101459 0.099107 0.102605 0.088683 0.070547 0.099689 0.079075 
0.116930 0.095124 0.129044 0.110937 0.099641 0.089238 0.091676 0.067353 0.095222 0.104836 
0.122005 0.100170 0.134290 0.098300 0.091179 0.110981 0.091596 0.070291 0.100272 0.080916 
0.126049 0.097065 0.129895 0.096718 0.095206 0.105373 0.088148 0.068527 0.097384 0.095636 
0.120286 0.096288 0.129830 0.077756 0.098225 0.119273 0.092742 0.075344 0.096460 0.093796 
0.123124 0.100558 0.134261 0.085659 0.098894 0.093862 0.090744 0.071081 0.100661 0.101156 
0.130675 0.105605 0.142357 0.084082 0.086891 0.093784 0.096182 0.075563 0.105784 0.079076 
0.124951 0.098229 0.131751 0.098298 0.096052 0.100629 0.087074 0.070745 0.098476 0.093796 
0.121401 0.099394 0.133065 0.091979 0.088823 0.115284 0.090468 0.069975 0.099495 0.090116 
0.124318 0.102111 0.135194 0.090400 0.085348 0.117502 0.088457 0.071700 0.102215 0.082756 
0.117150 0.091630 0.124030 0.125156 0.105148 0.100927 0.089433 0.064540 0.091872 0.090115 
0.118273 0.095124 0.127988 0.117258 0.119298 0.098782 0.087870 0.066558 0.095295 0.073555 
0.120214 0.095900 0.128190 0.104617 0.090951 0.102066 0.086762 0.070393 0.096072 0.104836 
0.127940 0.100170 0.134149 0.065117 0.076117 0.117116 0.091880 0.071216 0.100419 0.115877 
