-1157923.271341
0
0.000002 0.000002 0.000002 0.000002 0.000002 0.000002 0.000002 0.000002 0.000002 0.000002 0.000002 0.000002 0.000110 0.000002 0.000002 0.000002 0.000002 0.000029 0.000408 0.000002 0.001107 0.000002 0.000002 0.000326 0.000029 0.000002 0.000002 0.018779 0.000002 0.000002 0.000002 0.000002 0.000029 0.000002 0.173731 0.000002 0.000002 0.000002 0.000002 0.000002 0.000110 0.000002 0.000002 0.000002 0.000201 0.000002 0.000002 0.000002 0.000002 0.000002 0.000002 0.000002 0.000002 0.000002 0.000002 0.000002 0.000002 0.000003 0.802523 0.000026 0.000002 0.000002 0.000002 0.000002 0.000002 0.000029 0.000002 0.000029 0.000002 0.000002 0.000002 0.000191 0.000002 0.000002 0.000002 0.001706 0.000002 0.000002 0.000002 0.000002 0.000002 0.000002 0.000002 0.000002 0.000002 0.000002 0.000029 0.000002 0.000029 0.000002 0.000002 0.000451 0.000002 0.000002 0.000002 0.000002 
0.000001 0.000001 0.000001 0.000001 0.000001 0.000001 0.000001 0.000001 0.000002 0.000001 0.000002 0.000001 0.000001 0.000001 0.000001 0.000001 0.000001 0.000001 0.000001 0.000001 0.000002 0.000001 0.000001 0.000001 0.000001 0.000001 0.000001 0.000004 0.000001 0.000001 0.000001 0.000001 0.000001 0.000001 0.000007 0.000001 0.000001 0.000001 0.000001 0.000001 0.000001 0.000001 0.000001 0.000001 0.000001 0.000001 0.000001 0.000001 0.000001 0.000001 0.000001 0.000001 0.000001 0.000001 0.000001 0.000001 0.000001 0.000002 0.999873 0.000002 0.000001 0.000001 0.000001 0.000001 0.000001 0.000001 0.000001 0.000001 0.000001 0.000001 0.000001 0.000001 0.000001 0.000001 0.000001 0.000001 0.000001 0.000001 0.000001 0.000001 0.000001 0.000001 0.000001 0.000001 0.000001 0.000001 0.000001 0.000001 0.000001 0.000001 0.000001 0.000002 0.000001 0.000001 0.000001 0.000001 
0.000001 0.000001 0.000001 0.000001 0.000001 0.000001 0.000001 0.000001 0.001734 0.000001 0.000002 0.000001 0.000001 0.000001 0.000001 0.000001 0.000001 0.000001 0.000001 0.000001 0.000071 0.000001 0.000001 0.000001 0.000001 0.000001 0.000001 0.010205 0.000001 0.000001 0.000001 0.000001 0.000001 0.000001 0.123247 0.000001 0.000001 0.000001 0.000001 0.000001 0.000001 0.000060 0.000001 0.000001 0.000001 0.000001 0.000001 0.000001 0.000001 0.000001 0.000001 0.000001 0.000001 0.000001 0.000001 0.000001 0.000001 0.290270 0.574128 0.000002 0.000001 0.000001 0.000001 0.000001 0.000001 0.000001 0.000001 0.000001 0.000001 0.000001 0.000001 0.000001 0.000176 0.000001 0.000001 0.000001 0.000001 0.000001 0.000001 0.000001 0.000001 0.000001 0.000001 0.000001 0.000001 0.000001 0.000001 0.000001 0.000001 0.000001 0.000001 0.000002 0.000001 0.000001 0.000001 0.000001 
0.000001 0.000001 0.000001 0.000001 0.000001 0.000001 0.000001 0.000001 0.000002 0.000001 0.999273 0.000001 0.000001 0.000001 0.000001 0.000001 0.000001 0.000001 0.000001 0.000001 0.000002 0.000001 0.000001 0.000001 0.000001 0.000001 0.000001 0.000004 0.000001 0.000001 0.000001 0.000001 0.000001 0.000001 0.000007 0.000001 0.000001 0.000001 0.000001 0.000001 0.000001 0.000001 0.000001 0.000001 0.000002 0.000001 0.000001 0.000002 0.000001 0.000001 0.000001 0.000001 0.000001 0.000001 0.000001 0.000001 0.000002 0.000003 0.000587 0.000002 0.000001 0.000001 0.000001 0.000001 0.000001 0.000001 0.000001 0.000001 0.000001 0.000001 0.000001 0.000002 0.000001 0.000001 0.000001 0.000001 0.000001 0.000001 0.000001 0.000001 0.000001 0.000001 0.000002 0.000001 0.000001 0.000001 0.000001 0.000001 0.000001 0.000001 0.000001 0.000002 0.000002 0.000001 0.000001 0.000002 
0.000004 0.000004 0.000004 0.000004 0.000004 0.000004 0.000004 0.000004 0.000005 0.000004 0.854336 0.000004 0.000004 0.000004 0.000004 0.000004 0.000004 0.000004 0.000004 0.000004 0.000006 0.000004 0.000004 0.000004 0.000004 0.000004 0.000004 0.128225 0.000004 0.000004 0.000004 0.000004 0.000004 0.000004 0.000022 0.000004 0.000004 0.000004 0.000004 0.000004 0.000004 0.000004 0.000004 0.000004 0.000005 0.000004 0.000004 0.000004 0.000004 0.000004 0.000004 0.000004 0.000004 0.000004 0.000004 0.000004 0.000005 0.016571 0.000480 0.000005 0.000004 0.000004 0.000004 0.000004 0.000004 0.000004 0.000004 0.000004 0.000004 0.000004 0.000004 0.000005 0.000004 0.000004 0.000004 0.000004 0.000004 0.000004 0.000004 0.000004 0.000004 0.000004 0.000004 0.000004 0.000004 0.000004 0.000004 0.000004 0.000004 0.000004 0.000004 0.000005 0.000004 0.000004 0.000004 0.000004 
0.000173 0.000002 0.000002 0.000002 0.000002 0.000002 0.000002 0.000002 0.000003 0.000002 0.000003 0.000002 0.000002 0.000002 0.000002 0.000002 0.000002 0.000002 0.000002 0.000857 0.000003 0.000002 0.000002 0.000002 0.000002 0.000002 0.000002 0.005987 0.000002 0.000002 0.000002 0.000002 0.000002 0.000002 0.120633 0.000002 0.000002 0.000002 0.000002 0.000002 0.000002 0.000002 0.001028 0.000002 0.000003 0.000002 0.000002 0.000002 0.000002 0.000002 0.000002 0.000002 0.000002 0.000002 0.000002 0.000002 0.298746 0.000004 0.565267 0.000003 0.000002 0.000002 0.000002 0.000002 0.000002 0.000002 0.000002 0.000002 0.000002 0.000002 0.000002 0.000002 0.000002 0.000002 0.000002 0.000002 0.000002 0.000002 0.000002 0.000002 0.000002 0.000002 0.007116 0.000002 0.000002 0.000002 0.000002 0.000002 0.000002 0.000002 0.000002 0.000003 0.000002 0.000002 0.000002 0.000002 
0.000002 0.000001 0.000001 0.000001 0.000001 0.000001 0.000001 0.000001 0.000002 0.000001 0.000002 0.000002 0.000002 0.000001 0.000001 0.000095 0.000002 0.000002 0.000002 0.000002 0.000247 0.000001 0.000001 0.000002 0.000002 0.000002 0.000001 0.012220 0.000001 0.000001 0.000001 0.000001 0.000002 0.000001 0.148843 0.000001 0.000001 0.000001 0.000001 0.000025 0.000002 0.000002 0.000002 0.000002 0.000002 0.000001 0.000025 0.006589 0.000001 0.000001 0.000001 0.000001 0.000001 0.000001 0.000001 0.000001 0.000002 0.142423 0.689033 0.000002 0.000001 0.000001 0.000001 0.000001 0.000001 0.000002 0.000001 0.000002 0.000001 0.000001 0.000001 0.000002 0.000002 0.000001 0.000001 0.000002 0.000001 0.000001 0.000001 0.000001 0.000001 0.000001 0.000002 0.000001 0.000282 0.000001 0.000002 0.000001 0.000002 0.000001 0.000001 0.000093 0.000002 0.000001 0.000001 0.000002 
0.000002 0.000002 0.000002 0.000002 0.000002 0.000002 0.000002 0.000002 0.000524 0.000002 0.000002 0.000002 0.000002 0.000002 0.000002 0.000002 0.000777 0.000002 0.000002 0.000002 0.000488 0.000002 0.000002 0.000002 0.000002 0.000430 0.000002 0.014357 0.000002 0.000002 0.000002 0.000002 0.000002 0.000002 0.173064 0.000002 0.000002 0.000002 0.000002 0.000002 0.000002 0.000002 0.000002 0.000857 0.000152 0.000002 0.000002 0.000002 0.000002 0.000002 0.000002 0.000002 0.000002 0.000002 0.000002 0.000002 0.000002 0.000003 0.801996 0.000002 0.000002 0.000002 0.000002 0.000002 0.000002 0.000002 0.000002 0.000002 0.000002 0.000002 0.000002 0.000029 0.000002 0.000002 0.000002 0.000002 0.000002 0.000002 0.000002 0.000002 0.000002 0.000002 0.000002 0.000002 0.000002 0.000002 0.000002 0.000002 0.000002 0.000002 0.000002 0.000390 0.000002 0.000002 0.000002 0.006794 
0.000002 0.000002 0.000002 0.000002 0.000002 0.000002 0.000002 0.000002 0.000309 0.000002 0.000002 0.000029 0.000002 0.000002 0.000002 0.000002 0.000002 0.000002 0.000002 0.000002 0.000003 0.000002 0.000002 0.000002 0.000002 0.000002 0.000002 0.007752 0.000002 0.000002 0.000002 0.000002 0.000002 0.000002 0.258158 0.000002 0.000002 0.000002 0.000002 0.000002 0.000002 0.000002 0.000002 0.000002 0.000002 0.000002 0.000002 0.000002 0.000002 0.000002 0.000002 0.000002 0.000002 0.000002 0.000002 0.000002 0.000002 0.007672 0.678693 0.041258 0.000002 0.000002 0.000002 0.000002 0.000002 0.000002 0.000002 0.000002 0.000002 0.000002 0.000002 0.000002 0.000002 0.000002 0.000002 0.000002 0.000002 0.000002 0.000002 0.000002 0.000002 0.000002 0.000002 0.000002 0.000002 0.000002 0.000002 0.000002 0.000002 0.000002 0.000002 0.000002 0.005980 0.000002 0.000002 0.000002 
0.000005 0.000004 0.000004 0.000004 0.000004 0.000004 0.000004 0.000004 0.000007 0.000004 0.000007 0.000005 0.000005 0.000004 0.000004 0.000005 0.000005 0.000005 0.000005 0.000005 0.000007 0.000004 0.000004 0.000005 0.000005 0.000005 0.000004 0.000015 0.000004 0.000004 0.000004 0.000004 0.000005 0.000004 0.999325 0.000004 0.000004 0.000004 0.000004 0.000005 0.000005 0.000005 0.000005 0.000005 0.000006 0.000004 0.000005 0.000005 0.000004 0.000004 0.000004 0.000004 0.000004 0.000004 0.000004 0.000004 0.000005 0.000009 0.000208 0.000006 0.000004 0.000004 0.000004 0.000004 0.000004 0.000005 0.000004 0.000005 0.000004 0.000004 0.000004 0.000005 0.000005 0.000004 0.000004 0.000005 0.000004 0.000004 0.000004 0.000004 0.000004 0.000004 0.000005 0.000004 0.000005 0.000004 0.000005 0.000004 0.000005 0.000004 0.000004 0.000006 0.000005 0.000004 0.000004 0.000005 
0.000002 0.000002 0.000002 0.000002 0.000002 0.000002 0.000002 0.000002 0.000002 0.000002 0.000002 0.000002 0.000002 0.000002 0.000002 0.000002 0.000002 0.000002 0.000002 0.000002 0.000002 0.000002 0.000002 0.000002 0.000002 0.000002 0.000002 0.000005 0.000002 0.000002 0.000002 0.000002 0.000002 0.000002 0.000009 0.000002 0.000002 0.000002 0.000002 0.000002 0.000002 0.000002 0.000002 0.000002 0.000002 0.000002 0.000002 0.000002 0.000002 0.000002 0.000002 0.000002 0.000002 0.000002 0.000002 0.000002 0.000002 0.000003 0.999832 0.000002 0.000002 0.000002 0.000002 0.000002 0.000002 0.000002 0.000002 0.000002 0.000002 0.000002 0.000002 0.000002 0.000002 0.000002 0.000002 0.000002 0.000002 0.000002 0.000002 0.000002 0.000002 0.000002 0.000002 0.000002 0.000002 0.000002 0.000002 0.000002 0.000002 0.000002 0.000002 0.000002 0.000002 0.000002 0.000002 0.000002 
0.097481 0.093174 0.091723 0.101415 0.084525 0.090235 0.096247 0.085481 0.088559 0.086185 0.084976 
0.086840 0.099620 0.090399 0.090376 0.087132 0.088031 0.095136 0.093017 0.086724 0.086669 0.096056 
0.090055 0.086548 0.101135 0.095977 0.084827 0.087990 0.094526 0.092653 0.084183 0.084640 0.097466 
0.070783 0.095426 0.075479 0.105674 0.084448 0.106423 0.093742 0.109834 0.108464 0.070227 0.079500 
breast
0.096948 0.133477 0.133474 0.105524 0.030236 0.071203 0.111846 0.094808 0.096870 0.026427 0.099189 
0.091793 0.125337 0.133012 0.126765 0.035437 0.073456 0.106473 0.090213 0.098037 0.026426 0.093050 
0.092848 0.131442 0.140862 0.119042 0.033345 0.066583 0.113519 0.090867 0.092270 0.021569 0.097654 
0.095552 0.130933 0.127702 0.115179 0.035123 0.080186 0.107107 0.093266 0.092469 0.025212 0.097270 
0.095560 0.135511 0.122803 0.117113 0.032425 0.080536 0.107769 0.093534 0.091849 0.022177 0.100723 
0.094748 0.124319 0.127183 0.122901 0.039509 0.081232 0.108310 0.091532 0.090947 0.027034 0.092283 
0.100339 0.139581 0.126034 0.088145 0.020812 0.080981 0.109528 0.098479 0.103452 0.028856 0.103793 
0.101087 0.140599 0.131708 0.092008 0.025194 0.066117 0.114603 0.098966 0.098124 0.027034 0.104560 
0.095015 0.126863 0.140265 0.120971 0.037075 0.066061 0.115426 0.090288 0.089836 0.023998 0.094201 
0.091484 0.131442 0.115491 0.140287 0.036981 0.081009 0.100038 0.089692 0.095567 0.020355 0.097654 
0.094971 0.127881 0.137572 0.107452 0.032002 0.079964 0.110828 0.092776 0.093337 0.028248 0.094968 
0.094399 0.129915 0.129948 0.140286 0.038278 0.061356 0.106283 0.090637 0.089612 0.022784 0.096503 
0.095525 0.128389 0.129053 0.119041 0.040501 0.072251 0.109924 0.092900 0.091851 0.025212 0.095352 
0.088448 0.118215 0.136643 0.138349 0.036838 0.076807 0.106864 0.086693 0.094002 0.029462 0.087679 
0.097591 0.131950 0.130889 0.117111 0.033631 0.070192 0.108240 0.095484 0.092270 0.024605 0.098038 
0.093772 0.140090 0.134981 0.119047 0.032169 0.067232 0.111716 0.091870 0.090663 0.014284 0.104176 
0.095185 0.132459 0.129077 0.117112 0.035714 0.072516 0.109941 0.092907 0.093885 0.022784 0.098421 
0.094024 0.131442 0.132740 0.119042 0.032168 0.080928 0.109507 0.089658 0.093088 0.019748 0.097654 
0.094962 0.132968 0.136114 0.113249 0.030486 0.072831 0.110385 0.093028 0.092568 0.024605 0.098805 
0.092683 0.119232 0.135365 0.124830 0.035992 0.063835 0.108657 0.093090 0.103551 0.034319 0.088446 
0.096178 0.133985 0.139902 0.119044 0.029028 0.058105 0.111521 0.094104 0.093348 0.025212 0.099572 
0.095595 0.136020 0.129667 0.117113 0.033601 0.060511 0.108029 0.100961 0.096433 0.020962 0.101107 
0.093359 0.135003 0.139789 0.117113 0.032724 0.071862 0.112624 0.091772 0.086881 0.018534 0.100340 
0.096380 0.132968 0.130340 0.120974 0.035779 0.065801 0.108712 0.094168 0.090860 0.025212 0.098805 
0.092558 0.122793 0.143906 0.109381 0.031656 0.078739 0.114541 0.090485 0.094739 0.030069 0.091132 
0.093465 0.127372 0.134788 0.117109 0.029493 0.079685 0.109084 0.091719 0.093237 0.029462 0.094585 
0.096741 0.136529 0.130965 0.109388 0.029244 0.071322 0.109330 0.094779 0.096213 0.023998 0.101491 
0.091895 0.125337 0.127623 0.134490 0.039734 0.070803 0.104997 0.089749 0.097110 0.025212 0.093050 
0.097718 0.137546 0.127585 0.115183 0.033010 0.075271 0.109460 0.093125 0.090310 0.018534 0.102258 
0.094534 0.129915 0.133782 0.122904 0.035373 0.064891 0.109086 0.094927 0.092265 0.025819 0.096503 
0.094295 0.135511 0.133658 0.117113 0.032634 0.072371 0.108943 0.092292 0.092710 0.019748 0.100723 
0.096502 0.127881 0.123604 0.120972 0.034602 0.070936 0.106107 0.094363 0.098174 0.031891 0.094968 
0.094338 0.126354 0.133571 0.111314 0.032007 0.084706 0.108890 0.092237 0.093302 0.029462 0.093817 
0.095451 0.127881 0.126198 0.115178 0.030866 0.080550 0.106651 0.095991 0.094982 0.031284 0.094968 
0.093615 0.130933 0.135033 0.109385 0.026194 0.082381 0.109317 0.091951 0.097494 0.026427 0.097270 
0.092866 0.129407 0.135768 0.117110 0.031637 0.081645 0.109025 0.090965 0.090852 0.024605 0.096119 
0.091055 0.128389 0.140812 0.130629 0.036739 0.060608 0.112454 0.089099 0.093293 0.021569 0.095352 
0.092636 0.129407 0.132642 0.111316 0.028868 0.095818 0.107164 0.092548 0.091306 0.022177 0.096119 
0.093278 0.131442 0.129523 0.128699 0.031713 0.069741 0.106886 0.091624 0.094229 0.025212 0.097654 
0.095719 0.129407 0.140428 0.107453 0.028832 0.065747 0.111822 0.094158 0.100244 0.030070 0.096119 
0.095772 0.133477 0.133837 0.107455 0.029830 0.074891 0.109366 0.092966 0.101041 0.022177 0.099189 
0.088990 0.125337 0.149059 0.126765 0.036854 0.069335 0.114548 0.089479 0.086230 0.020355 0.093050 
0.097466 0.133477 0.134611 0.105524 0.034522 0.071053 0.113413 0.094982 0.091159 0.024605 0.099189 
0.092764 0.129407 0.134109 0.117110 0.029494 0.084298 0.108397 0.091033 0.091449 0.025819 0.096119 
0.093108 0.123811 0.142940 0.115176 0.032222 0.066688 0.111272 0.096489 0.095718 0.030677 0.091899 
0.097090 0.137038 0.127770 0.122908 0.034167 0.058945 0.108185 0.097532 0.091101 0.023391 0.101874 
0.090993 0.124828 0.117011 0.153803 0.043080 0.072258 0.102254 0.090761 0.089562 0.022784 0.092666 
0.099626 0.140090 0.131828 0.095871 0.028459 0.065103 0.113693 0.097361 0.100403 0.023391 0.104176 
0.093635 0.132968 0.139573 0.119043 0.037541 0.066584 0.110751 0.091304 0.091262 0.018534 0.098805 
0.096963 0.132968 0.125811 0.115180 0.032950 0.073702 0.107266 0.097316 0.092005 0.027034 0.098805 
0.096404 0.123302 0.139880 0.109381 0.033679 0.074275 0.111098 0.094136 0.095652 0.030676 0.091515 
0.090101 0.132459 0.133458 0.128699 0.036089 0.091747 0.105909 0.087406 0.083249 0.012462 0.098421 
0.095579 0.135003 0.115903 0.126769 0.035109 0.073066 0.102488 0.096043 0.096916 0.022784 0.100340 
0.094663 0.132459 0.137546 0.115180 0.031076 0.070174 0.110792 0.092733 0.092350 0.024605 0.098421 
0.095099 0.130424 0.125781 0.120973 0.033606 0.077770 0.106221 0.093074 0.093130 0.027034 0.096887 
0.094149 0.133477 0.135064 0.119043 0.035338 0.069574 0.109326 0.091977 0.092508 0.020355 0.099189 
0.092394 0.133985 0.133600 0.126769 0.034412 0.073933 0.107866 0.090510 0.088425 0.018534 0.099572 
0.097863 0.132968 0.138876 0.101661 0.028177 0.066822 0.113145 0.095790 0.096431 0.029462 0.098805 
0.093464 0.131950 0.124185 0.126768 0.035288 0.081873 0.104618 0.091472 0.090166 0.022177 0.098038 
0.099052 0.135512 0.134070 0.101662 0.029174 0.078479 0.110381 0.094432 0.093123 0.023391 0.100723 
0.095341 0.136020 0.137172 0.105525 0.032529 0.081231 0.109367 0.095604 0.091820 0.014284 0.101107 
0.096124 0.139073 0.133794 0.109390 0.031388 0.073274 0.109254 0.094405 0.091357 0.018534 0.103409 
0.094961 0.136020 0.118675 0.124839 0.035665 0.077612 0.103199 0.095355 0.092819 0.019748 0.101107 
0.093704 0.127881 0.131144 0.117109 0.034717 0.079276 0.109973 0.091533 0.093875 0.025819 0.094968 
0.094223 0.129915 0.131742 0.115179 0.033099 0.067212 0.110566 0.094616 0.101731 0.025212 0.096503 
0.096051 0.130424 0.128442 0.113248 0.031392 0.070809 0.107855 0.098991 0.097046 0.028855 0.096887 
0.090890 0.128389 0.138669 0.134491 0.041001 0.062687 0.111331 0.088686 0.089362 0.019141 0.095352 
0.096683 0.131950 0.132442 0.115180 0.033070 0.063575 0.109794 0.094545 0.097082 0.027641 0.098038 
0.090635 0.122793 0.124950 0.146077 0.045212 0.076605 0.102565 0.087576 0.090885 0.021569 0.091132 
0.090865 0.130933 0.128711 0.132561 0.034978 0.075687 0.110028 0.089087 0.090132 0.019748 0.097270 
0.094082 0.132459 0.129977 0.128700 0.035939 0.062272 0.109820 0.092077 0.093468 0.022784 0.098421 
0.092381 0.136020 0.131780 0.119045 0.033195 0.076316 0.107062 0.092903 0.094692 0.015498 0.101107 
0.092614 0.124828 0.128085 0.144146 0.038312 0.070271 0.103606 0.088744 0.091514 0.025212 0.092666 
0.092079 0.132459 0.138552 0.122906 0.032323 0.073862 0.109745 0.090281 0.089017 0.020355 0.098421 
0.095553 0.130933 0.129431 0.122905 0.037396 0.065233 0.107808 0.093266 0.094992 0.025212 0.097270 
0.094676 0.125337 0.138078 0.120971 0.031731 0.064508 0.110562 0.092049 0.098361 0.030677 0.093050 
0.094877 0.128389 0.141241 0.103590 0.033084 0.081429 0.114138 0.091748 0.092761 0.023391 0.095352 
0.098523 0.140090 0.136185 0.092008 0.024257 0.072305 0.112483 0.096531 0.100051 0.023391 0.104176 
0.093759 0.126354 0.126002 0.120971 0.035748 0.076805 0.107918 0.091581 0.099403 0.027641 0.093817 
0.092983 0.123302 0.123119 0.126764 0.033204 0.092894 0.102563 0.093691 0.092323 0.027641 0.091515 
0.096545 0.132968 0.134211 0.101661 0.027060 0.078675 0.113028 0.094581 0.094823 0.027641 0.098805 
0.103439 0.128898 0.131266 0.107453 0.029739 0.063870 0.112388 0.095597 0.099116 0.032498 0.095736 
0.092576 0.138055 0.123426 0.130634 0.035354 0.071556 0.103837 0.095676 0.091960 0.014284 0.102642 
0.094834 0.131950 0.137457 0.099729 0.029759 0.084893 0.110698 0.095139 0.094112 0.023391 0.098038 
0.096877 0.133985 0.136187 0.111318 0.030952 0.063800 0.111479 0.097318 0.092086 0.026427 0.099572 
0.092204 0.127372 0.142187 0.105521 0.026278 0.083982 0.111348 0.090476 0.099013 0.027034 0.094585 
0.097342 0.123811 0.134195 0.115176 0.035242 0.072464 0.109520 0.095672 0.092183 0.032498 0.091899 
0.093687 0.125337 0.134742 0.130627 0.036589 0.062027 0.109039 0.091682 0.093151 0.030069 0.093050 
0.096081 0.133985 0.126509 0.122906 0.037337 0.068027 0.106929 0.093791 0.092078 0.022784 0.099572 
0.096159 0.135511 0.121249 0.136426 0.038033 0.067215 0.103723 0.094782 0.087037 0.019141 0.100723 
0.092456 0.127372 0.131644 0.128697 0.038112 0.073611 0.106956 0.090306 0.092264 0.023998 0.094585 
0.095570 0.129915 0.135489 0.126767 0.035438 0.057323 0.111662 0.093164 0.092348 0.025819 0.096503 
0.096939 0.141616 0.127641 0.113254 0.031364 0.066358 0.108037 0.094895 0.096642 0.017927 0.105327 
0.092074 0.127881 0.133082 0.136423 0.039329 0.058559 0.107367 0.090013 0.096914 0.023391 0.094968 
0.096199 0.133477 0.138553 0.105524 0.034612 0.072857 0.111781 0.093739 0.091892 0.022177 0.099189 
0.094252 0.128898 0.112759 0.148011 0.042305 0.067226 0.100392 0.092156 0.091839 0.026427 0.095736 
0.097649 0.131442 0.136845 0.095866 0.027521 0.079052 0.112145 0.095493 0.096263 0.030070 0.097654 
0.090925 0.125846 0.124948 0.136421 0.040265 0.080248 0.103346 0.088801 0.092981 0.022784 0.093434 
0.093800 0.128389 0.131579 0.122903 0.032173 0.074779 0.107923 0.091964 0.092891 0.028248 0.095352 
0.090557 0.127372 0.138556 0.119040 0.035427 0.082547 0.112881 0.088838 0.089842 0.020355 0.094585 
0.093946 0.135003 0.117841 0.136426 0.036917 0.067302 0.104865 0.092031 0.094974 0.020355 0.100340 
0.092845 0.134494 0.123423 0.136426 0.040206 0.073856 0.106334 0.090702 0.085045 0.016712 0.099956 
0.086487 0.116180 0.136826 0.151867 0.041881 0.079847 0.105234 0.083916 0.087014 0.024605 0.086144 
0.094600 0.130933 0.126770 0.120973 0.036806 0.077178 0.106174 0.094827 0.091078 0.023391 0.097270 
0.095893 0.135003 0.145596 0.101662 0.028327 0.070746 0.114722 0.093861 0.090459 0.023391 0.100340 
0.094678 0.135003 0.133949 0.119044 0.034252 0.064993 0.109234 0.095077 0.093076 0.020355 0.100340 
0.093549 0.128898 0.135092 0.119041 0.034311 0.076162 0.108624 0.093803 0.092000 0.022784 0.095736 
0.096270 0.139581 0.139244 0.107458 0.027777 0.061219 0.114957 0.096898 0.092447 0.020355 0.103793 
0.091655 0.129407 0.129306 0.128698 0.035969 0.073399 0.105641 0.092181 0.096056 0.021569 0.096119 
0.092114 0.128389 0.132376 0.144148 0.043686 0.066983 0.104790 0.090332 0.085118 0.016712 0.095352 
0.092919 0.129407 0.140919 0.115179 0.032223 0.071595 0.111092 0.090931 0.095618 0.023998 0.096119 
0.094679 0.131442 0.131113 0.119042 0.033165 0.076896 0.107718 0.092507 0.093001 0.022784 0.097654 
0.093390 0.123302 0.122424 0.136420 0.037005 0.074424 0.103921 0.091469 0.093630 0.032498 0.091515 
0.092003 0.126863 0.131451 0.130628 0.035503 0.076179 0.106772 0.090114 0.090467 0.025819 0.094201 
0.093457 0.124319 0.130968 0.128695 0.037025 0.069265 0.109814 0.091369 0.092735 0.030069 0.092283 
0.087891 0.125337 0.139858 0.140284 0.037400 0.066568 0.106324 0.089441 0.093492 0.020355 0.093050 
0.091410 0.122285 0.146065 0.120969 0.037194 0.070420 0.112151 0.094175 0.087549 0.027034 0.090748 
0.095194 0.138564 0.141383 0.093939 0.027081 0.077749 0.115039 0.095585 0.095122 0.017320 0.103025 
0.089579 0.129915 0.132716 0.132561 0.034011 0.087555 0.105974 0.087910 0.084135 0.019141 0.096503 
0.092110 0.130933 0.139046 0.122905 0.033410 0.078099 0.109493 0.090072 0.087521 0.019141 0.097270 
0.093027 0.132459 0.129114 0.126768 0.033265 0.076870 0.108961 0.091213 0.087723 0.022177 0.098421 
0.096347 0.130933 0.146022 0.107454 0.030009 0.061006 0.115164 0.094301 0.092639 0.028855 0.097270 
0.096589 0.129915 0.145912 0.092003 0.029749 0.073159 0.117541 0.094197 0.096792 0.027641 0.096503 
0.095330 0.127372 0.143239 0.117109 0.039153 0.061516 0.112617 0.092023 0.093057 0.023998 0.094585 
0.095033 0.129407 0.145026 0.103591 0.026744 0.067976 0.115834 0.093570 0.097237 0.029462 0.096119 
0.092926 0.140090 0.134744 0.113253 0.032570 0.081508 0.107516 0.090870 0.091100 0.011248 0.104176 
0.092046 0.131950 0.123046 0.128699 0.032679 0.078934 0.108470 0.090331 0.094236 0.021569 0.098038 
0.093959 0.134494 0.124769 0.128701 0.034793 0.077278 0.105195 0.092047 0.087846 0.020962 0.099956 
0.097316 0.137038 0.129086 0.105526 0.028123 0.085236 0.109941 0.095391 0.090722 0.019748 0.101874 
0.095544 0.134494 0.126323 0.111319 0.029745 0.083123 0.109241 0.093601 0.092657 0.023998 0.099956 
0.097197 0.124828 0.121757 0.136421 0.039089 0.064790 0.104744 0.093506 0.093718 0.031284 0.092666 
0.096359 0.138564 0.127140 0.113252 0.030306 0.068629 0.110043 0.094404 0.097316 0.020963 0.103025 
0.097288 0.133985 0.130725 0.099730 0.035949 0.075617 0.109080 0.097045 0.099438 0.021570 0.099572 
0.099452 0.142125 0.130112 0.099734 0.027437 0.067728 0.113000 0.097364 0.095160 0.022177 0.105711 
0.095601 0.125337 0.140999 0.109383 0.031596 0.076556 0.111186 0.091026 0.097018 0.028248 0.093050 
0.088258 0.125337 0.136543 0.132559 0.036183 0.081613 0.105897 0.089322 0.090885 0.020355 0.093050 
0.089770 0.125846 0.132931 0.138353 0.036719 0.075069 0.107859 0.088401 0.088227 0.023391 0.093434 
0.095442 0.136020 0.133228 0.109388 0.028248 0.070721 0.114527 0.093586 0.094949 0.022784 0.101107 
0.090340 0.127372 0.134585 0.140285 0.043680 0.067261 0.106811 0.088063 0.088485 0.018534 0.094585 
0.096461 0.135512 0.132411 0.101662 0.027031 0.081132 0.109753 0.094501 0.096209 0.024605 0.100723 
0.098094 0.133985 0.123637 0.109387 0.029094 0.072045 0.109640 0.096102 0.098980 0.029463 0.099572 
0.091428 0.126354 0.144118 0.128696 0.042578 0.060154 0.111209 0.091452 0.089838 0.020355 0.093817 
0.092942 0.133477 0.136034 0.119043 0.030085 0.076937 0.109279 0.091215 0.090231 0.021569 0.099189 
0.096274 0.133477 0.122690 0.134494 0.038559 0.066990 0.104142 0.091701 0.092131 0.020355 0.099189 
0.098600 0.135003 0.130421 0.113250 0.029309 0.066095 0.113778 0.096732 0.091260 0.025212 0.100340 
0.094867 0.125846 0.145097 0.095863 0.026673 0.086942 0.113509 0.095177 0.093130 0.029462 0.093434 
0.093434 0.131442 0.129419 0.120974 0.032639 0.069499 0.111760 0.094015 0.095774 0.023391 0.097654 
0.099129 0.134494 0.117572 0.111319 0.031649 0.074885 0.105185 0.096950 0.099399 0.029463 0.099956 
0.095453 0.126354 0.131461 0.122902 0.032143 0.060714 0.108841 0.096074 0.098528 0.033712 0.093817 
0.097829 0.132459 0.138925 0.103592 0.027681 0.064417 0.113198 0.095840 0.096960 0.030677 0.098421 
0.092811 0.123302 0.128682 0.130626 0.036499 0.071508 0.106068 0.090814 0.097499 0.030676 0.091515 
0.095650 0.131442 0.136779 0.103592 0.027681 0.075688 0.111055 0.093697 0.099121 0.027641 0.097654 
0.092773 0.124319 0.137295 0.126764 0.035527 0.066509 0.112034 0.090782 0.092251 0.029462 0.092283 
0.097222 0.139581 0.124621 0.105527 0.026947 0.076688 0.112069 0.095338 0.096038 0.022177 0.103793 
0.096863 0.132968 0.129337 0.109386 0.029214 0.073863 0.108743 0.094892 0.097681 0.028248 0.098805 
0.094963 0.131442 0.137920 0.115180 0.030020 0.065456 0.111172 0.093110 0.096050 0.027034 0.097654 
0.091793 0.125337 0.138063 0.126765 0.035557 0.063487 0.109279 0.089817 0.100426 0.026426 0.093050 
0.094902 0.132968 0.142544 0.101661 0.032523 0.072257 0.115188 0.092547 0.095644 0.020962 0.098805 
0.094378 0.132459 0.132467 0.109386 0.031447 0.089090 0.108039 0.092130 0.091826 0.020355 0.098421 
0.093447 0.129407 0.134696 0.115179 0.029989 0.084561 0.108982 0.091621 0.089572 0.026427 0.096119 
0.098665 0.133477 0.121043 0.126769 0.036225 0.063898 0.105814 0.095729 0.092157 0.027034 0.099189 
0.090652 0.127881 0.140585 0.134491 0.035748 0.058112 0.112233 0.091365 0.091182 0.022784 0.094968 
0.096942 0.132459 0.142352 0.097798 0.028232 0.077317 0.115004 0.094846 0.093845 0.022784 0.098421 
0.093796 0.132968 0.143444 0.117112 0.033870 0.059521 0.112575 0.099193 0.087754 0.020962 0.098805 
0.089487 0.126354 0.141079 0.134490 0.036834 0.067333 0.111703 0.090136 0.087196 0.021569 0.093817 
0.096081 0.132459 0.128315 0.120974 0.035749 0.068128 0.110208 0.093874 0.090578 0.025212 0.098421 
0.093859 0.134494 0.126567 0.130632 0.033271 0.067470 0.108462 0.092115 0.090998 0.022177 0.099956 
0.092251 0.133477 0.143570 0.107455 0.032153 0.076019 0.111669 0.092605 0.094901 0.016712 0.099189 
0.095475 0.136529 0.127994 0.120976 0.032580 0.068141 0.107385 0.093536 0.094324 0.021570 0.101491 
0.091068 0.127881 0.132184 0.130629 0.036589 0.083045 0.106471 0.089115 0.085873 0.022176 0.094968 
0.093980 0.132459 0.130046 0.115180 0.029900 0.079879 0.107401 0.092146 0.096590 0.023998 0.098421 
0.093046 0.131950 0.129128 0.120974 0.031582 0.084354 0.106485 0.091230 0.090429 0.022784 0.098038 
0.096832 0.135003 0.132183 0.113250 0.037792 0.070608 0.109512 0.094278 0.089240 0.020962 0.100340 
0.093797 0.131442 0.140200 0.119042 0.033285 0.067099 0.110557 0.094687 0.088847 0.023391 0.097654 
0.101163 0.132459 0.130766 0.092004 0.028393 0.074408 0.110166 0.096325 0.106432 0.029462 0.098421 
0.092492 0.129915 0.132958 0.130630 0.035563 0.082581 0.106211 0.088153 0.086460 0.018534 0.096503 
0.095030 0.133985 0.144793 0.107456 0.031036 0.067671 0.113084 0.093323 0.091872 0.022177 0.099572 
0.091393 0.132459 0.127595 0.132562 0.033891 0.081075 0.107444 0.089694 0.085717 0.019748 0.098421 
0.094783 0.130424 0.132384 0.119042 0.033165 0.072613 0.108716 0.092763 0.092796 0.026427 0.096887 
0.095715 0.133985 0.141788 0.101662 0.030380 0.070427 0.115460 0.093515 0.094711 0.022784 0.099572 
0.097107 0.136529 0.115820 0.124839 0.034488 0.073905 0.102590 0.095452 0.093780 0.023998 0.101491 
0.096477 0.133477 0.129046 0.111318 0.028718 0.076257 0.108452 0.094599 0.094826 0.027641 0.099189 
0.094903 0.129915 0.146156 0.105522 0.031591 0.067475 0.114270 0.092711 0.095132 0.025819 0.096503 
0.093577 0.135003 0.131392 0.120975 0.031613 0.072195 0.107710 0.094247 0.092593 0.020355 0.100340 
0.097812 0.126354 0.134742 0.099726 0.034952 0.073483 0.111076 0.097632 0.098514 0.031891 0.093817 
0.094228 0.134494 0.138941 0.113250 0.029489 0.062577 0.113646 0.094884 0.096358 0.022177 0.099956 
0.099096 0.133985 0.135669 0.095868 0.026375 0.069988 0.111550 0.097000 0.100219 0.030677 0.099572 
0.094124 0.130933 0.139872 0.115179 0.038533 0.061639 0.116038 0.091611 0.094446 0.020355 0.097270 
0.096828 0.132459 0.143347 0.101661 0.026124 0.066474 0.113706 0.095338 0.096180 0.029462 0.098421 
0.091667 0.128898 0.120678 0.136423 0.038062 0.088360 0.102150 0.089705 0.086145 0.022177 0.095736 
0.090224 0.124828 0.117511 0.149940 0.041958 0.072603 0.102518 0.090772 0.092981 0.023998 0.092666 
0.097300 0.133477 0.133696 0.113249 0.030426 0.063371 0.110256 0.094554 0.098664 0.025820 0.099189 
0.097295 0.135512 0.127709 0.109388 0.033411 0.078663 0.108123 0.094986 0.090800 0.023391 0.100723 
0.099907 0.133477 0.127732 0.109387 0.034467 0.076118 0.108152 0.095016 0.091344 0.025212 0.099189 
0.092173 0.126354 0.127905 0.126765 0.037491 0.083422 0.107767 0.090028 0.089673 0.024605 0.093817 
0.096863 0.136020 0.115354 0.109388 0.031088 0.086121 0.102960 0.099711 0.097996 0.023391 0.101107 
0.091208 0.128898 0.133507 0.142217 0.037902 0.074511 0.105739 0.086976 0.085380 0.017926 0.095736 
0.096142 0.128389 0.137298 0.107453 0.034116 0.069656 0.113277 0.095483 0.097014 0.025819 0.095352 
0.097775 0.138564 0.123094 0.115183 0.033947 0.069076 0.109072 0.095545 0.093150 0.021570 0.103025 
0.097333 0.132968 0.141642 0.086210 0.025863 0.083763 0.113853 0.095100 0.097429 0.027034 0.098805 
0.097307 0.130933 0.134198 0.115179 0.033100 0.070034 0.113647 0.093109 0.090010 0.025212 0.097270 
0.092472 0.129915 0.133366 0.130630 0.040786 0.068430 0.106800 0.090554 0.090795 0.019748 0.096503 
0.095781 0.131950 0.138389 0.109386 0.032564 0.072948 0.111630 0.093579 0.090523 0.025212 0.098038 
0.095160 0.135003 0.127760 0.119044 0.030962 0.070563 0.109652 0.093308 0.094817 0.023391 0.100340 
0.093526 0.125337 0.136055 0.120971 0.036985 0.071582 0.109319 0.091269 0.094265 0.027641 0.093050 
0.097330 0.132968 0.139914 0.107455 0.032003 0.063825 0.113151 0.095100 0.092415 0.027034 0.098805 
0.096705 0.137546 0.129208 0.117114 0.031458 0.068815 0.108596 0.094747 0.090769 0.022784 0.102258 
0.091754 0.129407 0.127508 0.119041 0.035248 0.090684 0.104866 0.092113 0.092905 0.020355 0.096119 
0.095269 0.128389 0.125770 0.122903 0.036280 0.070161 0.111198 0.093070 0.093361 0.028248 0.095352 
0.093716 0.126354 0.128354 0.134490 0.035508 0.066470 0.108225 0.094027 0.091397 0.027641 0.093817 
0.095559 0.124828 0.136655 0.097794 0.025998 0.083084 0.110957 0.093596 0.103936 0.034927 0.092666 
0.090549 0.129407 0.128478 0.128698 0.032799 0.088078 0.104819 0.088858 0.090626 0.021569 0.096119 
0.094964 0.132968 0.125744 0.122906 0.033110 0.072831 0.106177 0.093028 0.094863 0.024605 0.098805 
0.095753 0.133985 0.127043 0.113250 0.031363 0.077377 0.105843 0.093346 0.100898 0.021570 0.099572 
0.093489 0.129407 0.137734 0.119041 0.038538 0.071365 0.109115 0.093960 0.089662 0.021569 0.096119 
0.091611 0.124319 0.135983 0.122901 0.036519 0.070645 0.108225 0.091963 0.099731 0.025819 0.092283 
0.092694 0.134494 0.135625 0.120975 0.032759 0.071605 0.108862 0.093296 0.091200 0.018534 0.099956 
0.093530 0.125846 0.130514 0.128696 0.033885 0.075586 0.108805 0.090158 0.094336 0.025212 0.093434 
0.098771 0.139073 0.124566 0.109390 0.030182 0.074042 0.109519 0.096346 0.093132 0.021570 0.103409 
0.092414 0.131950 0.130370 0.126768 0.033265 0.076533 0.105864 0.091004 0.092224 0.021569 0.098038 
0.094998 0.135003 0.134259 0.111319 0.032008 0.070150 0.112037 0.092895 0.096029 0.020962 0.100340 
0.093762 0.128898 0.123373 0.124835 0.033671 0.081480 0.106591 0.096674 0.090375 0.024605 0.095736 
0.101411 0.132968 0.141255 0.088142 0.022108 0.063203 0.114693 0.099489 0.103000 0.034927 0.098805 
0.093360 0.128389 0.130194 0.138354 0.035573 0.066522 0.105982 0.091859 0.088594 0.025819 0.095352 
0.094772 0.137038 0.127392 0.117114 0.030401 0.080332 0.106784 0.095425 0.088513 0.020355 0.101874 
0.096643 0.130424 0.142133 0.107454 0.029979 0.069777 0.114795 0.092142 0.094554 0.025212 0.096887 
0.096926 0.137546 0.126131 0.099732 0.024237 0.084101 0.107577 0.095126 0.101760 0.024605 0.102258 
0.097871 0.139073 0.135627 0.101664 0.026005 0.069563 0.111931 0.095975 0.094885 0.023998 0.103409 
0.096568 0.133477 0.128459 0.115181 0.038293 0.072949 0.107847 0.094016 0.091845 0.022177 0.099189 
0.093528 0.126354 0.134974 0.122902 0.035432 0.071041 0.108475 0.093164 0.095099 0.025212 0.093817 
0.097960 0.142125 0.136372 0.099734 0.024417 0.074069 0.111916 0.096000 0.092554 0.019141 0.105711 
0.096647 0.132968 0.128957 0.107455 0.030766 0.081007 0.108358 0.094513 0.094097 0.026427 0.098805 
0.098111 0.132968 0.124252 0.097798 0.026786 0.086244 0.106178 0.098765 0.102452 0.027641 0.098805 
0.090463 0.123811 0.138277 0.138352 0.043149 0.064818 0.107626 0.088572 0.090250 0.022784 0.091899 
0.097060 0.138055 0.126013 0.111320 0.030772 0.071392 0.107451 0.095007 0.098111 0.022177 0.102642 
0.089796 0.120250 0.142910 0.140281 0.040659 0.059780 0.110035 0.090262 0.089173 0.027641 0.089213 
0.096527 0.135003 0.132391 0.107456 0.029770 0.073582 0.112225 0.094483 0.093618 0.024605 0.100340 
0.096280 0.133477 0.145469 0.113249 0.032779 0.059686 0.113571 0.094813 0.090526 0.020962 0.099189 
0.092473 0.125337 0.130007 0.122902 0.035342 0.083688 0.106356 0.090405 0.093405 0.027034 0.093050 
0.093037 0.128898 0.133951 0.115178 0.034216 0.081410 0.110722 0.093372 0.090091 0.023391 0.095736 
0.097342 0.139073 0.124566 0.115184 0.031864 0.066566 0.107027 0.095286 0.098114 0.021570 0.103409 
0.093646 0.124828 0.136135 0.115176 0.037385 0.076413 0.111053 0.091613 0.094051 0.027034 0.092666 
0.088597 0.121267 0.151940 0.124831 0.038465 0.076363 0.112894 0.086426 0.086453 0.022783 0.089981 
0.094134 0.133985 0.129865 0.113250 0.033566 0.082028 0.107205 0.091961 0.094686 0.019748 0.099572 
0.101407 0.139073 0.127330 0.097802 0.033186 0.069263 0.108751 0.098817 0.100608 0.020355 0.103409 
0.094801 0.128389 0.139524 0.107453 0.028832 0.075214 0.113415 0.093258 0.094299 0.029462 0.095352 
0.097804 0.132968 0.128022 0.103592 0.033841 0.076217 0.108442 0.095309 0.099180 0.025820 0.098805 
0.094680 0.131950 0.127191 0.124837 0.033701 0.067688 0.109092 0.095241 0.092370 0.025212 0.098038 
0.092062 0.134494 0.131547 0.122907 0.033260 0.078738 0.106837 0.092675 0.090205 0.017319 0.099956 
0.099352 0.132459 0.143586 0.084279 0.027385 0.067195 0.117451 0.099801 0.100000 0.030070 0.098421 
prostate
0.090608 0.129422 0.130595 0.127935 0.037272 0.073638 0.106321 0.093337 0.089939 0.025676 0.095258 
0.091563 0.135666 0.148927 0.112539 0.031979 0.059347 0.116889 0.091899 0.089827 0.021439 0.099925 
0.091376 0.135146 0.138207 0.126012 0.037867 0.061515 0.109816 0.094033 0.086265 0.020228 0.099536 
0.094195 0.124218 0.128278 0.116383 0.032760 0.079313 0.106079 0.092018 0.101234 0.034152 0.091369 
0.090260 0.123698 0.135319 0.133706 0.040108 0.065832 0.107991 0.090399 0.091188 0.030520 0.090980 
0.093581 0.133585 0.132590 0.114463 0.033238 0.067820 0.107867 0.093835 0.097765 0.026887 0.098369 
0.089981 0.133585 0.131464 0.133711 0.042139 0.065501 0.106141 0.089960 0.091343 0.017806 0.098369 
0.096582 0.129422 0.121812 0.120235 0.035839 0.072797 0.107683 0.095201 0.094045 0.031125 0.095258 
0.091115 0.132544 0.129381 0.114462 0.033267 0.086394 0.106121 0.091356 0.094513 0.023255 0.097591 
0.092814 0.139829 0.122292 0.124090 0.038050 0.072191 0.104126 0.097890 0.088482 0.017201 0.103036 
0.090449 0.130983 0.128376 0.126010 0.040853 0.078102 0.105109 0.090342 0.092518 0.020833 0.096425 
0.091794 0.132544 0.126514 0.137560 0.041068 0.059240 0.105302 0.091953 0.092572 0.023860 0.097591 
0.094589 0.129942 0.140655 0.104837 0.026367 0.070523 0.111708 0.094808 0.097982 0.032941 0.095647 
0.091289 0.134625 0.131380 0.131787 0.037364 0.064177 0.109584 0.091624 0.086980 0.022044 0.099147 
0.095189 0.141910 0.128187 0.099068 0.029682 0.073621 0.107976 0.097870 0.101677 0.020228 0.104591 
0.097425 0.140349 0.124475 0.110616 0.033030 0.075968 0.106318 0.097614 0.089340 0.021439 0.103425 
0.090175 0.132544 0.140542 0.118312 0.034609 0.068425 0.110112 0.092904 0.093347 0.021439 0.097591 
0.091593 0.133585 0.140524 0.112538 0.030757 0.066941 0.112783 0.092412 0.096033 0.024466 0.098369 
0.092573 0.136186 0.141974 0.108690 0.029651 0.066723 0.110942 0.092618 0.099495 0.020833 0.100314 
0.089241 0.130983 0.127607 0.141409 0.040173 0.065520 0.106841 0.089558 0.090200 0.022044 0.096425 
0.094088 0.141910 0.130808 0.112542 0.030582 0.065864 0.108554 0.094529 0.096303 0.020228 0.104591 
0.089860 0.132544 0.142091 0.122162 0.035745 0.065759 0.112293 0.090498 0.090624 0.020833 0.097591 
0.088539 0.136707 0.144472 0.126013 0.032791 0.067981 0.110958 0.091615 0.083626 0.016596 0.100702 
0.089998 0.126300 0.142236 0.120234 0.033117 0.068520 0.110810 0.090397 0.096155 0.029309 0.092924 
0.095060 0.139829 0.136520 0.095218 0.030782 0.080802 0.111192 0.097569 0.089159 0.020834 0.103036 
0.089797 0.128901 0.134800 0.122160 0.037746 0.077952 0.109941 0.089855 0.090724 0.023255 0.094869 
0.091240 0.128901 0.131937 0.114461 0.030192 0.081019 0.109377 0.090951 0.100166 0.026887 0.094869 
0.099137 0.145032 0.132109 0.089446 0.026842 0.068342 0.111902 0.099352 0.096447 0.024466 0.106925 
0.091222 0.128381 0.133270 0.124084 0.035062 0.074082 0.106314 0.092349 0.092052 0.028703 0.094480 
0.093730 0.137747 0.135448 0.104841 0.030487 0.070414 0.112623 0.096485 0.094094 0.022650 0.101480 
0.091213 0.134105 0.110231 0.152959 0.047436 0.066185 0.098222 0.091200 0.090069 0.019623 0.098758 
0.094326 0.137227 0.132663 0.102916 0.028816 0.070850 0.114385 0.094674 0.097981 0.025071 0.101091 
0.093459 0.130983 0.128228 0.133710 0.040947 0.071131 0.103690 0.091437 0.086735 0.023255 0.096425 
0.091988 0.136707 0.134062 0.110615 0.028012 0.082351 0.108753 0.092586 0.090969 0.023255 0.100702 
0.096125 0.135146 0.131235 0.097140 0.023919 0.074659 0.115027 0.096738 0.097534 0.032941 0.099536 
0.089948 0.128901 0.143843 0.124085 0.035327 0.063409 0.111380 0.092759 0.089802 0.025676 0.094869 
0.099562 0.146073 0.125881 0.087521 0.023023 0.076389 0.109775 0.100038 0.097752 0.026282 0.107703 
0.092768 0.138268 0.122409 0.122164 0.035393 0.077364 0.104254 0.093028 0.092255 0.020228 0.101869 
0.093013 0.133585 0.134255 0.112538 0.040042 0.076710 0.108099 0.093067 0.089489 0.020833 0.098369 
0.088734 0.132024 0.145856 0.124086 0.038520 0.067407 0.111321 0.088792 0.088252 0.017806 0.097202 
0.088844 0.133064 0.122044 0.137560 0.038949 0.080267 0.101849 0.091657 0.088768 0.019017 0.097980 
0.093213 0.128381 0.126167 0.122160 0.036495 0.064991 0.108493 0.095863 0.098631 0.031125 0.094480 
0.094368 0.135666 0.131964 0.122163 0.034524 0.069491 0.107674 0.094707 0.087474 0.022044 0.099925 
0.092326 0.138788 0.129055 0.118315 0.032285 0.074849 0.109298 0.092758 0.089839 0.020228 0.102258 
0.091708 0.136186 0.131540 0.126013 0.038794 0.061590 0.107240 0.091783 0.095816 0.019017 0.100314 
0.093518 0.132024 0.139053 0.116387 0.035027 0.066901 0.113408 0.092908 0.088501 0.025071 0.097202 
0.091674 0.126300 0.129903 0.126008 0.036674 0.069226 0.106669 0.091907 0.097589 0.031125 0.092925 
