-912896.044186
0
0.000004 0.000004 0.000004 0.000004 0.000061 0.000004 0.000004 0.000004 0.000004 0.000004 0.334298 0.000004 0.000641 0.000004 0.000004 0.000004 0.000616 0.000999 0.013621 0.000004 0.132968 0.000004 0.000004 0.016997 0.000004 0.000004 0.000004 0.000005 0.000004 0.000004 0.000004 0.000004 0.000417 0.000004 0.001595 0.000005 0.000004 0.000004 0.000004 0.000004 0.000048 0.000004 0.000004 0.000005 0.000004 0.000004 0.000004 0.000005 0.000004 0.000004 0.000004 0.000004 0.000004 0.000004 0.000004 0.000004 0.000005 0.000582 0.394245 0.000004 0.000004 0.000004 0.000004 0.000004 0.000347 0.000004 0.000004 0.000004 0.000176 0.000004 0.000004 0.000004 0.000004 0.000004 0.000004 0.088398 0.000004 0.000004 0.000004 0.000004 0.000004 0.000004 0.000004 0.000004 0.000004 0.000004 0.000005 0.000004 0.000005 0.000004 0.000004 0.013662 0.000005 0.000004 0.000004 0.000005 
0.000004 0.000004 0.000004 0.000004 0.000004 0.000004 0.000004 0.000004 0.000004 0.000004 0.000021 0.000004 0.000006 0.000004 0.000004 0.000005 0.000006 0.000005 0.000005 0.000005 0.009186 0.000004 0.000004 0.000005 0.000004 0.000004 0.000004 0.000005 0.000004 0.000004 0.000004 0.000004 0.000005 0.000004 0.000012 0.000005 0.000004 0.000004 0.000004 0.000004 0.000005 0.000004 0.000004 0.000005 0.000005 0.000004 0.000004 0.000005 0.000004 0.000004 0.000004 0.000004 0.000004 0.000004 0.000004 0.000004 0.000005 0.000009 0.990373 0.000005 0.000004 0.000004 0.000004 0.000004 0.000004 0.000004 0.000004 0.000004 0.000004 0.000004 0.000004 0.000004 0.000005 0.000004 0.000004 0.000005 0.000004 0.000004 0.000004 0.000004 0.000004 0.000004 0.000005 0.000004 0.000005 0.000004 0.000005 0.000004 0.000005 0.000004 0.000004 0.000011 0.000005 0.000004 0.000004 0.000006 
0.000004 0.000004 0.000004 0.000004 0.000004 0.000004 0.000004 0.000062 0.003732 0.000004 0.378594 0.000004 0.000495 0.000004 0.000004 0.000005 0.000006 0.000615 0.000004 0.000005 0.002368 0.000004 0.000004 0.000004 0.000004 0.000004 0.000004 0.000005 0.000004 0.000004 0.000004 0.000004 0.000401 0.000179 0.001171 0.000005 0.000004 0.000004 0.000004 0.000121 0.000006 0.001577 0.000004 0.000005 0.000005 0.000004 0.000004 0.000005 0.000004 0.000354 0.000004 0.000295 0.000004 0.000004 0.000004 0.000004 0.000005 0.277330 0.299675 0.000005 0.000004 0.000004 0.000004 0.000004 0.000004 0.000295 0.000004 0.000004 0.000004 0.000004 0.000004 0.000004 0.021320 0.000004 0.000004 0.000005 0.000004 0.000004 0.000004 0.000004 0.000004 0.000004 0.000005 0.000004 0.000005 0.000004 0.000022 0.000004 0.000005 0.000004 0.000004 0.010891 0.000005 0.000062 0.000121 0.000006 
0.000005 0.000004 0.000004 0.000004 0.000004 0.000004 0.000004 0.000004 0.000005 0.000004 0.971539 0.000004 0.000006 0.000004 0.000004 0.000005 0.000006 0.000005 0.000005 0.000005 0.000008 0.000004 0.000004 0.000005 0.000004 0.000004 0.000004 0.000005 0.000004 0.000004 0.000004 0.000004 0.000005 0.000004 0.000012 0.000005 0.000004 0.000004 0.000004 0.000004 0.000005 0.000004 0.000005 0.000005 0.027619 0.000124 0.000004 0.000005 0.000004 0.000004 0.000004 0.000004 0.000004 0.000004 0.000004 0.000004 0.000006 0.000009 0.000202 0.000005 0.000004 0.000004 0.000004 0.000004 0.000004 0.000004 0.000004 0.000004 0.000004 0.000004 0.000004 0.000005 0.000005 0.000004 0.000004 0.000005 0.000004 0.000004 0.000004 0.000004 0.000004 0.000004 0.000005 0.000004 0.000005 0.000004 0.000005 0.000005 0.000005 0.000005 0.000004 0.000100 0.000005 0.000004 0.000004 0.000006 
0.000004 0.000004 0.000004 0.000004 0.000004 0.000004 0.000004 0.000004 0.000005 0.000004 0.911697 0.000004 0.000006 0.000004 0.000004 0.000005 0.000006 0.000005 0.000005 0.000005 0.000008 0.000004 0.000004 0.000005 0.000004 0.000004 0.000004 0.087673 0.000004 0.000004 0.000004 0.000004 0.000005 0.000004 0.000012 0.000005 0.000004 0.000004 0.000004 0.000004 0.000005 0.000004 0.000005 0.000005 0.000005 0.000004 0.000004 0.000005 0.000004 0.000004 0.000004 0.000004 0.000004 0.000004 0.000004 0.000004 0.000006 0.000009 0.000199 0.000005 0.000004 0.000004 0.000004 0.000004 0.000004 0.000004 0.000004 0.000004 0.000004 0.000004 0.000004 0.000005 0.000005 0.000004 0.000004 0.000005 0.000004 0.000004 0.000004 0.000004 0.000004 0.000004 0.000005 0.000004 0.000005 0.000004 0.000005 0.000004 0.000005 0.000004 0.000004 0.000012 0.000005 0.000004 0.000004 0.000006 
0.003147 0.000004 0.000004 0.000313 0.000004 0.000004 0.000004 0.000004 0.000005 0.000004 0.191898 0.000005 0.000091 0.000004 0.000005 0.000005 0.022577 0.000006 0.000005 0.051829 0.001175 0.000004 0.000004 0.000005 0.000005 0.000005 0.000004 0.000005 0.000004 0.000004 0.000004 0.000004 0.000005 0.000005 0.002147 0.000005 0.000005 0.000004 0.000004 0.000004 0.007229 0.000005 0.007892 0.000399 0.000005 0.000004 0.000005 0.000005 0.000005 0.000005 0.000004 0.000005 0.000004 0.000004 0.000004 0.000004 0.024765 0.000121 0.539319 0.000005 0.000004 0.000004 0.000004 0.000004 0.000005 0.000005 0.000005 0.000005 0.000005 0.000004 0.000004 0.010727 0.000005 0.000004 0.000004 0.000005 0.000004 0.000004 0.000004 0.000004 0.000004 0.000374 0.026749 0.000005 0.000005 0.000004 0.000005 0.002654 0.000005 0.000005 0.000621 0.016627 0.000006 0.000004 0.000004 0.089014 
0.000005 0.000004 0.000004 0.000005 0.000004 0.000004 0.000004 0.000004 0.000005 0.000004 0.000022 0.000005 0.000007 0.000004 0.000252 0.018362 0.000006 0.000006 0.000005 0.000005 0.000008 0.000004 0.000004 0.000005 0.000684 0.000005 0.000004 0.000005 0.000004 0.000004 0.000004 0.000004 0.000005 0.000005 0.000315 0.000614 0.000005 0.000004 0.000004 0.000004 0.000005 0.000005 0.000005 0.000005 0.000005 0.000004 0.002415 0.592561 0.000005 0.000005 0.000004 0.000005 0.000004 0.000004 0.000004 0.000004 0.000006 0.115661 0.259349 0.000005 0.000004 0.000004 0.000004 0.000004 0.000005 0.000005 0.000005 0.001426 0.000005 0.000004 0.000004 0.000005 0.000005 0.000004 0.000004 0.000005 0.000004 0.000004 0.000004 0.000004 0.000004 0.000005 0.000005 0.000005 0.000005 0.000004 0.000005 0.000005 0.003854 0.002539 0.000005 0.001569 0.000006 0.000004 0.000004 0.000006 
0.000005 0.000004 0.000004 0.000004 0.000004 0.000004 0.000004 0.000004 0.000005 0.000004 0.000359 0.000005 0.001571 0.000004 0.000004 0.000005 0.033378 0.000006 0.000005 0.000005 0.000008 0.000004 0.000004 0.000005 0.000005 0.000309 0.000004 0.000005 0.000004 0.000004 0.000004 0.000004 0.000005 0.000004 0.001532 0.000005 0.000004 0.000004 0.000004 0.000004 0.000005 0.000005 0.000005 0.065562 0.000005 0.000004 0.000005 0.000005 0.000005 0.000004 0.000004 0.000004 0.000004 0.000004 0.000004 0.000004 0.000006 0.000009 0.434678 0.000005 0.000004 0.000004 0.000004 0.000004 0.000004 0.000004 0.000004 0.000005 0.000004 0.000004 0.000004 0.000005 0.000005 0.000004 0.000004 0.000005 0.000004 0.000004 0.000004 0.000004 0.000004 0.000004 0.000005 0.000004 0.000005 0.000004 0.000005 0.000005 0.000005 0.000005 0.000005 0.008717 0.000006 0.000004 0.000004 0.453500 
0.000005 0.000127 0.000004 0.000005 0.000004 0.000004 0.000004 0.000004 0.000005 0.000004 0.000129 0.000557 0.000007 0.000004 0.000005 0.000005 0.000006 0.000006 0.000005 0.000005 0.000008 0.000004 0.000004 0.000005 0.000005 0.000005 0.000004 0.000005 0.000004 0.000004 0.000004 0.000004 0.000005 0.000004 0.002273 0.000005 0.000250 0.000004 0.000004 0.000004 0.000005 0.000005 0.000005 0.000005 0.000005 0.000004 0.000005 0.000005 0.000005 0.000005 0.000004 0.000005 0.000004 0.000004 0.000004 0.000004 0.000006 0.012836 0.495181 0.026841 0.000004 0.000004 0.000004 0.000004 0.000005 0.000005 0.000004 0.000005 0.000004 0.000004 0.000004 0.000005 0.000005 0.000004 0.000004 0.000005 0.000004 0.000004 0.000004 0.000004 0.000004 0.000005 0.000005 0.000005 0.000005 0.000004 0.000005 0.000005 0.000005 0.000005 0.000005 0.009212 0.452201 0.000004 0.000004 0.000006 
0.000005 0.000005 0.000004 0.000005 0.000005 0.000004 0.000004 0.000005 0.000005 0.000004 0.000022 0.000005 0.000007 0.000004 0.000005 0.000005 0.000006 0.000006 0.000005 0.000005 0.000008 0.000004 0.000004 0.000005 0.000005 0.000005 0.000004 0.000005 0.000004 0.000004 0.000004 0.000004 0.000005 0.000005 0.990832 0.000327 0.000005 0.000004 0.000004 0.000005 0.000005 0.000005 0.000005 0.000005 0.000005 0.000005 0.000005 0.000005 0.000005 0.000005 0.000004 0.000005 0.000004 0.000004 0.000004 0.000004 0.000006 0.000009 0.004343 0.000005 0.000004 0.000004 0.000004 0.000004 0.000005 0.000005 0.000005 0.000005 0.000005 0.000004 0.000004 0.000005 0.000005 0.000004 0.000004 0.000005 0.000004 0.000004 0.000004 0.000004 0.000004 0.000005 0.000005 0.000005 0.000005 0.000004 0.003117 0.000005 0.000928 0.000005 0.000005 0.000012 0.000006 0.000005 0.000005 0.000006 
0.000005 0.000004 0.000004 0.000004 0.000004 0.000004 0.000004 0.000004 0.000005 0.000004 0.000021 0.000004 0.000007 0.000004 0.000004 0.000005 0.000006 0.000005 0.000005 0.000005 0.000008 0.000004 0.000004 0.000005 0.000004 0.000004 0.000004 0.000005 0.000004 0.000004 0.000004 0.000004 0.000005 0.000004 0.000012 0.000005 0.000004 0.000004 0.000004 0.000004 0.000005 0.000005 0.000005 0.000005 0.000005 0.000004 0.000005 0.000005 0.000005 0.000004 0.000004 0.000004 0.000004 0.000004 0.000004 0.000004 0.000006 0.000009 0.999539 0.000005 0.000004 0.000004 0.000004 0.000004 0.000004 0.000004 0.000004 0.000005 0.000004 0.000004 0.000004 0.000005 0.000005 0.000004 0.000004 0.000005 0.000004 0.000004 0.000004 0.000004 0.000004 0.000004 0.000005 0.000004 0.000005 0.000004 0.000005 0.000005 0.000005 0.000005 0.000004 0.000012 0.000006 0.000004 0.000004 0.000006 
0.000004 0.000004 0.000004 0.000004 0.000004 0.000004 0.000004 0.000004 0.000004 0.000004 0.256424 0.000004 0.000385 0.000004 0.000004 0.000005 0.000006 0.000191 0.000005 0.000005 0.001677 0.000004 0.000004 0.000005 0.000004 0.000004 0.000004 0.000005 0.000004 0.000004 0.000004 0.000004 0.000005 0.000004 0.127343 0.000005 0.000004 0.000004 0.000004 0.000004 0.000005 0.000004 0.000004 0.000005 0.000005 0.000004 0.000004 0.000005 0.001415 0.000004 0.000004 0.000004 0.000004 0.000004 0.000004 0.000004 0.142997 0.000321 0.432070 0.000005 0.000004 0.000004 0.000004 0.000004 0.000004 0.000004 0.000181 0.000004 0.000004 0.000004 0.000004 0.000005 0.000005 0.000004 0.000004 0.000005 0.000004 0.000004 0.000004 0.000004 0.000004 0.000004 0.000005 0.000239 0.018700 0.000004 0.000005 0.000004 0.000005 0.000004 0.000004 0.014148 0.003557 0.000004 0.000004 0.000006 
0.084156 0.083379 0.083209 0.083720 0.083332 0.083151 0.083637 0.082578 0.082907 0.083294 0.082524 0.084112 
0.093071 0.076737 0.076976 0.079634 0.097760 0.088339 0.085376 0.064663 0.074931 0.091237 0.090236 0.081041 
0.084798 0.084094 0.084803 0.082538 0.083749 0.083502 0.081572 0.084197 0.084399 0.081853 0.081342 0.083153 
0.084018 0.083371 0.084607 0.081795 0.084719 0.084469 0.086688 0.079176 0.081691 0.085345 0.082885 0.081237 
breast
0.084851 0.083831 0.091237 0.082639 0.081928 0.079109 0.081252 0.084633 0.085233 0.080306 0.080956 0.084027 
0.089615 0.085978 0.085826 0.084380 0.084562 0.082212 0.079123 0.076936 0.075851 0.083810 0.082998 0.088710 
0.090516 0.088775 0.085974 0.077730 0.081255 0.082207 0.075727 0.084960 0.078501 0.084146 0.085855 0.084354 
0.088716 0.089241 0.086205 0.080512 0.078507 0.081531 0.085535 0.091393 0.079792 0.069112 0.086162 0.083295 
0.086282 0.087089 0.081814 0.081482 0.079452 0.080605 0.080295 0.078303 0.087399 0.086750 0.084324 0.086206 
0.085864 0.081457 0.090418 0.086531 0.088700 0.080957 0.084751 0.085810 0.078882 0.076927 0.078813 0.080890 
0.086896 0.086033 0.084143 0.084323 0.084124 0.080272 0.088186 0.078457 0.082983 0.075686 0.083202 0.085696 
0.088966 0.086076 0.085406 0.084088 0.083319 0.080027 0.073456 0.084178 0.084707 0.080147 0.083304 0.086326 
0.086973 0.086714 0.087403 0.082694 0.082033 0.078599 0.080928 0.079334 0.075578 0.087714 0.084018 0.088010 
0.089045 0.085359 0.087032 0.081461 0.079898 0.083077 0.082529 0.077510 0.092195 0.076833 0.082691 0.082370 
0.086701 0.086837 0.085698 0.087853 0.088334 0.085018 0.071650 0.080979 0.074224 0.079788 0.084018 0.088900 
0.085348 0.088573 0.084009 0.083821 0.085122 0.080530 0.076913 0.086345 0.074556 0.084181 0.085958 0.084643 
0.090926 0.080562 0.086418 0.083823 0.086119 0.078984 0.084390 0.083130 0.078081 0.084488 0.077996 0.085082 
0.088401 0.082445 0.086092 0.089560 0.088587 0.079446 0.079163 0.078347 0.078470 0.081015 0.079629 0.088845 
0.087325 0.082801 0.080192 0.085739 0.085463 0.078735 0.080477 0.076451 0.076946 0.098235 0.080038 0.087598 
0.088409 0.088315 0.084719 0.082270 0.081692 0.082797 0.081381 0.085062 0.084376 0.075382 0.085345 0.080252 
0.085795 0.087935 0.084513 0.078115 0.079714 0.081902 0.084123 0.084728 0.086469 0.078110 0.085243 0.083353 
0.087225 0.087788 0.081633 0.081562 0.083433 0.078712 0.081791 0.085049 0.080525 0.085279 0.085039 0.081964 
0.090206 0.088254 0.079042 0.078986 0.081946 0.081006 0.087458 0.087337 0.077252 0.076687 0.085345 0.086482 
0.089132 0.085996 0.089648 0.085562 0.088754 0.078594 0.084239 0.077503 0.077686 0.077364 0.082895 0.082627 
0.082810 0.084095 0.087693 0.082479 0.081945 0.081572 0.088524 0.077900 0.081841 0.082448 0.081364 0.087327 
0.083547 0.086206 0.080727 0.086030 0.085209 0.079907 0.083920 0.081477 0.079109 0.086782 0.083610 0.083476 
0.092559 0.085285 0.082333 0.081295 0.079250 0.084799 0.079458 0.086566 0.079353 0.080782 0.082589 0.085731 
0.083370 0.084512 0.085678 0.088690 0.089182 0.079266 0.079933 0.069770 0.082376 0.085374 0.081773 0.090077 
0.089967 0.083543 0.087665 0.087458 0.084054 0.082825 0.081845 0.084210 0.073843 0.079436 0.080854 0.084300 
prostate
0.087145 0.086280 0.084970 0.084069 0.085334 0.081256 0.083186 0.074654 0.082521 0.079517 0.084260 0.086809 
0.091046 0.084220 0.086374 0.085198 0.086428 0.081982 0.078968 0.079597 0.084014 0.075059 0.082108 0.085006 
0.085171 0.086899 0.090668 0.082645 0.082665 0.081848 0.084631 0.080872 0.083977 0.073705 0.085080 0.081840 
0.084109 0.085198 0.081284 0.086014 0.087225 0.083476 0.086770 0.078367 0.078573 0.078737 0.083133 0.087113 
0.088118 0.083034 0.087193 0.085989 0.087172 0.077577 0.074248 0.077729 0.088629 0.082394 0.080879 0.087038 
0.083809 0.083532 0.086357 0.084642 0.081501 0.078427 0.080132 0.080664 0.086310 0.085165 0.081699 0.087762 
0.089795 0.086340 0.086033 0.083681 0.085378 0.080117 0.081218 0.083550 0.073139 0.080883 0.084260 0.085605 
0.085498 0.090403 0.088712 0.073492 0.074368 0.083647 0.077098 0.082704 0.081806 0.085132 0.088359 0.088781 
0.086819 0.081996 0.080486 0.084696 0.087425 0.084473 0.082294 0.089984 0.071041 0.089415 0.079854 0.081517 
0.085052 0.081857 0.083731 0.087012 0.089219 0.081302 0.081136 0.085192 0.079151 0.082050 0.079957 0.084341 
0.085767 0.084384 0.088996 0.085017 0.088222 0.077282 0.082936 0.083511 0.073129 0.086413 0.082211 0.082131 
0.089779 0.086877 0.085634 0.080516 0.079575 0.084583 0.088632 0.081945 0.076096 0.077621 0.084670 0.084072 
0.090913 0.088789 0.089684 0.080070 0.079515 0.078846 0.080708 0.085745 0.082084 0.073772 0.086617 0.083256 
0.093277 0.086414 0.090970 0.084361 0.088572 0.081859 0.080041 0.081018 0.077598 0.072396 0.084363 0.079131 
0.090795 0.085765 0.088147 0.078968 0.081964 0.083658 0.083498 0.089518 0.082630 0.068040 0.083543 0.083473 
0.092024 0.085250 0.084708 0.085326 0.083697 0.079813 0.083847 0.080168 0.083456 0.075933 0.082826 0.082952 
0.083773 0.084964 0.084218 0.080070 0.080013 0.082366 0.088671 0.083864 0.082176 0.078484 0.082723 0.088678 
0.091515 0.084891 0.086199 0.088506 0.087224 0.080142 0.072241 0.083646 0.079751 0.078846 0.082621 0.084420 
0.091052 0.081403 0.084161 0.085723 0.084485 0.078521 0.082477 0.085773 0.085695 0.079931 0.079239 0.081539 
0.081231 0.083281 0.080095 0.085516 0.086725 0.077655 0.088257 0.082916 0.087669 0.083702 0.081391 0.081561 
0.089168 0.086842 0.089162 0.085046 0.083785 0.080396 0.084291 0.077010 0.083970 0.075941 0.084875 0.079513 
0.091290 0.082100 0.082860 0.088250 0.087364 0.080338 0.080405 0.086331 0.075523 0.076827 0.079957 0.088755 
0.086436 0.085107 0.086903 0.087618 0.085273 0.082306 0.084654 0.071479 0.080794 0.078921 0.083133 0.087376 
0.086697 0.087851 0.085042 0.086676 0.087873 0.083548 0.080616 0.082692 0.081343 0.066914 0.085900 0.084850 
0.085374 0.086336 0.086799 0.079917 0.083356 0.081518 0.078041 0.076993 0.087588 0.081694 0.084465 0.087919 
skin
0.089963 0.084147 0.086313 0.087836 0.085996 0.079871 0.075441 0.075401 0.087088 0.080583 0.081418 0.085942 
0.090601 0.085625 0.083501 0.081847 0.081674 0.080864 0.084805 0.076672 0.090965 0.076429 0.082744 0.084273 
0.090533 0.088221 0.091020 0.089918 0.089812 0.081656 0.074898 0.081474 0.074875 0.067982 0.085192 0.084420 
0.085696 0.084055 0.082109 0.085631 0.087738 0.082408 0.079676 0.084977 0.079843 0.084063 0.081418 0.082386 
0.084534 0.086233 0.086045 0.084866 0.084054 0.082399 0.075409 0.086063 0.082315 0.080347 0.083458 0.084277 
0.089836 0.088939 0.083246 0.081049 0.083093 0.077039 0.074243 0.082881 0.085219 0.082497 0.085804 0.086155 
0.082678 0.081551 0.088874 0.087468 0.089584 0.084449 0.082861 0.077831 0.072462 0.085454 0.078969 0.087819 
0.088841 0.084926 0.085967 0.083206 0.082077 0.081414 0.084318 0.076671 0.078340 0.084066 0.082030 0.088147 
0.084988 0.082926 0.089530 0.088735 0.087781 0.080095 0.078074 0.081714 0.084321 0.079273 0.080193 0.082369 
0.087242 0.090203 0.084400 0.077110 0.081203 0.082220 0.069928 0.082503 0.081593 0.087662 0.087130 0.088806 
0.088099 0.088147 0.079135 0.076315 0.079461 0.084119 0.081476 0.081827 0.084438 0.087219 0.085090 0.084672 
0.087111 0.083122 0.086746 0.083706 0.086566 0.075673 0.084860 0.080520 0.087676 0.078899 0.080295 0.084826 
0.088306 0.084913 0.087691 0.078970 0.077614 0.082055 0.084127 0.089994 0.083071 0.076860 0.081928 0.084471 
0.089214 0.088688 0.086593 0.081892 0.079286 0.080640 0.078837 0.084687 0.080123 0.078394 0.086008 0.085638 
0.085468 0.083104 0.080953 0.087650 0.087291 0.078048 0.093535 0.081720 0.076741 0.076419 0.080397 0.088673 
0.091466 0.086079 0.085905 0.076502 0.076669 0.078616 0.088564 0.082156 0.080073 0.085531 0.082948 0.085491 
0.088888 0.089412 0.087878 0.080604 0.083530 0.079562 0.079460 0.084601 0.080399 0.071963 0.086416 0.087287 
0.086624 0.084043 0.082928 0.086866 0.087047 0.079959 0.085878 0.077582 0.082187 0.082949 0.081316 0.082624 
0.087958 0.083974 0.090122 0.086679 0.085349 0.078659 0.075768 0.076978 0.090829 0.073246 0.081009 0.089427 
0.088303 0.089811 0.084168 0.083125 0.080091 0.081125 0.079627 0.081931 0.087115 0.072870 0.086926 0.084907 
0.085299 0.087976 0.082095 0.077582 0.080651 0.081085 0.073044 0.086904 0.076566 0.095581 0.085192 0.088023 
0.084206 0.087381 0.086498 0.083680 0.083022 0.083851 0.081200 0.083854 0.085981 0.071726 0.084580 0.084021 
0.090658 0.084109 0.087515 0.084500 0.084649 0.078173 0.075283 0.079459 0.088309 0.080242 0.081111 0.085990 
0.086802 0.087226 0.085241 0.075290 0.075585 0.081399 0.085564 0.080043 0.085157 0.089355 0.084070 0.084267 
0.089468 0.085294 0.089968 0.088208 0.087729 0.076630 0.071716 0.080833 0.085706 0.074592 0.082540 0.087315 
stomach
0.088231 0.086923 0.085568 0.085253 0.087466 0.079652 0.080757 0.082796 0.087695 0.070034 0.084146 0.081480 
0.087323 0.085119 0.090105 0.084832 0.084464 0.082622 0.078260 0.079024 0.079100 0.078940 0.082410 0.087800 
0.085785 0.082586 0.085423 0.088639 0.089749 0.081767 0.080350 0.076995 0.075327 0.087729 0.079960 0.085691 
0.084931 0.089482 0.083853 0.079701 0.079214 0.081247 0.078921 0.085636 0.080388 0.081134 0.086800 0.088694 
0.089151 0.084120 0.085605 0.084801 0.084577 0.081310 0.075917 0.085200 0.085023 0.078440 0.081491 0.084364 
0.087931 0.090444 0.083672 0.076518 0.076186 0.088294 0.077976 0.091805 0.082594 0.072624 0.087413 0.084544 
0.088156 0.083052 0.085632 0.084958 0.082731 0.077399 0.075767 0.083872 0.083564 0.088105 0.080266 0.086500 
0.083072 0.086518 0.092454 0.091532 0.091036 0.083085 0.080159 0.085515 0.070927 0.067135 0.083839 0.084726 
0.085745 0.085089 0.088299 0.084564 0.081943 0.085049 0.082340 0.086207 0.078660 0.075569 0.082410 0.084126 
0.091688 0.085309 0.083418 0.084616 0.086870 0.081805 0.084591 0.086526 0.075846 0.075023 0.082206 0.082102 
0.085567 0.087978 0.085078 0.081990 0.083782 0.080995 0.079381 0.083106 0.083798 0.080197 0.085269 0.082861 
0.090574 0.086346 0.083283 0.087436 0.087501 0.079970 0.079540 0.081474 0.076088 0.073757 0.083431 0.090601 
0.084482 0.084242 0.085406 0.085166 0.086975 0.077641 0.084282 0.084137 0.079658 0.082452 0.081491 0.084067 
0.086592 0.089678 0.087637 0.076829 0.079975 0.081735 0.078071 0.079126 0.084640 0.082115 0.086902 0.086699 
0.090563 0.089199 0.090639 0.082358 0.080693 0.081006 0.083921 0.084497 0.074316 0.073525 0.086494 0.082790 
0.086817 0.084064 0.087061 0.081909 0.084288 0.080519 0.083839 0.081169 0.081234 0.086028 0.081287 0.081786 
0.089602 0.087732 0.083521 0.082356 0.083685 0.079588 0.073807 0.086402 0.079606 0.086069 0.084758 0.082874 
0.087584 0.086819 0.089551 0.080041 0.082057 0.078346 0.086575 0.085974 0.083889 0.070414 0.084043 0.084706 
0.089875 0.084726 0.085604 0.079251 0.076824 0.079346 0.083127 0.083173 0.083070 0.089212 0.081695 0.084096 
0.084688 0.087739 0.088620 0.083041 0.081392 0.083024 0.081431 0.073899 0.083139 0.083848 0.085064 0.084113 
0.090376 0.086623 0.085222 0.084169 0.083983 0.083943 0.072746 0.086968 0.084187 0.073384 0.083941 0.084458 
0.080295 0.084727 0.090495 0.086986 0.088603 0.078821 0.076221 0.079625 0.081184 0.086372 0.082206 0.084466 
0.082966 0.086543 0.091465 0.081880 0.084735 0.077196 0.077998 0.077417 0.087731 0.079878 0.084043 0.088147 
0.087263 0.083082 0.083667 0.086961 0.087054 0.083758 0.082216 0.084183 0.080919 0.073335 0.080266 0.087297 
0.090328 0.087193 0.086053 0.085484 0.085278 0.080287 0.080055 0.076289 0.080266 0.078173 0.084350 0.086244 
0.360977 0.357584 0.358399 0.356641 0.360486 0.358915 0.358618 0.353739 0.356475 0.35871 0.356641 0.35731 
9.98462 10.254 7.77095 -0.118996 0.375855 -0.118991 3.98288 3.86217 2.62899 4.86155 5.27824 8.05592 2.122e-313 1.5526e-154 4.33391e-317 4.33421e-317 4.33421e-317 2.2997e-317 2.29999e-317 2.29999e-317 2.30152e-317 2.30181e-317 2.30181e-317 2.30283e-317 2.30312e-317 2.30312e-317 0 0 0 1.34087e-231 4.32411e-317 4.32347e-317 -5.34656e+235 1.55423e-317 9.38725e-323 4.32361e-317 nan 4.32077e-317 2.122e-314 -2.20806e-312 3.95253e-323 3.95253e-323 2.06281 1.83087e-076 2.122e-314 -7.64037e-312 3.95253e-323 3.95253e-323 -0.52421 1.12983e-042 0 -1.30727e-311 3.95253e-323 3.95253e-323 -5.81866e-005 3.3171e-033 0 -1.8505e-311 3.95253e-323 3.95253e-323 2.06282 1.51872e-047 0 -2.39373e-311 3.95253e-323 3.95253e-323 2.06283 2.00457e-052 0 -2.93696e-311 3.95253e-323 3.95253e-323 2.06259 5.63773e-062 0 -3.79169e-270 nan 2.122e-314 0 0 1.97626e-320 -4.02342e-311 3.95253e-323 3.95253e-323 -0.524146 2.21216e-052 0 -4.56665e-311 3.95253e-323 3.95253e-323 1.75891e+006 5.34849e-038 0 -5.10988e-311 3.95253e-323 3.95253e-323 
