-856517.100971
0
0.000005 0.000005 0.000004 0.000005 0.000068 0.000004 0.000004 0.000005 0.000005 0.000004 0.030532 0.000005 0.000176 0.000004 0.000005 0.000005 0.000994 0.001259 0.015039 0.000005 0.145305 0.000004 0.000004 0.018765 0.000005 0.000005 0.000004 0.015922 0.000004 0.000004 0.000004 0.000004 0.000576 0.000005 0.000006 0.000455 0.000005 0.000004 0.000004 0.000005 0.000005 0.000005 0.000005 0.000005 0.000005 0.000005 0.000005 0.000005 0.000005 0.000005 0.000004 0.000005 0.000004 0.000004 0.000004 0.000004 0.000006 0.002090 0.658090 0.000704 0.000004 0.000004 0.000004 0.000004 0.000384 0.000005 0.000005 0.000005 0.000194 0.000004 0.000004 0.000005 0.000005 0.000004 0.000004 0.097598 0.000004 0.000004 0.000004 0.000004 0.000004 0.000005 0.000005 0.000005 0.000005 0.000004 0.000087 0.000005 0.000657 0.000005 0.000005 0.010753 0.000006 0.000005 0.000005 0.000006 
0.000005 0.000005 0.000005 0.000005 0.000005 0.000005 0.000005 0.000005 0.000005 0.000005 0.000057 0.000005 0.000006 0.000005 0.000005 0.000005 0.000007 0.000006 0.000005 0.000005 0.018019 0.000005 0.000005 0.000005 0.000005 0.000005 0.000005 0.000013 0.000005 0.000005 0.000005 0.000005 0.000005 0.000005 0.000007 0.000006 0.000005 0.000005 0.000005 0.000005 0.000005 0.000005 0.000005 0.000006 0.000005 0.000005 0.000005 0.000005 0.000005 0.000005 0.000005 0.000005 0.000005 0.000005 0.000005 0.000005 0.000006 0.000012 0.981431 0.000006 0.000005 0.000005 0.000005 0.000005 0.000005 0.000005 0.000005 0.000005 0.000005 0.000005 0.000005 0.000005 0.000005 0.000005 0.000005 0.000005 0.000005 0.000005 0.000005 0.000005 0.000005 0.000005 0.000005 0.000005 0.000005 0.000005 0.000006 0.000005 0.000008 0.000005 0.000005 0.000011 0.000006 0.000005 0.000005 0.000006 
0.000007 0.000182 0.000006 0.000007 0.000006 0.000006 0.000006 0.000094 0.005633 0.000006 0.021447 0.000007 0.000124 0.000006 0.000358 0.000007 0.000010 0.000432 0.000007 0.000007 0.000008 0.000006 0.000006 0.000007 0.000007 0.000007 0.000006 0.010813 0.000006 0.000006 0.000006 0.000006 0.000444 0.000270 0.000009 0.000665 0.000358 0.000006 0.000006 0.000182 0.000007 0.002380 0.000007 0.000008 0.000007 0.000182 0.000007 0.000007 0.000007 0.000534 0.000006 0.000446 0.000006 0.000006 0.000006 0.000006 0.000008 0.449406 0.462949 0.000882 0.000006 0.000006 0.000006 0.000006 0.000007 0.000446 0.000006 0.000007 0.000006 0.000006 0.000006 0.000007 0.032180 0.000006 0.000006 0.000007 0.000006 0.000006 0.000006 0.000006 0.000006 0.000534 0.000007 0.000007 0.000007 0.000006 0.000120 0.000007 0.000360 0.000007 0.000007 0.008034 0.000008 0.000094 0.000006 0.000008 
0.000004 0.000004 0.000004 0.000004 0.000004 0.000004 0.000004 0.000004 0.000004 0.000004 0.935065 0.000004 0.000005 0.000004 0.000004 0.000005 0.000006 0.000373 0.000005 0.000005 0.000005 0.000004 0.000004 0.000005 0.000004 0.000004 0.000004 0.000012 0.000004 0.000004 0.000004 0.000004 0.000005 0.000004 0.000006 0.000005 0.000004 0.000004 0.000004 0.000004 0.000004 0.000004 0.000004 0.000005 0.026882 0.000004 0.000004 0.000005 0.000004 0.000004 0.000004 0.000004 0.000004 0.000004 0.000004 0.000004 0.000005 0.000011 0.000800 0.000006 0.000004 0.000004 0.000004 0.000004 0.000004 0.000004 0.000004 0.000005 0.000004 0.000004 0.000004 0.000004 0.000005 0.000004 0.000004 0.000005 0.000004 0.000004 0.000004 0.000004 0.000004 0.000004 0.000005 0.000004 0.000005 0.000004 0.000005 0.000004 0.000007 0.000004 0.000004 0.036467 0.000005 0.000004 0.000004 0.000006 
0.000004 0.000004 0.000004 0.000004 0.000004 0.000004 0.000004 0.000004 0.000004 0.000004 0.947457 0.000004 0.000005 0.000004 0.000004 0.000004 0.000006 0.000005 0.000004 0.000004 0.000005 0.000004 0.000004 0.000004 0.000004 0.000004 0.000004 0.022596 0.000004 0.000004 0.000004 0.000004 0.000004 0.000004 0.000005 0.000005 0.000004 0.000004 0.000004 0.000004 0.000004 0.000004 0.000004 0.000005 0.000004 0.000004 0.000004 0.000004 0.000004 0.000004 0.000004 0.000004 0.000004 0.000004 0.000004 0.000004 0.000005 0.029046 0.000529 0.000005 0.000004 0.000004 0.000004 0.000004 0.000004 0.000004 0.000004 0.000004 0.000004 0.000004 0.000004 0.000004 0.000004 0.000004 0.000004 0.000004 0.000004 0.000004 0.000004 0.000004 0.000004 0.000004 0.000004 0.000004 0.000004 0.000004 0.000005 0.000004 0.000006 0.000004 0.000004 0.000009 0.000005 0.000004 0.000004 0.000005 
0.003720 0.000005 0.000005 0.000005 0.000005 0.000005 0.000005 0.000005 0.000006 0.000005 0.030682 0.000005 0.000007 0.000005 0.000005 0.000006 0.023883 0.000007 0.000006 0.061258 0.000007 0.000005 0.000005 0.000006 0.000005 0.000005 0.000005 0.014410 0.000005 0.000005 0.000005 0.000005 0.000006 0.000005 0.000007 0.000006 0.000005 0.000005 0.000005 0.000005 0.008600 0.000006 0.009328 0.000307 0.000006 0.000005 0.000006 0.000006 0.000006 0.000005 0.000005 0.000005 0.000005 0.000005 0.000005 0.000005 0.026563 0.001350 0.670071 0.000007 0.000005 0.000005 0.000005 0.000005 0.000005 0.000005 0.000005 0.000006 0.000005 0.000005 0.000005 0.012679 0.000006 0.000005 0.000005 0.000006 0.000005 0.000005 0.000005 0.000005 0.000005 0.000005 0.031615 0.000005 0.000006 0.000005 0.000006 0.003137 0.000240 0.000006 0.000734 0.009241 0.000007 0.000005 0.000005 0.091762 
0.000006 0.000005 0.000005 0.000005 0.000005 0.000005 0.000005 0.000005 0.000006 0.000005 0.007134 0.000006 0.000007 0.000005 0.000005 0.021965 0.000008 0.000007 0.000006 0.000006 0.000007 0.000005 0.000005 0.000006 0.000819 0.000005 0.000005 0.001763 0.000005 0.000005 0.000005 0.000005 0.000006 0.000005 0.000007 0.000006 0.000005 0.000005 0.000005 0.000005 0.000006 0.000006 0.000006 0.000006 0.000006 0.000005 0.002889 0.708855 0.000006 0.000006 0.000005 0.000005 0.000005 0.000005 0.000005 0.000005 0.000007 0.070206 0.178066 0.000007 0.000005 0.000005 0.000005 0.000005 0.000006 0.000005 0.000005 0.001604 0.000005 0.000005 0.000005 0.000006 0.000006 0.000005 0.000005 0.000006 0.000005 0.000005 0.000005 0.000005 0.000005 0.000006 0.000006 0.000005 0.000006 0.000005 0.000007 0.000006 0.003183 0.003037 0.000006 0.000012 0.000007 0.000005 0.000005 0.000007 
0.000004 0.000004 0.000003 0.000004 0.000004 0.000003 0.000003 0.000004 0.000004 0.000003 0.021926 0.000004 0.002494 0.000003 0.000004 0.000004 0.029358 0.000005 0.000004 0.000004 0.000005 0.000003 0.000003 0.000004 0.000004 0.000258 0.000003 0.008371 0.000003 0.000003 0.000003 0.000003 0.000004 0.000004 0.000005 0.000004 0.000004 0.000003 0.000003 0.000004 0.000004 0.000004 0.000004 0.054841 0.000004 0.000004 0.000004 0.000004 0.000004 0.000004 0.000003 0.000004 0.000003 0.000003 0.000003 0.000003 0.000005 0.000009 0.490909 0.000005 0.000003 0.000003 0.000003 0.000003 0.000004 0.000004 0.000004 0.000004 0.000004 0.000003 0.000003 0.000004 0.000004 0.000003 0.000003 0.000004 0.000003 0.000003 0.000003 0.000003 0.000003 0.000004 0.000004 0.000004 0.000004 0.000003 0.000005 0.000004 0.000006 0.000004 0.000004 0.003475 0.000005 0.000004 0.000105 0.387929 
0.000006 0.000005 0.000005 0.000005 0.000005 0.000005 0.000005 0.000005 0.000006 0.000005 0.018081 0.000657 0.000007 0.000005 0.000005 0.000006 0.000008 0.000007 0.000006 0.000006 0.000007 0.000005 0.000005 0.000006 0.000005 0.000005 0.000005 0.007194 0.000005 0.000005 0.000005 0.000005 0.000006 0.000005 0.000007 0.000006 0.000005 0.000005 0.000005 0.000005 0.000006 0.000005 0.000006 0.000006 0.000006 0.000005 0.000006 0.000006 0.000005 0.000005 0.000005 0.000005 0.000005 0.000005 0.000005 0.000005 0.000007 0.012627 0.427013 0.000007 0.000005 0.000005 0.000005 0.000005 0.000005 0.000005 0.000005 0.000006 0.000005 0.000005 0.000005 0.000006 0.000006 0.000005 0.000005 0.000006 0.000005 0.000005 0.000005 0.000005 0.000005 0.000005 0.000006 0.000005 0.000006 0.000005 0.000006 0.000006 0.000008 0.000006 0.000005 0.003216 0.530725 0.000005 0.000005 0.000007 
0.000005 0.000005 0.000005 0.000005 0.000005 0.000005 0.000005 0.000005 0.000005 0.000005 0.000088 0.000005 0.000006 0.000005 0.000005 0.000005 0.000007 0.000006 0.000005 0.000005 0.000006 0.000005 0.000005 0.000005 0.000005 0.000005 0.000005 0.000013 0.000005 0.000005 0.000005 0.000005 0.000005 0.000005 0.990493 0.000033 0.000005 0.000005 0.000005 0.000005 0.000005 0.000005 0.000005 0.000006 0.000005 0.000005 0.000005 0.000005 0.000005 0.000005 0.000005 0.000005 0.000005 0.000005 0.000005 0.000005 0.000006 0.000012 0.004921 0.000006 0.000005 0.000005 0.000005 0.000005 0.000005 0.000005 0.000005 0.000005 0.000005 0.000005 0.000005 0.000005 0.000005 0.000005 0.000005 0.000005 0.000005 0.000005 0.000005 0.000005 0.000005 0.000005 0.000005 0.000005 0.000005 0.000005 0.003189 0.000005 0.000804 0.000005 0.000005 0.000011 0.000006 0.000005 0.000005 0.000006 
0.000005 0.000005 0.000005 0.000005 0.000005 0.000005 0.000005 0.000005 0.000005 0.000005 0.000057 0.000005 0.000006 0.000005 0.000005 0.000005 0.000007 0.000006 0.000005 0.000005 0.000006 0.000005 0.000005 0.000005 0.000005 0.000005 0.000005 0.000013 0.000005 0.000005 0.000005 0.000005 0.000005 0.000005 0.000006 0.000006 0.000005 0.000005 0.000005 0.000005 0.000005 0.000005 0.000005 0.000006 0.000005 0.000005 0.000005 0.000005 0.000005 0.000005 0.000005 0.000005 0.000005 0.000005 0.000005 0.000005 0.000006 0.000012 0.999448 0.000006 0.000005 0.000005 0.000005 0.000005 0.000005 0.000005 0.000005 0.000005 0.000005 0.000005 0.000005 0.000005 0.000005 0.000005 0.000005 0.000005 0.000005 0.000005 0.000005 0.000005 0.000005 0.000005 0.000005 0.000005 0.000005 0.000005 0.000006 0.000005 0.000008 0.000005 0.000005 0.000011 0.000006 0.000005 0.000005 0.000006 
0.000005 0.000005 0.000004 0.000005 0.000005 0.000004 0.000004 0.000005 0.000005 0.000004 0.025260 0.000005 0.000006 0.000004 0.000005 0.000005 0.000007 0.000006 0.000005 0.000005 0.000006 0.000004 0.000004 0.000005 0.000005 0.000005 0.000004 0.012093 0.000004 0.000004 0.000004 0.000004 0.000005 0.000005 0.217033 0.000006 0.000005 0.000004 0.000004 0.000005 0.000005 0.000005 0.000005 0.000006 0.000005 0.000005 0.000005 0.000005 0.001549 0.000005 0.000004 0.000005 0.000004 0.000004 0.000004 0.000004 0.158901 0.001351 0.547653 0.000006 0.000004 0.000004 0.000004 0.000004 0.000005 0.000005 0.000198 0.000095 0.000005 0.000004 0.000004 0.000005 0.000005 0.000004 0.000004 0.000005 0.000004 0.000004 0.000004 0.000004 0.000004 0.000005 0.000005 0.000262 0.020467 0.000004 0.000006 0.000005 0.000312 0.000005 0.000005 0.008153 0.006280 0.000005 0.000005 0.000006 
0.000005 0.000005 0.000004 0.000326 0.000005 0.000004 0.000004 0.000005 0.000005 0.000004 0.966707 0.000005 0.000006 0.000004 0.000005 0.000005 0.000267 0.000006 0.000005 0.000005 0.000006 0.000004 0.000004 0.000005 0.000005 0.000005 0.000004 0.000013 0.000004 0.000004 0.000004 0.000004 0.000005 0.000005 0.000006 0.000006 0.000005 0.000004 0.000004 0.000005 0.000005 0.000005 0.000005 0.000006 0.000005 0.000005 0.000005 0.000005 0.000005 0.000005 0.000004 0.000005 0.000004 0.000004 0.000004 0.000004 0.000006 0.000016 0.005527 0.026710 0.000004 0.000004 0.000004 0.000004 0.000005 0.000005 0.000005 0.000005 0.000005 0.000004 0.000004 0.000005 0.000005 0.000004 0.000004 0.000005 0.000004 0.000004 0.000004 0.000004 0.000004 0.000005 0.000005 0.000005 0.000005 0.000004 0.000006 0.000005 0.000008 0.000005 0.000005 0.000011 0.000006 0.000005 0.000005 0.000006 
0.078091 0.076892 0.076091 0.078804 0.077501 0.076612 0.076737 0.075983 0.076347 0.076969 0.075920 0.078149 0.075904 
0.076433 0.076420 0.075805 0.079008 0.077776 0.076703 0.075836 0.076377 0.076950 0.077561 0.076665 0.076205 0.078261 
0.076004 0.074351 0.073981 0.075140 0.073950 0.074807 0.074580 0.074065 0.104116 0.074711 0.073991 0.075268 0.075036 
0.076631 0.077364 0.075705 0.078798 0.076069 0.076489 0.076855 0.077164 0.076415 0.077623 0.076660 0.076831 0.077396 
breast
0.075901 0.072736 0.061028 0.084144 0.096725 0.065668 0.066411 0.102131 0.071377 0.075186 0.072997 0.076482 0.079215 
0.080748 0.074629 0.055046 0.087447 0.098004 0.068868 0.065339 0.094128 0.061722 0.078295 0.074831 0.081056 0.079886 
0.084032 0.076927 0.056224 0.083628 0.092270 0.069619 0.061343 0.102904 0.064566 0.078764 0.077400 0.078076 0.074248 
0.081822 0.077455 0.056288 0.085045 0.092128 0.068542 0.070850 0.108877 0.066814 0.064788 0.077675 0.075685 0.074033 
0.078873 0.075378 0.051440 0.085261 0.092071 0.067383 0.067318 0.095493 0.074250 0.081180 0.076024 0.079908 0.075422 
0.076798 0.070546 0.059329 0.089087 0.100014 0.067523 0.070246 0.103522 0.066569 0.071893 0.071071 0.072891 0.080512 
0.078950 0.074549 0.053230 0.087559 0.096339 0.067463 0.074177 0.096062 0.067806 0.070898 0.075015 0.078050 0.079901 
0.080581 0.074535 0.054376 0.086568 0.096831 0.066755 0.059725 0.101788 0.071492 0.074882 0.075107 0.078659 0.078702 
0.078992 0.075006 0.056697 0.086194 0.095331 0.065708 0.066724 0.096571 0.062654 0.082063 0.075749 0.081357 0.076954 
0.081064 0.073842 0.056638 0.086969 0.093234 0.069952 0.068461 0.094249 0.078412 0.071964 0.074556 0.074829 0.075830 
0.076749 0.075213 0.052459 0.090515 0.101853 0.071114 0.058392 0.098638 0.063582 0.074719 0.075749 0.080301 0.080715 
0.077985 0.076499 0.053209 0.085823 0.096469 0.068053 0.063123 0.104951 0.063328 0.078774 0.077491 0.078160 0.076135 
0.082062 0.069727 0.055726 0.087161 0.097155 0.065996 0.070778 0.100169 0.065688 0.079067 0.070337 0.078141 0.077994 
0.077738 0.071521 0.053030 0.093458 0.101592 0.065485 0.065734 0.095676 0.066193 0.075845 0.071805 0.080066 0.081859 
0.078337 0.071775 0.048702 0.087215 0.097501 0.065994 0.067585 0.093572 0.065973 0.091812 0.072171 0.081491 0.077871 
0.081267 0.076584 0.054467 0.085293 0.093775 0.070340 0.067684 0.102719 0.071858 0.070620 0.076941 0.073268 0.075184 
0.080411 0.076028 0.056103 0.081442 0.090829 0.070040 0.069185 0.102423 0.072913 0.072958 0.076849 0.077574 0.073245 
0.080297 0.075952 0.051341 0.084084 0.094572 0.066381 0.068311 0.102860 0.068742 0.079658 0.076666 0.075699 0.075436 
0.083505 0.076480 0.048902 0.082035 0.092634 0.068657 0.074672 0.105159 0.063412 0.071831 0.076941 0.079894 0.075877 
0.080903 0.074747 0.058274 0.089619 0.099438 0.065821 0.069779 0.095097 0.065153 0.072445 0.074740 0.074866 0.079117 
0.075339 0.072835 0.057467 0.086353 0.093674 0.069138 0.074397 0.095365 0.068263 0.077197 0.073364 0.080748 0.075860 
0.074858 0.074492 0.048803 0.087499 0.097922 0.067076 0.070980 0.099252 0.065170 0.081187 0.075382 0.076412 0.080967 
0.084898 0.073805 0.052355 0.083335 0.092675 0.072141 0.065821 0.103802 0.066758 0.075606 0.074464 0.079129 0.075211 
0.073315 0.073193 0.052841 0.090356 0.102087 0.066015 0.066725 0.087114 0.069677 0.079891 0.073731 0.082147 0.082908 
0.079477 0.072336 0.055111 0.091876 0.099645 0.068503 0.067628 0.100895 0.061113 0.074378 0.072905 0.075284 0.080850 
prostate
0.078215 0.075014 0.054374 0.086486 0.097453 0.068460 0.069606 0.092516 0.069425 0.074457 0.075746 0.079368 0.078880 
0.081425 0.073343 0.055107 0.087455 0.098652 0.068991 0.065215 0.097575 0.072235 0.070331 0.073818 0.076886 0.078969 
0.077850 0.075366 0.061445 0.086464 0.093785 0.069626 0.069788 0.099327 0.071542 0.069064 0.076481 0.074917 0.074343 
0.074831 0.074134 0.049782 0.088906 0.098623 0.070451 0.073467 0.096189 0.065177 0.073721 0.074736 0.079299 0.080685 
0.077935 0.072373 0.055732 0.088874 0.099681 0.064406 0.060357 0.095115 0.076324 0.077128 0.072716 0.079210 0.080151 
0.074405 0.072517 0.056298 0.086824 0.095485 0.065412 0.065801 0.098146 0.072827 0.079699 0.073450 0.080637 0.078499 
0.079937 0.075118 0.054184 0.087825 0.098660 0.066445 0.067131 0.101700 0.061262 0.075736 0.075746 0.077319 0.078938 
0.080794 0.078540 0.062646 0.075844 0.086368 0.071948 0.061666 0.100951 0.067949 0.079660 0.079419 0.084559 0.069654 
0.076934 0.071478 0.049145 0.085612 0.098339 0.071489 0.069831 0.108113 0.061439 0.083655 0.071797 0.074615 0.077553 
0.075362 0.071152 0.053403 0.089649 0.099361 0.068262 0.068079 0.102825 0.065730 0.076796 0.071889 0.076829 0.080663 
0.076283 0.073536 0.057957 0.088162 0.099875 0.064200 0.068273 0.101607 0.059853 0.080847 0.073910 0.074816 0.080683 
0.082267 0.075683 0.056814 0.083361 0.091965 0.072172 0.074427 0.099631 0.063716 0.072699 0.076113 0.077378 0.073772 
0.083001 0.077279 0.059869 0.081553 0.093686 0.066337 0.066351 0.103794 0.067617 0.069138 0.077858 0.075981 0.077537 
0.084237 0.075155 0.059773 0.087863 0.099687 0.068923 0.065556 0.099684 0.064035 0.067849 0.075838 0.070853 0.080547 
0.082946 0.074751 0.058948 0.082205 0.093923 0.070596 0.068669 0.107411 0.071420 0.063805 0.075103 0.076043 0.074181 
0.083055 0.074488 0.054050 0.088253 0.095661 0.066949 0.070312 0.098078 0.071905 0.071142 0.074460 0.075317 0.076329 
0.075081 0.074087 0.054213 0.081798 0.093668 0.069466 0.074952 0.101474 0.070165 0.073499 0.074369 0.081578 0.075649 
0.082330 0.074050 0.055144 0.090392 0.099145 0.067191 0.057913 0.101857 0.069008 0.073665 0.074277 0.076714 0.078314 
0.080722 0.070993 0.052871 0.088375 0.097495 0.065141 0.069176 0.103390 0.069139 0.074839 0.071247 0.073372 0.083241 
0.071369 0.072353 0.048427 0.088657 0.098398 0.064361 0.075495 0.100509 0.074317 0.078342 0.073175 0.073918 0.080679 
0.079657 0.075447 0.057655 0.089438 0.097917 0.066864 0.069816 0.094588 0.071288 0.071151 0.076297 0.071043 0.078840 
0.080326 0.071568 0.050277 0.091355 0.099898 0.066402 0.067912 0.103703 0.063941 0.071947 0.071889 0.079934 0.080847 
0.076198 0.073978 0.054969 0.090590 0.099613 0.068754 0.070469 0.088950 0.067644 0.073905 0.074736 0.078966 0.081228 
0.077925 0.076290 0.054061 0.091300 0.099104 0.070180 0.066152 0.100880 0.068813 0.062616 0.077215 0.076037 0.079427 
0.077614 0.074933 0.057068 0.083883 0.094629 0.069078 0.063831 0.094729 0.072679 0.076478 0.075930 0.081291 0.077858 
skin
0.080449 0.072794 0.054703 0.090863 0.098308 0.066864 0.062027 0.092066 0.075042 0.075456 0.073510 0.077949 0.079968 
0.082204 0.074166 0.052362 0.086626 0.094359 0.067896 0.071253 0.093096 0.077353 0.071575 0.074703 0.076265 0.078142 
0.080295 0.076470 0.057808 0.091894 0.103337 0.068036 0.060881 0.099221 0.061208 0.063759 0.076907 0.074554 0.085630 
0.076234 0.072639 0.049986 0.088121 0.099105 0.069349 0.066890 0.102047 0.069567 0.078688 0.073510 0.074579 0.079287 
0.075673 0.074585 0.054490 0.087029 0.097125 0.069386 0.061941 0.103111 0.069142 0.075214 0.075346 0.076477 0.080481 
0.084120 0.077163 0.054198 0.084544 0.091527 0.065537 0.060818 0.100641 0.068789 0.077234 0.077457 0.080479 0.077495 
0.073099 0.070490 0.057490 0.089747 0.100055 0.071669 0.069293 0.094889 0.059703 0.079965 0.071306 0.080334 0.081958 
0.080510 0.073591 0.055635 0.085560 0.094269 0.069095 0.070630 0.093756 0.066325 0.078690 0.074060 0.081273 0.076606 
0.074577 0.071772 0.057146 0.092722 0.100500 0.066445 0.064548 0.098199 0.069848 0.074239 0.072408 0.073519 0.084076 
0.081663 0.078171 0.055634 0.081030 0.090440 0.070644 0.055970 0.100489 0.069776 0.082020 0.078651 0.083605 0.071908 
0.082504 0.076432 0.050872 0.078025 0.089052 0.072972 0.068147 0.099453 0.071682 0.081607 0.076815 0.079857 0.072583 
0.079200 0.072017 0.057027 0.086798 0.095833 0.063646 0.070961 0.097713 0.074480 0.073902 0.072500 0.077901 0.078020 
0.081688 0.073657 0.059567 0.082144 0.089516 0.070045 0.069444 0.106743 0.070815 0.071975 0.073969 0.078192 0.072245 
0.082104 0.076563 0.057045 0.083765 0.093169 0.068124 0.064147 0.101864 0.067511 0.073145 0.077641 0.078576 0.076345 
0.076160 0.071899 0.049242 0.089540 0.098546 0.065191 0.080625 0.098623 0.064254 0.071565 0.072592 0.080557 0.081206 
0.084932 0.074760 0.057726 0.079695 0.088737 0.066771 0.074062 0.099019 0.068159 0.080049 0.074887 0.079870 0.071336 
0.082547 0.077440 0.058551 0.082595 0.093935 0.067860 0.065120 0.102368 0.066577 0.067466 0.078008 0.080502 0.077031 
0.077526 0.072705 0.051291 0.090892 0.097826 0.067035 0.072820 0.094272 0.069656 0.077628 0.073418 0.074934 0.079998 
0.078476 0.072851 0.058664 0.089321 0.098268 0.065553 0.061942 0.093634 0.077364 0.068655 0.073142 0.080886 0.081244 
0.081575 0.077680 0.054388 0.085996 0.092005 0.069043 0.065979 0.099426 0.071335 0.068286 0.078467 0.077810 0.078008 
0.079145 0.076055 0.053173 0.080999 0.090592 0.069266 0.059291 0.104631 0.064564 0.089358 0.076906 0.083217 0.072803 
0.076952 0.075569 0.056302 0.086331 0.094932 0.070945 0.066850 0.101146 0.073634 0.067077 0.076356 0.076339 0.077568 
0.080890 0.072993 0.056390 0.086802 0.098209 0.064564 0.061518 0.096035 0.075813 0.075127 0.073234 0.077846 0.080578 
0.081467 0.075744 0.057717 0.079213 0.086486 0.070049 0.071262 0.096780 0.072504 0.083612 0.075896 0.079495 0.069774 
0.079498 0.073779 0.057600 0.091060 0.101074 0.063218 0.057531 0.097797 0.073075 0.069883 0.074520 0.078332 0.082634 
stomach
0.079902 0.075262 0.053919 0.090310 0.097810 0.066571 0.066834 0.100945 0.074213 0.065645 0.075874 0.073115 0.079601 
0.077452 0.073689 0.057940 0.087891 0.098603 0.068842 0.064326 0.096509 0.067422 0.073959 0.074314 0.079410 0.079642 
0.076171 0.071490 0.053831 0.091527 0.100187 0.068207 0.066965 0.094871 0.063878 0.082105 0.072112 0.078240 0.080416 
0.078234 0.077329 0.053963 0.084093 0.091187 0.068391 0.065172 0.103683 0.066437 0.075997 0.078260 0.082274 0.074981 
0.080226 0.072780 0.054126 0.088380 0.096075 0.068089 0.062898 0.103014 0.073476 0.073484 0.073488 0.076656 0.077307 
0.082246 0.078438 0.054570 0.081055 0.087982 0.075795 0.064065 0.109916 0.068989 0.068073 0.078810 0.078027 0.072034 
0.078827 0.072018 0.054414 0.088037 0.096190 0.063969 0.061876 0.101097 0.069621 0.082443 0.072387 0.079312 0.079810 
0.073637 0.074838 0.059852 0.094637 0.102480 0.069536 0.065854 0.103913 0.059007 0.062990 0.075599 0.075503 0.082153 
0.077491 0.073637 0.058411 0.089649 0.094562 0.071536 0.067119 0.103905 0.066191 0.070673 0.074314 0.076307 0.076204 
0.083201 0.074186 0.052254 0.087450 0.097156 0.068904 0.071248 0.104621 0.064071 0.070322 0.074131 0.074383 0.078074 
0.077558 0.076091 0.054547 0.084845 0.095746 0.067650 0.065692 0.101438 0.068892 0.075116 0.076883 0.075678 0.079864 
0.080791 0.074896 0.050410 0.091215 0.099832 0.066203 0.066307 0.099234 0.064381 0.069125 0.075232 0.081726 0.080649 
0.076523 0.072988 0.054857 0.088355 0.096684 0.065071 0.070425 0.102081 0.065935 0.077196 0.073488 0.077310 0.079086 
0.081379 0.077574 0.059447 0.079524 0.089853 0.070355 0.063426 0.098096 0.069579 0.076752 0.078351 0.081459 0.074203 
0.082756 0.077113 0.060400 0.085962 0.094774 0.067428 0.068898 0.102418 0.061015 0.068887 0.077984 0.074963 0.077402 
0.078887 0.072861 0.056486 0.085521 0.095068 0.068003 0.069496 0.099263 0.068780 0.080504 0.073305 0.075321 0.076506 
0.081836 0.076111 0.052796 0.085215 0.095238 0.066830 0.060014 0.104530 0.066796 0.080576 0.076424 0.076239 0.077395 
0.081094 0.075173 0.060779 0.084431 0.092912 0.065910 0.071074 0.104196 0.068439 0.065899 0.075782 0.077603 0.076710 
0.082278 0.073634 0.056804 0.083652 0.090232 0.065899 0.068554 0.100404 0.070072 0.083337 0.073672 0.077849 0.073612 
0.076780 0.075860 0.058066 0.087139 0.094635 0.070004 0.066747 0.091740 0.069396 0.078360 0.076700 0.076993 0.077578 
0.082311 0.074928 0.054392 0.087262 0.095623 0.071023 0.058974 0.104992 0.072902 0.068790 0.075690 0.076851 0.076262 
0.071011 0.073198 0.059254 0.090280 0.100246 0.065650 0.061218 0.097700 0.069207 0.080836 0.074131 0.077021 0.080248 
0.075615 0.074705 0.061510 0.084002 0.095827 0.064940 0.063274 0.095813 0.075117 0.074840 0.075782 0.081609 0.076964 
0.077094 0.072070 0.051051 0.090351 0.099431 0.069922 0.069221 0.101622 0.068157 0.068764 0.072387 0.078307 0.081623 
0.082327 0.075545 0.055134 0.089560 0.096456 0.067426 0.065815 0.094202 0.067864 0.073236 0.076057 0.078869 0.077508 
0.656415 0.653894 0.649803 0.661878 0.654219 0.653431 0.652688 0.652205 0.685154 0.65606 0.651786 0.65557 0.655792 
17.7405 8.34452 -30.2935 31.8078 48.1355 -1.45781 -4.1664 53.7595 -1.16092 19.534 9.61872 17.974 16.2872 1.49581e-154 2.94161e-317 2.94191e-317 2.94191e-317 2.2997e-317 2.29999e-317 2.29999e-317 2.30152e-317 2.30181e-317 2.30181e-317 2.30283e-317 2.30312e-317 2.30312e-317 0 0 0 1.29183e-231 2.93181e-317 2.93117e-317 -5.34656e+235 1.55423e-317 9.38725e-323 2.93131e-317 nan 2.92847e-317 2.122e-314 -3.78641e-270 nan 2.122e-314 0 0 1.97626e-320 -9.18903e-312 3.95253e-323 3.95253e-323 7.28493 4.27934e-033 0 -1.46213e-311 3.95253e-323 3.95253e-323 7.29693 3.0575e-057 0 -2.00537e-311 3.95253e-323 3.95253e-323 -0.000153927 2.1098e-052 0 -1.28971e-231 7.17857 7.70947 7.28493 7.4733 0 -3.09183e-311 3.95253e-323 3.95253e-323 1.07609 4.42702e-062 2.67355e-310 -3.63506e-311 3.95253e-323 3.95253e-323 7.27878 3.53979e-057 0 -4.17829e-311 3.95253e-323 3.95253e-323 7.29693 8.98209e-067 0 -4.72152e-311 3.95253e-323 3.95253e-323 -0.000153398 1.24557e-047 0 -5.26475e-311 3.95253e-323 3.95253e-323 
