-684737.533167
0
0.000034 0.000060 0.000002 0.000002 0.000031 0.000002 0.000002 0.000002 0.000002 0.000002 0.000058 0.000002 0.000345 0.000002 0.000118 0.003344 0.016487 0.000274 0.006909 0.000009 0.074442 0.000002 0.000002 0.008621 0.000002 0.000002 0.000002 0.000002 0.000002 0.000002 0.000002 0.000002 0.000002 0.000002 0.026027 0.000437 0.000118 0.000002 0.000002 0.000060 0.000971 0.000002 0.000004 0.000573 0.000176 0.000002 0.000280 0.133169 0.000055 0.000002 0.000002 0.000002 0.000002 0.000002 0.000002 0.000002 0.000003 0.000782 0.644808 0.012683 0.000002 0.000002 0.000002 0.000002 0.000176 0.000002 0.000002 0.000002 0.000089 0.000002 0.000002 0.000002 0.000002 0.000002 0.000002 0.044834 0.000002 0.000002 0.000002 0.000002 0.000002 0.000002 0.000182 0.000118 0.001300 0.000002 0.000385 0.000161 0.000410 0.000482 0.000002 0.000631 0.019914 0.000002 0.000060 0.000276 
0.000003 0.000002 0.000002 0.000002 0.000002 0.000002 0.000002 0.000002 0.000002 0.000002 0.000006 0.000002 0.000003 0.000002 0.000002 0.000003 0.000003 0.000003 0.000002 0.000003 0.000109 0.000002 0.000002 0.000002 0.000002 0.000002 0.000002 0.000002 0.000002 0.000002 0.000002 0.000002 0.000002 0.000002 0.000005 0.000002 0.000002 0.000002 0.000002 0.000002 0.000004 0.000002 0.000003 0.000005 0.000003 0.000002 0.000003 0.050700 0.000003 0.000002 0.000002 0.000147 0.000002 0.000002 0.000002 0.000002 0.000003 0.000005 0.922013 0.000002 0.000002 0.000002 0.000002 0.000002 0.000002 0.000002 0.000002 0.000002 0.000002 0.000002 0.000002 0.000002 0.000002 0.000002 0.000002 0.000002 0.000002 0.000002 0.000002 0.000002 0.000002 0.000002 0.000004 0.000002 0.000004 0.000002 0.000003 0.000003 0.000003 0.000003 0.000002 0.000004 0.026812 0.000002 0.000002 0.000004 
0.000096 0.000002 0.000002 0.000147 0.000002 0.000002 0.000002 0.000002 0.001856 0.000002 0.000101 0.000263 0.000531 0.000002 0.000002 0.000003 0.000003 0.000407 0.000002 0.000035 0.000003 0.000002 0.000002 0.000002 0.000321 0.000147 0.000002 0.000002 0.000002 0.000002 0.000002 0.000002 0.000408 0.000089 0.000303 0.000002 0.000002 0.000002 0.000002 0.000002 0.001185 0.000784 0.000031 0.000687 0.000319 0.000060 0.000444 0.092544 0.000301 0.000176 0.000002 0.000002 0.000002 0.000002 0.000002 0.000002 0.000003 0.107716 0.749112 0.000002 0.000002 0.000002 0.000002 0.000002 0.000002 0.000147 0.000089 0.000002 0.000002 0.000002 0.000002 0.000002 0.010605 0.000002 0.000002 0.000002 0.000002 0.000002 0.000002 0.000002 0.000002 0.000002 0.000336 0.000002 0.001561 0.000002 0.000582 0.001091 0.000572 0.000712 0.000292 0.000772 0.024705 0.000031 0.000002 0.000327 
0.000003 0.000002 0.000002 0.000002 0.000002 0.000002 0.000002 0.000002 0.000003 0.000002 0.892492 0.000002 0.000734 0.000002 0.000002 0.005782 0.000004 0.000249 0.000003 0.000003 0.000003 0.000002 0.000002 0.000003 0.000002 0.000002 0.000002 0.000003 0.000002 0.000002 0.000002 0.000002 0.000002 0.000002 0.000005 0.000002 0.000002 0.000002 0.000002 0.000002 0.000005 0.000002 0.000003 0.032490 0.014180 0.000002 0.000456 0.000855 0.000382 0.000002 0.000002 0.000002 0.000002 0.000002 0.000002 0.000002 0.000003 0.000005 0.011871 0.000003 0.000002 0.000002 0.000002 0.000002 0.000002 0.000002 0.000002 0.000002 0.000002 0.000002 0.000002 0.000003 0.000003 0.000002 0.000002 0.000003 0.000002 0.000002 0.000002 0.000002 0.000002 0.000002 0.000004 0.000002 0.000004 0.000002 0.000541 0.000003 0.001382 0.000003 0.000002 0.038350 0.000035 0.000002 0.000002 0.000004 
0.000003 0.000002 0.000002 0.000002 0.000002 0.000002 0.000002 0.000002 0.000002 0.000002 0.701584 0.000002 0.000003 0.000002 0.000002 0.000003 0.000003 0.000003 0.000002 0.000003 0.000003 0.000002 0.000002 0.000002 0.000002 0.000002 0.000002 0.044315 0.000002 0.000002 0.000002 0.000002 0.000002 0.000002 0.000005 0.000002 0.000002 0.000002 0.000002 0.000002 0.000957 0.000002 0.000003 0.000005 0.000004 0.000002 0.000003 0.000013 0.000003 0.000002 0.000002 0.000002 0.000002 0.000002 0.000002 0.000002 0.000003 0.093491 0.003991 0.000002 0.000002 0.000002 0.000002 0.000002 0.000002 0.000002 0.000002 0.000002 0.000002 0.000002 0.000002 0.000002 0.000002 0.000002 0.000002 0.000003 0.000002 0.000002 0.000002 0.000002 0.000002 0.000002 0.000004 0.000002 0.006596 0.000002 0.000003 0.000003 0.000004 0.000003 0.000002 0.000004 0.148842 0.000002 0.000002 0.000004 
0.001477 0.000002 0.000002 0.000002 0.000002 0.000002 0.000002 0.000034 0.000002 0.000002 0.000006 0.000002 0.000004 0.000002 0.000002 0.000003 0.011260 0.000003 0.000003 0.026485 0.000003 0.000002 0.000002 0.000003 0.000002 0.000002 0.000002 0.000003 0.000002 0.000002 0.000002 0.000002 0.000002 0.000002 0.543375 0.000002 0.000002 0.000002 0.000002 0.000002 0.000388 0.000002 0.004009 0.000554 0.000004 0.000002 0.000004 0.000767 0.000003 0.000002 0.000002 0.000002 0.000002 0.000002 0.000002 0.000002 0.089377 0.000005 0.022734 0.000003 0.000002 0.000002 0.000002 0.000002 0.000002 0.000002 0.000002 0.000728 0.000002 0.000002 0.000002 0.005490 0.000003 0.000002 0.000002 0.000003 0.000002 0.000002 0.000002 0.000002 0.000002 0.000192 0.013135 0.000002 0.000004 0.000002 0.000004 0.000003 0.000004 0.000003 0.000002 0.000004 0.000019 0.000002 0.000002 0.279779 
0.169029 0.166803 0.166419 0.164737 0.166996 0.166016 
0.164622 0.165656 0.168091 0.164521 0.172612 0.164497 
0.166513 0.166540 0.166881 0.165134 0.168179 0.166753 
0.144880 0.182780 0.180448 0.157629 0.139474 0.194790 
breast
0.168108 0.169278 0.174605 0.152611 0.171764 0.163633 
0.174434 0.171619 0.169688 0.159611 0.162092 0.162555 
0.174688 0.176838 0.173730 0.151870 0.158578 0.164296 
0.177519 0.179385 0.177812 0.154514 0.158021 0.152749 
0.173725 0.176543 0.174045 0.149578 0.161464 0.164646 
0.170067 0.165507 0.171207 0.162049 0.174833 0.156336 
0.178913 0.174399 0.173964 0.158188 0.167202 0.147333 
0.173368 0.172810 0.171216 0.158209 0.167050 0.157346 
0.172331 0.174001 0.174946 0.155641 0.160988 0.162093 
0.175867 0.174056 0.176114 0.155104 0.169034 0.149825 
0.164758 0.173033 0.168755 0.161543 0.167913 0.163999 
0.170001 0.177205 0.173660 0.153854 0.162698 0.162582 
0.175142 0.163418 0.166942 0.155986 0.169362 0.169150 
0.168454 0.166561 0.167090 0.165881 0.173741 0.158273 
0.170074 0.167527 0.164439 0.154908 0.166827 0.176225 
0.175854 0.178043 0.176855 0.153703 0.163817 0.151728 
0.177273 0.178147 0.177281 0.147829 0.163071 0.156398 
0.175191 0.177349 0.172956 0.152942 0.162805 0.158757 
0.182523 0.178260 0.173051 0.149760 0.156423 0.159983 
0.173354 0.172679 0.175536 0.159965 0.171015 0.147450 
0.171798 0.170901 0.175272 0.155409 0.165471 0.161150 
0.170784 0.174683 0.170146 0.158498 0.163369 0.162520 
0.177951 0.171970 0.171077 0.148787 0.159271 0.170944 
0.165588 0.170777 0.169211 0.159696 0.175878 0.158851 
0.170748 0.167951 0.168349 0.166234 0.165894 0.160824 
prostate
0.174766 0.175038 0.173954 0.158041 0.168367 0.149834 
0.172698 0.171176 0.171370 0.156569 0.173446 0.154741 
0.171231 0.176971 0.182065 0.151901 0.167525 0.150307 
0.172441 0.173479 0.170416 0.161550 0.167621 0.154493 
0.165832 0.168289 0.168068 0.160763 0.179594 0.157455 
0.167935 0.170461 0.171674 0.158308 0.168490 0.163131 
0.171282 0.173797 0.171995 0.160439 0.163837 0.158649 
0.176072 0.180864 0.181348 0.138381 0.155166 0.168169 
0.170160 0.166347 0.166007 0.155853 0.164618 0.177015 
0.166773 0.166488 0.165831 0.164306 0.169720 0.166883 
0.169515 0.169388 0.170773 0.161722 0.168874 0.159728 
0.180572 0.176266 0.178964 0.153238 0.157800 0.153160 
0.178827 0.179057 0.180889 0.149591 0.161331 0.150304 
0.176842 0.173939 0.175974 0.157504 0.170381 0.145360 
0.175096 0.173554 0.176383 0.151558 0.169405 0.154004 
0.177997 0.173497 0.173199 0.155211 0.168062 0.152033 
0.173934 0.173567 0.174487 0.148257 0.164673 0.165082 
0.168973 0.170172 0.168615 0.159837 0.172278 0.160125 
0.177373 0.166105 0.167972 0.159344 0.169130 0.160074 
0.169842 0.171935 0.168313 0.160316 0.172369 0.157225 
0.173929 0.176856 0.177599 0.159159 0.169492 0.142964 
0.171833 0.166307 0.165721 0.166914 0.166846 0.162380 
0.171210 0.172967 0.172308 0.159852 0.170343 0.153320 
0.171526 0.177468 0.174967 0.164212 0.170133 0.141694 
0.170750 0.174916 0.174591 0.153420 0.168960 0.157363 
skin
0.170406 0.170149 0.170093 0.161602 0.175198 0.152552 
0.176704 0.174777 0.172820 0.156610 0.168336 0.150753 
0.171067 0.175023 0.173778 0.163169 0.171530 0.145433 
0.167545 0.170740 0.167481 0.158763 0.171064 0.164407 
0.166385 0.172897 0.171579 0.158366 0.166166 0.164608 
0.178989 0.177410 0.173445 0.151333 0.160420 0.158403 
0.164899 0.165440 0.169130 0.158782 0.170477 0.171273 
0.173413 0.172260 0.173116 0.153623 0.164755 0.162833 
0.166463 0.167630 0.170412 0.167780 0.174356 0.153360 
0.171575 0.178742 0.175572 0.146595 0.162448 0.165067 
0.179684 0.177842 0.173899 0.140687 0.159482 0.168406 
0.173163 0.169302 0.172469 0.154140 0.176633 0.154293 
0.175881 0.171670 0.175675 0.147572 0.163655 0.165546 
0.175930 0.178215 0.176158 0.150655 0.159749 0.159293 
0.175029 0.170623 0.169415 0.160887 0.167233 0.156814 
0.181874 0.174265 0.175823 0.144417 0.157730 0.165891 
0.176709 0.178940 0.179324 0.148170 0.164927 0.151930 
0.171453 0.171185 0.169807 0.163343 0.168696 0.155517 
0.170234 0.169591 0.172185 0.160261 0.176690 0.151039 
0.178365 0.180786 0.178030 0.153937 0.160922 0.147960 
0.168741 0.175362 0.170507 0.147480 0.156319 0.181591 
0.170440 0.176466 0.175533 0.155027 0.168645 0.153890 
0.170641 0.169692 0.169353 0.158199 0.175710 0.156405 
0.178306 0.176464 0.177714 0.143238 0.158450 0.165828 
0.167995 0.170991 0.171423 0.163146 0.179908 0.146538 
stomach
0.171897 0.176040 0.173599 0.164716 0.172560 0.141189 
0.168578 0.171401 0.172921 0.159934 0.167874 0.159292 
0.167994 0.167318 0.169387 0.163200 0.172086 0.160014 
0.173820 0.179896 0.175549 0.151042 0.155240 0.164453 
0.169761 0.170720 0.171377 0.158171 0.169736 0.160235 
0.176970 0.181029 0.177933 0.147235 0.152707 0.164126 
0.169794 0.166952 0.167428 0.159203 0.167676 0.168947 
0.163613 0.173327 0.176110 0.166568 0.171503 0.148879 
0.171758 0.171762 0.173847 0.159700 0.163793 0.159140 
0.177150 0.172135 0.170518 0.155672 0.166088 0.158437 
0.172613 0.177419 0.174412 0.153408 0.164264 0.157884 
0.171385 0.173847 0.169343 0.164598 0.167341 0.153486 
0.170254 0.170820 0.170340 0.157468 0.167262 0.163856 
0.176098 0.180421 0.179979 0.144604 0.159584 0.159314 
0.176906 0.178711 0.179858 0.157708 0.159284 0.147532 
0.172389 0.170437 0.172351 0.153828 0.169763 0.161232 
0.173046 0.174849 0.171004 0.155371 0.163314 0.162415 
0.178593 0.175642 0.177769 0.151375 0.167266 0.149355 
0.177897 0.171416 0.173559 0.152108 0.159086 0.165934 
0.171636 0.177362 0.177432 0.153374 0.164332 0.155864 
0.170291 0.174330 0.171923 0.156210 0.168443 0.158803 
0.159546 0.170551 0.172586 0.161084 0.176209 0.160024 
0.167652 0.175322 0.178827 0.150237 0.173498 0.154465 
0.170051 0.169024 0.167962 0.163104 0.169749 0.160110 
0.174949 0.175938 0.172385 0.159085 0.167785 0.149858 
0.493317 0.493627 0.49473 0.490868 0.496866 0.49306 
6.39412 6.3626 6.4017 -12.6228 4.68997 -0.786752 1.83223e-316 1.34091e-309 2.70194e-317 2.71463e-317 2.71525e-317 2.71525e-317 0 1.36585e-231 2.70627e-317 2.70657e-317 2.70657e-317 1.8321e-316 1.83213e-316 1.83213e-316 2.71466e-317 2.71495e-317 2.71495e-317 2.71526e-317 2.71555e-317 2.71555e-317 0 1.36586e-231 2.71496e-317 2.71525e-317 2.71525e-317 1.83268e-316 1.83271e-316 1.83271e-316 1.83282e-316 1.83284e-316 1.83284e-316 1.8329e-316 1.83293e-316 1.83293e-316 2.122e-313 1.36586e-231 3.48637e-005 1.15316e-007 6.35205e-005 0.545602 0.454299 1.25884e-007 3.8807e+174 1.36586e-231 3.48637e-005 1.15316e-007 6.35205e-005 0.545602 0.454299 1.25884e-007 0 1.36586e-231 2.70516e-317 2.70452e-317 -5.34656e+235 1.55423e-317 9.38725e-323 2.70466e-317 nan 2.70182e-317 2.122e-314 -4.92754e-313 3.95253e-323 3.95253e-323 -0.451678 2.5266e-052 2.122e-314 -1.28857e-231 3.29013 3.59211 3.51392 0.0487808 0 -1.13574e-311 3.95253e-323 3.95253e-323 3.51393 2.52824e-052 0 -1.67897e-311 3.95253e-323 3.95253e-323 3042.7 5.64927e-038 0 -2.2222e-311 3.95253e-323 3.95253e-323 6.47638 1.65636e-047 
