-684303.765411
0
0.000556 0.000072 0.000002 0.000003 0.000037 0.000002 0.000002 0.000002 0.000003 0.000002 0.001806 0.000003 0.000576 0.000002 0.000003 0.000003 0.028071 0.000442 0.008319 0.000003 0.080592 0.000002 0.000002 0.010381 0.000003 0.000003 0.000002 0.007576 0.000002 0.000002 0.000002 0.000002 0.000003 0.000003 0.109241 0.000003 0.000142 0.000002 0.000002 0.000003 0.000003 0.000003 0.000838 0.001996 0.000352 0.000003 0.000003 0.000003 0.000239 0.000003 0.000002 0.000003 0.000002 0.000002 0.000002 0.000002 0.001519 0.001512 0.619549 0.015273 0.000002 0.000002 0.000002 0.000002 0.000212 0.000003 0.000003 0.000003 0.000107 0.000002 0.000002 0.000820 0.000003 0.000002 0.000002 0.053992 0.000002 0.000002 0.000002 0.000002 0.000002 0.000003 0.000538 0.000142 0.000003 0.000002 0.000694 0.000192 0.000003 0.000003 0.000003 0.000068 0.052917 0.000002 0.000072 0.001002 
0.000004 0.000003 0.000002 0.000003 0.000002 0.000002 0.000002 0.000002 0.000003 0.000002 0.000010 0.000003 0.000004 0.000002 0.000003 0.000003 0.000004 0.000003 0.000003 0.000003 0.000055 0.000002 0.000002 0.000003 0.000003 0.000003 0.000002 0.000006 0.000002 0.000002 0.000002 0.000002 0.000003 0.000003 0.000006 0.000003 0.000003 0.000002 0.000002 0.000003 0.000003 0.000003 0.000005 0.000006 0.000004 0.000003 0.000003 0.000003 0.000003 0.000003 0.000002 0.000003 0.000002 0.000002 0.000002 0.000002 0.000005 0.000007 0.947434 0.000003 0.000002 0.000002 0.000002 0.000002 0.000003 0.000003 0.000003 0.000003 0.000003 0.000002 0.000002 0.000005 0.000003 0.000002 0.000002 0.000003 0.000002 0.000002 0.000002 0.000002 0.000002 0.000003 0.000005 0.000003 0.000003 0.000002 0.000004 0.000003 0.000003 0.000003 0.000003 0.000004 0.052238 0.000002 0.000003 0.000005 
0.000822 0.000003 0.000002 0.000179 0.000003 0.000002 0.000002 0.000038 0.002255 0.000002 0.002302 0.000319 0.001010 0.000002 0.000003 0.000003 0.000057 0.000652 0.000003 0.000003 0.005356 0.000002 0.000002 0.000003 0.000390 0.000179 0.000002 0.008441 0.000002 0.000002 0.000002 0.000002 0.000003 0.000108 0.001179 0.000003 0.000003 0.000002 0.000002 0.000073 0.000003 0.000953 0.001072 0.002621 0.001182 0.000073 0.000003 0.000003 0.000610 0.000214 0.000002 0.000179 0.000002 0.000002 0.000002 0.000002 0.001771 0.162693 0.719906 0.000003 0.000002 0.000002 0.000002 0.000002 0.000003 0.000179 0.000108 0.000003 0.000003 0.000002 0.000002 0.001037 0.012880 0.000002 0.000002 0.000003 0.000002 0.000002 0.000002 0.000002 0.000002 0.000214 0.001122 0.000003 0.000003 0.000002 0.001048 0.001326 0.000003 0.000003 0.000354 0.000534 0.065250 0.000003 0.000003 0.001181 
0.000004 0.000003 0.000002 0.000003 0.000003 0.000002 0.000002 0.000003 0.000003 0.000002 0.906725 0.000003 0.000288 0.000002 0.000003 0.000003 0.000004 0.000003 0.000003 0.000003 0.000005 0.000002 0.000002 0.000003 0.000003 0.000003 0.000002 0.000006 0.000002 0.000002 0.000002 0.000002 0.000498 0.000003 0.000006 0.000003 0.000003 0.000002 0.000002 0.000003 0.000003 0.000003 0.000005 0.032086 0.014860 0.000003 0.000003 0.000003 0.000003 0.000003 0.000002 0.000003 0.000002 0.000002 0.000002 0.000002 0.000006 0.000007 0.001413 0.000003 0.000002 0.000002 0.000002 0.000002 0.000003 0.000003 0.000003 0.000003 0.000003 0.000002 0.000002 0.000005 0.000003 0.000002 0.000002 0.000003 0.000002 0.000002 0.000002 0.000002 0.000002 0.000003 0.000005 0.000003 0.000003 0.000002 0.000024 0.000003 0.000003 0.000003 0.000003 0.043843 0.000015 0.000003 0.000003 0.000005 
0.000004 0.000003 0.000002 0.000003 0.000002 0.000002 0.000002 0.000002 0.000003 0.000002 0.890260 0.000003 0.000004 0.000002 0.000003 0.000003 0.000004 0.000003 0.000003 0.000003 0.000005 0.000002 0.000002 0.000003 0.000003 0.000003 0.000002 0.030202 0.000002 0.000002 0.000002 0.000002 0.000003 0.000003 0.000006 0.000003 0.000003 0.000002 0.000002 0.000003 0.001792 0.000003 0.000004 0.000006 0.000004 0.000003 0.000003 0.000003 0.000003 0.000003 0.000002 0.000003 0.000002 0.000002 0.000002 0.000002 0.000005 0.022025 0.000597 0.000003 0.000002 0.000002 0.000002 0.000002 0.000003 0.000003 0.000003 0.000003 0.000003 0.000002 0.000002 0.000005 0.000003 0.000002 0.000002 0.000003 0.000002 0.000002 0.000002 0.000002 0.000002 0.000003 0.000005 0.000003 0.000003 0.000002 0.000004 0.000003 0.000003 0.000003 0.000003 0.000004 0.054874 0.000002 0.000003 0.000005 
0.000426 0.000003 0.000002 0.000003 0.000003 0.000002 0.000002 0.000003 0.000003 0.000002 0.000010 0.000003 0.000004 0.000002 0.000003 0.000003 0.004260 0.000003 0.000003 0.029754 0.000005 0.000002 0.000002 0.000003 0.000003 0.000003 0.000002 0.000006 0.000002 0.000002 0.000002 0.000002 0.000003 0.000003 0.529467 0.000003 0.000003 0.000002 0.000002 0.000003 0.002351 0.000003 0.002496 0.001083 0.000004 0.000003 0.000003 0.000003 0.000003 0.000003 0.000002 0.000003 0.000002 0.000002 0.000002 0.000002 0.095822 0.000007 0.004566 0.000003 0.000002 0.000002 0.000002 0.000002 0.000003 0.000003 0.000003 0.000003 0.000003 0.000002 0.000002 0.004088 0.000003 0.000002 0.000002 0.000003 0.000002 0.000002 0.000002 0.000002 0.000002 0.000003 0.013625 0.000003 0.000003 0.000002 0.000004 0.000003 0.000003 0.000003 0.000003 0.000004 0.000015 0.000038 0.000003 0.311780 
0.000004 0.000003 0.000002 0.000003 0.000002 0.000002 0.000002 0.000002 0.000003 0.000002 0.000959 0.000003 0.000004 0.000002 0.000141 0.010269 0.000004 0.000003 0.000003 0.000003 0.003785 0.000002 0.000002 0.000003 0.000003 0.000003 0.000002 0.005104 0.000002 0.000002 0.000002 0.000002 0.000003 0.000003 0.000381 0.000521 0.000003 0.000002 0.000002 0.000003 0.000003 0.000003 0.000121 0.000536 0.000004 0.000003 0.001351 0.331406 0.000003 0.000003 0.000002 0.000003 0.000002 0.000002 0.000002 0.000002 0.001110 0.053801 0.539974 0.000003 0.000002 0.000002 0.000002 0.000002 0.000003 0.000003 0.000003 0.000798 0.000003 0.000002 0.000002 0.000208 0.000003 0.000002 0.000002 0.000003 0.000002 0.000002 0.000002 0.000002 0.000002 0.000003 0.000072 0.000003 0.010995 0.000002 0.000004 0.000003 0.002664 0.001420 0.000003 0.000004 0.033609 0.000002 0.000003 0.000586 
0.143741 0.142911 0.142652 0.141586 0.142715 0.142817 0.143579 
0.142923 0.145746 0.139711 0.140841 0.139591 0.148183 0.143006 
0.142608 0.144473 0.143147 0.142150 0.141472 0.142242 0.143909 
0.132945 0.132649 0.133303 0.201993 0.132894 0.132799 0.133418 
breast
0.139040 0.140916 0.146249 0.136853 0.145232 0.147878 0.143832 
0.145459 0.142145 0.138883 0.143151 0.144828 0.144003 0.141531 
0.147405 0.147136 0.144330 0.137331 0.137257 0.146690 0.139852 
0.142787 0.148144 0.144512 0.139025 0.137191 0.138082 0.150258 
0.144356 0.146844 0.141744 0.134976 0.139214 0.146958 0.145908 
0.140116 0.136489 0.143030 0.145621 0.149505 0.139286 0.145952 
0.145394 0.143690 0.139775 0.141973 0.144371 0.131409 0.153387 
0.147463 0.144665 0.141276 0.142874 0.145451 0.139871 0.138399 
0.143160 0.143918 0.142932 0.139986 0.141233 0.144233 0.144539 
0.145814 0.145072 0.144993 0.140391 0.142101 0.134422 0.147206 
0.138708 0.144121 0.139122 0.146047 0.150801 0.146452 0.134749 
0.142409 0.146998 0.141813 0.138207 0.143061 0.144862 0.142650 
0.147654 0.135048 0.137892 0.139248 0.145500 0.150487 0.144171 
0.140062 0.137729 0.136591 0.151006 0.151581 0.141425 0.141605 
0.142406 0.138398 0.132336 0.139416 0.145827 0.157400 0.144217 
0.144319 0.147914 0.144610 0.138919 0.141392 0.136423 0.146423 
0.146747 0.147946 0.145279 0.132695 0.137041 0.139223 0.151068 
0.144295 0.146804 0.139832 0.137404 0.141955 0.141566 0.148143 
0.146611 0.146197 0.136904 0.134156 0.138052 0.143770 0.154309 
0.141214 0.142383 0.144294 0.143900 0.148189 0.132109 0.147911 
0.139995 0.140878 0.144022 0.139227 0.140315 0.143814 0.151750 
0.139571 0.143853 0.135907 0.142377 0.145876 0.144823 0.147593 
0.148048 0.142583 0.138467 0.134068 0.138823 0.155027 0.142982 
0.136688 0.141850 0.138684 0.143048 0.152991 0.141924 0.144816 
0.140643 0.138627 0.137488 0.149539 0.146917 0.144375 0.142411 
prostate
0.144539 0.145186 0.141842 0.141395 0.146404 0.132079 0.148555 
0.144085 0.142377 0.142454 0.141166 0.148860 0.138938 0.142120 
0.140498 0.146827 0.151132 0.137252 0.141061 0.134655 0.148575 
0.138660 0.142537 0.135445 0.145195 0.147672 0.138864 0.151626 
0.140591 0.141277 0.141570 0.145478 0.150816 0.141186 0.139082 
0.140566 0.141907 0.142973 0.141381 0.143789 0.146076 0.143308 
0.140001 0.143471 0.139386 0.144132 0.146072 0.143344 0.143594 
0.149033 0.151279 0.152235 0.123402 0.129198 0.150137 0.144716 
0.141174 0.136674 0.134166 0.139496 0.147057 0.158736 0.142697 
0.138436 0.137647 0.136414 0.147383 0.148699 0.149419 0.142001 
0.140552 0.139920 0.140587 0.144432 0.147982 0.142610 0.143917 
0.146988 0.144646 0.145326 0.137906 0.136958 0.135478 0.152698 
0.146424 0.148534 0.148442 0.134632 0.139818 0.135840 0.146310 
0.146963 0.144143 0.145671 0.141795 0.148810 0.130321 0.142297 
0.144246 0.144420 0.147472 0.135911 0.141605 0.138108 0.148237 
0.146079 0.143451 0.141576 0.140763 0.144216 0.135765 0.148150 
0.140933 0.142979 0.141142 0.133437 0.140341 0.147240 0.153928 
0.143056 0.142509 0.141251 0.144384 0.148690 0.143829 0.136282 
0.146916 0.137184 0.137171 0.143636 0.146457 0.144213 0.144423 
0.137937 0.141708 0.134640 0.144808 0.148979 0.140064 0.151866 
0.142613 0.146493 0.145161 0.144950 0.146676 0.126662 0.147444 
0.141442 0.137347 0.134636 0.149283 0.148860 0.145855 0.142578 
0.140113 0.143041 0.140405 0.144038 0.148704 0.136311 0.147388 
0.139186 0.147461 0.142547 0.148514 0.148613 0.126814 0.146865 
0.143193 0.146025 0.145369 0.138055 0.142513 0.140293 0.144553 
skin
0.144366 0.142470 0.141758 0.145850 0.149561 0.136366 0.139629 
0.145272 0.145052 0.140572 0.141868 0.144079 0.134171 0.148986 
0.140821 0.145538 0.143261 0.146820 0.153390 0.130991 0.139179 
0.139527 0.141359 0.136070 0.143315 0.150028 0.147271 0.142430 
0.139647 0.144507 0.141956 0.141707 0.146043 0.147211 0.138929 
0.152295 0.148058 0.143873 0.136576 0.138549 0.140855 0.139794 
0.136190 0.135421 0.138797 0.143275 0.149798 0.153245 0.143274 
0.141761 0.141659 0.140997 0.138814 0.141912 0.146004 0.148854 
0.139188 0.139451 0.141003 0.152408 0.151848 0.137377 0.138725 
0.147400 0.150335 0.146236 0.132170 0.137283 0.147482 0.139093 
0.149896 0.147592 0.141317 0.126407 0.136241 0.150684 0.147863 
0.142925 0.140528 0.142970 0.138082 0.146926 0.139118 0.149450 
0.145454 0.142401 0.145234 0.132215 0.135670 0.149384 0.149643 
0.145956 0.148187 0.144731 0.135788 0.139674 0.142152 0.143511 
0.139031 0.138675 0.132932 0.145099 0.147727 0.140199 0.156336 
0.148787 0.143471 0.143881 0.129740 0.133847 0.148864 0.151411 
0.145811 0.148456 0.148018 0.133674 0.141403 0.136202 0.146435 
0.139966 0.141192 0.136942 0.147042 0.148060 0.138962 0.147837 
0.144139 0.142307 0.145409 0.144550 0.149873 0.135136 0.138586 
0.146891 0.150403 0.145744 0.138527 0.139188 0.132620 0.146628 
0.144474 0.146243 0.140762 0.132343 0.135949 0.162490 0.137740 
0.140412 0.147156 0.145587 0.138497 0.143908 0.137928 0.146510 
0.144336 0.142172 0.142503 0.142702 0.149104 0.139112 0.140071 
0.148023 0.146121 0.146498 0.128914 0.131437 0.147777 0.151230 
0.142889 0.143807 0.144141 0.147279 0.153288 0.130883 0.137713 
stomach
0.141867 0.146408 0.142792 0.147951 0.148637 0.126210 0.146135 
0.141571 0.142350 0.143461 0.143352 0.147392 0.141530 0.140345 
0.140705 0.137725 0.138198 0.147015 0.150847 0.142534 0.142975 
0.144967 0.149045 0.142417 0.135903 0.136453 0.147379 0.143836 
0.143549 0.142155 0.141397 0.143191 0.145703 0.143412 0.140594 
0.146835 0.150557 0.145995 0.131223 0.132525 0.147786 0.145079 
0.145471 0.139339 0.138857 0.142793 0.144737 0.150933 0.137869 
0.133598 0.142776 0.144779 0.150491 0.151707 0.132904 0.143746 
0.142701 0.142047 0.142978 0.144275 0.142102 0.141603 0.144294 
0.144923 0.141312 0.137848 0.139933 0.145436 0.142129 0.148418 
0.143261 0.147139 0.142873 0.137621 0.144254 0.141612 0.143239 
0.139950 0.143320 0.136288 0.148765 0.148928 0.138190 0.144560 
0.140759 0.140541 0.139321 0.141540 0.145278 0.146881 0.145681 
0.148202 0.149818 0.150617 0.128907 0.135801 0.142341 0.144314 
0.143999 0.147432 0.146356 0.140194 0.140256 0.132024 0.149739 
0.143369 0.140812 0.141408 0.137888 0.143703 0.144035 0.148786 
0.146975 0.145800 0.141171 0.138722 0.142844 0.145720 0.138770 
0.146642 0.145029 0.147109 0.135759 0.139711 0.133302 0.152448 
0.149327 0.141787 0.143446 0.136601 0.136058 0.147380 0.145402 
0.142549 0.146905 0.146018 0.138316 0.142174 0.138088 0.145950 
0.144486 0.145871 0.143317 0.140646 0.145101 0.143167 0.137412 
0.134748 0.142316 0.144415 0.144721 0.151134 0.142761 0.139906 
0.142726 0.146440 0.150382 0.135397 0.145470 0.137025 0.142560 
0.139512 0.139138 0.136460 0.147454 0.149600 0.143724 0.144113 
0.146380 0.145431 0.142120 0.143186 0.144813 0.132776 0.145293 
0.465173 0.465757 0.464525 0.503785 0.463634 0.465237 0.465894 
1.8836 1.96946 1.09449 -9.18167 -2.25188 3.72977 4.1475 7.27764e-310 3.05811e-317 3.0708e-317 3.07142e-317 3.07142e-317 0 1.33037e-231 3.06244e-317 3.06274e-317 3.06274e-317 2.58474e-317 2.58503e-317 2.58503e-317 3.07083e-317 3.07112e-317 3.07112e-317 3.07143e-317 3.07172e-317 3.07172e-317 0 1.33037e-231 3.07113e-317 3.07142e-317 3.07142e-317 2.5906e-317 2.5909e-317 2.5909e-317 2.59192e-317 2.59221e-317 2.59221e-317 2.59272e-317 2.59302e-317 2.59302e-317 2.122e-313 3.9096e-270 0.000999191 4.6883e-007 0.00126622 0.497571 0.499628 4.88014e-007 0.000534124 3.90959e-270 0.000999191 4.6883e-007 0.00126622 0.497571 0.499628 4.88014e-007 0.000534124 1.33036e-231 3.06133e-317 3.06069e-317 -5.34656e+235 1.55423e-317 9.38725e-323 3.06083e-317 nan 3.05799e-317 2.122e-314 -3.01834e-312 3.95253e-323 3.95253e-323 1.81421 9.16447e-072 2.122e-314 -8.45065e-312 3.95253e-323 3.95253e-323 111351 1.03097e-071 0 -1.3883e-311 3.95253e-323 3.95253e-323 -0.000241889 1.79617e-052 0 -1.93153e-311 3.95253e-323 3.95253e-323 1.81546 7.12315e-067 0 -2.47476e-311 3.95253e-323 3.95253e-323 1.81421 1.08586e-042 
