-962430.242102
0
0.000001 0.000001 0.000001 0.000001 0.000001 0.000001 0.000001 0.000001 0.000001 0.000001 0.000002 0.000001 0.000001 0.000001 0.000061 0.004464 0.013901 0.000467 0.003578 0.000050 0.035500 0.000001 0.000001 0.004464 0.000001 0.000001 0.000001 0.022181 0.000001 0.000001 0.000001 0.000001 0.000001 0.000001 0.270617 0.000227 0.000061 0.000001 0.000001 0.000001 0.001775 0.000001 0.000238 0.016275 0.000002 0.000031 0.000587 0.057186 0.000001 0.000001 0.000001 0.000001 0.000001 0.000001 0.000001 0.000001 0.010623 0.000002 0.350166 0.006568 0.000001 0.000001 0.000001 0.000001 0.000091 0.000001 0.000001 0.000001 0.000001 0.000001 0.000001 0.000543 0.000002 0.000001 0.000001 0.023218 0.000001 0.000001 0.000001 0.000001 0.000001 0.000001 0.000002 0.000061 0.000002 0.000001 0.000001 0.000001 0.000001 0.000001 0.000001 0.006135 0.037235 0.000001 0.000001 0.133617 
0.000001 0.000001 0.000001 0.000001 0.000001 0.000001 0.000001 0.000001 0.000001 0.000001 0.771564 0.000001 0.000001 0.000001 0.000001 0.000002 0.000002 0.000001 0.000002 0.001200 0.000029 0.000001 0.000001 0.000002 0.000001 0.000001 0.000001 0.000002 0.000001 0.000001 0.000001 0.000001 0.000001 0.000001 0.000004 0.000001 0.000001 0.000001 0.000001 0.000001 0.000001 0.000001 0.000002 0.000002 0.000002 0.000001 0.000001 0.007550 0.000001 0.000001 0.000001 0.000001 0.000001 0.000001 0.000001 0.000001 0.001740 0.000002 0.210738 0.000002 0.000001 0.000001 0.000001 0.000001 0.000001 0.000001 0.000001 0.000001 0.000001 0.000001 0.000001 0.000002 0.000002 0.000001 0.000001 0.000002 0.000001 0.000001 0.000001 0.000001 0.000001 0.000001 0.000002 0.000001 0.004769 0.000001 0.000001 0.000001 0.000001 0.000001 0.000001 0.000035 0.002264 0.000001 0.000001 0.000002 
0.000765 0.000031 0.000001 0.000076 0.000016 0.000001 0.000001 0.000016 0.000960 0.000001 0.000002 0.000136 0.000795 0.000001 0.000001 0.000002 0.000002 0.000001 0.000002 0.011354 0.003075 0.000001 0.000001 0.000002 0.000166 0.000076 0.000001 0.000002 0.000001 0.000001 0.000001 0.000001 0.000211 0.000046 0.001917 0.000001 0.000001 0.000001 0.000001 0.000031 0.000001 0.000406 0.001684 0.000002 0.006934 0.000001 0.000001 0.079055 0.000361 0.000091 0.000001 0.000076 0.000001 0.000001 0.000001 0.000001 0.030128 0.102695 0.656348 0.000002 0.000001 0.000001 0.000001 0.000001 0.000001 0.000076 0.000046 0.000346 0.000046 0.000001 0.000001 0.002069 0.005481 0.000001 0.000001 0.000002 0.000001 0.000001 0.000001 0.000001 0.000001 0.000091 0.006499 0.000001 0.000002 0.000001 0.000750 0.000645 0.001154 0.000615 0.000151 0.012654 0.071820 0.000016 0.000031 0.000002 
0.336711 0.330261 0.333028 
0.333777 0.329158 0.337065 
0.337627 0.330883 0.331489 
0.331448 0.331566 0.336986 
breast
0.331195 0.332183 0.336623 
0.332279 0.338310 0.329411 
0.341883 0.320853 0.337264 
0.332202 0.324098 0.343700 
0.337620 0.325170 0.337210 
0.332577 0.336387 0.331036 
0.328313 0.334366 0.337322 
0.333586 0.336820 0.329594 
0.334228 0.331505 0.334267 
0.328935 0.325332 0.345733 
0.322164 0.350016 0.327820 
0.336737 0.335406 0.327857 
0.347540 0.328673 0.323787 
0.325723 0.346098 0.328179 
0.343780 0.336457 0.319763 
0.333205 0.327453 0.339342 
0.337435 0.318899 0.343666 
0.342342 0.330881 0.326777 
0.344761 0.327499 0.327741 
0.326833 0.338203 0.334964 
0.330423 0.323524 0.346053 
0.334849 0.340030 0.325121 
0.342406 0.324860 0.332735 
0.320812 0.350530 0.328658 
0.329524 0.342590 0.327886 
prostate
0.326327 0.338133 0.335540 
0.327205 0.337667 0.335128 
0.324106 0.323529 0.352364 
0.326726 0.341153 0.332121 
0.328403 0.340791 0.330805 
0.333438 0.331479 0.335083 
0.331464 0.339968 0.328568 
0.341375 0.308464 0.350162 
0.350458 0.335251 0.314291 
0.339469 0.336092 0.324439 
0.339948 0.337326 0.322726 
0.335182 0.322364 0.342455 
0.331740 0.329966 0.338294 
0.329016 0.338369 0.332615 
0.333658 0.324958 0.341384 
0.330506 0.331219 0.338275 
0.332149 0.329527 0.338324 
0.331430 0.338595 0.329975 
0.341468 0.334363 0.324169 
0.336809 0.338532 0.324659 
0.320808 0.338129 0.341063 
0.336104 0.343117 0.320779 
0.318382 0.342885 0.338733 
0.319860 0.342749 0.337391 
0.329556 0.329222 0.341223 
skin
0.326350 0.340077 0.333572 
0.329268 0.330560 0.340172 
0.314746 0.356577 0.328677 
0.337038 0.341591 0.321371 
0.331188 0.338521 0.330291 
0.344184 0.320344 0.335472 
0.330144 0.340086 0.329769 
0.331398 0.330369 0.338232 
0.326633 0.343442 0.329925 
0.340744 0.321747 0.337508 
0.348605 0.315853 0.335542 
0.337591 0.328661 0.333749 
0.342084 0.315581 0.342336 
0.332396 0.329736 0.337868 
0.330530 0.341104 0.328366 
0.345784 0.312367 0.341849 
0.331174 0.329523 0.339303 
0.332309 0.336731 0.330960 
0.321273 0.337846 0.340880 
0.328604 0.327784 0.343611 
0.351617 0.318920 0.329463 
0.325721 0.331887 0.342392 
0.329390 0.340526 0.330084 
0.345572 0.307846 0.346582 
0.323034 0.349718 0.327248 
stomach
0.325368 0.337572 0.337059 
0.323404 0.340736 0.335860 
0.332559 0.341776 0.325666 
0.337616 0.323567 0.338817 
0.334186 0.334068 0.331747 
0.337972 0.316625 0.345403 
0.342756 0.332072 0.325172 
0.313843 0.350679 0.335478 
0.331964 0.327305 0.340732 
0.337253 0.335136 0.327611 
0.334823 0.333603 0.331574 
0.323866 0.347505 0.328629 
0.339956 0.329701 0.330343 
0.336806 0.316595 0.346600 
0.327675 0.334964 0.337360 
0.339721 0.328796 0.331484 
0.342946 0.332175 0.324880 
0.334500 0.323119 0.342381 
0.346600 0.316358 0.337042 
0.324105 0.331530 0.344365 
0.330821 0.332385 0.336794 
0.327632 0.342027 0.330341 
0.324759 0.330253 0.344988 
0.326405 0.342059 0.331536 
0.326595 0.334960 0.338445 
0.466389 0.463806 0.467133 
1.86082 -3.03333 3.0185 -3.79838e-270 1.22516e-008 1 1.22196e-008 -3.7993e-270 1.22516e-008 1 1.22196e-008 -3.80022e-270 1.22516e-008 1 1.22196e-008 -3.80115e-270 1.22516e-008 1 1.22196e-008 -3.80207e-270 1.22516e-008 1 1.22196e-008 -3.803e-270 1.22516e-008 1 1.22196e-008 -3.80392e-270 1.22516e-008 1 1.22196e-008 -3.80484e-270 1.22516e-008 1 1.22196e-008 -3.80577e-270 1.22516e-008 1 1.22196e-008 -3.80669e-270 1.22516e-008 1 1.22196e-008 -3.80762e-270 1.22516e-008 1 1.22196e-008 -3.80854e-270 1.22516e-008 1 1.22196e-008 -3.80947e-270 1.22516e-008 1 1.22196e-008 -3.81039e-270 1.22516e-008 1 1.22196e-008 -3.81131e-270 1.22516e-008 1 1.22196e-008 -3.81224e-270 1.22516e-008 1 1.22196e-008 2.122e-313 2.122e-313 1.38633e-231 1.66909e-317 1.66838e-317 -5.34656e+235 2.12205e-313 1.28457e-322 2.23881e-317 nan 2.122e-313 2.122e-313 -3.48344e-312 2.122e-313 -8.91575e-312 1.6976e-313 -1.43481e-311 2.122e-313 -1.97804e-311 2.122e-313 -2.52127e-311 0 -3.0645e-311 2.122e-313 -3.60773e-311 2.122e-313 -4.15096e-311 2.122e-313 -4.69419e-311 
