-867285.525514
0
0.000004 0.000097 0.000003 0.000238 0.000050 0.000003 0.000003 0.000050 0.000004 0.000003 0.054650 0.000004 0.001690 0.000003 0.000191 0.000055 0.001155 0.001146 0.008340 0.000004 0.114047 0.000003 0.000003 0.000004 0.000004 0.000238 0.000003 0.002024 0.000003 0.000003 0.000003 0.000003 0.000004 0.000003 0.003759 0.000617 0.000191 0.000003 0.000003 0.000097 0.000122 0.000004 0.000004 0.000004 0.008337 0.000097 0.000004 0.000004 0.000292 0.000004 0.000003 0.000238 0.000003 0.000003 0.000003 0.000003 0.000004 0.000489 0.788821 0.007730 0.000003 0.000003 0.000003 0.000003 0.000285 0.000238 0.000144 0.000832 0.000144 0.000003 0.000003 0.000004 0.000004 0.000003 0.000003 0.000252 0.000003 0.000003 0.000003 0.000003 0.000003 0.000285 0.000004 0.000191 0.000004 0.000003 0.001627 0.000004 0.000035 0.000037 0.000004 0.000830 0.000004 0.000050 0.000097 0.000004 
0.000009 0.000009 0.000008 0.000009 0.000009 0.000008 0.000008 0.000009 0.000009 0.000008 0.000104 0.000009 0.000010 0.000008 0.000009 0.000010 0.000011 0.000010 0.000010 0.000010 0.000777 0.000008 0.000008 0.000009 0.000009 0.000009 0.000008 0.000016 0.000008 0.000008 0.000008 0.000008 0.000009 0.000009 0.000022 0.000009 0.000009 0.000008 0.000008 0.000009 0.000010 0.000009 0.000009 0.000010 0.000016 0.000009 0.000009 0.000009 0.000011 0.000009 0.000008 0.000009 0.000008 0.000008 0.000008 0.000008 0.000011 0.000014 0.998253 0.000015 0.000008 0.000008 0.000008 0.000008 0.000009 0.000009 0.000009 0.000010 0.000009 0.000008 0.000008 0.000010 0.000009 0.000008 0.000008 0.000011 0.000008 0.000008 0.000008 0.000008 0.000008 0.000009 0.000009 0.000009 0.000009 0.000008 0.000010 0.000009 0.000010 0.000010 0.000009 0.000013 0.000010 0.000009 0.000009 0.000011 
0.000007 0.000007 0.000006 0.000007 0.000007 0.000006 0.000006 0.000007 0.005775 0.000006 0.056490 0.000007 0.001531 0.000006 0.000007 0.000008 0.000009 0.000604 0.000008 0.000008 0.005970 0.000006 0.000006 0.000007 0.000007 0.000007 0.000006 0.001961 0.000006 0.000006 0.000006 0.000006 0.000007 0.000277 0.003898 0.000179 0.000007 0.000006 0.000006 0.000007 0.000054 0.002440 0.000007 0.000008 0.010010 0.000007 0.000007 0.000007 0.000017 0.000548 0.000006 0.000007 0.000006 0.000006 0.000006 0.000006 0.000008 0.058035 0.808598 0.007421 0.000006 0.000006 0.000006 0.000006 0.000007 0.000007 0.000007 0.000486 0.000007 0.000006 0.000006 0.000008 0.032994 0.000006 0.000006 0.000140 0.000006 0.000006 0.000006 0.000006 0.000006 0.000007 0.000007 0.000007 0.000007 0.000006 0.001390 0.000007 0.000007 0.000008 0.000007 0.000686 0.000008 0.000007 0.000007 0.000008 
0.000006 0.000006 0.000005 0.000006 0.000006 0.000005 0.000005 0.000006 0.000006 0.000005 0.992242 0.000006 0.000007 0.000005 0.000006 0.000007 0.000007 0.000006 0.000007 0.000007 0.000010 0.000005 0.000005 0.000006 0.000006 0.000006 0.000005 0.000011 0.000005 0.000005 0.000005 0.000005 0.001073 0.000006 0.000014 0.000006 0.000006 0.000005 0.000005 0.000006 0.000007 0.000006 0.000006 0.000007 0.005003 0.000006 0.000006 0.000006 0.000007 0.000006 0.000005 0.000006 0.000005 0.000005 0.000005 0.000005 0.000007 0.000009 0.000256 0.000010 0.000005 0.000005 0.000005 0.000005 0.000006 0.000006 0.000006 0.000006 0.000006 0.000005 0.000005 0.000006 0.000006 0.000005 0.000005 0.000007 0.000005 0.000005 0.000005 0.000005 0.000005 0.000006 0.000006 0.000006 0.000006 0.000005 0.000007 0.000006 0.000006 0.000006 0.000006 0.000876 0.000007 0.000006 0.000006 0.000007 
0.000006 0.000006 0.000006 0.000006 0.000006 0.000006 0.000006 0.000006 0.000006 0.000006 0.998625 0.000006 0.000007 0.000006 0.000006 0.000007 0.000008 0.000007 0.000007 0.000007 0.000010 0.000006 0.000006 0.000006 0.000006 0.000006 0.000006 0.000234 0.000006 0.000006 0.000006 0.000006 0.000006 0.000006 0.000015 0.000007 0.000006 0.000006 0.000006 0.000006 0.000007 0.000006 0.000006 0.000007 0.000011 0.000006 0.000006 0.000007 0.000008 0.000006 0.000006 0.000006 0.000006 0.000006 0.000006 0.000006 0.000007 0.000283 0.000263 0.000010 0.000006 0.000006 0.000006 0.000006 0.000006 0.000006 0.000006 0.000007 0.000006 0.000006 0.000006 0.000007 0.000006 0.000006 0.000006 0.000008 0.000006 0.000006 0.000006 0.000006 0.000006 0.000006 0.000006 0.000006 0.000006 0.000006 0.000007 0.000006 0.000007 0.000007 0.000006 0.000009 0.000007 0.000006 0.000006 0.000008 
0.003326 0.000005 0.000004 0.000005 0.000005 0.000004 0.000004 0.000005 0.000005 0.000004 0.048549 0.000005 0.000006 0.000004 0.000005 0.000006 0.028947 0.000005 0.000006 0.054164 0.001751 0.000004 0.000004 0.000005 0.000005 0.000005 0.000004 0.001129 0.000004 0.000004 0.000004 0.000004 0.000005 0.000005 0.003649 0.000005 0.000005 0.000004 0.000004 0.000005 0.007493 0.000005 0.008341 0.000662 0.002240 0.000005 0.000005 0.000005 0.000006 0.000005 0.000004 0.000005 0.000004 0.000004 0.000004 0.000004 0.043865 0.000009 0.664007 0.001146 0.000004 0.000004 0.000004 0.000004 0.000005 0.000005 0.000005 0.000005 0.000005 0.000004 0.000004 0.000312 0.000005 0.000004 0.000004 0.000006 0.000004 0.000004 0.000004 0.000004 0.000004 0.000005 0.000005 0.000005 0.000005 0.000004 0.000006 0.002805 0.000005 0.000005 0.000656 0.000007 0.000006 0.000005 0.000005 0.126573 
0.000007 0.000007 0.000006 0.000007 0.000007 0.000006 0.000006 0.000007 0.000007 0.000006 0.002669 0.000007 0.000008 0.000006 0.000007 0.027286 0.000009 0.000008 0.000008 0.000008 0.000012 0.000006 0.000006 0.000007 0.000007 0.000007 0.000006 0.000013 0.000006 0.000006 0.000006 0.000006 0.000007 0.000007 0.000017 0.000008 0.000007 0.000006 0.000006 0.000007 0.000008 0.000007 0.000007 0.000008 0.000013 0.000007 0.000007 0.886154 0.000009 0.000007 0.000006 0.000007 0.000006 0.000006 0.000006 0.000006 0.000008 0.000457 0.079039 0.000012 0.000006 0.000006 0.000006 0.000006 0.000007 0.000007 0.000007 0.000008 0.000007 0.000006 0.000006 0.000008 0.000007 0.000006 0.000006 0.000009 0.000006 0.000006 0.000006 0.000006 0.000006 0.000007 0.000007 0.000007 0.000007 0.000006 0.000008 0.000007 0.000008 0.003732 0.000007 0.000010 0.000008 0.000007 0.000007 0.000009 
0.000006 0.000006 0.000005 0.000006 0.000006 0.000005 0.000005 0.000006 0.000006 0.000005 0.025739 0.000006 0.000007 0.000005 0.000006 0.000007 0.035885 0.000007 0.000007 0.000007 0.000010 0.000005 0.000005 0.000006 0.000006 0.000006 0.000005 0.000011 0.000005 0.000005 0.000005 0.000005 0.000006 0.000006 0.001835 0.000006 0.000006 0.000005 0.000005 0.000006 0.000007 0.000006 0.000006 0.084411 0.000011 0.000006 0.000006 0.000006 0.000007 0.000006 0.000005 0.000006 0.000005 0.000005 0.000005 0.000005 0.000007 0.000010 0.304932 0.000010 0.000005 0.000005 0.000005 0.000005 0.000006 0.000006 0.000006 0.000007 0.000006 0.000005 0.000005 0.000007 0.000006 0.000005 0.000005 0.000007 0.000005 0.000005 0.000005 0.000005 0.000005 0.000006 0.000006 0.000006 0.000006 0.000005 0.000007 0.000006 0.000006 0.000007 0.000006 0.000009 0.000007 0.000006 0.000006 0.546641 
0.000006 0.000005 0.000005 0.000005 0.000005 0.000005 0.000005 0.000005 0.000006 0.000005 0.023181 0.000005 0.000006 0.000005 0.000005 0.000006 0.000007 0.000006 0.000006 0.000006 0.000009 0.000005 0.000005 0.000006 0.000005 0.000005 0.000005 0.000010 0.000005 0.000005 0.000005 0.000005 0.000006 0.000005 0.002846 0.000006 0.000005 0.000005 0.000005 0.000005 0.000006 0.000006 0.000006 0.000006 0.000010 0.000005 0.000006 0.000006 0.000007 0.000005 0.000005 0.000005 0.000005 0.000005 0.000005 0.000005 0.000007 0.000009 0.437281 0.000009 0.000005 0.000005 0.000005 0.000005 0.000005 0.000005 0.000005 0.000006 0.000005 0.000005 0.000005 0.000006 0.000006 0.000005 0.000005 0.000007 0.000005 0.000005 0.000005 0.000005 0.000005 0.000005 0.000006 0.000005 0.000006 0.000005 0.000006 0.000006 0.000006 0.000006 0.000005 0.000008 0.536165 0.000005 0.000005 0.000007 
0.000005 0.000005 0.000005 0.000005 0.000005 0.000005 0.000005 0.000005 0.000005 0.000005 0.000068 0.000005 0.000006 0.000005 0.000005 0.000006 0.000007 0.000006 0.000006 0.000006 0.000009 0.000005 0.000005 0.000005 0.000005 0.000005 0.000005 0.000009 0.000005 0.000005 0.000005 0.000005 0.000005 0.000005 0.998774 0.000006 0.000005 0.000005 0.000005 0.000005 0.000006 0.000005 0.000005 0.000006 0.000009 0.000005 0.000005 0.000005 0.000006 0.000005 0.000005 0.000005 0.000005 0.000005 0.000005 0.000005 0.000006 0.000008 0.000659 0.000009 0.000005 0.000005 0.000005 0.000005 0.000005 0.000005 0.000005 0.000006 0.000005 0.000005 0.000005 0.000006 0.000005 0.000005 0.000005 0.000006 0.000005 0.000005 0.000005 0.000005 0.000005 0.000005 0.000005 0.000005 0.000005 0.000005 0.000006 0.000005 0.000006 0.000006 0.000005 0.000008 0.000006 0.000005 0.000005 0.000006 
0.000005 0.000005 0.000005 0.000005 0.000005 0.000005 0.000005 0.000005 0.000005 0.000005 0.000065 0.000005 0.000006 0.000005 0.000005 0.000006 0.000007 0.000006 0.000006 0.000006 0.000009 0.000005 0.000005 0.000005 0.000005 0.000005 0.000005 0.000010 0.000005 0.000005 0.000005 0.000005 0.000005 0.000005 0.000013 0.000006 0.000005 0.000005 0.000005 0.000005 0.000006 0.000005 0.000005 0.000006 0.000010 0.000005 0.000005 0.000006 0.000006 0.000005 0.000005 0.000005 0.000005 0.000005 0.000005 0.000005 0.000006 0.000009 0.999406 0.000009 0.000005 0.000005 0.000005 0.000005 0.000005 0.000005 0.000005 0.000006 0.000005 0.000005 0.000005 0.000006 0.000005 0.000005 0.000005 0.000006 0.000005 0.000005 0.000005 0.000005 0.000005 0.000005 0.000006 0.000005 0.000005 0.000005 0.000006 0.000005 0.000006 0.000006 0.000005 0.000008 0.000006 0.000005 0.000005 0.000007 
0.000008 0.000008 0.000007 0.000008 0.000007 0.000007 0.000007 0.000007 0.000008 0.000007 0.034165 0.000008 0.000009 0.000007 0.000008 0.000009 0.000010 0.000008 0.000009 0.000009 0.001745 0.000007 0.000007 0.000008 0.000008 0.000008 0.000007 0.000811 0.000007 0.000007 0.000007 0.000007 0.000008 0.000008 0.248707 0.000008 0.000008 0.000007 0.000007 0.000008 0.000009 0.000008 0.000008 0.000009 0.002064 0.000008 0.000008 0.000008 0.000009 0.000008 0.000007 0.000008 0.000007 0.000007 0.000007 0.000007 0.218465 0.000012 0.455266 0.001525 0.000007 0.000007 0.000007 0.000007 0.000008 0.000008 0.000008 0.000009 0.000008 0.000007 0.000007 0.000009 0.000008 0.000007 0.000007 0.000009 0.000007 0.000007 0.000007 0.000007 0.000007 0.000008 0.000008 0.000008 0.032161 0.000007 0.000009 0.000008 0.000008 0.000008 0.000008 0.000011 0.004425 0.000007 0.000008 0.000009 
0.000006 0.000006 0.000005 0.000006 0.000006 0.000005 0.000005 0.000006 0.000006 0.000005 0.987980 0.000006 0.000007 0.000005 0.000006 0.000007 0.000007 0.000006 0.000007 0.000007 0.000010 0.000005 0.000005 0.000006 0.000006 0.000006 0.000005 0.000011 0.000005 0.000005 0.000005 0.000005 0.000006 0.000006 0.000014 0.000006 0.000006 0.000005 0.000005 0.000006 0.000007 0.000006 0.000006 0.000007 0.000011 0.000006 0.000006 0.000006 0.000007 0.000006 0.000005 0.000006 0.000005 0.000005 0.000005 0.000005 0.000007 0.000009 0.001082 0.010375 0.000005 0.000005 0.000005 0.000005 0.000006 0.000006 0.000006 0.000006 0.000006 0.000005 0.000005 0.000006 0.000006 0.000005 0.000005 0.000007 0.000005 0.000005 0.000005 0.000005 0.000005 0.000006 0.000006 0.000006 0.000006 0.000005 0.000007 0.000006 0.000006 0.000006 0.000006 0.000009 0.000007 0.000006 0.000006 0.000007 
0.000005 0.000005 0.000004 0.000005 0.000005 0.000004 0.000004 0.000005 0.000005 0.000004 0.626695 0.000005 0.000013 0.000004 0.000005 0.000059 0.000006 0.000005 0.003919 0.000006 0.001149 0.000004 0.000004 0.000005 0.000005 0.000005 0.000004 0.019808 0.000004 0.000004 0.000004 0.000004 0.000005 0.000005 0.047298 0.000005 0.000005 0.000004 0.000004 0.000005 0.000006 0.000005 0.000005 0.000006 0.001593 0.000005 0.002549 0.000005 0.000381 0.000005 0.000004 0.000005 0.000004 0.000004 0.000004 0.000004 0.000006 0.000008 0.190844 0.001373 0.000004 0.000004 0.000004 0.000004 0.000005 0.000005 0.000005 0.000005 0.000005 0.000004 0.000004 0.000005 0.000005 0.000004 0.000004 0.000006 0.000004 0.000004 0.000004 0.000004 0.000004 0.000005 0.028311 0.000005 0.000005 0.000004 0.000006 0.000005 0.000005 0.000005 0.000005 0.075602 0.000006 0.000005 0.000005 0.000006 
0.000006 0.000005 0.000005 0.000005 0.000005 0.000005 0.000005 0.000005 0.000006 0.000005 0.001742 0.000662 0.000006 0.000005 0.000005 0.000006 0.000007 0.000006 0.000006 0.000693 0.000009 0.000005 0.000005 0.021660 0.000808 0.000005 0.000005 0.078746 0.000005 0.000005 0.000005 0.000005 0.000006 0.000005 0.000014 0.000006 0.000005 0.000005 0.000005 0.000005 0.000006 0.000006 0.000006 0.000006 0.002188 0.000005 0.000006 0.000006 0.000882 0.000005 0.000005 0.000005 0.000005 0.000005 0.000005 0.000005 0.000007 0.451801 0.305933 0.000009 0.000005 0.000005 0.000005 0.000005 0.000005 0.000005 0.000005 0.000006 0.000005 0.000005 0.000005 0.012349 0.000006 0.000005 0.000005 0.112159 0.000005 0.000005 0.000005 0.000005 0.000005 0.000005 0.000006 0.000005 0.000006 0.000005 0.000006 0.000006 0.005572 0.000006 0.000006 0.004343 0.000007 0.000005 0.000005 0.000007 
0.068902 0.065895 0.066494 0.067540 0.066711 0.066793 0.067132 0.065929 0.066334 0.066898 0.065866 0.065768 0.065849 0.067519 0.066368 
0.066505 0.065627 0.066939 0.066890 0.065216 0.066046 0.067399 0.067345 0.066563 0.065851 0.068186 0.065891 0.067933 0.066199 0.067411 
0.062963 0.062995 0.063550 0.063075 0.109349 0.063715 0.063006 0.063995 0.063955 0.064362 0.063620 0.063028 0.064071 0.065189 0.063129 
0.068294 0.065353 0.066227 0.067260 0.066436 0.066742 0.067120 0.065642 0.065652 0.067467 0.066423 0.065800 0.067544 0.066157 0.067882 
breast
0.109610 0.039665 0.054171 0.065683 0.061135 0.076193 0.052132 0.066132 0.071956 0.074261 0.069377 0.047295 0.066055 0.072964 0.073372 
0.114687 0.040704 0.054944 0.066594 0.062434 0.077034 0.051234 0.058730 0.062369 0.077888 0.071110 0.050807 0.067126 0.079675 0.064663 
0.114303 0.042151 0.054929 0.061683 0.057824 0.077724 0.047903 0.064569 0.064757 0.077890 0.073536 0.046899 0.062246 0.081076 0.072509 
0.115415 0.042312 0.055333 0.062566 0.058410 0.079143 0.057350 0.071250 0.067314 0.063789 0.073796 0.045848 0.062564 0.076845 0.068064 
0.109505 0.041368 0.056160 0.062998 0.058761 0.077865 0.054772 0.059355 0.075096 0.080306 0.072236 0.049548 0.063092 0.076115 0.062822 
0.107342 0.038569 0.053611 0.066988 0.062563 0.076227 0.056988 0.067330 0.066772 0.071440 0.067557 0.044433 0.067248 0.077205 0.075726 
0.112344 0.040802 0.053643 0.065743 0.060899 0.077289 0.060667 0.059635 0.068303 0.069428 0.071283 0.048554 0.066115 0.077048 0.068248 
0.111348 0.040851 0.055892 0.067020 0.061840 0.078405 0.047279 0.065144 0.072324 0.073860 0.071370 0.048965 0.066347 0.075293 0.064062 
0.110327 0.041210 0.055737 0.064610 0.060423 0.075482 0.052777 0.060159 0.063186 0.081112 0.071976 0.049906 0.064845 0.077111 0.071138 
0.108490 0.040536 0.055500 0.063336 0.059120 0.076916 0.054698 0.058571 0.078936 0.071039 0.070850 0.045324 0.063620 0.082819 0.070244 
0.109102 0.041215 0.054313 0.069348 0.065039 0.079802 0.045840 0.062242 0.064273 0.073860 0.071977 0.050011 0.069112 0.079462 0.064404 
0.108857 0.042190 0.054829 0.065155 0.060900 0.078832 0.049899 0.066529 0.063394 0.078293 0.073623 0.047789 0.064885 0.074640 0.070184 
0.104508 0.038152 0.052506 0.065176 0.060903 0.076280 0.056924 0.064822 0.065961 0.078691 0.066864 0.048366 0.065495 0.077112 0.078238 
0.108623 0.038990 0.052129 0.069588 0.064450 0.074829 0.053068 0.059871 0.066632 0.075469 0.068250 0.050152 0.069098 0.081656 0.067194 
0.107546 0.039195 0.051121 0.066840 0.061961 0.074434 0.055552 0.058982 0.066755 0.090779 0.068597 0.051665 0.066161 0.076122 0.064289 
0.112786 0.041894 0.056024 0.063612 0.059358 0.080024 0.055308 0.065917 0.072491 0.070235 0.073103 0.043759 0.063565 0.074319 0.067606 
0.110229 0.041831 0.055053 0.060969 0.056994 0.079360 0.054823 0.065296 0.073385 0.072249 0.073016 0.047354 0.061369 0.075155 0.072917 
0.110170 0.041730 0.055185 0.064021 0.059950 0.076401 0.056298 0.066015 0.069457 0.078695 0.072843 0.045719 0.064037 0.074931 0.064549 
0.111777 0.041892 0.054528 0.062636 0.058765 0.077485 0.063250 0.067916 0.064088 0.071443 0.073103 0.049720 0.063401 0.075672 0.064324 
0.114237 0.040658 0.055287 0.066570 0.062208 0.074530 0.056201 0.058987 0.064283 0.071442 0.071023 0.045120 0.066722 0.079243 0.073488 
0.109042 0.039866 0.054817 0.063138 0.058771 0.077301 0.061549 0.059210 0.068591 0.075873 0.069723 0.050842 0.063398 0.077486 0.070394 
0.108001 0.040999 0.053696 0.067398 0.062551 0.076909 0.058713 0.063086 0.066054 0.080709 0.071630 0.045972 0.067560 0.074582 0.062139 
0.108485 0.040486 0.053407 0.063148 0.058999 0.083149 0.053184 0.067819 0.067555 0.075068 0.070763 0.049661 0.063341 0.073138 0.071798 
0.107404 0.040074 0.053803 0.069344 0.064922 0.075600 0.054153 0.052480 0.070388 0.079499 0.070070 0.051864 0.069755 0.078412 0.062231 
0.107241 0.039606 0.051947 0.068084 0.063617 0.079095 0.054108 0.065521 0.061617 0.073456 0.069290 0.046374 0.068223 0.079525 0.072299 
prostate
0.109452 0.041356 0.055860 0.066065 0.061941 0.075997 0.056252 0.056828 0.070197 0.073428 0.072615 0.049660 0.066511 0.078075 0.065761 
0.108390 0.040268 0.053884 0.066633 0.062418 0.079370 0.052692 0.061642 0.072880 0.069399 0.070778 0.047472 0.066856 0.074912 0.072406 
0.106485 0.041764 0.057717 0.062996 0.058629 0.078519 0.056293 0.061140 0.071874 0.068595 0.073315 0.045330 0.062843 0.076102 0.078399 
0.108605 0.040786 0.052980 0.066968 0.062654 0.077521 0.061166 0.060467 0.065859 0.072622 0.071653 0.049806 0.067574 0.080236 0.061104 
0.106395 0.039645 0.052671 0.067274 0.063012 0.073707 0.047655 0.060432 0.076915 0.076649 0.069728 0.050027 0.067638 0.076058 0.072194 
0.104794 0.040048 0.054928 0.065212 0.060871 0.075879 0.051661 0.062816 0.073704 0.078663 0.070428 0.051449 0.065690 0.075350 0.068505 
0.108498 0.041358 0.053592 0.066764 0.062771 0.076599 0.053788 0.064384 0.061829 0.074234 0.072615 0.047424 0.067079 0.080280 0.068783 
0.110796 0.043437 0.057937 0.057654 0.054002 0.081897 0.047517 0.063474 0.068518 0.079069 0.076115 0.053104 0.058261 0.070733 0.077485 
0.106448 0.039125 0.052043 0.066540 0.062416 0.078591 0.058024 0.071848 0.062232 0.082691 0.068853 0.045565 0.066388 0.075607 0.063631 
0.103899 0.039167 0.053407 0.067042 0.062658 0.076458 0.056039 0.067464 0.066207 0.076246 0.068940 0.047602 0.067571 0.079253 0.068047 
0.108780 0.040322 0.052959 0.066832 0.062661 0.075091 0.054163 0.065064 0.060118 0.080275 0.070865 0.045389 0.067573 0.077606 0.072302 
0.111213 0.041572 0.055480 0.062204 0.058148 0.080903 0.061247 0.063405 0.064319 0.072220 0.072965 0.047461 0.062340 0.074472 0.072051 
0.111557 0.042558 0.058870 0.063523 0.059686 0.077265 0.053409 0.067195 0.068504 0.068193 0.074628 0.046958 0.064594 0.071567 0.071490 
0.109927 0.041409 0.056461 0.066641 0.062543 0.078861 0.051810 0.061954 0.064310 0.067387 0.072703 0.041786 0.067449 0.078884 0.077876 
0.110173 0.041000 0.053219 0.062676 0.058865 0.078221 0.054234 0.070148 0.071807 0.063358 0.072003 0.047007 0.062782 0.075679 0.078828 
0.114285 0.040645 0.055527 0.065116 0.060638 0.075847 0.057690 0.061760 0.072600 0.070205 0.071390 0.046475 0.064819 0.076968 0.066034 
0.107717 0.040585 0.053660 0.063527 0.059685 0.080563 0.062135 0.065619 0.071065 0.073025 0.071303 0.052462 0.063970 0.072474 0.062209 
0.112370 0.040534 0.054078 0.067798 0.062657 0.075001 0.044771 0.065408 0.069625 0.073025 0.071215 0.047678 0.066797 0.078743 0.070301 
0.108205 0.038813 0.053856 0.066406 0.062058 0.073317 0.056515 0.067639 0.069383 0.073829 0.068328 0.045601 0.068030 0.077875 0.070145 
0.103847 0.039894 0.051627 0.066902 0.062652 0.073835 0.064056 0.064870 0.075119 0.077858 0.070165 0.045077 0.067572 0.078146 0.058380 
0.107115 0.041666 0.055191 0.067045 0.062297 0.076253 0.056797 0.058437 0.071900 0.070206 0.073140 0.042011 0.066733 0.078694 0.072515 
0.106785 0.039177 0.054311 0.068422 0.063953 0.078546 0.056532 0.068406 0.064747 0.071412 0.068940 0.050160 0.068486 0.077411 0.062711 
0.107129 0.040782 0.053280 0.067916 0.063482 0.076136 0.057198 0.053839 0.068351 0.073428 0.071653 0.049602 0.068297 0.080307 0.068600 
0.108764 0.042185 0.055326 0.067195 0.062774 0.078069 0.053356 0.063603 0.068804 0.062151 0.074015 0.046382 0.067236 0.082550 0.067590 
0.106678 0.041454 0.055265 0.063442 0.059574 0.074621 0.050316 0.058735 0.072683 0.075442 0.072790 0.051007 0.064623 0.081694 0.071675 
skin
0.103858 0.041129 0.054276 0.067745 0.062226 0.075971 0.049718 0.057744 0.075858 0.074922 0.070229 0.048950 0.067650 0.078134 0.071589 
0.107030 0.041827 0.053319 0.065447 0.059991 0.074744 0.058238 0.058416 0.078245 0.070900 0.071362 0.047379 0.065570 0.080249 0.067283 
0.109275 0.043110 0.057562 0.071028 0.065633 0.076969 0.047932 0.062745 0.061978 0.063259 0.073456 0.046341 0.071780 0.079930 0.069003 
0.100422 0.041126 0.052072 0.067935 0.062813 0.077780 0.055195 0.066769 0.070450 0.078141 0.070229 0.045635 0.067810 0.078578 0.065047 
0.103455 0.042195 0.056721 0.066994 0.061870 0.080049 0.048815 0.067644 0.070168 0.074521 0.071973 0.047818 0.067588 0.075832 0.064357 
0.114045 0.043434 0.058949 0.062329 0.057181 0.075610 0.047948 0.063650 0.069419 0.076131 0.073979 0.050389 0.063488 0.075505 0.067942 
0.099835 0.039847 0.054910 0.068093 0.062703 0.077739 0.056063 0.060236 0.060181 0.079346 0.068136 0.051626 0.068623 0.080642 0.072020 
0.107017 0.041456 0.054820 0.065186 0.059525 0.075941 0.057700 0.058637 0.067130 0.078141 0.070752 0.052397 0.064752 0.078107 0.068441 
0.101740 0.040491 0.056064 0.069134 0.063636 0.075494 0.051644 0.063802 0.070510 0.073715 0.069182 0.045456 0.069946 0.080246 0.068940 
0.109854 0.044122 0.057003 0.061155 0.056476 0.079627 0.042533 0.062576 0.070389 0.081362 0.075113 0.052875 0.061164 0.076612 0.069138 
0.110578 0.043058 0.054185 0.060484 0.055885 0.080614 0.055853 0.063003 0.072595 0.080958 0.073368 0.050196 0.061003 0.072271 0.065948 
0.104775 0.040548 0.054046 0.064774 0.059535 0.074147 0.057607 0.062330 0.074881 0.072910 0.069269 0.048902 0.065221 0.076333 0.074721 
0.106250 0.041406 0.054812 0.060992 0.056004 0.078836 0.055700 0.071009 0.071426 0.071302 0.070665 0.049389 0.060970 0.074129 0.077110 
0.105839 0.043521 0.057448 0.064287 0.059286 0.078218 0.050953 0.065834 0.068550 0.072109 0.074153 0.049504 0.064503 0.074317 0.071479 
0.102065 0.040597 0.052426 0.067903 0.062460 0.075995 0.068059 0.064098 0.065114 0.070899 0.069357 0.052132 0.068215 0.075990 0.064689 
0.109817 0.041944 0.054019 0.060330 0.055650 0.077101 0.060721 0.063373 0.068844 0.078946 0.071537 0.050518 0.060436 0.072465 0.074299 
0.110986 0.043747 0.057210 0.063586 0.058709 0.077925 0.051474 0.065699 0.066693 0.066477 0.074502 0.051093 0.064343 0.073138 0.074420 
0.102170 0.041076 0.053739 0.067314 0.061874 0.075120 0.060633 0.059657 0.070386 0.076934 0.070141 0.046097 0.067429 0.080443 0.066987 
0.107089 0.040927 0.056741 0.067468 0.062110 0.075334 0.048709 0.059356 0.078157 0.067681 0.069880 0.052247 0.067995 0.077878 0.068431 
0.110032 0.044008 0.059005 0.063652 0.058348 0.079735 0.053475 0.062805 0.072303 0.067684 0.074938 0.048341 0.064436 0.074319 0.066918 
0.105800 0.043099 0.054864 0.061524 0.056826 0.080490 0.046429 0.067197 0.065271 0.088602 0.073455 0.052456 0.061698 0.074801 0.067488 
0.106324 0.042781 0.056075 0.065068 0.059878 0.079465 0.053355 0.065118 0.074452 0.066476 0.072932 0.047649 0.065132 0.077338 0.067955 
0.106422 0.040981 0.054132 0.067360 0.062342 0.071591 0.048722 0.061912 0.076737 0.074520 0.069967 0.049569 0.067933 0.077209 0.070603 
0.110951 0.042530 0.055811 0.058716 0.054007 0.078616 0.058291 0.061329 0.073168 0.082567 0.072496 0.049933 0.058829 0.073606 0.069150 
0.104567 0.041716 0.055169 0.069347 0.063989 0.073723 0.043337 0.062709 0.073827 0.069291 0.071188 0.049493 0.069699 0.077305 0.074640 
stomach
0.110328 0.041401 0.055189 0.066370 0.062013 0.074369 0.053770 0.063517 0.074538 0.065040 0.072230 0.043518 0.066749 0.081034 0.069935 
0.107183 0.040516 0.055887 0.067309 0.063192 0.076439 0.051695 0.060680 0.068044 0.073102 0.070753 0.049777 0.067539 0.079405 0.068480 
0.107144 0.039267 0.053050 0.068044 0.063436 0.078060 0.054569 0.059073 0.064229 0.081163 0.068669 0.048829 0.067788 0.077683 0.068997 
0.110861 0.042746 0.056601 0.062272 0.058216 0.079849 0.052415 0.065623 0.067030 0.075119 0.074488 0.051245 0.062738 0.077646 0.063152 
0.105492 0.040046 0.055857 0.066156 0.061298 0.077631 0.050668 0.066275 0.074081 0.073101 0.069972 0.047081 0.065532 0.077688 0.069123 
0.116039 0.043072 0.058299 0.060069 0.056200 0.083993 0.050948 0.071311 0.069644 0.067057 0.075009 0.046482 0.060452 0.076405 0.065020 
0.109201 0.039429 0.052210 0.066272 0.061416 0.075674 0.048594 0.065582 0.069719 0.081969 0.068930 0.049574 0.066428 0.076324 0.068679 
0.109124 0.041241 0.057654 0.069694 0.064860 0.077953 0.051298 0.066505 0.059195 0.062622 0.071969 0.046465 0.069451 0.080726 0.071243 
0.109744 0.040515 0.054726 0.064516 0.059997 0.080544 0.052695 0.066464 0.066473 0.070280 0.070753 0.046382 0.064307 0.080584 0.072021 
0.112585 0.040428 0.053127 0.065827 0.061540 0.076575 0.058638 0.067679 0.064463 0.069473 0.070580 0.045043 0.065937 0.078638 0.069468 
0.109808 0.041969 0.055523 0.065046 0.061062 0.077691 0.053334 0.063877 0.069513 0.074715 0.073185 0.045829 0.066210 0.075670 0.066567 
0.110179 0.041043 0.053151 0.068410 0.064022 0.078414 0.054248 0.062919 0.064965 0.068668 0.071622 0.051775 0.068418 0.077543 0.064623 
0.107923 0.040051 0.053608 0.065288 0.060832 0.075728 0.057615 0.065636 0.066181 0.076729 0.069972 0.047566 0.065802 0.076015 0.071055 
0.113157 0.042802 0.058633 0.060288 0.056447 0.080515 0.049934 0.059486 0.069985 0.076329 0.074574 0.050104 0.061320 0.073542 0.072885 
0.109049 0.042592 0.057807 0.064698 0.060586 0.077791 0.054879 0.065083 0.061534 0.068266 0.074227 0.045575 0.065092 0.075277 0.077545 
0.107760 0.039948 0.052840 0.064014 0.059883 0.075491 0.056111 0.062259 0.069053 0.079954 0.069798 0.046081 0.064335 0.076956 0.075518 
0.113777 0.041720 0.053924 0.064684 0.060589 0.077852 0.047338 0.067269 0.066862 0.079149 0.072751 0.046386 0.065090 0.075766 0.066844 
0.112654 0.041349 0.054627 0.062216 0.058109 0.076130 0.057241 0.066168 0.068477 0.065040 0.072143 0.048045 0.063228 0.074845 0.079727 
0.112589 0.040166 0.053881 0.061588 0.057505 0.077574 0.055139 0.064076 0.070626 0.082373 0.070145 0.047739 0.061827 0.074436 0.070337 
0.109482 0.041864 0.056538 0.064595 0.060350 0.076873 0.053828 0.054868 0.069924 0.077940 0.073011 0.046555 0.064994 0.079232 0.069947 
0.107737 0.041293 0.054827 0.065149 0.060826 0.079954 0.046317 0.067883 0.073454 0.067862 0.072056 0.046851 0.064878 0.077540 0.073373 
0.104973 0.040405 0.054249 0.067718 0.063320 0.075969 0.047225 0.061052 0.069473 0.080357 0.070580 0.047242 0.067819 0.078961 0.070658 
0.105967 0.041338 0.056872 0.064790 0.060240 0.077223 0.049310 0.058729 0.075465 0.073505 0.072143 0.051188 0.064714 0.072722 0.075793 
0.110002 0.039431 0.052851 0.068024 0.063666 0.078142 0.057068 0.065970 0.068751 0.067457 0.068930 0.049303 0.068502 0.079774 0.062128 
0.111775 0.041507 0.053932 0.065557 0.061066 0.076923 0.052300 0.057517 0.068190 0.072296 0.072403 0.048763 0.065437 0.078437 0.073894 
0.564653 0.556866 0.560546 0.562272 0.608462 0.560834 0.562038 0.56011 0.559855 0.562381 0.561202 0.557549 0.5627 0.563122 0.562282 
83.3717 -42.1373 -6.3736 -2.32455 -3.31788 35.5873 -0.61333 4.96525 19.4967 27.0609 25.4883 -25.509 -0.774832 29.7706 45.7895 3.80682e-270 0.0230409 8.14917e-006 0.0121363 0.252596 0.238432 0.0144966 0.000551138 0.00633532 0.00618691 1.02703e-005 8.8078e-006 0.00652939 0.25218 0.187033 0.000454952 3.80682e-270 0.0230409 8.14917e-006 0.0121363 0.252596 0.238432 0.0144966 0.000551138 0.00633532 0.00618691 1.02703e-005 8.8078e-006 0.00652939 0.25218 0.187033 0.000454952 1.2376e-310 2.6484e-316 3.67376e-317 4.24399e-311 4.24399e-311 4.24399e-311 4.24399e-311 4.24399e-311 4.24399e-311 9.88131e-321 3.80681e-270 3.67794e-317 3.6819e-317 3.6819e-317 3.24216e-317 3.24611e-317 3.24611e-317 3.24612e-317 3.25007e-317 3.25007e-317 3.25008e-317 3.25403e-317 3.25403e-317 3.25404e-317 3.258e-317 3.258e-317 3.258e-317 3.26196e-317 3.26196e-317 3.26196e-317 3.26592e-317 3.26592e-317 3.26592e-317 3.26988e-317 3.26988e-317 3.26988e-317 3.27384e-317 3.27384e-317 3.27384e-317 3.2778e-317 3.2778e-317 3.27781e-317 3.28176e-317 3.28176e-317 3.28177e-317 3.28572e-317 3.28572e-317 3.28573e-317 3.28968e-317 
