-729094.793125
0
0.000005 0.000004 0.000004 0.000005 0.000066 0.000004 0.000004 0.000004 0.000005 0.000004 0.000006 0.000005 0.001249 0.000004 0.000092 0.000005 0.000981 0.001062 0.014751 0.000005 0.150479 0.000004 0.000004 0.018407 0.000288 0.000005 0.000004 0.027349 0.000004 0.000004 0.000004 0.000004 0.000248 0.000004 0.019407 0.000438 0.000005 0.000004 0.000004 0.000004 0.000005 0.000005 0.000005 0.000005 0.008867 0.000004 0.000005 0.000005 0.000005 0.000005 0.000004 0.000005 0.000004 0.000004 0.000004 0.000004 0.000005 0.000007 0.635831 0.000005 0.000004 0.000004 0.000004 0.000004 0.000376 0.000005 0.000004 0.000005 0.000190 0.000004 0.000004 0.000005 0.000005 0.000004 0.000004 0.095735 0.000004 0.000004 0.000004 0.000004 0.000004 0.000005 0.000005 0.000252 0.000005 0.000004 0.001558 0.000005 0.000005 0.000005 0.000005 0.022038 0.000005 0.000004 0.000004 0.000006 
0.000004 0.000004 0.000004 0.000004 0.000004 0.000004 0.000004 0.000004 0.000004 0.000004 0.000006 0.000004 0.000005 0.000004 0.000004 0.000004 0.000006 0.000005 0.000004 0.000004 0.003800 0.000004 0.000004 0.000004 0.000005 0.000004 0.000004 0.000010 0.000004 0.000004 0.000004 0.000004 0.000005 0.000004 0.000013 0.000005 0.000004 0.000004 0.000004 0.000004 0.000004 0.000004 0.000004 0.000005 0.000008 0.000004 0.000004 0.000005 0.000004 0.000004 0.000004 0.000004 0.000004 0.000004 0.000004 0.000004 0.000004 0.000006 0.995785 0.000004 0.000004 0.000004 0.000004 0.000004 0.000004 0.000004 0.000004 0.000004 0.000004 0.000004 0.000004 0.000004 0.000004 0.000004 0.000004 0.000004 0.000004 0.000004 0.000004 0.000004 0.000004 0.000004 0.000004 0.000004 0.000004 0.000004 0.000005 0.000004 0.000004 0.000004 0.000004 0.000010 0.000005 0.000004 0.000004 0.000006 
0.000004 0.000117 0.000004 0.000004 0.000004 0.000004 0.000004 0.000061 0.003629 0.000004 0.000006 0.000004 0.001208 0.000004 0.000151 0.000004 0.000006 0.000794 0.000004 0.000004 0.004172 0.000004 0.000004 0.000004 0.000369 0.000004 0.000004 0.023157 0.000004 0.000004 0.000004 0.000004 0.000576 0.000174 0.017667 0.000459 0.000004 0.000004 0.000004 0.000117 0.000004 0.001533 0.000004 0.000005 0.008929 0.000004 0.000004 0.000005 0.000004 0.000344 0.000004 0.000004 0.000004 0.000004 0.000004 0.000004 0.000004 0.314676 0.578370 0.000004 0.000004 0.000004 0.000004 0.000004 0.000004 0.000287 0.000174 0.000004 0.000004 0.000004 0.000004 0.000004 0.020734 0.000004 0.000004 0.000004 0.000004 0.000004 0.000004 0.000004 0.000004 0.000004 0.000004 0.000004 0.000004 0.000004 0.001417 0.000004 0.000004 0.000004 0.000004 0.020531 0.000005 0.000061 0.000004 0.000005 
0.000003 0.000003 0.000002 0.000003 0.000003 0.000002 0.000002 0.000003 0.000003 0.000002 0.999583 0.000003 0.000004 0.000002 0.000003 0.000003 0.000004 0.000003 0.000003 0.000003 0.000004 0.000002 0.000002 0.000003 0.000003 0.000003 0.000002 0.000007 0.000002 0.000002 0.000002 0.000002 0.000003 0.000003 0.000008 0.000003 0.000003 0.000002 0.000002 0.000003 0.000003 0.000003 0.000003 0.000003 0.000005 0.000077 0.000003 0.000003 0.000003 0.000003 0.000002 0.000003 0.000002 0.000002 0.000002 0.000002 0.000003 0.000004 0.000050 0.000003 0.000002 0.000002 0.000002 0.000002 0.000003 0.000003 0.000003 0.000003 0.000003 0.000002 0.000002 0.000003 0.000003 0.000002 0.000002 0.000003 0.000002 0.000002 0.000002 0.000002 0.000002 0.000003 0.000003 0.000003 0.000003 0.000002 0.000003 0.000003 0.000003 0.000003 0.000003 0.000025 0.000003 0.000003 0.000003 0.000004 
0.000003 0.000003 0.000003 0.000003 0.000003 0.000003 0.000003 0.000003 0.000003 0.000003 0.999627 0.000003 0.000004 0.000003 0.000003 0.000003 0.000004 0.000003 0.000003 0.000003 0.000004 0.000003 0.000003 0.000003 0.000003 0.000003 0.000003 0.000030 0.000003 0.000003 0.000003 0.000003 0.000003 0.000003 0.000009 0.000003 0.000003 0.000003 0.000003 0.000003 0.000003 0.000003 0.000003 0.000004 0.000005 0.000003 0.000003 0.000003 0.000003 0.000003 0.000003 0.000003 0.000003 0.000003 0.000003 0.000003 0.000003 0.000005 0.000054 0.000003 0.000003 0.000003 0.000003 0.000003 0.000003 0.000003 0.000003 0.000003 0.000003 0.000003 0.000003 0.000003 0.000003 0.000003 0.000003 0.000003 0.000003 0.000003 0.000003 0.000003 0.000003 0.000003 0.000003 0.000003 0.000003 0.000003 0.000003 0.000003 0.000003 0.000003 0.000003 0.000007 0.000003 0.000003 0.000003 0.000004 
0.003229 0.000005 0.000004 0.000321 0.000005 0.000004 0.000004 0.000005 0.000005 0.000004 0.000007 0.000005 0.000006 0.000004 0.000005 0.000005 0.023480 0.000005 0.000005 0.053179 0.000007 0.000004 0.000004 0.000005 0.000005 0.000005 0.000004 0.016696 0.000004 0.000004 0.000004 0.000004 0.000005 0.000005 0.013667 0.000005 0.000005 0.000004 0.000004 0.000005 0.007466 0.000005 0.008098 0.000340 0.005285 0.000005 0.000005 0.000005 0.001522 0.000005 0.000004 0.000005 0.000004 0.000004 0.000004 0.000004 0.179190 0.000007 0.536256 0.000005 0.000004 0.000004 0.000004 0.000004 0.000005 0.000005 0.000005 0.000005 0.000005 0.000004 0.000004 0.011006 0.000005 0.000004 0.000004 0.000005 0.000004 0.000004 0.000004 0.000004 0.000004 0.000384 0.027445 0.000005 0.000005 0.000004 0.000005 0.002723 0.000005 0.000005 0.000637 0.014603 0.000005 0.000005 0.000005 0.094125 
0.000005 0.000005 0.000004 0.000005 0.000005 0.000004 0.000004 0.000005 0.000005 0.000004 0.000007 0.000005 0.000006 0.000004 0.000005 0.018931 0.000007 0.000005 0.000005 0.000005 0.000007 0.000004 0.000004 0.000005 0.000005 0.000005 0.000004 0.002599 0.000004 0.000004 0.000004 0.000004 0.000005 0.000005 0.002128 0.000005 0.000005 0.000004 0.000004 0.000005 0.000005 0.000005 0.000005 0.000006 0.000008 0.000005 0.002490 0.610933 0.000005 0.000005 0.000004 0.000005 0.000004 0.000004 0.000004 0.000004 0.000005 0.078180 0.253207 0.000005 0.000004 0.000004 0.000004 0.000004 0.000005 0.000005 0.000005 0.001470 0.000005 0.000004 0.000004 0.000005 0.000005 0.000004 0.000004 0.000005 0.000004 0.000004 0.000004 0.000004 0.000004 0.000005 0.000005 0.000005 0.020269 0.000004 0.000005 0.000005 0.004912 0.002617 0.000005 0.001868 0.000005 0.000005 0.000005 0.000006 
0.000005 0.000004 0.000004 0.000005 0.000004 0.000004 0.000004 0.000004 0.000005 0.000004 0.000006 0.000005 0.000731 0.000004 0.000005 0.000005 0.033317 0.000005 0.000005 0.000005 0.000007 0.000004 0.000004 0.000005 0.000005 0.000314 0.000004 0.009612 0.000004 0.000004 0.000004 0.000004 0.000005 0.000004 0.008127 0.000005 0.000005 0.000004 0.000004 0.000004 0.000005 0.000005 0.000005 0.066729 0.002191 0.000004 0.000005 0.000005 0.000005 0.000005 0.000004 0.000314 0.000004 0.000004 0.000004 0.000004 0.000005 0.000007 0.411527 0.000005 0.000004 0.000004 0.000004 0.000004 0.000005 0.000005 0.000004 0.000005 0.000004 0.000004 0.000004 0.000005 0.000005 0.000004 0.000004 0.000005 0.000004 0.000004 0.000004 0.000004 0.000004 0.000005 0.000005 0.000005 0.000005 0.000004 0.000005 0.000005 0.000005 0.000005 0.000005 0.008256 0.000005 0.000004 0.000128 0.458375 
0.000005 0.000004 0.000004 0.000005 0.000004 0.000004 0.000004 0.000004 0.000005 0.000004 0.000006 0.000564 0.000006 0.000004 0.000005 0.000005 0.000006 0.000005 0.000005 0.000005 0.000007 0.000004 0.000004 0.000005 0.000005 0.000005 0.000004 0.010331 0.000004 0.000004 0.000004 0.000004 0.000005 0.000005 0.016900 0.000005 0.000253 0.000004 0.000004 0.000004 0.000005 0.000005 0.000005 0.000005 0.002731 0.000004 0.000005 0.000005 0.000005 0.000005 0.000004 0.000005 0.000004 0.000004 0.000004 0.000004 0.000005 0.004770 0.466426 0.027171 0.000004 0.000004 0.000004 0.000004 0.000005 0.000005 0.000005 0.000005 0.000005 0.000004 0.000004 0.000005 0.000005 0.000004 0.000004 0.000005 0.000004 0.000004 0.000004 0.000004 0.000004 0.000005 0.000005 0.000005 0.000005 0.000004 0.000005 0.000005 0.000005 0.000005 0.000005 0.008936 0.461527 0.000004 0.000004 0.000006 
0.000004 0.000004 0.000004 0.000004 0.000004 0.000004 0.000004 0.000004 0.000004 0.000004 0.000006 0.000004 0.000006 0.000004 0.000005 0.000005 0.000006 0.000005 0.000005 0.000005 0.000006 0.000004 0.000004 0.000005 0.000005 0.000004 0.000004 0.000011 0.000004 0.000004 0.000004 0.000004 0.000005 0.000004 0.999256 0.000005 0.000004 0.000004 0.000004 0.000004 0.000005 0.000004 0.000005 0.000005 0.000008 0.000004 0.000004 0.000005 0.000004 0.000004 0.000004 0.000004 0.000004 0.000004 0.000004 0.000004 0.000005 0.000007 0.000317 0.000005 0.000004 0.000004 0.000004 0.000004 0.000004 0.000004 0.000004 0.000004 0.000004 0.000004 0.000004 0.000005 0.000005 0.000004 0.000004 0.000005 0.000004 0.000004 0.000004 0.000004 0.000004 0.000004 0.000005 0.000004 0.000005 0.000004 0.000005 0.000004 0.000004 0.000004 0.000004 0.000011 0.000005 0.000004 0.000004 0.000006 
0.000005 0.000004 0.000004 0.000004 0.000004 0.000004 0.000004 0.000004 0.000005 0.000004 0.000006 0.000004 0.000006 0.000004 0.000005 0.000005 0.000006 0.000005 0.000005 0.000005 0.000006 0.000004 0.000004 0.000005 0.000005 0.000004 0.000004 0.000011 0.000004 0.000004 0.000004 0.000004 0.000005 0.000004 0.000014 0.000005 0.000004 0.000004 0.000004 0.000004 0.000005 0.000005 0.000005 0.000005 0.000008 0.000004 0.000005 0.000005 0.000005 0.000004 0.000004 0.000004 0.000004 0.000004 0.000004 0.000004 0.000005 0.000007 0.999551 0.000005 0.000004 0.000004 0.000004 0.000004 0.000004 0.000004 0.000004 0.000004 0.000004 0.000004 0.000004 0.000005 0.000005 0.000004 0.000004 0.000005 0.000004 0.000004 0.000004 0.000004 0.000004 0.000004 0.000005 0.000004 0.000005 0.000004 0.000005 0.000005 0.000005 0.000005 0.000004 0.000011 0.000005 0.000004 0.000004 0.000006 
0.091307 0.091131 0.090930 0.092453 0.090827 0.090682 0.090955 0.090151 0.090489 0.090979 0.090094 
0.090392 0.092122 0.090811 0.090811 0.090777 0.090614 0.090945 0.090988 0.090380 0.090703 0.091457 
0.090584 0.090261 0.092016 0.091380 0.090963 0.090397 0.090820 0.090808 0.090020 0.091352 0.091398 
0.088012 0.090765 0.088527 0.091992 0.091334 0.091914 0.090492 0.092230 0.092068 0.093698 0.088968 
breast
0.076029 0.086521 0.093144 0.134802 0.123572 0.076559 0.077732 0.082591 0.083683 0.084766 0.080602 
0.081243 0.088706 0.087331 0.137659 0.126204 0.082741 0.075276 0.075242 0.074023 0.088940 0.082634 
0.086123 0.091677 0.092258 0.127535 0.116876 0.078944 0.071880 0.083070 0.077217 0.088941 0.085480 
0.083108 0.092065 0.091083 0.128833 0.118070 0.079081 0.081745 0.089420 0.078101 0.072710 0.085784 
0.080438 0.090005 0.085273 0.129611 0.118788 0.078942 0.078220 0.076655 0.086390 0.091723 0.083955 
0.078173 0.084176 0.092773 0.137919 0.126445 0.076610 0.081351 0.084448 0.078120 0.081519 0.078468 
0.080382 0.088857 0.087632 0.134284 0.123095 0.078299 0.086690 0.076844 0.081878 0.079201 0.082837 
0.080747 0.088939 0.086903 0.136361 0.125008 0.078176 0.070955 0.082250 0.083420 0.084303 0.082939 
0.080536 0.089656 0.091099 0.133246 0.122137 0.076868 0.078170 0.077695 0.074293 0.092650 0.083650 
0.082641 0.088252 0.090849 0.130391 0.119506 0.078466 0.079815 0.075785 0.090910 0.081056 0.082329 
0.077221 0.089708 0.085329 0.143372 0.131467 0.084558 0.068261 0.079237 0.072895 0.084303 0.083650 
0.079003 0.091655 0.087497 0.134283 0.123095 0.076278 0.075009 0.084628 0.073566 0.089404 0.085581 
0.083617 0.083287 0.088819 0.134284 0.123095 0.078922 0.081067 0.081973 0.077415 0.089866 0.077655 
0.079497 0.085105 0.086800 0.142074 0.130271 0.078940 0.077492 0.076776 0.077607 0.086157 0.079281 
0.079409 0.085511 0.081142 0.136619 0.125248 0.076931 0.080020 0.075256 0.076399 0.103779 0.079687 
0.082467 0.091163 0.088549 0.130909 0.119985 0.077288 0.077843 0.083472 0.083224 0.080129 0.084971 
0.081103 0.090938 0.090175 0.125716 0.115201 0.079183 0.081889 0.083158 0.085319 0.082448 0.084870 
0.081197 0.090748 0.084798 0.132206 0.121181 0.072274 0.079983 0.083519 0.079557 0.089868 0.084667 
0.084071 0.091137 0.081817 0.129610 0.118789 0.079276 0.087100 0.085647 0.076061 0.081521 0.084971 
0.082795 0.088650 0.093351 0.137141 0.125727 0.073696 0.081465 0.076327 0.076795 0.081520 0.082533 
0.077589 0.086888 0.092270 0.129611 0.118789 0.083064 0.086018 0.077165 0.080978 0.086621 0.081008 
0.075093 0.089185 0.081397 0.137918 0.126443 0.075090 0.081465 0.079836 0.078143 0.092186 0.083244 
0.085239 0.088157 0.084561 0.130129 0.119266 0.084729 0.077093 0.084827 0.078078 0.085694 0.082228 
0.073726 0.087320 0.085057 0.143111 0.131228 0.078527 0.078961 0.068401 0.081459 0.090795 0.081415 
0.080706 0.086335 0.088531 0.140257 0.128595 0.078225 0.078332 0.082378 0.072302 0.083838 0.080500 
prostate
0.079004 0.089644 0.086911 0.136272 0.125087 0.079632 0.081306 0.073323 0.081420 0.083837 0.083562 
0.082566 0.087428 0.088293 0.137310 0.126045 0.080925 0.075603 0.078235 0.082968 0.079199 0.081428 
0.080047 0.090417 0.097416 0.129007 0.118385 0.079188 0.080291 0.079559 0.083041 0.078273 0.084375 
0.076118 0.088482 0.083025 0.137830 0.126524 0.082021 0.085718 0.077223 0.077705 0.082910 0.082444 
0.079093 0.086157 0.088600 0.138608 0.127242 0.075482 0.072725 0.076607 0.087732 0.087546 0.080208 
0.075948 0.086878 0.088775 0.133937 0.122932 0.078853 0.076852 0.079689 0.085250 0.089865 0.081021 
0.081269 0.089670 0.088162 0.138090 0.126762 0.076893 0.077496 0.081687 0.071642 0.084765 0.083562 
0.081964 0.093952 0.096844 0.118886 0.109049 0.085205 0.074651 0.081167 0.080323 0.090331 0.087628 
0.078336 0.085077 0.081116 0.137309 0.126045 0.079989 0.079216 0.088795 0.070423 0.094502 0.079192 
0.076962 0.085081 0.085330 0.138329 0.126524 0.080412 0.077911 0.084386 0.078690 0.087082 0.079294 
0.077679 0.087562 0.091912 0.137830 0.126524 0.072064 0.078716 0.082310 0.072153 0.091720 0.081530 
0.083524 0.090154 0.090331 0.128468 0.117427 0.082643 0.085703 0.080531 0.074801 0.082446 0.083969 
0.082887 0.092181 0.092591 0.131341 0.120538 0.074925 0.077630 0.083915 0.080283 0.077809 0.085900 
0.085441 0.089765 0.094298 0.137571 0.126285 0.074756 0.075376 0.079545 0.076417 0.076881 0.083664 
0.083849 0.088979 0.092623 0.129526 0.118864 0.081330 0.080540 0.088035 0.081161 0.072244 0.082851 
0.085535 0.088314 0.088384 0.133418 0.122454 0.076847 0.081248 0.078908 0.082626 0.080127 0.082139 
0.075330 0.088128 0.086083 0.131341 0.120538 0.082922 0.087358 0.082182 0.080708 0.083373 0.082038 
0.084092 0.088033 0.089422 0.137829 0.126524 0.077921 0.069250 0.082562 0.079058 0.083373 0.081936 
0.082360 0.084442 0.085341 0.136532 0.125326 0.073619 0.080452 0.084280 0.084766 0.084300 0.078582 
0.072397 0.086580 0.080778 0.137830 0.126523 0.071434 0.086133 0.081732 0.086938 0.088938 0.080717 
0.080669 0.090266 0.092076 0.137052 0.125805 0.072273 0.079650 0.075423 0.082487 0.080128 0.084172 
0.081609 0.085185 0.082733 0.140684 0.129156 0.081061 0.078996 0.085099 0.074665 0.081518 0.079294 
0.076997 0.088443 0.088282 0.139646 0.128198 0.081483 0.081079 0.070075 0.079515 0.083837 0.082444 
0.079681 0.091333 0.088696 0.138091 0.126763 0.079853 0.077826 0.081438 0.080277 0.070853 0.085189 
0.078600 0.089795 0.090947 0.131084 0.120300 0.080445 0.076772 0.075686 0.086450 0.086156 0.083766 
skin
0.081852 0.086872 0.087827 0.138381 0.126972 0.077699 0.073298 0.074039 0.086224 0.085694 0.081141 
0.082616 0.088326 0.085432 0.133451 0.122425 0.078209 0.081580 0.074842 0.089599 0.081057 0.082463 
0.080436 0.090954 0.090754 0.145908 0.133912 0.076148 0.071976 0.079516 0.073247 0.072247 0.084902 
0.076539 0.086833 0.081992 0.139678 0.128169 0.076890 0.076985 0.083460 0.078907 0.089404 0.081141 
0.075593 0.089029 0.086530 0.137602 0.126254 0.079177 0.072165 0.084259 0.080985 0.085231 0.083174 
0.086704 0.091640 0.089843 0.127221 0.116683 0.077905 0.071161 0.081607 0.084637 0.087086 0.085512 
0.074597 0.084245 0.089939 0.139419 0.127931 0.085188 0.080199 0.077157 0.071829 0.090794 0.078701 
0.081756 0.087584 0.088503 0.132411 0.121468 0.081340 0.083060 0.075452 0.077270 0.089404 0.081751 
0.076027 0.085591 0.090300 0.141497 0.129844 0.075133 0.073815 0.080266 0.083305 0.084302 0.079921 
0.083673 0.093003 0.091167 0.125664 0.115247 0.080430 0.069526 0.080744 0.080596 0.093115 0.086834 
0.083396 0.090859 0.083928 0.124364 0.114050 0.082919 0.079346 0.080189 0.083497 0.092651 0.084801 
0.081469 0.085738 0.091176 0.132411 0.121470 0.074406 0.083415 0.079389 0.087129 0.083375 0.080023 
0.083082 0.087516 0.093125 0.124625 0.114289 0.080884 0.083037 0.088407 0.081866 0.081521 0.081649 
0.082265 0.091661 0.089979 0.131892 0.120989 0.079573 0.074339 0.082678 0.078461 0.082449 0.085716 
0.076882 0.085794 0.081185 0.138899 0.127451 0.080189 0.092077 0.080407 0.075934 0.081056 0.080124 
0.086417 0.088646 0.091394 0.123846 0.113571 0.079580 0.084514 0.080318 0.078716 0.090332 0.082666 
0.083254 0.092222 0.092678 0.130594 0.119794 0.079765 0.077500 0.083031 0.079083 0.075957 0.086122 
0.079181 0.086765 0.084587 0.137603 0.126255 0.076245 0.082451 0.076340 0.081520 0.088013 0.081039 
0.079540 0.086545 0.091569 0.138121 0.126733 0.082525 0.071775 0.075440 0.089670 0.077347 0.080734 
0.082948 0.092709 0.089292 0.129816 0.119075 0.078768 0.077339 0.080156 0.085918 0.077348 0.086631 
0.080547 0.090850 0.087350 0.126442 0.115965 0.081370 0.070347 0.085138 0.075626 0.101462 0.084902 
0.077481 0.090216 0.090072 0.133190 0.122186 0.081968 0.077671 0.082221 0.084747 0.075956 0.084292 
0.080931 0.086666 0.087339 0.138640 0.127211 0.075027 0.073504 0.077688 0.086927 0.085230 0.080836 
0.083456 0.089832 0.092602 0.120213 0.110221 0.079703 0.083077 0.078521 0.084084 0.094506 0.083784 
0.080503 0.088059 0.090687 0.142274 0.130562 0.072166 0.070749 0.079165 0.084374 0.079202 0.082259 
stomach
0.081670 0.089812 0.088435 0.136606 0.125267 0.074073 0.078134 0.081348 0.086770 0.074122 0.083764 
0.077827 0.087964 0.090136 0.139200 0.127658 0.082694 0.074334 0.077202 0.077551 0.083398 0.082036 
0.078408 0.085360 0.087620 0.139719 0.128139 0.079168 0.078932 0.075976 0.074407 0.092674 0.079596 
0.079665 0.092554 0.088379 0.128297 0.117610 0.082962 0.075488 0.083867 0.079052 0.085718 0.086406 
0.081661 0.086966 0.087331 0.135047 0.123831 0.078137 0.074630 0.083693 0.084186 0.083398 0.081121 
0.083999 0.093345 0.088942 0.123884 0.113543 0.086090 0.075834 0.089850 0.081055 0.076442 0.087016 
0.079869 0.085749 0.087074 0.135306 0.124070 0.076555 0.072946 0.082397 0.082532 0.093601 0.079901 
0.075508 0.089450 0.094913 0.142835 0.131010 0.079530 0.077627 0.084353 0.069976 0.071339 0.083459 
0.079998 0.087951 0.093048 0.132192 0.121199 0.083883 0.077403 0.084607 0.077532 0.080151 0.082036 
0.085048 0.087917 0.085670 0.135565 0.124310 0.077520 0.082653 0.085268 0.074991 0.079224 0.081833 
0.078030 0.090961 0.087028 0.134527 0.123353 0.076839 0.075347 0.081293 0.082487 0.085254 0.084882 
0.081868 0.089122 0.083349 0.141018 0.129334 0.080746 0.078395 0.079922 0.074897 0.078296 0.083052 
0.078497 0.087018 0.088960 0.134008 0.122875 0.077440 0.080170 0.083194 0.079144 0.087572 0.081121 
0.082898 0.092701 0.093815 0.124401 0.114022 0.082728 0.074415 0.077845 0.083556 0.087110 0.086508 
0.082972 0.092244 0.093450 0.133489 0.122395 0.074426 0.082063 0.082537 0.072491 0.077833 0.086101 
0.080349 0.086815 0.089909 0.131931 0.120961 0.073939 0.083052 0.080451 0.080392 0.091283 0.080918 
0.083339 0.090538 0.086619 0.133488 0.122396 0.074162 0.071347 0.084878 0.078504 0.090356 0.084374 
0.083064 0.089704 0.096016 0.128038 0.117372 0.076759 0.084197 0.084427 0.082639 0.074122 0.083662 
0.084367 0.087351 0.090090 0.126739 0.116174 0.077798 0.078897 0.081374 0.081821 0.094066 0.081324 
0.078127 0.090732 0.092341 0.132970 0.121916 0.078712 0.077624 0.072121 0.081813 0.088965 0.084678 
0.083682 0.089557 0.088054 0.134008 0.122874 0.082553 0.069731 0.085492 0.083119 0.077369 0.083560 
0.072560 0.087670 0.093015 0.139460 0.127899 0.074043 0.073142 0.078302 0.080329 0.091747 0.081833 
0.076587 0.089587 0.095749 0.132709 0.121678 0.079396 0.074186 0.075933 0.086650 0.083862 0.083662 
0.078445 0.085762 0.083512 0.140239 0.128616 0.084723 0.079377 0.082688 0.079833 0.076904 0.079901 
0.084601 0.090054 0.089685 0.134528 0.123353 0.078601 0.077842 0.075539 0.079359 0.082471 0.083967 
0.567243 0.569654 0.568867 0.571135 0.568906 0.56831 0.568721 0.568693 0.567591 0.570299 0.568329 
0.267463 16.463 16.9453 12.2267 -2.26576 -3.32001 -2.38705 0.0302425 -0.377425 7.64305 4.95832 -3.80365e-270 1.26258e-009 1.26464e-009 1.26772e-009 0.520479 0.479521 1.26283e-009 1.29226e-009 1.25995e-009 1.2618e-009 1.25951e-009 1.26426e-009 2.122e-313 2.122e-313 2.122e-313 2.122e-313 2.122e-313 2.122e-313 1.49829e-231 1.93386e-316 2.72997e-317 -5.34656e+235 3.10843e-317 8.34971e-322 2.29466e-317 nan nan nan 2.61679e-317 2.62074e-317 -3.78609e-270 0.126384 0.216387 0.125808 6.67254e-006 6.66173e-006 0.104459 0.0489293 0.0818567 0.0924017 5.59621e-005 0.203705 -3.78701e-270 0.126384 0.216387 0.125808 6.67254e-006 6.66173e-006 0.104459 0.0489293 0.0818567 0.0924017 5.59621e-005 0.203705 -3.78794e-270 0.126384 0.216387 0.125808 6.67254e-006 6.66173e-006 0.104459 0.0489293 0.0818567 0.0924017 5.59621e-005 0.203705 -3.78886e-270 0.126384 0.216387 0.125808 6.67254e-006 6.66173e-006 0.104459 0.0489293 0.0818567 0.0924017 5.59621e-005 0.203705 -3.78979e-270 0.126384 0.216387 0.125808 6.67254e-006 6.66173e-006 0.104459 
