-888959.417259
0
0.000004 0.000004 0.000003 0.000004 0.000057 0.000003 0.000003 0.000004 0.000004 0.000003 0.118535 0.000051 0.000004 0.000003 0.000004 0.000004 0.000295 0.000102 0.012752 0.000004 0.107967 0.000003 0.000003 0.015912 0.000004 0.000004 0.000003 0.000004 0.000003 0.000003 0.000003 0.000003 0.000268 0.000004 0.019431 0.000004 0.000004 0.000003 0.000003 0.000004 0.000004 0.000004 0.000004 0.000005 0.007579 0.000004 0.000004 0.000004 0.000004 0.000004 0.000003 0.000004 0.000003 0.000003 0.000003 0.000003 0.000004 0.000007 0.571352 0.021112 0.000003 0.000003 0.000003 0.000003 0.000325 0.000004 0.000004 0.000004 0.000165 0.000003 0.000003 0.000004 0.000004 0.000003 0.000003 0.082759 0.000003 0.000003 0.000003 0.000003 0.000003 0.000004 0.000004 0.000218 0.000004 0.000003 0.001401 0.000004 0.000004 0.000004 0.000004 0.000004 0.039421 0.000004 0.000004 0.000006 
0.000004 0.000004 0.000003 0.000004 0.000004 0.000003 0.000003 0.000004 0.000004 0.000003 0.000103 0.000004 0.000004 0.000003 0.000004 0.000004 0.000006 0.000004 0.000004 0.000004 0.000009 0.000003 0.000003 0.000004 0.000004 0.000004 0.000003 0.000004 0.000003 0.000003 0.000003 0.000003 0.000004 0.000004 0.000012 0.000004 0.000004 0.000003 0.000003 0.000004 0.000004 0.000004 0.000004 0.000005 0.000008 0.000004 0.000004 0.000004 0.000004 0.000004 0.000003 0.000004 0.000003 0.000003 0.000003 0.000003 0.000004 0.000006 0.999507 0.000005 0.000003 0.000003 0.000003 0.000003 0.000004 0.000004 0.000004 0.000004 0.000004 0.000003 0.000003 0.000004 0.000004 0.000003 0.000003 0.000004 0.000003 0.000003 0.000003 0.000003 0.000003 0.000004 0.000004 0.000004 0.000004 0.000003 0.000005 0.000004 0.000004 0.000004 0.000004 0.000004 0.000016 0.000004 0.000004 0.000005 
0.000004 0.000111 0.000003 0.000004 0.000004 0.000003 0.000003 0.000057 0.003425 0.000003 0.099357 0.000439 0.000004 0.000003 0.000218 0.000004 0.000006 0.000005 0.000004 0.000004 0.005355 0.000003 0.000003 0.000004 0.000004 0.000039 0.000003 0.000004 0.000003 0.000003 0.000003 0.000003 0.000490 0.000164 0.018827 0.000004 0.000218 0.000003 0.000003 0.000111 0.000004 0.001447 0.000004 0.000005 0.009253 0.000111 0.000004 0.000004 0.000004 0.000325 0.000003 0.000004 0.000003 0.000003 0.000003 0.000003 0.000004 0.285747 0.519435 0.000005 0.000003 0.000003 0.000003 0.000003 0.000004 0.000271 0.000164 0.000004 0.000004 0.000003 0.000003 0.000004 0.019569 0.000003 0.000003 0.000004 0.000003 0.000003 0.000003 0.000003 0.000003 0.000004 0.000004 0.000004 0.000004 0.000003 0.001284 0.000004 0.000004 0.000004 0.000004 0.000004 0.033144 0.000057 0.000111 0.000005 
0.000004 0.000004 0.000003 0.000004 0.000003 0.000003 0.000003 0.000003 0.000004 0.000003 0.932729 0.000004 0.000004 0.000003 0.000004 0.000004 0.000005 0.001419 0.000004 0.000004 0.000008 0.000003 0.000003 0.000004 0.000004 0.000004 0.000003 0.000004 0.000003 0.000003 0.000003 0.000003 0.000004 0.000004 0.000011 0.000004 0.000004 0.000003 0.000003 0.000004 0.000004 0.000004 0.000004 0.000004 0.004527 0.000004 0.000004 0.000004 0.000004 0.000004 0.000003 0.000004 0.000003 0.000003 0.000003 0.000003 0.000004 0.000006 0.000145 0.000005 0.000003 0.000003 0.000003 0.000003 0.000004 0.000004 0.000004 0.000004 0.000004 0.000003 0.000003 0.000004 0.000004 0.000003 0.000003 0.000004 0.000003 0.000003 0.000003 0.000003 0.000003 0.000004 0.000004 0.000004 0.000004 0.000003 0.000004 0.000004 0.000004 0.000004 0.000004 0.060834 0.000014 0.000003 0.000004 0.000005 
0.000004 0.000004 0.000003 0.000004 0.000003 0.000003 0.000003 0.000003 0.000004 0.000003 0.925146 0.000004 0.000004 0.000003 0.000004 0.000004 0.000005 0.000004 0.000004 0.000004 0.000008 0.000003 0.000003 0.000004 0.000004 0.000004 0.000003 0.071449 0.000003 0.000003 0.000003 0.000003 0.000004 0.000004 0.000011 0.000004 0.000004 0.000003 0.000003 0.000004 0.000004 0.000004 0.000004 0.000004 0.000007 0.000004 0.000004 0.000004 0.000004 0.000004 0.000003 0.000004 0.000003 0.000003 0.000003 0.000003 0.000004 0.002940 0.000114 0.000005 0.000003 0.000003 0.000003 0.000003 0.000004 0.000004 0.000004 0.000004 0.000004 0.000003 0.000003 0.000004 0.000004 0.000003 0.000003 0.000004 0.000003 0.000003 0.000003 0.000003 0.000003 0.000004 0.000004 0.000004 0.000004 0.000003 0.000004 0.000004 0.000004 0.000004 0.000004 0.000004 0.000014 0.000003 0.000004 0.000005 
0.002643 0.000004 0.000003 0.000263 0.000004 0.000003 0.000003 0.000004 0.000004 0.000003 0.114751 0.000004 0.000004 0.000003 0.000004 0.000004 0.008734 0.000004 0.000004 0.043519 0.006172 0.000003 0.000003 0.000004 0.000004 0.000004 0.000003 0.000004 0.000003 0.000003 0.000003 0.000003 0.000004 0.000004 0.025341 0.000004 0.000004 0.000003 0.000003 0.000004 0.006110 0.000004 0.006627 0.000057 0.002490 0.000004 0.000004 0.000004 0.001246 0.000004 0.000003 0.000004 0.000003 0.000003 0.000003 0.000003 0.146641 0.000006 0.535095 0.000005 0.000003 0.000003 0.000003 0.000003 0.000004 0.000004 0.000004 0.000004 0.000004 0.000003 0.000003 0.009007 0.000004 0.000003 0.000003 0.000004 0.000003 0.000003 0.000003 0.000003 0.000003 0.000314 0.022460 0.000004 0.000004 0.000003 0.000005 0.002229 0.000004 0.000004 0.000521 0.000004 0.037129 0.000004 0.000004 0.028371 
0.000004 0.000004 0.000003 0.000004 0.000004 0.000003 0.000003 0.000004 0.000004 0.000003 0.059449 0.000004 0.000004 0.000003 0.000004 0.016135 0.000006 0.000005 0.000004 0.000004 0.002411 0.000003 0.000003 0.000004 0.000601 0.000004 0.000003 0.000004 0.000003 0.000003 0.000003 0.000003 0.000005 0.000004 0.000131 0.000819 0.000004 0.000003 0.000003 0.000004 0.000004 0.000004 0.000004 0.000005 0.000008 0.000004 0.002122 0.520682 0.000004 0.000004 0.000003 0.000004 0.000003 0.000003 0.000003 0.000003 0.000004 0.078924 0.275573 0.000005 0.000003 0.000003 0.000003 0.000003 0.000004 0.000004 0.000004 0.001253 0.000004 0.000003 0.000003 0.000004 0.000004 0.000003 0.000003 0.000004 0.000003 0.000003 0.000003 0.000003 0.000003 0.000004 0.000004 0.000004 0.017275 0.000003 0.000005 0.000004 0.004186 0.002231 0.000004 0.000004 0.017885 0.000004 0.000004 0.000006 
0.000002 0.000002 0.000001 0.000002 0.000002 0.000001 0.000001 0.000002 0.000002 0.000001 0.128437 0.000002 0.001191 0.000001 0.000002 0.000002 0.016846 0.000002 0.000002 0.000002 0.006511 0.000001 0.000001 0.000002 0.000002 0.000099 0.000001 0.000002 0.000001 0.000001 0.000001 0.000001 0.000002 0.000002 0.005329 0.000002 0.000002 0.000001 0.000001 0.000002 0.000002 0.000002 0.000002 0.024272 0.000171 0.000002 0.000002 0.000002 0.000002 0.000002 0.000001 0.000114 0.000001 0.000001 0.000001 0.000001 0.000002 0.000003 0.589317 0.000002 0.000001 0.000001 0.000001 0.000001 0.000002 0.000002 0.000002 0.000002 0.000002 0.000001 0.000001 0.000002 0.000002 0.000001 0.000001 0.000002 0.000001 0.000001 0.000001 0.000001 0.000001 0.000002 0.000002 0.000002 0.000002 0.000001 0.000002 0.000002 0.000002 0.000002 0.000002 0.000002 0.040418 0.000002 0.000002 0.187160 
0.000004 0.000004 0.000003 0.000004 0.000004 0.000003 0.000003 0.000004 0.000004 0.000003 0.000069 0.000004 0.000004 0.000003 0.000004 0.000004 0.000005 0.000004 0.000004 0.000004 0.000008 0.000003 0.000003 0.000004 0.000004 0.000004 0.000003 0.000004 0.000003 0.000003 0.000003 0.000003 0.000004 0.000004 0.835365 0.000004 0.000004 0.000003 0.000003 0.000004 0.000004 0.000004 0.000004 0.000004 0.000007 0.000004 0.000004 0.000004 0.000004 0.000004 0.000003 0.000004 0.000003 0.000003 0.000003 0.000003 0.000004 0.000006 0.000902 0.002153 0.000003 0.000003 0.000003 0.000003 0.000004 0.000004 0.000004 0.000004 0.000004 0.000003 0.000003 0.000004 0.000004 0.000003 0.000003 0.000004 0.000003 0.000003 0.000003 0.000003 0.000003 0.000004 0.000004 0.000004 0.000004 0.000003 0.000004 0.000004 0.000004 0.000004 0.000004 0.000004 0.161169 0.000004 0.000004 0.000005 
0.111296 0.111180 0.110865 0.112660 0.111459 0.111032 0.110635 0.110263 0.110609 
0.108390 0.112564 0.108359 0.111841 0.109356 0.109345 0.109301 0.120818 0.110027 
0.109544 0.110185 0.111092 0.111698 0.110695 0.110031 0.109852 0.115593 0.111311 
0.111292 0.111582 0.109605 0.112713 0.113162 0.109842 0.109414 0.112695 0.109695 
breast
0.091078 0.093199 0.098564 0.099528 0.101039 0.095640 0.090910 0.229207 0.100835 
0.093154 0.095546 0.091774 0.104995 0.103951 0.101412 0.088304 0.220566 0.100299 
0.095315 0.098831 0.092963 0.103101 0.099278 0.095209 0.084203 0.230151 0.100949 
0.093696 0.099183 0.094433 0.101491 0.096741 0.095668 0.094377 0.238393 0.086018 
0.093383 0.097071 0.090064 0.100665 0.097709 0.097544 0.090784 0.224405 0.108376 
0.089905 0.090735 0.095828 0.104590 0.108159 0.093173 0.094443 0.227558 0.095610 
0.094501 0.095781 0.091476 0.103013 0.103057 0.096093 0.099239 0.223306 0.093535 
0.094175 0.095898 0.092480 0.102715 0.102519 0.096633 0.084357 0.231201 0.100021 
0.092729 0.096719 0.094864 0.102566 0.100853 0.094832 0.090588 0.222744 0.104105 
0.095598 0.095194 0.094756 0.104578 0.098330 0.096648 0.092664 0.222324 0.099908 
0.088518 0.096720 0.090278 0.108113 0.108480 0.102919 0.081141 0.227673 0.096158 
0.090015 0.098949 0.091544 0.100445 0.104028 0.093294 0.087471 0.233693 0.100562 
0.095208 0.089796 0.091820 0.103377 0.105058 0.094401 0.093769 0.222993 0.103577 
0.091126 0.091674 0.090654 0.110152 0.108582 0.096705 0.090170 0.221043 0.099893 
0.091721 0.092143 0.086661 0.101223 0.104670 0.095717 0.092365 0.218425 0.117075 
0.094248 0.098245 0.093001 0.100110 0.100154 0.095524 0.090630 0.232421 0.095666 
0.093478 0.098127 0.093494 0.096699 0.097487 0.096273 0.094934 0.231040 0.098468 
0.092685 0.097893 0.088948 0.099751 0.102022 0.090303 0.092913 0.231614 0.103871 
0.096100 0.098244 0.085392 0.098686 0.100160 0.096100 0.099091 0.232721 0.093506 
0.092522 0.095429 0.096588 0.106898 0.108079 0.091163 0.094073 0.221410 0.093839 
0.089742 0.093668 0.095939 0.101329 0.100273 0.100457 0.098366 0.219132 0.101094 
0.090401 0.096250 0.086814 0.102051 0.104585 0.094175 0.093919 0.226714 0.105090 
0.098603 0.095076 0.089811 0.097479 0.097626 0.102138 0.089521 0.230304 0.099441 
0.088266 0.094138 0.090931 0.106151 0.109297 0.098943 0.091924 0.214564 0.105786 
0.092958 0.093082 0.092391 0.109644 0.103868 0.095308 0.091411 0.226092 0.095246 
prostate
0.090511 0.094294 0.090865 0.101834 0.103567 0.097109 0.093259 0.230542 0.098020 
0.093224 0.091889 0.091649 0.102639 0.104829 0.097947 0.087868 0.235041 0.094914 
0.089460 0.095210 0.098449 0.100219 0.100026 0.094445 0.092241 0.236788 0.093162 
0.087536 0.093034 0.085894 0.104121 0.105630 0.098390 0.097346 0.232536 0.095513 
0.090640 0.090515 0.092425 0.104572 0.105757 0.093580 0.085226 0.232248 0.105037 
0.089334 0.091431 0.092963 0.100085 0.099495 0.096207 0.089448 0.235117 0.105920 
0.090018 0.094294 0.089768 0.106275 0.103887 0.092694 0.089273 0.238562 0.095229 
0.092778 0.098874 0.098727 0.089037 0.090460 0.100898 0.086461 0.239611 0.103154 
0.086994 0.089369 0.084449 0.099608 0.105750 0.094714 0.091137 0.242474 0.105505 
0.088078 0.089484 0.088666 0.104713 0.107620 0.095477 0.089453 0.236279 0.100230 
0.087601 0.092003 0.093308 0.104415 0.106721 0.087168 0.090498 0.236481 0.101804 
0.092409 0.094752 0.092732 0.098100 0.096787 0.098174 0.097231 0.235747 0.094068 
0.096229 0.096928 0.096572 0.096173 0.097188 0.092410 0.089797 0.243495 0.091209 
0.095282 0.094408 0.095142 0.105090 0.107015 0.090043 0.087362 0.236890 0.088768 
0.092233 0.093492 0.094624 0.098341 0.099413 0.096395 0.093141 0.244986 0.087376 
0.094503 0.092690 0.091561 0.101396 0.101575 0.093273 0.093280 0.236159 0.095562 
0.086437 0.092576 0.090142 0.096666 0.097663 0.099356 0.099777 0.239231 0.098152 
0.093186 0.092462 0.092568 0.102644 0.105686 0.094274 0.082013 0.239748 0.097419 
0.097157 0.088682 0.089309 0.102808 0.102780 0.089646 0.092300 0.237988 0.099329 
0.085214 0.091087 0.084559 0.104515 0.105128 0.087902 0.097998 0.237949 0.105648 
0.091604 0.094981 0.094803 0.106431 0.102197 0.089286 0.091920 0.233800 0.094977 
0.091776 0.089484 0.086303 0.106733 0.106133 0.096431 0.090603 0.238533 0.094003 
0.089227 0.093034 0.091789 0.105970 0.104016 0.099068 0.093255 0.226209 0.097432 
0.088861 0.096126 0.090715 0.107857 0.106323 0.095193 0.090252 0.240252 0.084420 
0.091077 0.094523 0.093334 0.100922 0.100947 0.097159 0.088692 0.231803 0.101542 
skin
0.094294 0.092607 0.092317 0.105702 0.105046 0.096022 0.085979 0.225237 0.102796 
0.094612 0.094113 0.088810 0.105492 0.100059 0.096592 0.094064 0.227051 0.099207 
0.093360 0.096894 0.094707 0.108580 0.109882 0.093910 0.084753 0.234770 0.083144 
0.087153 0.092607 0.085924 0.105476 0.106910 0.093742 0.089267 0.234989 0.103932 
0.089117 0.094924 0.091150 0.103142 0.102990 0.096843 0.084665 0.237508 0.099661 
0.098685 0.097588 0.091411 0.098730 0.100585 0.094102 0.083179 0.234588 0.101129 
0.086408 0.089826 0.092328 0.104760 0.108761 0.100972 0.092528 0.222896 0.101520 
0.092719 0.093302 0.091921 0.099781 0.100348 0.099287 0.095159 0.224903 0.102581 
0.089645 0.091217 0.093668 0.109690 0.107257 0.092301 0.086826 0.229859 0.099536 
0.091300 0.099095 0.092157 0.097550 0.098525 0.096758 0.082167 0.235683 0.106765 
0.094370 0.096777 0.087357 0.092186 0.096596 0.100135 0.091375 0.233467 0.107737 
0.093019 0.091332 0.093773 0.101361 0.104820 0.090721 0.095730 0.228789 0.100455 
0.093448 0.093185 0.096181 0.095828 0.094901 0.095970 0.095198 0.238505 0.096783 
0.094928 0.097820 0.093999 0.098227 0.097510 0.097066 0.087758 0.236919 0.095772 
0.089393 0.091448 0.085292 0.103968 0.106356 0.096800 0.103930 0.228955 0.093859 
0.095665 0.094344 0.094087 0.094877 0.093844 0.096128 0.096545 0.230425 0.104083 
0.094938 0.098284 0.095731 0.097670 0.101551 0.096399 0.089829 0.236896 0.088703 
0.090511 0.092491 0.087770 0.107024 0.105933 0.093385 0.094502 0.225620 0.102763 
0.093076 0.092143 0.096291 0.104796 0.104400 0.101034 0.084779 0.227646 0.095834 
0.097104 0.098863 0.092896 0.099223 0.097979 0.096484 0.089681 0.235206 0.092564 
0.089682 0.096893 0.088982 0.097116 0.098079 0.096953 0.082128 0.237104 0.113063 
0.088800 0.096198 0.093289 0.101728 0.101391 0.099066 0.090771 0.236565 0.092191 
0.094112 0.092259 0.092652 0.103710 0.103766 0.094309 0.086436 0.229938 0.102818 
0.092432 0.095618 0.094610 0.094411 0.092254 0.096448 0.095118 0.229176 0.109932 
0.093332 0.093882 0.094740 0.108042 0.107335 0.090349 0.084240 0.232663 0.095417 
stomach
0.092959 0.096302 0.091277 0.107806 0.106515 0.091492 0.090773 0.232056 0.090819 
0.090117 0.094319 0.095058 0.105307 0.103948 0.100883 0.087072 0.226114 0.097182 
0.088701 0.091518 0.090986 0.106344 0.109230 0.096145 0.091117 0.220978 0.104980 
0.091573 0.099336 0.091466 0.100310 0.097171 0.099045 0.087657 0.234913 0.098530 
0.093170 0.093268 0.091621 0.103834 0.103424 0.095133 0.087119 0.232455 0.099975 
0.094352 0.100036 0.091888 0.097533 0.093541 0.101864 0.088046 0.242272 0.090467 
0.093875 0.091868 0.092420 0.103031 0.101690 0.093949 0.085526 0.229145 0.108496 
0.085995 0.095952 0.097535 0.109255 0.110981 0.095208 0.090597 0.233144 0.081332 
0.089854 0.094318 0.095554 0.105061 0.100490 0.098815 0.090198 0.232305 0.093404 
0.094846 0.094085 0.089262 0.102623 0.105784 0.093567 0.094869 0.233328 0.091635 
0.092281 0.097586 0.091152 0.101486 0.102581 0.094772 0.087906 0.232727 0.099509 
0.092474 0.095486 0.087466 0.108381 0.107148 0.098584 0.090825 0.228957 0.090679 
0.090396 0.093268 0.091876 0.102771 0.105700 0.093487 0.092354 0.229280 0.100869 
0.095192 0.099452 0.096006 0.093982 0.097421 0.100504 0.087252 0.228862 0.101328 
0.095058 0.098986 0.096999 0.102427 0.099426 0.091566 0.094435 0.232714 0.088390 
0.091358 0.093035 0.093703 0.101417 0.102771 0.090748 0.095340 0.225981 0.105649 
0.094807 0.097002 0.091047 0.100946 0.102344 0.091438 0.083832 0.235345 0.103239 
0.095140 0.096185 0.097628 0.100225 0.100063 0.092022 0.097085 0.233219 0.088433 
0.094924 0.093501 0.093505 0.099300 0.094644 0.094762 0.091723 0.228620 0.109021 
0.090543 0.097352 0.095719 0.103243 0.100037 0.096948 0.090711 0.222233 0.103214 
0.094993 0.096069 0.092482 0.102107 0.102716 0.099644 0.082458 0.236154 0.093376 
0.084338 0.094085 0.096743 0.106384 0.108116 0.091639 0.085898 0.226741 0.106056 
0.089845 0.096185 0.099782 0.098910 0.103348 0.097458 0.087109 0.226618 0.100744 
0.090873 0.091868 0.088059 0.107303 0.106610 0.101971 0.091838 0.229871 0.091608 
0.095046 0.096535 0.092819 0.104651 0.104093 0.095851 0.090333 0.224563 0.096109 
0.555053 0.558533 0.554906 0.560777 0.557707 0.555124 0.554427 0.567764 0.556081 
-1.03123 6.13188 4.5476 9.34157 9.69718 6.26226 -2.67533 199.462 -0.606806 -3.79646e-270 0.0431346 2.65687e-005 0.0362273 0.375249 0.372682 0.0432407 0.0213275 0.108098 1.50591e-005 -3.79738e-270 0.0431346 2.65687e-005 0.0362273 0.375249 0.372682 0.0432407 0.0213275 0.108098 1.50591e-005 -3.79831e-270 0.0431346 2.65687e-005 0.0362273 0.375249 0.372682 0.0432407 0.0213275 0.108098 1.50591e-005 -3.79923e-270 0.0431346 2.65687e-005 0.0362273 0.375249 0.372682 0.0432407 0.0213275 0.108098 1.50591e-005 -3.80015e-270 0.0431346 2.65687e-005 0.0362273 0.375249 0.372682 0.0432407 0.0213275 0.108098 1.50591e-005 -3.80108e-270 0.0431346 2.65687e-005 0.0362273 0.375249 0.372682 0.0432407 0.0213275 0.108098 1.50591e-005 -3.802e-270 0.0431346 2.65687e-005 0.0362273 0.375249 0.372682 0.0432407 0.0213275 0.108098 1.50591e-005 -3.80293e-270 0.0431346 2.65687e-005 0.0362273 0.375249 0.372682 0.0432407 0.0213275 0.108098 1.50591e-005 -3.80385e-270 0.0431346 2.65687e-005 0.0362273 0.375249 0.372682 0.0432407 
