-742078.323672
0
0.000003 0.000081 0.000002 0.000003 0.000003 0.000002 0.000002 0.000003 0.000003 0.000002 0.068557 0.000003 0.000206 0.000002 0.000003 0.000003 0.000796 0.000649 0.009258 0.000118 0.090803 0.000002 0.000002 0.011552 0.000003 0.000003 0.000002 0.014186 0.000002 0.000002 0.000002 0.000002 0.000082 0.000003 0.013815 0.000003 0.000158 0.000002 0.000002 0.000003 0.000197 0.000003 0.000004 0.000003 0.005329 0.000003 0.000003 0.000003 0.000003 0.000003 0.000002 0.000003 0.000002 0.000002 0.000002 0.000002 0.000148 0.001648 0.701741 0.016996 0.000002 0.000002 0.000002 0.000002 0.000236 0.000003 0.000003 0.000003 0.000119 0.000002 0.000002 0.000003 0.000003 0.000002 0.000002 0.060080 0.000002 0.000002 0.000002 0.000002 0.000002 0.000003 0.000100 0.000158 0.000003 0.000002 0.001010 0.000146 0.000003 0.000003 0.000003 0.001641 0.000004 0.000003 0.000003 0.000004 
0.000003 0.000003 0.000003 0.000003 0.000003 0.000003 0.000003 0.000003 0.000003 0.000003 0.000099 0.000003 0.000004 0.000003 0.000003 0.000003 0.000004 0.000004 0.000003 0.000005 0.000006 0.000003 0.000003 0.000003 0.000003 0.000003 0.000003 0.000008 0.000003 0.000003 0.000003 0.000003 0.000003 0.000003 0.000006 0.000003 0.000003 0.000003 0.000003 0.000003 0.000004 0.000003 0.000004 0.000003 0.000007 0.000003 0.000003 0.000003 0.000003 0.000003 0.000003 0.000003 0.000003 0.000003 0.000003 0.000003 0.000005 0.000008 0.919797 0.000003 0.000003 0.000003 0.000003 0.000003 0.000003 0.000003 0.000003 0.000003 0.000003 0.000003 0.000003 0.000003 0.000003 0.000003 0.000003 0.000003 0.000003 0.000003 0.000003 0.000003 0.000003 0.000003 0.000005 0.000003 0.000003 0.000003 0.000004 0.000004 0.000003 0.000003 0.000003 0.000005 0.079804 0.000003 0.000003 0.000004 
0.000003 0.000003 0.000002 0.000003 0.000042 0.000002 0.000002 0.000042 0.002505 0.000002 0.051385 0.000355 0.000268 0.000002 0.000003 0.000003 0.000004 0.000566 0.000003 0.000084 0.002811 0.000002 0.000002 0.000003 0.000433 0.000003 0.000002 0.010627 0.000002 0.000002 0.000002 0.000002 0.000472 0.000120 0.000087 0.000003 0.000003 0.000002 0.000002 0.000003 0.000185 0.001059 0.000004 0.000003 0.004760 0.000081 0.000003 0.000003 0.000003 0.000237 0.000002 0.000003 0.000002 0.000002 0.000002 0.000002 0.000103 0.161008 0.742937 0.000003 0.000002 0.000002 0.000002 0.000002 0.000003 0.000198 0.000120 0.000003 0.000003 0.000002 0.000002 0.000003 0.014312 0.000002 0.000002 0.000003 0.000002 0.000002 0.000002 0.000002 0.000002 0.000237 0.000107 0.000003 0.000003 0.000002 0.000946 0.000768 0.000003 0.000003 0.000003 0.002842 0.000004 0.000042 0.000081 0.000004 
0.000003 0.000003 0.000003 0.000003 0.000003 0.000003 0.000003 0.000003 0.000003 0.000003 0.949473 0.000003 0.000004 0.000003 0.000003 0.000003 0.000005 0.000004 0.000003 0.000005 0.000006 0.000003 0.000003 0.000003 0.000003 0.000003 0.000003 0.000008 0.000003 0.000003 0.000003 0.000003 0.000003 0.000003 0.000006 0.000003 0.000003 0.000003 0.000003 0.000003 0.000004 0.000003 0.000004 0.000003 0.003212 0.000003 0.000003 0.000003 0.000971 0.000003 0.000003 0.000003 0.000003 0.000003 0.000003 0.000003 0.000005 0.000008 0.000055 0.000003 0.000003 0.000003 0.000003 0.000003 0.000003 0.000003 0.000003 0.000003 0.000003 0.000003 0.000003 0.000003 0.000003 0.000003 0.000003 0.000003 0.000003 0.000003 0.000003 0.000003 0.000003 0.000003 0.000005 0.000003 0.000003 0.000003 0.000004 0.000004 0.000003 0.000003 0.000003 0.045997 0.000004 0.000003 0.000003 0.000004 
0.000003 0.000003 0.000002 0.000003 0.000003 0.000002 0.000002 0.000003 0.000003 0.000002 0.780889 0.000003 0.000004 0.000002 0.000003 0.000003 0.000004 0.000003 0.000003 0.000005 0.000006 0.000002 0.000002 0.000003 0.000003 0.000003 0.000002 0.007799 0.000002 0.000002 0.000002 0.000002 0.000003 0.000003 0.000006 0.000003 0.000003 0.000002 0.000002 0.000003 0.000004 0.000003 0.000003 0.000003 0.000006 0.000003 0.000003 0.000003 0.000003 0.000003 0.000002 0.000003 0.000002 0.000002 0.000002 0.000002 0.000005 0.005137 0.000052 0.000003 0.000002 0.000002 0.000002 0.000002 0.000003 0.000003 0.000003 0.000003 0.000003 0.000002 0.000002 0.000003 0.000003 0.000002 0.000002 0.000003 0.000002 0.000002 0.000002 0.000002 0.000002 0.000003 0.000004 0.000003 0.000003 0.000002 0.000003 0.000004 0.000003 0.000003 0.000003 0.000004 0.205855 0.000003 0.000003 0.000004 
0.002254 0.000003 0.000003 0.000224 0.000003 0.000003 0.000003 0.000003 0.000003 0.000003 0.006587 0.000003 0.000004 0.000003 0.000003 0.000003 0.001122 0.000004 0.000003 0.036809 0.000007 0.000003 0.000003 0.000003 0.000003 0.000003 0.000003 0.000009 0.000003 0.000003 0.000003 0.000003 0.000004 0.000003 0.784592 0.000003 0.000003 0.000003 0.000003 0.000003 0.004789 0.000003 0.004614 0.000004 0.000007 0.000003 0.000003 0.000004 0.000003 0.000003 0.000003 0.000003 0.000003 0.000003 0.000003 0.000003 0.124574 0.000009 0.001587 0.000004 0.000003 0.000003 0.000003 0.000003 0.000003 0.000003 0.000003 0.000003 0.000003 0.000003 0.000003 0.007682 0.000003 0.000003 0.000003 0.000004 0.000003 0.000003 0.000003 0.000003 0.000003 0.000003 0.018925 0.000003 0.000003 0.000003 0.000004 0.000878 0.000003 0.000003 0.000445 0.000005 0.000005 0.000003 0.000003 0.004644 
0.000003 0.000003 0.000002 0.000003 0.000003 0.000002 0.000002 0.000003 0.000003 0.000002 0.081751 0.000003 0.000004 0.000002 0.000159 0.011594 0.000004 0.000003 0.000003 0.000041 0.003129 0.000002 0.000002 0.000003 0.000003 0.000003 0.000002 0.012385 0.000002 0.000002 0.000002 0.000002 0.000003 0.000003 0.000034 0.000588 0.000003 0.000002 0.000002 0.000081 0.000004 0.000003 0.000004 0.000003 0.002235 0.000003 0.001525 0.374158 0.000003 0.000003 0.000002 0.000003 0.000002 0.000002 0.000002 0.000002 0.000104 0.099600 0.394467 0.000003 0.000002 0.000002 0.000002 0.000002 0.000003 0.000003 0.000003 0.000901 0.000003 0.000002 0.000002 0.000003 0.000003 0.000002 0.000002 0.000003 0.000002 0.000002 0.000002 0.000002 0.000002 0.000003 0.000005 0.000003 0.012414 0.000002 0.000003 0.000004 0.003008 0.001603 0.000003 0.000005 0.000004 0.000003 0.000003 0.000004 
0.000003 0.000003 0.000003 0.000003 0.000003 0.000003 0.000003 0.000003 0.000003 0.000003 0.081684 0.000003 0.001688 0.000003 0.000003 0.000003 0.036094 0.000004 0.000003 0.000055 0.003379 0.000003 0.000003 0.000003 0.000003 0.000208 0.000003 0.013014 0.000003 0.000003 0.000003 0.000003 0.000003 0.000003 0.000042 0.000003 0.000003 0.000003 0.000003 0.000003 0.000004 0.000003 0.000970 0.044452 0.002796 0.000003 0.000003 0.000003 0.000003 0.000003 0.000003 0.000208 0.000003 0.000003 0.000003 0.000003 0.000115 0.000477 0.453934 0.000003 0.000003 0.000003 0.000003 0.000003 0.000003 0.000003 0.000003 0.000003 0.000003 0.000003 0.000003 0.000003 0.000003 0.000003 0.000003 0.000003 0.000003 0.000003 0.000003 0.000003 0.000003 0.000003 0.000013 0.000003 0.000003 0.000003 0.000004 0.000004 0.000003 0.000003 0.000003 0.000005 0.000004 0.000003 0.000003 0.360637 
0.126566 0.124742 0.124774 0.124085 0.125392 0.124887 0.125760 0.123794 
0.125534 0.123527 0.127513 0.123496 0.126799 0.124481 0.124482 0.124169 
0.125972 0.124662 0.123555 0.123945 0.126734 0.126480 0.124745 0.123906 
0.125818 0.125469 0.124691 0.124097 0.125452 0.124258 0.125900 0.124315 
breast
0.125450 0.122521 0.130598 0.121049 0.135444 0.113482 0.128318 0.123138 
0.131000 0.122531 0.126474 0.125782 0.129884 0.124178 0.125263 0.114886 
0.134107 0.126880 0.130603 0.121781 0.123611 0.116819 0.122613 0.123587 
0.131273 0.127972 0.130974 0.120998 0.125950 0.099276 0.132456 0.131101 
0.128822 0.127709 0.126248 0.120408 0.132652 0.121440 0.126589 0.116133 
0.124940 0.118356 0.127728 0.125446 0.135191 0.109271 0.132855 0.126212 
0.130946 0.124419 0.126772 0.123610 0.131917 0.107998 0.136834 0.117504 
0.129692 0.125630 0.127376 0.123819 0.136082 0.112932 0.120453 0.124016 
0.129183 0.124075 0.130219 0.122979 0.126920 0.121186 0.128300 0.117138 
0.130070 0.126657 0.128813 0.124182 0.136698 0.109974 0.129031 0.114576 
0.124815 0.124343 0.126737 0.130352 0.135418 0.119242 0.118301 0.120792 
0.127477 0.126620 0.129115 0.121257 0.127633 0.114477 0.125800 0.127621 
0.129795 0.117094 0.124745 0.124024 0.131889 0.119264 0.130078 0.123112 
0.125834 0.119350 0.123683 0.132405 0.137559 0.116982 0.127063 0.117124 
0.126159 0.119914 0.120254 0.122490 0.133252 0.134928 0.128243 0.114759 
0.131123 0.128316 0.129529 0.120189 0.131767 0.106715 0.128084 0.124278 
0.130133 0.128442 0.129747 0.115904 0.128698 0.110074 0.132675 0.124325 
0.129342 0.127090 0.126171 0.120166 0.130625 0.112265 0.129739 0.124602 
0.134098 0.126041 0.124256 0.118619 0.124558 0.109851 0.135740 0.126836 
0.130406 0.122925 0.132063 0.127397 0.131690 0.106067 0.133086 0.116366 
0.125483 0.122148 0.129663 0.120579 0.129198 0.121405 0.136040 0.115484 
0.126091 0.124314 0.123089 0.124545 0.132612 0.118733 0.130371 0.120245 
0.133886 0.123439 0.124889 0.117604 0.127966 0.120778 0.125754 0.125683 
0.123177 0.123114 0.124924 0.128980 0.140501 0.123241 0.128773 0.107290 
0.127690 0.119570 0.125854 0.131044 0.131723 0.113417 0.128015 0.122687 
prostate
0.128663 0.125798 0.127712 0.123808 0.134585 0.115222 0.131061 0.113149 
0.130171 0.123774 0.127050 0.124853 0.138101 0.111388 0.125754 0.118910 
0.127738 0.127327 0.135397 0.120198 0.130479 0.106294 0.132104 0.120463 
0.125519 0.123178 0.123374 0.126257 0.132962 0.116382 0.135120 0.117209 
0.126409 0.123286 0.125945 0.126856 0.142428 0.116902 0.122887 0.115286 
0.124600 0.123477 0.127309 0.121643 0.135805 0.121381 0.126453 0.119333 
0.128448 0.123525 0.127421 0.128324 0.129703 0.112487 0.127643 0.122450 
0.132647 0.130634 0.137348 0.108059 0.119065 0.124260 0.126376 0.121610 
0.123861 0.117997 0.121183 0.122499 0.130785 0.124629 0.127270 0.131776 
0.125149 0.119208 0.123607 0.126796 0.134375 0.119219 0.126877 0.124768 
0.126304 0.120437 0.128793 0.126539 0.129318 0.114734 0.130178 0.123697 
0.131527 0.124757 0.130889 0.118534 0.123752 0.114063 0.135828 0.120651 
0.134902 0.128372 0.134268 0.117485 0.128641 0.103521 0.128263 0.124547 
0.134839 0.124334 0.132774 0.126678 0.131706 0.100993 0.127194 0.121481 
0.130036 0.125346 0.130632 0.119062 0.131125 0.102726 0.131593 0.129480 
0.132133 0.124627 0.127419 0.122718 0.134608 0.107521 0.131111 0.119863 
0.123091 0.124084 0.126043 0.117939 0.131594 0.117158 0.136317 0.123775 
0.130630 0.123543 0.128025 0.124871 0.136013 0.111981 0.120664 0.124275 
0.133183 0.119157 0.123160 0.124747 0.135416 0.110542 0.128855 0.124940 
0.120910 0.123456 0.120218 0.126624 0.140180 0.111915 0.134437 0.122260 
0.128723 0.127046 0.131209 0.128207 0.136131 0.102851 0.130510 0.115323 
0.128045 0.118807 0.122250 0.129806 0.134903 0.113131 0.126802 0.126256 
0.126234 0.123846 0.127268 0.127940 0.135928 0.117692 0.131614 0.109477 
0.127649 0.127519 0.129542 0.129745 0.134732 0.098459 0.129660 0.122693 
0.128809 0.126749 0.130392 0.121792 0.132641 0.118251 0.126975 0.114392 
skin
0.129203 0.124172 0.126304 0.127918 0.140929 0.115171 0.123051 0.113252 
0.130395 0.126540 0.124615 0.125289 0.138323 0.111138 0.130213 0.113487 
0.131772 0.125243 0.131765 0.131797 0.135371 0.098299 0.123876 0.121876 
0.122887 0.122701 0.121929 0.127185 0.137960 0.116536 0.125768 0.125034 
0.125400 0.125253 0.127466 0.124492 0.135311 0.115059 0.121491 0.125529 
0.138646 0.128095 0.130171 0.118056 0.126883 0.113980 0.121587 0.122581 
0.122350 0.116775 0.126605 0.126800 0.131234 0.128304 0.130033 0.117900 
0.129020 0.122610 0.127036 0.120636 0.129703 0.123732 0.132661 0.114602 
0.124773 0.121142 0.127607 0.131801 0.139704 0.111433 0.123496 0.120043 
0.130782 0.130062 0.131599 0.117079 0.125969 0.122065 0.120262 0.122183 
0.132566 0.128044 0.125405 0.111856 0.126963 0.125530 0.128586 0.121050 
0.129036 0.122487 0.127415 0.122582 0.136610 0.108239 0.133910 0.119722 
0.129692 0.123672 0.130001 0.115733 0.127102 0.110819 0.133139 0.129842 
0.131734 0.128109 0.130766 0.119101 0.128946 0.112091 0.125555 0.123697 
0.125300 0.119953 0.120787 0.125522 0.133696 0.112910 0.140734 0.121097 
0.132807 0.124280 0.128472 0.114206 0.124211 0.121070 0.134851 0.120104 
0.134397 0.128138 0.134061 0.117874 0.127230 0.104435 0.129294 0.124571 
0.126373 0.122560 0.123640 0.128463 0.136420 0.115672 0.131311 0.115563 
0.128296 0.124277 0.129370 0.126112 0.142555 0.112048 0.121984 0.115358 
0.135225 0.130315 0.131054 0.119518 0.130094 0.105433 0.127606 0.120756 
0.127912 0.126178 0.126924 0.116857 0.123122 0.132412 0.119933 0.126661 
0.126044 0.127874 0.129884 0.121321 0.135123 0.107179 0.128813 0.123762 
0.128922 0.124016 0.126261 0.125687 0.141690 0.113431 0.123012 0.116980 
0.130435 0.126901 0.130570 0.112089 0.124444 0.124848 0.133034 0.117679 
0.129084 0.125055 0.129557 0.130047 0.142110 0.102669 0.121672 0.119806 
stomach
0.129821 0.127301 0.127917 0.128756 0.138333 0.097668 0.128500 0.121705 
0.125334 0.123299 0.129336 0.127068 0.135411 0.117976 0.124106 0.117471 
0.125149 0.119112 0.125169 0.127671 0.134265 0.123490 0.128702 0.116443 
0.129348 0.128692 0.129685 0.120003 0.125219 0.116566 0.125218 0.125267 
0.127857 0.123769 0.126592 0.125249 0.137191 0.111288 0.123300 0.124754 
0.132998 0.130207 0.130961 0.117034 0.123549 0.108237 0.125188 0.131826 
0.128424 0.121006 0.124984 0.124570 0.134319 0.121613 0.122158 0.122926 
0.123910 0.122731 0.134306 0.131035 0.131934 0.098900 0.129983 0.127201 
0.125948 0.122897 0.129407 0.125716 0.129176 0.111561 0.128776 0.126520 
0.132298 0.122080 0.125028 0.124260 0.130602 0.105605 0.132603 0.127525 
0.129459 0.127380 0.128637 0.122505 0.132378 0.111982 0.125386 0.122273 
0.129314 0.123772 0.124301 0.130284 0.134393 0.109817 0.127970 0.120149 
0.127322 0.121628 0.126665 0.123101 0.131072 0.115534 0.130584 0.124094 
0.133960 0.129636 0.134064 0.113817 0.124929 0.119333 0.125964 0.118298 
0.132808 0.126798 0.134569 0.123123 0.125128 0.101207 0.133154 0.123213 
0.127357 0.122149 0.127408 0.121839 0.131505 0.116648 0.133164 0.119930 
0.132459 0.126006 0.127907 0.121763 0.129831 0.114101 0.121556 0.126377 
0.132835 0.125554 0.132607 0.119860 0.127519 0.098820 0.136612 0.126192 
0.130595 0.123114 0.127527 0.119218 0.127958 0.121866 0.128366 0.121357 
0.126608 0.127232 0.131895 0.124244 0.131424 0.118137 0.128717 0.111744 
0.130933 0.126752 0.128160 0.123429 0.135355 0.108491 0.119836 0.127044 
0.120001 0.123418 0.130287 0.128092 0.137342 0.116811 0.124995 0.119053 
0.125665 0.127428 0.134366 0.119717 0.136183 0.114061 0.125810 0.116771 
0.126183 0.120739 0.122720 0.128692 0.137476 0.112841 0.128021 0.123328 
0.132410 0.125844 0.128739 0.125372 0.131925 0.110965 0.128957 0.115790 
0.609003 0.605598 0.606137 0.603629 0.609102 0.606584 0.6071 0.603859 
8.38454 4.09365 6.55631 -5.93948 9.50843 9.82388 6.68141 -5.93982 2.122e-313 -1.29276e-231 0.0342535 3.43967e-005 0.0255255 0.457444 0.400494 0.00288686 0.0406973 0.0386647 2.122e-313 -1.29307e-231 0.0342535 3.43967e-005 0.0255255 0.457444 0.400494 0.00288686 0.0406973 0.0386647 2.122e-313 -1.29339e-231 0.0342535 3.43967e-005 0.0255255 0.457444 0.400494 0.00288686 0.0406973 0.0386647 2.122e-313 -1.2937e-231 0.0342535 3.43967e-005 0.0255255 0.457444 0.400494 0.00288686 0.0406973 0.0386647 2.122e-313 -1.29402e-231 0.0342535 3.43967e-005 0.0255255 0.457444 0.400494 0.00288686 0.0406973 0.0386647 2.122e-313 -1.29433e-231 0.0342535 3.43967e-005 0.0255255 0.457444 0.400494 0.00288686 0.0406973 0.0386647 2.122e-313 -1.29464e-231 0.0342535 3.43967e-005 0.0255255 0.457444 0.400494 0.00288686 0.0406973 0.0386647 2.122e-313 -1.29496e-231 0.0342535 3.43967e-005 0.0255255 0.457444 0.400494 0.00288686 0.0406973 0.0386647 2.122e-313 -1.29527e-231 0.0342535 3.43967e-005 0.0255255 0.457444 0.400494 0.00288686 
