-1009786.670671
0
0.000002 0.000002 0.000002 0.000002 0.000002 0.000002 0.000002 0.000002 0.000002 0.000002 0.000004 0.000002 0.000002 0.000002 0.000002 0.000002 0.022934 0.000002 0.005902 0.000003 0.058458 0.000002 0.000002 0.007365 0.000002 0.000002 0.000002 0.000003 0.000002 0.000002 0.000002 0.000002 0.000002 0.000002 0.441962 0.000374 0.000002 0.000002 0.000002 0.000002 0.000003 0.000002 0.000003 0.000002 0.000002 0.000002 0.000002 0.035365 0.000002 0.000002 0.000002 0.000002 0.000002 0.000002 0.000002 0.000002 0.008753 0.000003 0.145073 0.010836 0.000002 0.000002 0.000002 0.000002 0.000150 0.000002 0.000002 0.000002 0.000002 0.000002 0.000002 0.000003 0.000002 0.000002 0.000002 0.038304 0.000002 0.000002 0.000002 0.000002 0.000002 0.000002 0.000002 0.000002 0.000002 0.000002 0.000002 0.000002 0.000002 0.000002 0.000002 0.000002 0.003928 0.000002 0.000002 0.220442 
0.000002 0.000002 0.000002 0.000002 0.000002 0.000002 0.000002 0.000002 0.000002 0.000002 0.000004 0.000002 0.000002 0.000002 0.000002 0.000002 0.000002 0.000002 0.000002 0.000003 0.000668 0.000002 0.000002 0.000002 0.000002 0.000002 0.000002 0.000003 0.000002 0.000002 0.000002 0.000002 0.000002 0.000002 0.000004 0.000002 0.000002 0.000002 0.000002 0.000002 0.000003 0.000002 0.002008 0.000002 0.000002 0.000002 0.000002 0.025730 0.000002 0.000002 0.000002 0.000125 0.000002 0.000002 0.000002 0.000002 0.002097 0.000003 0.964336 0.000002 0.000002 0.000002 0.000002 0.000002 0.000002 0.000002 0.000002 0.000002 0.000002 0.000002 0.000002 0.002825 0.000002 0.000002 0.000002 0.000002 0.000002 0.000002 0.000002 0.000002 0.000002 0.000002 0.000002 0.000002 0.000002 0.000002 0.000002 0.000002 0.000002 0.000002 0.000002 0.000002 0.002042 0.000002 0.000002 0.000002 
0.000043 0.000051 0.000002 0.000002 0.000026 0.000002 0.000002 0.000026 0.001580 0.000002 0.000004 0.000002 0.000002 0.000002 0.000101 0.000002 0.000002 0.000002 0.000002 0.000050 0.004284 0.000002 0.000002 0.000002 0.000273 0.000125 0.000002 0.000022 0.000002 0.000002 0.000002 0.000002 0.000002 0.000076 0.007634 0.000002 0.000101 0.000002 0.000002 0.000051 0.000065 0.000668 0.001153 0.000002 0.000003 0.000051 0.000002 0.144641 0.000002 0.000150 0.000002 0.000002 0.000002 0.000002 0.000002 0.000002 0.049892 0.014237 0.731979 0.000002 0.000002 0.000002 0.000002 0.000002 0.000003 0.000125 0.000076 0.000002 0.000076 0.000002 0.000002 0.001470 0.009026 0.000002 0.000002 0.000002 0.000002 0.000002 0.000002 0.000002 0.000002 0.000150 0.010703 0.000101 0.000016 0.000002 0.000002 0.001062 0.000006 0.001013 0.000248 0.000002 0.018470 0.000026 0.000051 0.000002 
0.000003 0.000002 0.000002 0.000002 0.000002 0.000002 0.000002 0.000002 0.000002 0.000002 0.736747 0.000002 0.001466 0.000002 0.000002 0.008206 0.000002 0.000859 0.000002 0.000003 0.000302 0.000002 0.000002 0.000002 0.000002 0.000002 0.000002 0.000003 0.000002 0.000002 0.000002 0.000002 0.000389 0.000002 0.000004 0.000002 0.000002 0.000002 0.000002 0.000002 0.000003 0.000002 0.000003 0.029918 0.012791 0.000002 0.001080 0.026352 0.000665 0.000002 0.000002 0.000002 0.000002 0.000002 0.000002 0.000002 0.008032 0.000004 0.130756 0.000002 0.000002 0.000002 0.000002 0.000002 0.000002 0.000002 0.000002 0.000638 0.000002 0.000002 0.000002 0.000003 0.000002 0.000002 0.000002 0.000003 0.000002 0.000002 0.000002 0.000002 0.000002 0.000002 0.000002 0.000002 0.000003 0.000002 0.001383 0.000002 0.002125 0.000002 0.000002 0.034669 0.003460 0.000002 0.000002 0.000003 
0.001167 0.000002 0.000001 0.000120 0.000002 0.000001 0.000001 0.000002 0.000002 0.000001 0.584924 0.000214 0.000002 0.000001 0.000002 0.000002 0.000002 0.000002 0.000002 0.019799 0.000005 0.000001 0.000001 0.000002 0.000002 0.000002 0.000001 0.034807 0.000001 0.000001 0.000001 0.000001 0.000002 0.000002 0.000003 0.000002 0.000002 0.000001 0.000001 0.000002 0.002727 0.000002 0.000003 0.000002 0.000002 0.000002 0.000002 0.007063 0.000002 0.000002 0.000001 0.000002 0.000001 0.000001 0.000001 0.000001 0.001967 0.148206 0.042481 0.000002 0.000001 0.000001 0.000001 0.000001 0.000002 0.000002 0.000002 0.000002 0.000002 0.000001 0.000001 0.000003 0.000002 0.000001 0.000001 0.000002 0.000001 0.000001 0.000001 0.000001 0.000001 0.000002 0.000002 0.000002 0.007492 0.000001 0.000002 0.000002 0.000002 0.000002 0.000002 0.000002 0.148884 0.000002 0.000002 0.000002 
0.199117 0.199517 0.199756 0.199396 0.202213 
0.264406 0.264438 0.068595 0.140982 0.261579 
0.199097 0.198619 0.198720 0.199038 0.204526 
0.197534 0.197419 0.197653 0.197578 0.209816 
breast
0.205117 0.197727 0.198235 0.173955 0.224967 
0.201766 0.203745 0.205539 0.181580 0.207370 
0.209911 0.208764 0.201992 0.173891 0.205442 
0.199118 0.210577 0.208779 0.176893 0.204633 
0.207995 0.206386 0.206959 0.171086 0.207575 
0.201479 0.193663 0.197054 0.182160 0.225643 
0.194646 0.204154 0.204473 0.181341 0.215385 
0.203581 0.203080 0.200802 0.179856 0.212681 
0.204866 0.205255 0.205651 0.177264 0.206965 
0.196412 0.202166 0.205889 0.176244 0.219288 
0.196803 0.205714 0.202768 0.181133 0.213583 
0.206970 0.209789 0.200687 0.174712 0.207841 
0.219355 0.190582 0.195605 0.177417 0.217040 
0.200207 0.194199 0.198049 0.186335 0.221211 
0.218634 0.196190 0.197784 0.175323 0.212069 
0.198560 0.208951 0.206023 0.174145 0.212322 
0.202861 0.209165 0.207011 0.169753 0.211210 
0.208660 0.207944 0.203267 0.173831 0.206297 
0.209611 0.209427 0.211386 0.171844 0.197732 
0.195087 0.202620 0.200847 0.180846 0.220600 
0.196778 0.199812 0.209565 0.177901 0.215943 
0.204749 0.205155 0.201016 0.180513 0.208567 
0.216393 0.201689 0.203933 0.168978 0.209007 
0.193841 0.199141 0.201573 0.179832 0.225613 
0.204642 0.198055 0.194541 0.186258 0.216504 
prostate
0.190826 0.205994 0.208702 0.180210 0.214269 
0.196957 0.200520 0.200310 0.177082 0.225131 
0.191315 0.207283 0.209364 0.173445 0.218594 
0.192177 0.202647 0.207633 0.182995 0.214548 
0.197937 0.197020 0.194331 0.179477 0.231235 
0.201844 0.199417 0.202433 0.180020 0.216286 
0.202350 0.204136 0.201454 0.182197 0.209862 
0.207586 0.213415 0.210550 0.160587 0.207861 
0.221288 0.196378 0.199234 0.175705 0.207395 
0.204374 0.195756 0.200197 0.184524 0.215149 
0.208122 0.199942 0.193766 0.182290 0.215881 
0.198894 0.207261 0.210785 0.175858 0.207202 
0.200654 0.210400 0.209667 0.170502 0.208777 
0.197612 0.204657 0.199318 0.177957 0.220456 
0.198107 0.204103 0.203692 0.172916 0.221182 
0.200804 0.202141 0.205875 0.176196 0.214985 
0.202931 0.203223 0.211211 0.169270 0.213365 
0.204380 0.200092 0.197454 0.179714 0.218359 
0.214394 0.193393 0.197121 0.179456 0.215636 
0.202709 0.199092 0.200917 0.180377 0.216905 
0.191228 0.207508 0.202851 0.179712 0.218701 
0.205937 0.195194 0.200792 0.187643 0.210434 
0.190345 0.202851 0.206626 0.181040 0.219138 
0.182985 0.208837 0.206905 0.184978 0.216294 
0.195476 0.205006 0.207252 0.174632 0.217635 
skin
0.197174 0.198610 0.198103 0.181010 0.225104 
0.195142 0.204859 0.206575 0.179038 0.214387 
0.190534 0.207118 0.201892 0.182464 0.217993 
0.206782 0.199503 0.198121 0.178528 0.217066 
0.202503 0.203798 0.201537 0.178992 0.213171 
0.209298 0.208954 0.205506 0.173562 0.202681 
0.204117 0.195635 0.203964 0.178173 0.218111 
0.202033 0.201478 0.207696 0.175650 0.213144 
0.196740 0.196182 0.197325 0.186267 0.223487 
0.207425 0.211564 0.203825 0.167394 0.209792 
0.213998 0.209360 0.208036 0.162025 0.206581 
0.203743 0.196101 0.198438 0.175386 0.226332 
0.212439 0.200777 0.203352 0.168825 0.214607 
0.204464 0.209346 0.207804 0.172025 0.206361 
0.198921 0.198147 0.208582 0.182671 0.211679 
0.215181 0.203578 0.207739 0.166689 0.206813 
0.197941 0.211134 0.208576 0.169970 0.212378 
0.199368 0.199720 0.203567 0.184019 0.213326 
0.190283 0.197884 0.204989 0.180963 0.225881 
0.194630 0.212384 0.209339 0.175752 0.207895 
0.221469 0.207805 0.200677 0.168787 0.201261 
0.191386 0.206102 0.206014 0.177514 0.218984 
0.201316 0.199270 0.199160 0.177242 0.223012 
0.210686 0.206216 0.207395 0.165786 0.209917 
0.194171 0.200617 0.194007 0.182535 0.228670 
stomach
0.187748 0.205862 0.202141 0.185555 0.218694 
0.195982 0.201579 0.206835 0.180037 0.215567 
0.202161 0.195829 0.197700 0.182854 0.221456 
0.205964 0.210864 0.210427 0.173008 0.199737 
0.204914 0.199111 0.200201 0.178255 0.217519 
0.204900 0.212999 0.210395 0.170510 0.201196 
0.216167 0.196039 0.193258 0.179426 0.215110 
0.185129 0.204911 0.204087 0.186587 0.219286 
0.201033 0.201765 0.202286 0.180906 0.214009 
0.208291 0.201817 0.202964 0.175867 0.211061 
0.203223 0.207807 0.204519 0.173785 0.210666 
0.193907 0.203897 0.203879 0.184674 0.213643 
0.207787 0.199139 0.201029 0.177994 0.214051 
0.201628 0.211895 0.209749 0.167113 0.209615 
0.197301 0.210542 0.204864 0.179230 0.208063 
0.209009 0.199565 0.197756 0.173467 0.220203 
0.212799 0.205444 0.196362 0.175689 0.209705 
0.201051 0.206649 0.202516 0.172950 0.216834 
0.217547 0.200097 0.201464 0.173508 0.207384 
0.196689 0.208427 0.207383 0.173724 0.213776 
0.200333 0.204416 0.201989 0.176085 0.217177 
0.198158 0.200131 0.195572 0.180184 0.225955 
0.193499 0.204142 0.205475 0.172074 0.224810 
0.196501 0.197475 0.205281 0.183919 0.216824 
0.195345 0.206137 0.201787 0.180213 0.216519 
0.615505 0.616623 0.535651 0.570282 0.623701 
-10.2146 -9.37604 -9.17712 -50.7152 11.368 -3.79851e-270 5.40255e-008 5.37045e-008 5.37158e-008 0.518272 0.481728 -3.79943e-270 5.40255e-008 5.37045e-008 5.37158e-008 0.518272 0.481728 -3.80035e-270 5.40255e-008 5.37045e-008 5.37158e-008 0.518272 0.481728 -3.80128e-270 5.40255e-008 5.37045e-008 5.37158e-008 0.518272 0.481728 -3.8022e-270 5.40255e-008 5.37045e-008 5.37158e-008 0.518272 0.481728 -3.80313e-270 5.40255e-008 5.37045e-008 5.37158e-008 0.518272 0.481728 0 0 0 0 1.50479e-154 2.23726e-317 1.61896e-317 2.02567e-317 2.02568e-317 1.62076e-317 2.02467e-317 0 0 6.36631e-314 6.47676e-319 0 4.94066e-324 0 0 0 0 2.17505e-311 4.14453e-317 2.19486e-316 0 1.62095e-317 2.23878e-317 0 0 2.12258e-314 1.28457e-322 0 3.45846e-323 1.62104e-317 2.23903e-317 0 0 1.06101e-313 1.29528e-318 0 3.45846e-323 1.62114e-317 2.30317e-317 0 0 1.08858e-311 3.62647e-317 0 1.4822e-323 1.62114e-317 2.43129e-317 0 0 1.08858e-311 3.62647e-317 
