-872392.137878
0
0.000005 0.000005 0.000005 0.000005 0.000073 0.000005 0.000005 0.000005 0.000005 0.000005 0.051599 0.000005 0.000006 0.000005 0.000005 0.000058 0.001307 0.001173 0.008632 0.000005 0.148557 0.000005 0.000005 0.020001 0.000253 0.000005 0.000005 0.002855 0.000005 0.000005 0.000005 0.000005 0.000492 0.000005 0.000258 0.000514 0.000005 0.000005 0.000005 0.000005 0.000005 0.000005 0.000005 0.000006 0.006412 0.000005 0.000005 0.000006 0.000005 0.000005 0.000005 0.000005 0.000005 0.000005 0.000005 0.000005 0.000006 0.004528 0.648879 0.000005 0.000005 0.000005 0.000005 0.000005 0.000414 0.000005 0.000005 0.000006 0.000209 0.000005 0.000005 0.000005 0.000005 0.000005 0.000005 0.103007 0.000005 0.000005 0.000005 0.000005 0.000005 0.000005 0.000005 0.000005 0.000005 0.000005 0.000005 0.000005 0.000396 0.000005 0.000005 0.000006 0.000006 0.000005 0.000005 0.000006 
0.000006 0.000006 0.000005 0.000006 0.000006 0.000005 0.000005 0.000006 0.000006 0.000005 0.000134 0.000006 0.000006 0.000005 0.000006 0.000007 0.000008 0.000007 0.000007 0.000006 0.011528 0.000005 0.000005 0.000006 0.000006 0.000006 0.000005 0.000010 0.000005 0.000005 0.000005 0.000005 0.000006 0.000006 0.000011 0.000007 0.000006 0.000005 0.000005 0.000006 0.000006 0.000006 0.000006 0.000007 0.000012 0.000006 0.000006 0.000006 0.000006 0.000006 0.000005 0.000006 0.000005 0.000005 0.000005 0.000005 0.000007 0.000017 0.987775 0.000006 0.000005 0.000005 0.000005 0.000005 0.000006 0.000006 0.000006 0.000006 0.000006 0.000005 0.000005 0.000006 0.000006 0.000005 0.000005 0.000007 0.000005 0.000005 0.000005 0.000005 0.000005 0.000006 0.000006 0.000006 0.000006 0.000005 0.000006 0.000006 0.000009 0.000006 0.000006 0.000007 0.000007 0.000006 0.000006 0.000007 
0.000005 0.000005 0.000004 0.000005 0.000005 0.000004 0.000004 0.000005 0.004200 0.000004 0.042638 0.000005 0.000005 0.000004 0.000267 0.000006 0.000007 0.000724 0.000006 0.000005 0.005246 0.000004 0.000004 0.000006 0.000488 0.000005 0.000004 0.002213 0.000004 0.000004 0.000004 0.000004 0.000454 0.000202 0.000212 0.000491 0.000005 0.000004 0.000004 0.000136 0.000005 0.001775 0.000005 0.000006 0.006010 0.000136 0.000005 0.000005 0.000005 0.000398 0.000004 0.000333 0.000004 0.000004 0.000004 0.000004 0.000006 0.368078 0.540418 0.000005 0.000004 0.000004 0.000004 0.000004 0.000005 0.000333 0.000005 0.000005 0.000005 0.000004 0.000004 0.000005 0.023992 0.000004 0.000004 0.000006 0.000004 0.000004 0.000004 0.000004 0.000004 0.000398 0.000005 0.000005 0.000005 0.000004 0.000005 0.000005 0.000305 0.000005 0.000005 0.000006 0.000006 0.000070 0.000136 0.000006 
0.000005 0.000005 0.000005 0.000005 0.000005 0.000005 0.000005 0.000005 0.000005 0.000005 0.993495 0.000005 0.000062 0.000005 0.000005 0.000006 0.000007 0.000006 0.000006 0.000006 0.000011 0.000005 0.000005 0.000006 0.000006 0.000005 0.000005 0.000009 0.000005 0.000005 0.000005 0.000005 0.000006 0.000005 0.000010 0.000006 0.000005 0.000005 0.000005 0.000005 0.000005 0.000005 0.000005 0.000006 0.003489 0.000005 0.000005 0.000006 0.000005 0.000005 0.000005 0.000005 0.000005 0.000005 0.000005 0.000005 0.000006 0.000015 0.000598 0.000005 0.000005 0.000005 0.000005 0.000005 0.000005 0.000005 0.000005 0.000006 0.000005 0.000005 0.000005 0.000005 0.000005 0.000005 0.000005 0.000006 0.000005 0.000005 0.000005 0.000005 0.000005 0.000005 0.000005 0.000005 0.000005 0.000005 0.000005 0.000005 0.000008 0.000005 0.000005 0.001853 0.000006 0.000005 0.000005 0.000007 
0.000005 0.000005 0.000005 0.000005 0.000005 0.000005 0.000005 0.000005 0.000005 0.000005 0.984551 0.000005 0.000006 0.000005 0.000005 0.000006 0.000007 0.000006 0.000006 0.000006 0.000011 0.000005 0.000005 0.000006 0.000006 0.000005 0.000005 0.003068 0.000005 0.000005 0.000005 0.000005 0.000006 0.000005 0.000010 0.000006 0.000005 0.000005 0.000005 0.000005 0.000005 0.000005 0.000005 0.000006 0.000011 0.000005 0.000005 0.000006 0.000005 0.000005 0.000005 0.000005 0.000005 0.000005 0.000005 0.000005 0.000006 0.011413 0.000465 0.000005 0.000005 0.000005 0.000005 0.000005 0.000005 0.000005 0.000005 0.000006 0.000005 0.000005 0.000005 0.000005 0.000005 0.000005 0.000005 0.000006 0.000005 0.000005 0.000005 0.000005 0.000005 0.000005 0.000005 0.000005 0.000005 0.000005 0.000005 0.000005 0.000008 0.000005 0.000005 0.000006 0.000006 0.000005 0.000005 0.000007 
0.003710 0.000005 0.000005 0.000005 0.000005 0.000005 0.000005 0.000005 0.000006 0.000005 0.050067 0.000005 0.000006 0.000005 0.000005 0.000007 0.032718 0.000007 0.000006 0.061091 0.003997 0.000005 0.000005 0.000006 0.000006 0.000005 0.000005 0.001765 0.000005 0.000005 0.000005 0.000005 0.000006 0.000005 0.000042 0.000006 0.000005 0.000005 0.000005 0.000005 0.008576 0.000006 0.009303 0.000639 0.005334 0.000005 0.000006 0.000006 0.000006 0.000005 0.000005 0.000005 0.000005 0.000005 0.000005 0.000005 0.025199 0.004080 0.632262 0.000006 0.000005 0.000005 0.000005 0.000005 0.000005 0.000005 0.000005 0.000006 0.000005 0.000005 0.000005 0.012644 0.000006 0.000005 0.000005 0.000006 0.000005 0.000005 0.000005 0.000005 0.000005 0.000005 0.000006 0.000005 0.000006 0.000005 0.000006 0.003129 0.000038 0.000006 0.000732 0.000006 0.000007 0.000005 0.000005 0.144258 
0.000006 0.000006 0.000005 0.000006 0.000006 0.000005 0.000005 0.000006 0.000006 0.000005 0.012937 0.000006 0.000006 0.000005 0.000006 0.022345 0.000008 0.000007 0.000007 0.000006 0.000012 0.000005 0.000005 0.000006 0.000006 0.000006 0.000005 0.000010 0.000005 0.000005 0.000005 0.000005 0.000006 0.000006 0.000011 0.000007 0.000006 0.000005 0.000005 0.000006 0.000006 0.000006 0.000006 0.000007 0.000012 0.000006 0.000006 0.726693 0.000006 0.000006 0.000005 0.000006 0.000005 0.000005 0.000005 0.000005 0.000007 0.052055 0.177268 0.000006 0.000005 0.000005 0.000005 0.000005 0.000006 0.000006 0.000006 0.001722 0.000006 0.000005 0.000005 0.000006 0.000006 0.000005 0.000005 0.000007 0.000005 0.000005 0.000005 0.000005 0.000005 0.000006 0.000006 0.000006 0.000006 0.000005 0.000006 0.000006 0.003342 0.003114 0.000006 0.000007 0.000007 0.000006 0.000006 0.000007 
0.000005 0.000005 0.000005 0.000005 0.000005 0.000005 0.000005 0.000076 0.000005 0.000005 0.029172 0.000005 0.003718 0.000005 0.000005 0.000006 0.032242 0.000006 0.000006 0.000006 0.000111 0.000005 0.000005 0.000006 0.000006 0.000361 0.000005 0.000009 0.000005 0.000005 0.000005 0.000005 0.000006 0.000005 0.000010 0.000006 0.000005 0.000005 0.000005 0.000005 0.000006 0.000005 0.000006 0.076404 0.001183 0.000005 0.000005 0.000006 0.000005 0.000005 0.000005 0.000005 0.000005 0.000005 0.000005 0.000005 0.000007 0.001560 0.363581 0.000006 0.000005 0.000005 0.000005 0.000005 0.000005 0.000005 0.000005 0.000006 0.000005 0.000005 0.000005 0.000006 0.000006 0.000005 0.000005 0.000006 0.000005 0.000005 0.000005 0.000005 0.000005 0.000005 0.000006 0.000005 0.000006 0.000005 0.000005 0.000005 0.000008 0.000005 0.000005 0.000006 0.000006 0.000005 0.000005 0.491128 
0.000005 0.000147 0.000005 0.000005 0.000005 0.000005 0.000005 0.000005 0.000005 0.000005 0.032025 0.000643 0.000006 0.000005 0.000005 0.000006 0.000008 0.000006 0.000006 0.000006 0.000118 0.000005 0.000005 0.000006 0.000006 0.000005 0.000005 0.000009 0.000005 0.000005 0.000005 0.000005 0.000006 0.000005 0.000014 0.000006 0.000288 0.000005 0.000005 0.000005 0.000005 0.000005 0.000005 0.000006 0.001420 0.000005 0.000005 0.000006 0.000005 0.000005 0.000005 0.000005 0.000005 0.000005 0.000005 0.000005 0.000006 0.011622 0.434341 0.000006 0.000005 0.000005 0.000005 0.000005 0.000005 0.000005 0.000005 0.000006 0.000005 0.000005 0.000005 0.000006 0.000006 0.000005 0.000005 0.000006 0.000005 0.000005 0.000005 0.000005 0.000005 0.000005 0.000006 0.000005 0.000006 0.000005 0.000005 0.000005 0.000008 0.000005 0.000005 0.000006 0.518917 0.000005 0.000005 0.000007 
0.000005 0.000005 0.000005 0.000005 0.000005 0.000005 0.000005 0.000005 0.000005 0.000005 0.000310 0.000005 0.000006 0.000005 0.000005 0.000006 0.000007 0.000006 0.000006 0.000005 0.000011 0.000005 0.000005 0.000006 0.000006 0.000005 0.000005 0.000009 0.000005 0.000005 0.000005 0.000005 0.000006 0.000005 0.989019 0.000006 0.000005 0.000005 0.000005 0.000005 0.000005 0.000005 0.000005 0.000006 0.000011 0.000005 0.000005 0.000006 0.000005 0.000005 0.000005 0.000005 0.000005 0.000005 0.000005 0.000005 0.000006 0.000015 0.005434 0.000005 0.000005 0.000005 0.000005 0.000005 0.000005 0.000005 0.000005 0.000005 0.000005 0.000005 0.000005 0.000005 0.000005 0.000005 0.000005 0.000006 0.000005 0.000005 0.000005 0.000005 0.000005 0.000005 0.000005 0.000005 0.000005 0.000005 0.003403 0.000005 0.001342 0.000005 0.000005 0.000006 0.000006 0.000005 0.000005 0.000006 
0.000005 0.000005 0.000005 0.000005 0.000005 0.000005 0.000005 0.000005 0.000005 0.000005 0.000118 0.000005 0.000005 0.000005 0.000005 0.000006 0.000007 0.000006 0.000006 0.000005 0.000011 0.000005 0.000005 0.000006 0.000005 0.000005 0.000005 0.000009 0.000005 0.000005 0.000005 0.000005 0.000006 0.000005 0.000009 0.000006 0.000005 0.000005 0.000005 0.000005 0.000005 0.000005 0.000005 0.000006 0.000011 0.000005 0.000005 0.000005 0.000005 0.000005 0.000005 0.000005 0.000005 0.000005 0.000005 0.000005 0.000006 0.000015 0.999382 0.000005 0.000005 0.000005 0.000005 0.000005 0.000005 0.000005 0.000005 0.000005 0.000005 0.000005 0.000005 0.000005 0.000005 0.000005 0.000005 0.000006 0.000005 0.000005 0.000005 0.000005 0.000005 0.000005 0.000005 0.000005 0.000005 0.000005 0.000005 0.000005 0.000008 0.000005 0.000005 0.000006 0.000006 0.000005 0.000005 0.000006 
0.000005 0.000005 0.000005 0.000005 0.000005 0.000005 0.000005 0.000005 0.000005 0.000005 0.044732 0.000005 0.000005 0.000005 0.000005 0.000006 0.000007 0.000006 0.000006 0.000005 0.003920 0.000005 0.000005 0.000006 0.000005 0.000005 0.000005 0.001829 0.000005 0.000005 0.000005 0.000005 0.000006 0.000005 0.185691 0.000006 0.000005 0.000005 0.000005 0.000005 0.000005 0.000005 0.000005 0.000006 0.005000 0.000005 0.000005 0.000005 0.000005 0.000005 0.000005 0.000005 0.000005 0.000005 0.000005 0.000005 0.164575 0.003731 0.562162 0.000005 0.000005 0.000005 0.000005 0.000005 0.000005 0.000005 0.000203 0.000029 0.000005 0.000005 0.000005 0.000005 0.000005 0.000005 0.000005 0.000006 0.000005 0.000005 0.000005 0.000005 0.000005 0.000005 0.000005 0.000270 0.021046 0.000005 0.000005 0.000005 0.000119 0.000005 0.000005 0.000006 0.006286 0.000005 0.000005 0.000006 
0.000006 0.000005 0.000005 0.000367 0.000005 0.000005 0.000005 0.000005 0.000006 0.000005 0.964139 0.000005 0.000006 0.000005 0.000005 0.000007 0.000174 0.000007 0.000006 0.000006 0.000012 0.000005 0.000005 0.000006 0.000006 0.000005 0.000005 0.000010 0.000005 0.000005 0.000005 0.000005 0.000006 0.000005 0.000010 0.000006 0.000005 0.000005 0.000005 0.000005 0.000006 0.000006 0.000006 0.000006 0.000012 0.000005 0.000006 0.000006 0.000006 0.000005 0.000005 0.000005 0.000005 0.000005 0.000005 0.000005 0.000007 0.000018 0.003156 0.031633 0.000005 0.000005 0.000005 0.000005 0.000005 0.000005 0.000005 0.000006 0.000005 0.000005 0.000005 0.000006 0.000006 0.000005 0.000005 0.000006 0.000005 0.000005 0.000005 0.000005 0.000005 0.000005 0.000006 0.000005 0.000006 0.000005 0.000006 0.000006 0.000009 0.000006 0.000005 0.000006 0.000007 0.000005 0.000005 0.000007 
0.000005 0.000005 0.000005 0.000005 0.000005 0.000005 0.000005 0.000005 0.000005 0.000005 0.412047 0.000005 0.000006 0.000005 0.000005 0.000114 0.000007 0.000209 0.007784 0.000006 0.002757 0.000005 0.000005 0.000243 0.000006 0.000005 0.000005 0.091166 0.000005 0.000005 0.000005 0.000005 0.000007 0.000005 0.053755 0.000016 0.000005 0.000005 0.000005 0.000005 0.000005 0.000005 0.000005 0.000006 0.002971 0.000005 0.002730 0.000006 0.001682 0.000005 0.000005 0.000005 0.000005 0.000005 0.000005 0.000005 0.000006 0.002015 0.303601 0.000005 0.000005 0.000005 0.000005 0.000005 0.000005 0.000005 0.000005 0.000006 0.000005 0.000005 0.000005 0.000005 0.000005 0.000005 0.000005 0.002281 0.000005 0.000005 0.000005 0.000005 0.000005 0.000005 0.030323 0.000005 0.000005 0.000005 0.000005 0.000005 0.000083 0.000005 0.000005 0.085819 0.000006 0.000005 0.000005 0.000007 
0.072229 0.071329 0.071365 0.072082 0.071509 0.071301 0.071583 0.070700 0.071031 0.071464 0.070646 0.072374 0.070632 0.071756 
0.070758 0.070932 0.072787 0.071648 0.071404 0.069823 0.070586 0.071920 0.071844 0.071088 0.070420 0.072598 0.071746 0.072446 
0.071979 0.071593 0.070167 0.072180 0.072368 0.070377 0.069995 0.071358 0.070249 0.072060 0.071856 0.072340 0.071222 0.072256 
0.072621 0.070842 0.071303 0.071927 0.071441 0.071159 0.071663 0.071319 0.071413 0.071919 0.070774 0.070779 0.071603 0.071237 
breast
0.071143 0.063972 0.082973 0.071882 0.072120 0.067787 0.064589 0.073592 0.073686 0.074237 0.074084 0.074501 0.070299 0.065134 
0.074750 0.065627 0.075379 0.073452 0.073382 0.068765 0.062954 0.065365 0.064887 0.077218 0.075940 0.079057 0.070734 0.072491 
0.076548 0.067744 0.077469 0.068137 0.068216 0.068473 0.060212 0.072338 0.066321 0.077728 0.078539 0.074989 0.065709 0.077576 
0.075807 0.068131 0.078422 0.068976 0.068796 0.070001 0.069798 0.078152 0.069001 0.064001 0.078817 0.074154 0.065361 0.070583 
0.073800 0.066429 0.072597 0.069412 0.069007 0.069112 0.065594 0.066081 0.076498 0.080118 0.077147 0.077829 0.066737 0.069640 
0.071104 0.062120 0.080631 0.073797 0.073838 0.068452 0.068988 0.074720 0.068538 0.070933 0.072135 0.071027 0.071353 0.072364 
0.072937 0.065640 0.074768 0.071887 0.071695 0.068663 0.072699 0.066846 0.069940 0.070079 0.076126 0.076355 0.071054 0.071311 
0.074334 0.065661 0.075211 0.072801 0.072636 0.069071 0.058888 0.072292 0.074283 0.073976 0.076219 0.076901 0.069598 0.068129 
0.073598 0.066131 0.078281 0.071230 0.071139 0.066638 0.065200 0.067383 0.064808 0.081043 0.076868 0.079110 0.068045 0.070525 
0.074614 0.065094 0.077730 0.069847 0.069607 0.067732 0.066455 0.065213 0.080501 0.071049 0.075662 0.072649 0.067123 0.076725 
0.071408 0.066249 0.073798 0.076484 0.076372 0.072093 0.057028 0.068946 0.065801 0.073726 0.076869 0.078454 0.071083 0.071689 
0.072276 0.067530 0.075012 0.071790 0.071678 0.070821 0.061656 0.074377 0.065483 0.077758 0.078632 0.076070 0.067076 0.069840 
0.076061 0.061423 0.076706 0.071824 0.071824 0.067556 0.069178 0.071094 0.067579 0.077993 0.071392 0.075258 0.069054 0.073059 
0.072419 0.062906 0.074165 0.076127 0.075811 0.065413 0.064765 0.067330 0.068297 0.074806 0.072878 0.077719 0.072419 0.074947 
0.072823 0.063166 0.069683 0.073049 0.072807 0.066084 0.066796 0.065409 0.068203 0.090739 0.073249 0.079335 0.068714 0.069943 
0.075859 0.067404 0.076340 0.070073 0.069855 0.072365 0.066742 0.072774 0.074067 0.069638 0.078075 0.071626 0.066389 0.068794 
0.073697 0.067059 0.077664 0.067210 0.067219 0.070773 0.067637 0.072094 0.074951 0.072142 0.077982 0.075341 0.064813 0.071418 
0.074459 0.066959 0.072447 0.070581 0.070462 0.067657 0.067535 0.072768 0.070854 0.078650 0.077797 0.073372 0.066536 0.069925 
0.077140 0.067345 0.069603 0.069112 0.069034 0.068932 0.073987 0.074641 0.065415 0.070836 0.078075 0.077672 0.067238 0.070970 
0.074636 0.065665 0.079980 0.073379 0.073385 0.066453 0.068596 0.065677 0.067015 0.071577 0.075848 0.072661 0.069974 0.075155 
0.070277 0.064144 0.079548 0.069519 0.069342 0.068129 0.073230 0.066313 0.070305 0.076207 0.074455 0.078829 0.067229 0.072473 
0.069795 0.065724 0.070075 0.073696 0.073415 0.069029 0.070300 0.070274 0.067504 0.080144 0.076497 0.073541 0.071854 0.068153 
0.078888 0.065043 0.073768 0.069561 0.069384 0.073961 0.064930 0.074418 0.069083 0.074672 0.075569 0.077573 0.066495 0.066656 
0.068420 0.064464 0.074107 0.076410 0.076300 0.065773 0.065310 0.059054 0.071929 0.078811 0.074827 0.079829 0.073431 0.071336 
0.073873 0.063716 0.076848 0.075058 0.074833 0.070925 0.066045 0.072055 0.063350 0.073438 0.073991 0.073535 0.071519 0.070812 
prostate
0.071924 0.066109 0.075252 0.072778 0.072715 0.067518 0.068226 0.063457 0.072095 0.073436 0.076737 0.077660 0.069590 0.072502 
0.075650 0.064551 0.076708 0.073380 0.073383 0.070816 0.064135 0.068615 0.074395 0.069305 0.074789 0.075023 0.069598 0.069652 
0.072496 0.066541 0.083894 0.069298 0.069154 0.070226 0.068477 0.069392 0.073603 0.068021 0.077479 0.073364 0.065481 0.072574 
0.069161 0.065290 0.070892 0.073735 0.073518 0.068281 0.072661 0.067039 0.067273 0.072759 0.075717 0.077609 0.071354 0.074712 
0.072562 0.063652 0.077121 0.074095 0.074114 0.066188 0.059187 0.066841 0.078437 0.075991 0.073676 0.077469 0.070732 0.069935 
0.069939 0.063966 0.078283 0.071744 0.071503 0.066554 0.063280 0.069797 0.075220 0.078616 0.074418 0.079351 0.069415 0.067914 
0.073610 0.066168 0.075374 0.073673 0.073726 0.066783 0.065614 0.071921 0.063291 0.074733 0.076737 0.075166 0.069489 0.073715 
0.075250 0.069271 0.085385 0.063506 0.063768 0.072062 0.060277 0.070351 0.070110 0.078547 0.080447 0.082704 0.061462 0.066860 
0.071382 0.062854 0.070088 0.073273 0.073234 0.072184 0.068539 0.078566 0.063537 0.082475 0.072748 0.072260 0.068106 0.070755 
0.069679 0.062698 0.073494 0.073798 0.073623 0.067995 0.067140 0.073801 0.068147 0.075714 0.072841 0.074792 0.071342 0.074935 
0.070242 0.064689 0.079586 0.073645 0.073832 0.066443 0.066455 0.072029 0.061771 0.079719 0.074882 0.072599 0.071353 0.072755 
0.076777 0.066604 0.078841 0.068493 0.068414 0.072871 0.073381 0.070088 0.065861 0.071614 0.077108 0.075343 0.064971 0.069635 
0.077778 0.068062 0.082135 0.070002 0.070146 0.067876 0.065272 0.073949 0.069999 0.068127 0.078871 0.074867 0.068632 0.064286 
0.077543 0.066218 0.081482 0.073472 0.073663 0.069780 0.063797 0.069554 0.065927 0.066820 0.076830 0.068861 0.071228 0.074823 
0.076693 0.065756 0.081034 0.069107 0.069421 0.070703 0.066848 0.077175 0.073395 0.062821 0.076087 0.074410 0.065240 0.071311 
0.077461 0.065403 0.075978 0.071608 0.071245 0.067253 0.069385 0.068851 0.074140 0.070106 0.075438 0.074245 0.067171 0.071715 
0.070423 0.065147 0.075997 0.070011 0.070112 0.070557 0.073486 0.072057 0.072455 0.072404 0.075345 0.080263 0.066642 0.065099 
0.076575 0.065097 0.077531 0.073969 0.073672 0.066347 0.056808 0.072511 0.071281 0.072658 0.075253 0.075708 0.068860 0.073730 
0.075601 0.062404 0.073792 0.073101 0.072868 0.065310 0.067748 0.074896 0.071352 0.073812 0.072191 0.072018 0.074182 0.070725 
0.065641 0.063786 0.068969 0.073691 0.073479 0.065247 0.074736 0.071262 0.076417 0.077191 0.074139 0.071872 0.071351 0.072218 
0.073858 0.066529 0.079620 0.073331 0.073221 0.068166 0.068703 0.065134 0.073486 0.070117 0.077294 0.069339 0.069477 0.071727 
0.074964 0.062934 0.070932 0.075319 0.074918 0.068919 0.067205 0.074738 0.066118 0.070921 0.072841 0.078086 0.071270 0.070836 
0.071163 0.065202 0.077065 0.074757 0.074576 0.066762 0.069402 0.060450 0.069972 0.072806 0.075717 0.077700 0.071758 0.072668 
0.071858 0.067297 0.075609 0.074002 0.073718 0.069465 0.064713 0.070406 0.070825 0.061635 0.078222 0.074387 0.069996 0.077866 
0.070780 0.066121 0.077650 0.069968 0.070115 0.064996 0.062212 0.065825 0.074603 0.075433 0.076922 0.078874 0.068998 0.077501 
skin
0.074906 0.064128 0.075676 0.074194 0.073895 0.067771 0.060969 0.064084 0.077251 0.074431 0.074719 0.075877 0.070108 0.071991 
0.075197 0.065283 0.072862 0.071308 0.071179 0.067033 0.069865 0.064729 0.079424 0.070695 0.075928 0.074157 0.068655 0.073683 
0.075018 0.067287 0.079455 0.077902 0.077899 0.067953 0.059751 0.069772 0.063474 0.062862 0.078162 0.073436 0.075346 0.071684 
0.070651 0.064040 0.070285 0.074531 0.074502 0.069310 0.066013 0.072942 0.071630 0.077627 0.074719 0.071861 0.069262 0.072626 
0.070841 0.065724 0.075423 0.073469 0.073369 0.070959 0.060520 0.073995 0.071421 0.074295 0.076580 0.074810 0.070720 0.067873 
0.077730 0.067853 0.075342 0.068269 0.068008 0.066660 0.059856 0.070738 0.070711 0.076273 0.078719 0.078382 0.068560 0.072901 
0.067939 0.062125 0.078210 0.074614 0.074590 0.069275 0.067642 0.066825 0.061636 0.078941 0.072487 0.078258 0.072112 0.075344 
0.074771 0.064754 0.076762 0.070890 0.070756 0.066379 0.069574 0.065951 0.068511 0.077629 0.075277 0.079623 0.067139 0.071982 
0.069731 0.063200 0.078013 0.075787 0.075573 0.067490 0.062966 0.070026 0.071930 0.073227 0.073603 0.071655 0.074142 0.072656 
0.075234 0.068802 0.076909 0.067145 0.067229 0.070360 0.054361 0.070134 0.071607 0.080976 0.079928 0.080805 0.062814 0.073697 
0.075331 0.067236 0.071590 0.066351 0.066442 0.073364 0.067210 0.069903 0.073711 0.080566 0.078068 0.077607 0.063657 0.068963 
0.073339 0.063368 0.077702 0.070967 0.070973 0.065162 0.069182 0.069020 0.076333 0.072924 0.073696 0.075396 0.068632 0.073306 
0.076455 0.064762 0.080965 0.066812 0.066781 0.070838 0.068142 0.077285 0.072920 0.071089 0.075184 0.076173 0.063282 0.069312 
0.076700 0.067572 0.078646 0.070471 0.070398 0.068743 0.063113 0.072392 0.069911 0.072152 0.078905 0.077233 0.066898 0.066865 
0.071126 0.063330 0.069773 0.074364 0.074079 0.066690 0.079332 0.070319 0.066421 0.070684 0.073789 0.079190 0.071363 0.069538 
0.078526 0.065678 0.078862 0.066190 0.066320 0.068388 0.072830 0.070167 0.070213 0.079056 0.076114 0.077861 0.062398 0.067399 
0.076303 0.068185 0.080209 0.069727 0.069921 0.069345 0.063913 0.072282 0.068612 0.066560 0.079277 0.078881 0.067746 0.069038 
0.072261 0.064049 0.071526 0.073768 0.073410 0.066505 0.071969 0.065946 0.071653 0.076682 0.074626 0.072745 0.070216 0.074644 
0.073000 0.064044 0.079904 0.073927 0.073827 0.065723 0.060268 0.065652 0.079597 0.067734 0.074347 0.079754 0.071475 0.070748 
0.076254 0.068467 0.076047 0.069685 0.069255 0.070565 0.065059 0.070020 0.073656 0.067390 0.079742 0.076634 0.068852 0.068373 
0.072142 0.067051 0.073710 0.067538 0.067585 0.071026 0.058257 0.074578 0.066456 0.088286 0.078161 0.080254 0.063691 0.071265 
0.072044 0.066602 0.078035 0.071291 0.071183 0.069976 0.065242 0.071619 0.075852 0.066181 0.077603 0.075010 0.068039 0.071323 
0.074878 0.064154 0.077105 0.073924 0.074035 0.064515 0.060420 0.068108 0.078026 0.074157 0.074440 0.076132 0.070730 0.069376 
0.075150 0.066555 0.079146 0.064376 0.064398 0.070293 0.070041 0.067748 0.074505 0.082530 0.077137 0.077242 0.061095 0.069783 
0.074472 0.065006 0.079219 0.076043 0.076029 0.065399 0.055857 0.069070 0.075282 0.068970 0.075743 0.076771 0.072542 0.069598 
stomach
0.073345 0.066315 0.074935 0.073155 0.072934 0.066568 0.065914 0.070802 0.076155 0.064861 0.076994 0.070866 0.070218 0.076937 
0.071739 0.064929 0.079202 0.074230 0.074275 0.067738 0.063283 0.067280 0.069681 0.072965 0.075415 0.077586 0.070018 0.071659 
0.070801 0.062983 0.074467 0.074880 0.074637 0.069509 0.065980 0.066089 0.066425 0.081075 0.073187 0.076112 0.070767 0.073087 
0.071827 0.068243 0.075390 0.068639 0.068428 0.069366 0.063788 0.072536 0.068590 0.074982 0.079408 0.080071 0.066109 0.072623 
0.074858 0.064151 0.075013 0.072315 0.072017 0.069440 0.061549 0.073336 0.075626 0.072462 0.074580 0.074225 0.067950 0.072479 
0.076299 0.069045 0.076151 0.066234 0.066051 0.075759 0.063258 0.078235 0.071145 0.067244 0.079965 0.075070 0.063417 0.072126 
0.072942 0.063370 0.075808 0.072424 0.072249 0.066682 0.060304 0.072073 0.071901 0.081377 0.073465 0.076968 0.070566 0.069870 
0.069087 0.065988 0.082594 0.076651 0.076373 0.070218 0.063714 0.073389 0.061169 0.062081 0.076716 0.074285 0.072323 0.075413 
0.071800 0.064899 0.080130 0.071019 0.070684 0.072771 0.064989 0.073673 0.068319 0.069668 0.075415 0.074049 0.067042 0.075542 
0.077890 0.065151 0.073460 0.072499 0.072398 0.068548 0.069815 0.074291 0.066098 0.069366 0.075230 0.072118 0.068707 0.074430 
0.071839 0.067105 0.075764 0.071740 0.071777 0.068840 0.064754 0.071139 0.071052 0.074078 0.078015 0.073479 0.070685 0.069732 
0.075362 0.065903 0.071518 0.075392 0.075126 0.068744 0.065529 0.069641 0.066546 0.068202 0.076344 0.079992 0.070914 0.070785 
0.071497 0.064269 0.076277 0.071841 0.071689 0.066735 0.069338 0.072253 0.067919 0.076186 0.074579 0.075239 0.069922 0.072255 
0.075386 0.068411 0.081179 0.066460 0.066583 0.070268 0.061782 0.067880 0.071610 0.075684 0.079501 0.078657 0.065660 0.070940 
0.077711 0.068033 0.082535 0.071319 0.071287 0.069340 0.067803 0.072014 0.063303 0.068069 0.079129 0.073226 0.068182 0.068049 
0.073295 0.064138 0.078103 0.070541 0.070609 0.068224 0.068332 0.069286 0.070732 0.079510 0.074394 0.072797 0.067397 0.072643 
0.075651 0.066970 0.074280 0.071286 0.071256 0.068517 0.059031 0.074032 0.068944 0.079596 0.077551 0.074042 0.068179 0.070665 
0.074385 0.066235 0.082616 0.068561 0.068688 0.068960 0.069666 0.073431 0.070360 0.064976 0.076901 0.075628 0.067964 0.071629 
0.076989 0.064692 0.078199 0.067868 0.067715 0.068712 0.066985 0.071133 0.072270 0.082280 0.074765 0.075242 0.064825 0.068325 
0.071663 0.066916 0.079884 0.071178 0.071018 0.068845 0.065669 0.062196 0.071634 0.077275 0.077829 0.074401 0.068420 0.073071 
0.076987 0.066067 0.075943 0.071735 0.071542 0.070926 0.057989 0.074651 0.075109 0.067902 0.076808 0.074717 0.066940 0.072686 
0.065701 0.064593 0.080799 0.074602 0.074626 0.066801 0.059466 0.068186 0.071264 0.079788 0.075230 0.074641 0.070638 0.073667 
0.070168 0.065970 0.083342 0.070847 0.071092 0.066937 0.061982 0.065967 0.077215 0.073869 0.076901 0.079548 0.067796 0.068366 
0.071036 0.063399 0.071784 0.074955 0.074750 0.069704 0.068427 0.072452 0.070318 0.067856 0.073465 0.076697 0.072018 0.073139 
0.076952 0.066533 0.077000 0.072161 0.071905 0.067866 0.064756 0.064376 0.069965 0.072301 0.077180 0.076975 0.068200 0.073832 
0.558629 0.555252 0.556227 0.558574 0.55727 0.553551 0.554795 0.555734 0.555201 0.55725 0.554137 0.558524 0.555726 0.558133 
13.2499 -12.1376 19.7729 4.44454 4.36146 4.01976 25.9293 6.66811 7.68616 13.8476 18.4233 17.42 -0.453962 6.64979 2.29901e-317 1.33768e-231 0.0147173 2.30148e-005 0.0126286 0.277711 0.27482 0.0133862 0.00330482 0.00795567 0.00877683 7.71988e-005 2.33817e-005 0.013133 0.258853 0.11459 2.31131e-317 1.33768e-231 0.0147173 2.30148e-005 0.0126286 0.277711 0.27482 0.0133862 0.00330482 0.00795567 0.00877683 7.71988e-005 2.33817e-005 0.013133 0.258853 0.11459 4.24399e-311 8.54043e-310 2.29266e-317 2.02333e-316 4.24399e-311 4.24399e-311 4.24399e-311 4.24399e-311 4.24399e-311 4.24399e-311 9.88131e-321 3.93109e-270 2.90085e-317 2.9048e-317 2.9048e-317 2.36793e-317 2.37188e-317 2.37188e-317 2.37189e-317 2.37584e-317 2.37584e-317 2.37585e-317 2.3798e-317 2.3798e-317 2.37981e-317 2.38376e-317 2.38376e-317 2.38377e-317 2.38772e-317 2.38772e-317 2.38773e-317 2.39168e-317 2.39168e-317 2.39169e-317 2.39564e-317 2.39564e-317 2.39565e-317 2.3996e-317 2.3996e-317 2.39961e-317 2.40356e-317 2.40356e-317 2.40357e-317 2.40752e-317 2.40752e-317 2.40753e-317 2.41148e-317 2.41148e-317 2.41149e-317 2.41544e-317 
