-716412.048286
0
0.000004 0.000004 0.000004 0.000004 0.000061 0.000004 0.000004 0.000004 0.000004 0.000004 0.233543 0.000004 0.000004 0.000004 0.000004 0.000004 0.000370 0.001759 0.013473 0.000004 0.145390 0.000004 0.000004 0.016812 0.000627 0.000004 0.000004 0.000004 0.000004 0.000004 0.000004 0.000004 0.000796 0.000004 0.026747 0.000853 0.000004 0.000004 0.000004 0.000004 0.000004 0.000004 0.000004 0.000005 0.013666 0.000004 0.000004 0.000005 0.000069 0.000004 0.000004 0.000004 0.000004 0.000004 0.000004 0.000004 0.000004 0.008188 0.000008 0.024735 0.000004 0.000004 0.000004 0.000004 0.000344 0.000004 0.000004 0.000004 0.000174 0.000004 0.000004 0.000004 0.000004 0.000004 0.000004 0.087439 0.000004 0.000004 0.000004 0.000004 0.000004 0.000004 0.000004 0.000230 0.000120 0.000004 0.002834 0.000004 0.000004 0.000004 0.000004 0.017801 0.403676 0.000004 0.000004 0.000006 
0.000003 0.000003 0.000002 0.000003 0.000003 0.000002 0.000002 0.000003 0.000003 0.000002 0.000020 0.000003 0.000003 0.000002 0.000003 0.000003 0.000004 0.000003 0.000003 0.000003 0.000003 0.000002 0.000002 0.000003 0.000003 0.000003 0.000002 0.000003 0.000002 0.000002 0.000002 0.000002 0.000003 0.000003 0.000007 0.000003 0.000003 0.000002 0.000002 0.000003 0.000003 0.000003 0.000003 0.000003 0.000004 0.000003 0.000003 0.000003 0.000003 0.000003 0.000002 0.000003 0.000002 0.000002 0.000002 0.000002 0.000003 0.000005 0.999721 0.000003 0.000002 0.000002 0.000002 0.000002 0.000003 0.000003 0.000003 0.000003 0.000003 0.000002 0.000002 0.000003 0.000003 0.000002 0.000002 0.000003 0.000002 0.000002 0.000002 0.000002 0.000002 0.000003 0.000003 0.000003 0.000003 0.000002 0.000003 0.000003 0.000003 0.000003 0.000003 0.000006 0.000004 0.000003 0.000003 0.000004 
0.000003 0.000003 0.000002 0.000003 0.000003 0.000002 0.000002 0.000039 0.002309 0.000002 0.001143 0.000003 0.000003 0.000002 0.000147 0.000003 0.000004 0.000003 0.000003 0.000003 0.000003 0.000002 0.000002 0.000003 0.000003 0.000183 0.000002 0.000003 0.000002 0.000002 0.000002 0.000002 0.000003 0.000111 0.000123 0.000003 0.000147 0.000002 0.000002 0.000075 0.000003 0.000975 0.000003 0.000003 0.000069 0.000075 0.000003 0.000003 0.000003 0.000219 0.000002 0.000183 0.000002 0.000002 0.000002 0.000002 0.000003 0.015087 0.963037 0.000003 0.000002 0.000002 0.000002 0.000002 0.000003 0.000183 0.000111 0.000003 0.000003 0.000002 0.000002 0.000003 0.013190 0.000002 0.000002 0.000003 0.000002 0.000002 0.000002 0.000002 0.000002 0.000003 0.000003 0.000003 0.000003 0.000002 0.000003 0.000003 0.000003 0.000003 0.000003 0.000076 0.002220 0.000039 0.000075 0.000004 
0.000004 0.000004 0.000004 0.000004 0.000004 0.000004 0.000004 0.000004 0.000004 0.000004 0.994806 0.000004 0.000004 0.000004 0.000004 0.000005 0.000006 0.000004 0.000004 0.000005 0.000005 0.000004 0.000004 0.000005 0.000004 0.000004 0.000004 0.000005 0.000004 0.000004 0.000004 0.000004 0.000004 0.000004 0.000012 0.000004 0.000004 0.000004 0.000004 0.000004 0.000004 0.000004 0.000004 0.000005 0.001924 0.000004 0.000004 0.000005 0.000005 0.000004 0.000004 0.000004 0.000004 0.000004 0.000004 0.000004 0.000005 0.000008 0.000008 0.000005 0.000004 0.000004 0.000004 0.000004 0.000004 0.000004 0.000004 0.000004 0.000004 0.000004 0.000004 0.000004 0.000005 0.000004 0.000004 0.000005 0.000004 0.000004 0.000004 0.000004 0.000004 0.000004 0.000005 0.000004 0.000005 0.000004 0.000005 0.000004 0.000004 0.000004 0.000004 0.002861 0.000007 0.000004 0.000004 0.000006 
0.000004 0.000004 0.000004 0.000004 0.000004 0.000004 0.000004 0.000004 0.000004 0.000004 0.903178 0.000004 0.000004 0.000004 0.000004 0.000005 0.000006 0.000004 0.000005 0.000005 0.000005 0.000004 0.000004 0.000005 0.000004 0.000004 0.000004 0.087606 0.000004 0.000004 0.000004 0.000004 0.000004 0.000004 0.000012 0.000004 0.000004 0.000004 0.000004 0.000004 0.000004 0.000004 0.000004 0.000005 0.000007 0.000004 0.000004 0.000005 0.000005 0.000004 0.000004 0.000004 0.000004 0.000004 0.000004 0.000004 0.000005 0.008800 0.000008 0.000005 0.000004 0.000004 0.000004 0.000004 0.000004 0.000004 0.000004 0.000004 0.000004 0.000004 0.000004 0.000005 0.000005 0.000004 0.000004 0.000005 0.000004 0.000004 0.000004 0.000004 0.000004 0.000004 0.000005 0.000004 0.000005 0.000004 0.000005 0.000004 0.000004 0.000004 0.000004 0.000010 0.000007 0.000004 0.000004 0.000006 
0.003158 0.000004 0.000004 0.000314 0.000004 0.000004 0.000004 0.000004 0.000005 0.000004 0.499494 0.000005 0.000005 0.000004 0.000004 0.000005 0.023639 0.000005 0.000005 0.052008 0.000005 0.000004 0.000004 0.000005 0.000005 0.000004 0.000004 0.000005 0.000004 0.000004 0.000004 0.000004 0.000005 0.000004 0.048525 0.000005 0.000004 0.000004 0.000004 0.000004 0.007301 0.000005 0.007920 0.000381 0.011586 0.000004 0.000005 0.000005 0.001418 0.000004 0.000004 0.000004 0.000004 0.000004 0.000004 0.000004 0.175246 0.000008 0.000009 0.000005 0.000004 0.000004 0.000004 0.000004 0.000004 0.000004 0.000004 0.000005 0.000004 0.000004 0.000004 0.010764 0.000005 0.000004 0.000004 0.000005 0.000004 0.000004 0.000004 0.000004 0.000004 0.000375 0.026841 0.000004 0.000048 0.000004 0.000005 0.002664 0.000005 0.000005 0.000623 0.032882 0.000007 0.000004 0.000004 0.094474 
0.000004 0.000004 0.000004 0.000004 0.000004 0.000004 0.000004 0.000004 0.000004 0.000004 0.049110 0.000004 0.000004 0.000004 0.000004 0.017029 0.000006 0.000004 0.000004 0.000004 0.000005 0.000004 0.000004 0.000004 0.000004 0.000004 0.000004 0.000004 0.000004 0.000004 0.000004 0.000004 0.000004 0.000004 0.002040 0.000004 0.000004 0.000004 0.000004 0.000004 0.000004 0.000004 0.000004 0.000005 0.000007 0.000004 0.002240 0.549542 0.000005 0.000004 0.000004 0.000004 0.000004 0.000004 0.000004 0.000004 0.000005 0.352402 0.000008 0.000004 0.000004 0.000004 0.000004 0.000004 0.000004 0.000004 0.000004 0.001323 0.000004 0.000004 0.000004 0.000004 0.000004 0.000004 0.000004 0.000004 0.000004 0.000004 0.000004 0.000004 0.000004 0.000004 0.000004 0.000004 0.018079 0.000004 0.000004 0.000004 0.004418 0.002354 0.000004 0.001109 0.000007 0.000004 0.000004 0.000006 
0.000005 0.000004 0.000004 0.000004 0.000004 0.000004 0.000004 0.000004 0.000005 0.000004 0.387880 0.000005 0.003292 0.000004 0.000004 0.000005 0.033276 0.000005 0.000005 0.000005 0.000005 0.000004 0.000004 0.000005 0.000005 0.000004 0.000004 0.000005 0.000004 0.000004 0.000004 0.000004 0.000005 0.000004 0.030489 0.000005 0.000004 0.000004 0.000004 0.000004 0.000005 0.000005 0.000005 0.066805 0.000007 0.000004 0.000005 0.000005 0.000005 0.000004 0.000004 0.000004 0.000004 0.000004 0.000004 0.000004 0.000005 0.000008 0.000009 0.000005 0.000004 0.000004 0.000004 0.000004 0.000004 0.000004 0.000004 0.000005 0.000004 0.000004 0.000004 0.000005 0.000005 0.000004 0.000004 0.000005 0.000004 0.000004 0.000004 0.000004 0.000004 0.000004 0.000005 0.000004 0.000006 0.000004 0.000005 0.000005 0.000005 0.000005 0.000005 0.021063 0.000007 0.000004 0.000004 0.456791 
0.000003 0.000076 0.000002 0.000003 0.000003 0.000002 0.000002 0.000003 0.000003 0.000002 0.000021 0.000332 0.000003 0.000002 0.000003 0.000003 0.000004 0.000003 0.000003 0.000003 0.000003 0.000002 0.000002 0.000003 0.000003 0.000003 0.000002 0.000003 0.000002 0.000002 0.000002 0.000002 0.000003 0.000003 0.000007 0.000003 0.000003 0.000002 0.000002 0.000003 0.000003 0.000003 0.000003 0.000003 0.000004 0.000003 0.000003 0.000003 0.000003 0.000003 0.000002 0.000003 0.000002 0.000002 0.000002 0.000002 0.000003 0.000005 0.990910 0.000003 0.000002 0.000002 0.000002 0.000002 0.000003 0.000003 0.000003 0.000003 0.000003 0.000002 0.000002 0.000003 0.000003 0.000002 0.000002 0.000003 0.000002 0.000002 0.000002 0.000002 0.000002 0.000003 0.000003 0.000003 0.000003 0.000002 0.000003 0.000003 0.000003 0.000003 0.000003 0.000006 0.008411 0.000003 0.000003 0.000004 
0.000005 0.000004 0.000004 0.000004 0.000004 0.000004 0.000004 0.000004 0.000005 0.000004 0.000072 0.000004 0.000005 0.000004 0.000004 0.000005 0.000006 0.000005 0.000005 0.000005 0.000005 0.000004 0.000004 0.000005 0.000004 0.000004 0.000004 0.000005 0.000004 0.000004 0.000004 0.000004 0.000004 0.000004 0.999498 0.000004 0.000004 0.000004 0.000004 0.000004 0.000005 0.000005 0.000005 0.000005 0.000007 0.000004 0.000005 0.000005 0.000005 0.000004 0.000004 0.000004 0.000004 0.000004 0.000004 0.000004 0.000005 0.000008 0.000009 0.000005 0.000004 0.000004 0.000004 0.000004 0.000004 0.000004 0.000004 0.000005 0.000004 0.000004 0.000004 0.000005 0.000005 0.000004 0.000004 0.000005 0.000004 0.000004 0.000004 0.000004 0.000004 0.000004 0.000005 0.000004 0.000006 0.000004 0.000005 0.000005 0.000005 0.000005 0.000004 0.000010 0.000007 0.000004 0.000004 0.000006 
0.100841 0.099897 0.099808 0.101196 0.100104 0.099671 0.100199 0.099011 0.099409 0.099863 
0.109386 0.089767 0.106175 0.096545 0.096684 0.098222 0.108838 0.103276 0.101595 0.089512 
0.100482 0.100316 0.099385 0.098533 0.101118 0.100202 0.100941 0.098913 0.100191 0.099919 
0.103470 0.104179 0.095871 0.094173 0.100068 0.095300 0.102436 0.101563 0.103275 0.099666 
breast
0.091330 0.133460 0.135499 0.085417 0.082509 0.079052 0.093894 0.083830 0.132950 0.082060 
0.084313 0.136830 0.139503 0.087337 0.084882 0.085732 0.082763 0.076083 0.136450 0.086108 
0.085876 0.141547 0.141858 0.081116 0.081710 0.078199 0.081112 0.081822 0.140652 0.086108 
0.085946 0.142053 0.142872 0.081981 0.078955 0.078536 0.091061 0.087005 0.141228 0.070363 
0.092947 0.139020 0.141937 0.082450 0.079702 0.079825 0.081547 0.075266 0.138498 0.088807 
0.088389 0.129922 0.132841 0.087603 0.089205 0.081121 0.095824 0.086864 0.129320 0.078911 
0.090504 0.137167 0.137011 0.085364 0.084504 0.080166 0.095393 0.076761 0.136469 0.076661 
0.093064 0.137335 0.140952 0.086513 0.083602 0.080481 0.076907 0.082776 0.136759 0.081610 
0.082066 0.138515 0.141863 0.084657 0.082450 0.078598 0.087764 0.076753 0.137629 0.089707 
0.100870 0.136324 0.139337 0.083042 0.080317 0.080786 0.089258 0.075629 0.135977 0.078461 
0.078862 0.138515 0.140073 0.090926 0.088594 0.088419 0.074601 0.080740 0.137660 0.081610 
0.076119 0.141716 0.142269 0.085233 0.085459 0.076224 0.081615 0.083536 0.141271 0.086558 
0.093650 0.128574 0.130809 0.085329 0.086565 0.083376 0.093117 0.083597 0.127975 0.087008 
0.089585 0.131270 0.131802 0.090379 0.088940 0.085660 0.087643 0.080677 0.130635 0.083409 
0.088082 0.131944 0.132112 0.086706 0.085724 0.081094 0.085999 0.076536 0.131300 0.100504 
0.090671 0.140705 0.142858 0.083212 0.082045 0.077037 0.084525 0.081317 0.140068 0.077561 
0.090091 0.140536 0.141878 0.079880 0.080157 0.077242 0.090535 0.079936 0.139933 0.079810 
0.086157 0.140199 0.142063 0.083888 0.083683 0.072156 0.083528 0.081841 0.139477 0.087008 
0.084422 0.140705 0.141852 0.082216 0.082154 0.077967 0.088683 0.083286 0.139806 0.078910 
0.086346 0.136661 0.138729 0.087191 0.089207 0.076343 0.093110 0.076656 0.136845 0.078911 
0.087793 0.134134 0.137302 0.082520 0.082435 0.085059 0.097858 0.075533 0.133507 0.083859 
0.081770 0.137841 0.138219 0.087491 0.085421 0.077437 0.085242 0.080266 0.137057 0.089257 
0.092109 0.136156 0.137387 0.082608 0.079606 0.085637 0.084473 0.083608 0.135456 0.082959 
0.085787 0.134808 0.136611 0.090756 0.089476 0.083153 0.086874 0.070409 0.134219 0.087908 
0.085732 0.133291 0.133437 0.089199 0.084490 0.084376 0.090735 0.085119 0.132460 0.081160 
prostate
0.087294 0.138016 0.141813 0.086390 0.085580 0.081245 0.087788 0.073064 0.137690 0.081120 
0.095404 0.134486 0.136665 0.087061 0.086766 0.083685 0.085849 0.079155 0.134306 0.076623 
0.087323 0.139361 0.143728 0.082109 0.083153 0.079020 0.093097 0.077420 0.139066 0.075723 
0.082402 0.136167 0.136860 0.087482 0.087420 0.084943 0.091048 0.077721 0.135738 0.080221 
0.097553 0.132468 0.134355 0.087938 0.087546 0.079894 0.084709 0.078368 0.132450 0.084719 
0.091905 0.133813 0.137984 0.085036 0.081844 0.082055 0.086805 0.079919 0.133672 0.086967 
0.080586 0.138016 0.138964 0.087567 0.085689 0.079785 0.086554 0.083391 0.137428 0.082020 
0.083003 0.144740 0.147996 0.075393 0.074929 0.079795 0.087143 0.075337 0.144247 0.087416 
0.081230 0.130787 0.132998 0.086930 0.087602 0.083606 0.084624 0.090417 0.130340 0.091465 
0.085859 0.130955 0.134888 0.087536 0.089459 0.084982 0.085385 0.086037 0.130630 0.084269 
0.078720 0.134654 0.135564 0.087431 0.088676 0.075497 0.092842 0.083777 0.134072 0.088766 
0.084726 0.138688 0.141694 0.081275 0.079960 0.082260 0.095064 0.078391 0.138170 0.079771 
0.089006 0.141882 0.147367 0.083130 0.079892 0.073494 0.087073 0.081446 0.141436 0.075274 
0.087922 0.138184 0.141419 0.087251 0.088984 0.076423 0.087533 0.080238 0.137671 0.074374 
0.091907 0.136839 0.138811 0.082118 0.082471 0.080992 0.094463 0.085935 0.136587 0.069877 
0.096948 0.135662 0.138635 0.084837 0.083990 0.079141 0.089050 0.078759 0.135454 0.077522 
0.085644 0.135494 0.138030 0.083149 0.080348 0.083746 0.096265 0.081412 0.135242 0.080671 
0.093160 0.135326 0.136972 0.087580 0.087559 0.081220 0.079376 0.083106 0.135029 0.080671 
0.099716 0.129779 0.132386 0.086678 0.084772 0.078557 0.089594 0.086875 0.130073 0.081570 
0.089007 0.133309 0.134083 0.087466 0.086899 0.075571 0.091181 0.083197 0.133219 0.086068 
0.090623 0.139025 0.141222 0.087071 0.084166 0.075108 0.090703 0.075827 0.138733 0.077523 
0.089145 0.130955 0.135601 0.089338 0.087491 0.086933 0.083424 0.087657 0.130584 0.078872 
0.086523 0.136167 0.136874 0.088664 0.085630 0.085609 0.092288 0.071310 0.135815 0.081121 
0.084198 0.140706 0.142946 0.087815 0.088109 0.081915 0.083896 0.081101 0.140787 0.068528 
0.089764 0.138352 0.141434 0.083158 0.083726 0.080769 0.086200 0.074629 0.138598 0.083369 
skin
0.098027 0.134312 0.136265 0.087975 0.086418 0.082196 0.082573 0.075364 0.133910 0.082961 
0.100634 0.136503 0.137222 0.084765 0.082052 0.080708 0.088263 0.075259 0.136133 0.078462 
0.081657 0.140547 0.142827 0.092475 0.090242 0.079632 0.082053 0.081068 0.139583 0.069915 
0.085543 0.134312 0.134436 0.088526 0.088057 0.080753 0.083073 0.085000 0.133740 0.086560 
0.085268 0.137682 0.140796 0.087230 0.084413 0.081670 0.078847 0.084548 0.137034 0.082511 
0.094160 0.141558 0.143972 0.080946 0.083467 0.076375 0.075719 0.078681 0.140812 0.084310 
0.078594 0.130268 0.133844 0.088502 0.090056 0.090358 0.091816 0.079196 0.129456 0.087909 
0.088173 0.135323 0.137224 0.084077 0.082546 0.083361 0.092734 0.075373 0.134629 0.086559 
0.091160 0.132290 0.135844 0.089949 0.088221 0.081448 0.084553 0.083164 0.131760 0.081611 
0.084867 0.143748 0.145285 0.079790 0.081648 0.077719 0.075856 0.077939 0.142989 0.090158 
0.090316 0.140378 0.140337 0.078797 0.079848 0.079940 0.084060 0.076859 0.139756 0.089708 
0.097396 0.132459 0.133721 0.084170 0.087112 0.076802 0.095875 0.079690 0.132065 0.080711 
0.092868 0.135155 0.137426 0.079253 0.078237 0.080894 0.096409 0.086246 0.134602 0.078911 
0.087120 0.141895 0.144090 0.083640 0.079745 0.079204 0.082780 0.080601 0.141114 0.079811 
0.084412 0.132627 0.132728 0.088171 0.087603 0.084384 0.098029 0.081661 0.131923 0.078462 
0.091991 0.136840 0.137947 0.078620 0.077262 0.078737 0.096583 0.078389 0.136172 0.087459 
0.085617 0.142569 0.144379 0.082786 0.084051 0.077570 0.087439 0.079860 0.142216 0.073513 
0.089796 0.134144 0.135751 0.087525 0.087364 0.080755 0.088107 0.077774 0.133574 0.085210 
0.100430 0.133638 0.137331 0.087702 0.085847 0.086537 0.083679 0.076651 0.133322 0.074863 
0.092210 0.143411 0.146331 0.082582 0.080463 0.077778 0.082193 0.077452 0.142718 0.074863 
0.079112 0.140547 0.141070 0.080244 0.081072 0.080115 0.076511 0.083384 0.139691 0.098256 
0.089171 0.139536 0.140883 0.084569 0.083488 0.082441 0.086759 0.080654 0.138987 0.073513 
0.098825 0.133807 0.135886 0.087835 0.085112 0.078894 0.084342 0.079346 0.133442 0.082511 
0.092642 0.138693 0.140196 0.076434 0.076162 0.077606 0.093639 0.074995 0.138125 0.091508 
0.094956 0.136166 0.137790 0.090274 0.088219 0.076619 0.082744 0.080908 0.135662 0.076663 
stomach
0.093561 0.138807 0.140155 0.086734 0.087843 0.076391 0.084815 0.081720 0.138262 0.071712 
0.085545 0.135941 0.139578 0.088077 0.084925 0.086420 0.084894 0.078662 0.135248 0.080709 
0.084165 0.131894 0.132986 0.088631 0.090157 0.084381 0.088158 0.078261 0.131662 0.089706 
0.081823 0.143192 0.144776 0.081402 0.079604 0.082017 0.080666 0.081237 0.142325 0.082958 
0.095083 0.134423 0.138297 0.085671 0.084929 0.081430 0.080889 0.084618 0.133951 0.080709 
0.087519 0.144204 0.147177 0.078584 0.076563 0.083134 0.079654 0.085804 0.143400 0.073961 
0.093952 0.132400 0.132699 0.085797 0.083221 0.081011 0.084232 0.083753 0.132331 0.090606 
0.074060 0.138302 0.141438 0.090684 0.091527 0.083453 0.089252 0.084987 0.137284 0.069013 
0.085611 0.135941 0.137735 0.084091 0.082490 0.087001 0.089456 0.084914 0.135202 0.077560 
0.088853 0.135604 0.135986 0.085906 0.087263 0.079651 0.090152 0.085118 0.134807 0.076660 
0.085621 0.140662 0.141929 0.085111 0.084178 0.077271 0.082165 0.080633 0.139922 0.082508 
0.085318 0.137627 0.137779 0.089386 0.087804 0.084643 0.083675 0.081203 0.136804 0.075760 
0.086214 0.134423 0.135074 0.085048 0.087451 0.080021 0.090282 0.083026 0.133705 0.084757 
0.087599 0.143360 0.146754 0.078777 0.080491 0.079021 0.082964 0.074143 0.142584 0.084307 
0.080628 0.142686 0.145662 0.084584 0.081211 0.074704 0.092527 0.081031 0.141656 0.075310 
0.089157 0.134086 0.135913 0.083637 0.084827 0.076174 0.094940 0.079446 0.133464 0.088356 
0.087746 0.139819 0.139626 0.084526 0.084097 0.074872 0.078585 0.083760 0.139512 0.087456 
0.090888 0.138639 0.138663 0.081274 0.082731 0.076337 0.099228 0.082618 0.137910 0.071711 
0.095495 0.134760 0.136020 0.080455 0.077361 0.079614 0.089942 0.081121 0.134176 0.091055 
0.085766 0.140325 0.142389 0.084365 0.081892 0.080166 0.087675 0.071711 0.139605 0.086107 
0.093611 0.138470 0.139904 0.084978 0.084403 0.083834 0.077536 0.084505 0.137898 0.074861 
0.081014 0.135604 0.137520 0.088400 0.089151 0.078075 0.086497 0.079971 0.134962 0.088806 
0.089402 0.138639 0.141560 0.083977 0.085334 0.079371 0.087629 0.074804 0.138126 0.081158 
0.090738 0.132400 0.133324 0.088856 0.087393 0.089750 0.086484 0.084844 0.131801 0.074411 
0.090128 0.139145 0.139178 0.085453 0.085750 0.080514 0.087307 0.074322 0.138394 0.079809 
0.360546 0.357312 0.356918 0.355654 0.357852 0.356059 0.360033 0.357104 0.358297 0.355923 
5.71037 2.84011 7.52336 7.73697 5.77949 -0.674919 0.302087 -0.682828 2.83975 2.74742 2.122e-313 -1.29408e-231 0.0800706 2.2434e-006 0.000607622 0.328752 0.295605 0.156867 0.0166269 0.121452 2.28545e-006 1.43085e-005 2.122e-313 -1.2944e-231 0.0800706 2.2434e-006 0.000607622 0.328752 0.295605 0.156867 0.0166269 0.121452 2.28545e-006 1.43085e-005 2.122e-313 2.122e-313 2.122e-313 2.122e-313 2.122e-313 2.122e-313 2.122e-313 1.49653e-231 1.91767e-316 1.87576e-316 -5.34656e+235 3.10843e-317 8.34971e-322 1.83223e-316 nan nan nan 1.86363e-316 1.86403e-316 -1.28842e-231 1.22393e-008 0.337656 0.329183 1.30639e-008 1.30434e-008 1.30977e-008 1.23179e-008 1.31602e-008 0.33316 1.32281e-008 1.86119e-316 -1.28874e-231 1.22393e-008 0.337656 0.329183 1.30639e-008 1.30434e-008 1.30977e-008 1.23179e-008 1.31602e-008 0.33316 1.32281e-008 1.86646e-316 -1.28905e-231 1.22393e-008 0.337656 0.329183 1.30639e-008 1.30434e-008 1.30977e-008 1.23179e-008 1.31602e-008 0.33316 1.32281e-008 1.88934e-316 -1.28937e-231 1.22393e-008 0.337656 0.329183 1.30639e-008 1.30434e-008 1.30977e-008 
