-948296.455146
0
0.000002 0.000002 0.000001 0.000002 0.000024 0.000001 0.000001 0.000002 0.000002 0.000001 0.016449 0.000002 0.000002 0.000001 0.000002 0.005918 0.020308 0.000002 0.005227 0.005830 0.053621 0.000001 0.000001 0.006522 0.000002 0.000002 0.000001 0.032404 0.000001 0.000001 0.000001 0.000001 0.000002 0.000002 0.396307 0.000331 0.000002 0.000001 0.000001 0.000002 0.002592 0.000002 0.000002 0.000002 0.000003 0.000002 0.000002 0.094931 0.000002 0.000002 0.000001 0.000002 0.000001 0.000001 0.000001 0.000001 0.000003 0.000002 0.050428 0.009595 0.000001 0.000001 0.000001 0.000001 0.000133 0.000002 0.000002 0.000002 0.000002 0.000001 0.000001 0.000002 0.000002 0.000001 0.000001 0.033919 0.000001 0.000001 0.000001 0.000001 0.000001 0.000002 0.000002 0.000089 0.000421 0.000001 0.000002 0.000002 0.000002 0.000002 0.000002 0.004012 0.065568 0.000002 0.000046 0.195206 
0.000002 0.000001 0.000001 0.000001 0.000001 0.000001 0.000001 0.000021 0.000002 0.000001 0.000009 0.000002 0.000002 0.000001 0.000001 0.000003 0.000002 0.000002 0.000002 0.000004 0.000003 0.000001 0.000001 0.000002 0.000002 0.000001 0.000001 0.000002 0.000001 0.000001 0.000001 0.000001 0.000002 0.000001 0.000003 0.000002 0.000001 0.000001 0.000001 0.000001 0.000002 0.000002 0.000002 0.000002 0.000003 0.000001 0.000002 0.010599 0.000002 0.000001 0.000001 0.000001 0.000001 0.000001 0.000001 0.000001 0.052899 0.000002 0.935095 0.000002 0.000001 0.000001 0.000001 0.000001 0.000001 0.000001 0.000001 0.000002 0.000001 0.000001 0.000001 0.000002 0.000002 0.000001 0.000001 0.000002 0.000001 0.000001 0.000001 0.000001 0.000001 0.000001 0.000002 0.000001 0.000003 0.000001 0.000002 0.000002 0.000002 0.000002 0.000002 0.000004 0.001237 0.000001 0.000001 0.000002 
0.000996 0.000040 0.000001 0.000099 0.000001 0.000001 0.000001 0.000001 0.001250 0.000001 0.029295 0.000177 0.000533 0.000001 0.000080 0.000441 0.000002 0.000002 0.000002 0.009747 0.002472 0.000001 0.000001 0.000002 0.000216 0.000099 0.000001 0.000002 0.000001 0.000001 0.000001 0.000001 0.000002 0.000060 0.001651 0.000002 0.000080 0.000001 0.000001 0.000040 0.000002 0.000528 0.002499 0.000002 0.004202 0.000040 0.000762 0.091914 0.000470 0.000119 0.000001 0.000099 0.000001 0.000001 0.000001 0.000001 0.001571 0.133801 0.589374 0.000002 0.000001 0.000001 0.000001 0.000001 0.000002 0.000099 0.000060 0.000450 0.000060 0.000001 0.000001 0.003396 0.007141 0.000001 0.000001 0.000002 0.000001 0.000001 0.000001 0.000001 0.000001 0.000119 0.008468 0.000001 0.005221 0.000001 0.000977 0.000840 0.001504 0.000801 0.000197 0.012610 0.085316 0.000021 0.000001 0.000002 
0.000002 0.000001 0.000001 0.000002 0.000001 0.000001 0.000001 0.000001 0.000002 0.000001 0.961892 0.000002 0.000506 0.000001 0.000001 0.000103 0.000002 0.000607 0.000002 0.001493 0.000003 0.000001 0.000001 0.000002 0.000002 0.000002 0.000001 0.000002 0.000001 0.000001 0.000001 0.000001 0.000275 0.000001 0.000003 0.000002 0.000001 0.000001 0.000001 0.000001 0.000002 0.000002 0.000002 0.021169 0.004844 0.000001 0.000002 0.000008 0.000002 0.000002 0.000001 0.000002 0.000001 0.000001 0.000001 0.000001 0.000003 0.000002 0.000022 0.000002 0.000001 0.000001 0.000001 0.000001 0.000002 0.000002 0.000001 0.000002 0.000001 0.000001 0.000001 0.000002 0.000002 0.000001 0.000001 0.000002 0.000001 0.000001 0.000001 0.000001 0.000001 0.000002 0.000002 0.000001 0.000618 0.000001 0.000002 0.000002 0.000002 0.000002 0.000002 0.008335 0.000006 0.000001 0.000001 0.000002 
0.245942 0.249542 0.248479 0.256036 
0.245005 0.262485 0.244996 0.247513 
0.241926 0.261372 0.241879 0.254823 
0.246172 0.247609 0.255688 0.250530 
breast
0.229274 0.254104 0.260955 0.255667 
0.221513 0.264272 0.251361 0.262853 
0.231414 0.266699 0.257118 0.244770 
0.220813 0.269588 0.261792 0.247806 
0.232744 0.264648 0.257967 0.244641 
0.230304 0.245647 0.257962 0.266087 
0.222125 0.261560 0.259029 0.257286 
0.225139 0.262146 0.251124 0.261591 
0.225632 0.263989 0.256307 0.254073 
0.224908 0.257021 0.269047 0.249024 
0.215024 0.266562 0.248209 0.270206 
0.227509 0.266130 0.251056 0.255304 
0.249056 0.246985 0.249289 0.254671 
0.224549 0.252740 0.250673 0.272038 
0.244143 0.252055 0.245108 0.258695 
0.224770 0.263222 0.260419 0.251590 
0.228401 0.265412 0.265497 0.240689 
0.234288 0.261415 0.252075 0.252222 
0.235351 0.267913 0.250399 0.246338 
0.222945 0.257034 0.259093 0.260928 
0.225759 0.259065 0.265291 0.249885 
0.229207 0.258799 0.248550 0.263443 
0.238484 0.261327 0.252745 0.247444 
0.220606 0.258961 0.252563 0.267871 
0.226210 0.252802 0.252255 0.268732 
prostate
0.216926 0.264490 0.258745 0.259839 
0.224181 0.258180 0.256366 0.261273 
0.218289 0.264045 0.270693 0.246972 
0.220416 0.261509 0.253744 0.264332 
0.225035 0.253799 0.255629 0.265537 
0.225672 0.258758 0.257841 0.257729 
0.223865 0.263390 0.250267 0.262478 
0.228719 0.277370 0.266830 0.227081 
0.248864 0.247378 0.242892 0.260866 
0.233422 0.251902 0.248673 0.266002 
0.233666 0.253889 0.249169 0.263277 
0.223682 0.264069 0.263481 0.248767 
0.220556 0.268869 0.260044 0.250531 
0.224099 0.258263 0.257045 0.260592 
0.225766 0.260844 0.265379 0.248011 
0.227698 0.258162 0.259364 0.254777 
0.227714 0.262841 0.260399 0.249046 
0.226866 0.257703 0.252121 0.263311 
0.240371 0.246132 0.251805 0.261692 
0.234181 0.251348 0.251105 0.263365 
0.215797 0.259655 0.263792 0.260756 
0.231619 0.254313 0.243703 0.270364 
0.214416 0.262726 0.258687 0.264171 
0.208675 0.266693 0.259644 0.264988 
0.220792 0.265351 0.263404 0.250453 
skin
0.223913 0.255596 0.256255 0.264237 
0.222353 0.260562 0.261393 0.255692 
0.209211 0.264935 0.252267 0.273587 
0.233926 0.252557 0.247715 0.265802 
0.223574 0.261409 0.252912 0.262105 
0.232238 0.270274 0.252339 0.245149 
0.230339 0.252109 0.253847 0.263705 
0.226921 0.260225 0.259141 0.253713 
0.222568 0.250167 0.254377 0.272889 
0.230067 0.271343 0.258739 0.239851 
0.241644 0.266702 0.256204 0.235450 
0.237518 0.252246 0.259193 0.251043 
0.238356 0.256913 0.266026 0.238705 
0.222095 0.271036 0.256358 0.250510 
0.225473 0.259022 0.249140 0.266365 
0.240128 0.263588 0.260096 0.236189 
0.219904 0.272758 0.259382 0.247956 
0.229029 0.254398 0.253183 0.263391 
0.215016 0.262148 0.258836 0.264001 
0.217798 0.271450 0.261015 0.249736 
0.242180 0.268330 0.248291 0.241199 
0.217246 0.265507 0.262180 0.255068 
0.224812 0.255191 0.256439 0.263558 
0.238171 0.262892 0.266428 0.232509 
0.217410 0.257580 0.254573 0.270437 
stomach
0.216712 0.259997 0.260156 0.263134 
0.216868 0.262446 0.256885 0.263801 
0.230313 0.250711 0.251027 0.267948 
0.225749 0.275398 0.254413 0.244441 
0.230857 0.254080 0.256182 0.258881 
0.227702 0.271282 0.264030 0.236986 
0.238437 0.253079 0.249500 0.258985 
0.206345 0.261333 0.259232 0.273091 
0.224528 0.258727 0.262037 0.254708 
0.234482 0.255034 0.253839 0.256645 
0.227580 0.265150 0.252995 0.254276 
0.215941 0.266178 0.248090 0.269791 
0.235326 0.257264 0.250850 0.256560 
0.225874 0.273127 0.263747 0.237252 
0.217429 0.266241 0.261303 0.255027 
0.239117 0.249790 0.260131 0.250962 
0.235097 0.261292 0.249298 0.254312 
0.227526 0.263212 0.265205 0.244058 
0.240890 0.256331 0.258704 0.244075 
0.220081 0.263672 0.265286 0.250960 
0.223962 0.262896 0.257443 0.255699 
0.223403 0.254874 0.257422 0.264302 
0.218571 0.267747 0.262684 0.250998 
0.221743 0.257152 0.252289 0.268817 
0.220077 0.264360 0.258536 0.257028 
0.50997 0.521536 0.512761 0.518097 
-3.62396 7.81296 7.01261 6.99014 0 -1.29281e-231 0.0145487 1.99671e-006 0.0291689 0.95628 0 -1.29313e-231 0.0145487 1.99671e-006 0.0291689 0.95628 0 -1.29344e-231 0.0145487 1.99671e-006 0.0291689 0.95628 0 -3.80201e-270 nan 2.122e-314 0 0 1.97626e-320 -3.80294e-270 nan 2.122e-314 0 0 1.97626e-320 0 0 0 0 1.56307e-154 1.83297e-316 2.36368e-317 2.77039e-317 2.7704e-317 2.36548e-317 2.76939e-317 0 0 6.36651e-314 6.47676e-319 0 4.94066e-324 0 0 0 0 2.17505e-311 4.14453e-317 2.19406e-316 0 2.36567e-317 1.83312e-316 0 0 2.12274e-314 1.28457e-322 0 3.45846e-323 2.36576e-317 1.83314e-316 0 0 1.06107e-313 1.29528e-318 0 3.45846e-323 2.36586e-317 1.83956e-316 0 0 1.08858e-311 3.62647e-317 0 1.4822e-323 2.36586e-317 1.85237e-316 0 0 1.08858e-311 3.62647e-317 0 1.4822e-323 2.36586e-317 1.86564e-316 0 0 
