-367705.945421
0
0.000004 0.000004 0.000004 0.000004 0.000004 0.000004 0.000004 0.000004 0.000005 0.000004 0.000478 0.000114 0.000004 0.000004 0.000004 0.000004 0.000004 0.000004 0.000278 0.000004 0.000692 0.000004 0.000004 0.000169 0.000004 0.000004 0.000004 0.000005 0.000004 0.000004 0.000004 0.000004 0.000114 0.000004 0.023306 0.000004 0.000004 0.000004 0.000004 0.000004 0.000004 0.000004 0.000004 0.000004 0.000224 0.000004 0.000004 0.000004 0.000004 0.000004 0.000004 0.000004 0.000004 0.000004 0.000004 0.000004 0.000005 0.000008 0.941459 0.029939 0.000004 0.000004 0.000004 0.000004 0.000004 0.000004 0.000004 0.000004 0.000004 0.000004 0.000004 0.000169 0.000004 0.000004 0.000004 0.001266 0.000004 0.000004 0.000004 0.000004 0.000004 0.000004 0.000004 0.000004 0.000004 0.000004 0.000004 0.000004 0.000004 0.000004 0.000004 0.000004 0.001475 0.000004 0.000004 0.000004 
0.000004 0.000004 0.000004 0.000004 0.000004 0.000004 0.000004 0.000004 0.000005 0.000004 0.000013 0.000004 0.000004 0.000004 0.000004 0.000004 0.000004 0.000004 0.000004 0.000004 0.000006 0.000004 0.000004 0.000004 0.000004 0.000004 0.000004 0.000005 0.000004 0.000004 0.000004 0.000004 0.000004 0.000004 0.000018 0.000004 0.000004 0.000004 0.000004 0.000004 0.000004 0.000004 0.000004 0.000004 0.000004 0.000004 0.000004 0.000004 0.000004 0.000004 0.000004 0.000004 0.000004 0.000004 0.000004 0.000004 0.000005 0.000008 0.999608 0.000005 0.000004 0.000004 0.000004 0.000004 0.000004 0.000004 0.000004 0.000004 0.000004 0.000004 0.000004 0.000004 0.000004 0.000004 0.000004 0.000004 0.000004 0.000004 0.000004 0.000004 0.000004 0.000004 0.000004 0.000004 0.000004 0.000004 0.000004 0.000004 0.000004 0.000004 0.000004 0.000004 0.000007 0.000004 0.000004 0.000004 
0.000004 0.000004 0.000004 0.000004 0.000004 0.000004 0.000004 0.000004 0.003008 0.000004 0.000392 0.000004 0.000004 0.000004 0.000004 0.000004 0.000004 0.000004 0.000004 0.000004 0.000038 0.000004 0.000004 0.000004 0.000004 0.000004 0.000004 0.000005 0.000004 0.000004 0.000004 0.000004 0.000004 0.000004 0.019482 0.000004 0.000004 0.000004 0.000004 0.000004 0.000004 0.000004 0.000004 0.000004 0.000004 0.000004 0.000004 0.000004 0.000004 0.000004 0.000004 0.000004 0.000004 0.000004 0.000004 0.000004 0.000005 0.116511 0.859060 0.000005 0.000004 0.000004 0.000004 0.000004 0.000004 0.000004 0.000004 0.000004 0.000004 0.000004 0.000004 0.000004 0.000171 0.000004 0.000004 0.000004 0.000004 0.000004 0.000004 0.000004 0.000004 0.000004 0.000004 0.000004 0.000004 0.000004 0.000004 0.000004 0.000004 0.000004 0.000004 0.000004 0.000998 0.000004 0.000004 0.000004 
0.000004 0.000004 0.000004 0.000004 0.000004 0.000004 0.000004 0.000004 0.000006 0.000004 0.940292 0.000005 0.000004 0.000004 0.000004 0.000005 0.000005 0.000004 0.000005 0.000005 0.000007 0.000004 0.000004 0.000005 0.000005 0.000005 0.000004 0.000005 0.000004 0.000004 0.000004 0.000004 0.000005 0.000004 0.000021 0.000004 0.000004 0.000004 0.000004 0.000004 0.000004 0.000004 0.000005 0.000005 0.000005 0.000004 0.000004 0.000005 0.000128 0.000004 0.000004 0.000004 0.000004 0.000004 0.000004 0.000004 0.000005 0.000009 0.058040 0.000006 0.000004 0.000004 0.000004 0.000004 0.000004 0.000004 0.000004 0.000004 0.000004 0.000004 0.000004 0.000005 0.000005 0.000004 0.000004 0.000005 0.000004 0.000004 0.000004 0.000004 0.000004 0.000004 0.000005 0.000004 0.000005 0.000004 0.000004 0.000004 0.000005 0.000004 0.000004 0.001118 0.000007 0.000004 0.000004 0.000005 
0.000004 0.000004 0.000004 0.000004 0.000004 0.000004 0.000004 0.000004 0.000006 0.000004 0.530408 0.000005 0.000004 0.000004 0.000004 0.000005 0.000005 0.000004 0.000005 0.000005 0.000007 0.000004 0.000004 0.000005 0.000005 0.000005 0.000004 0.114691 0.000004 0.000004 0.000004 0.000004 0.000005 0.000004 0.000020 0.000004 0.000004 0.000004 0.000004 0.000004 0.000004 0.000004 0.000005 0.000005 0.000005 0.000004 0.000004 0.000005 0.000005 0.000004 0.000004 0.000004 0.000004 0.000004 0.000004 0.000004 0.000005 0.340070 0.014416 0.000006 0.000004 0.000004 0.000004 0.000004 0.000004 0.000004 0.000004 0.000004 0.000004 0.000004 0.000004 0.000005 0.000005 0.000004 0.000004 0.000005 0.000004 0.000004 0.000004 0.000004 0.000004 0.000004 0.000005 0.000004 0.000005 0.000004 0.000004 0.000004 0.000005 0.000004 0.000004 0.000005 0.000007 0.000004 0.000004 0.000005 
0.000004 0.000004 0.000004 0.000004 0.000004 0.000004 0.000004 0.000004 0.000005 0.000004 0.000435 0.000004 0.000004 0.000004 0.000004 0.000004 0.000004 0.000004 0.000004 0.000391 0.000006 0.000004 0.000004 0.000004 0.000004 0.000004 0.000004 0.000005 0.000004 0.000004 0.000004 0.000004 0.000004 0.000004 0.030130 0.000004 0.000004 0.000004 0.000004 0.000004 0.000004 0.000004 0.000943 0.000004 0.000004 0.000004 0.000004 0.000004 0.000004 0.000004 0.000004 0.000004 0.000004 0.000004 0.000004 0.000004 0.194728 0.000008 0.769485 0.000005 0.000004 0.000004 0.000004 0.000004 0.000004 0.000004 0.000004 0.000004 0.000004 0.000004 0.000004 0.000004 0.000004 0.000004 0.000004 0.000004 0.000004 0.000004 0.000004 0.000004 0.000004 0.000004 0.003540 0.000004 0.000004 0.000004 0.000004 0.000004 0.000004 0.000004 0.000004 0.000004 0.000007 0.000004 0.000004 0.000004 
0.000004 0.000004 0.000004 0.000004 0.000004 0.000004 0.000004 0.000004 0.000005 0.000004 0.000464 0.000004 0.000004 0.000004 0.000004 0.000169 0.000004 0.000004 0.000004 0.000004 0.000312 0.000004 0.000004 0.000004 0.000059 0.000004 0.000004 0.000005 0.000004 0.000004 0.000004 0.000004 0.000004 0.000004 0.022433 0.000004 0.000004 0.000004 0.000004 0.000004 0.000004 0.000004 0.000004 0.000004 0.000004 0.000004 0.000004 0.005784 0.000004 0.000004 0.000004 0.000004 0.000004 0.000004 0.000004 0.000004 0.000005 0.054616 0.914306 0.000005 0.000004 0.000004 0.000004 0.000004 0.000004 0.000004 0.000004 0.000004 0.000004 0.000004 0.000004 0.000004 0.000004 0.000004 0.000004 0.000004 0.000004 0.000004 0.000004 0.000004 0.000004 0.000004 0.000004 0.000004 0.000169 0.000004 0.000004 0.000004 0.000059 0.000004 0.000004 0.000004 0.001304 0.000004 0.000004 0.000004 
0.000004 0.000004 0.000004 0.000004 0.000004 0.000004 0.000004 0.000004 0.000611 0.000004 0.000493 0.000004 0.000004 0.000004 0.000004 0.000004 0.000660 0.000004 0.000004 0.000004 0.000518 0.000004 0.000004 0.000004 0.000004 0.000441 0.000004 0.000005 0.000004 0.000004 0.000004 0.000004 0.000004 0.000004 0.023614 0.000004 0.000004 0.000004 0.000004 0.000004 0.000004 0.000004 0.000004 0.000824 0.000004 0.000004 0.000004 0.000004 0.000004 0.000004 0.000004 0.000004 0.000004 0.000004 0.000004 0.000004 0.000005 0.000008 0.964748 0.000005 0.000004 0.000004 0.000004 0.000004 0.000004 0.000004 0.000004 0.000004 0.000004 0.000004 0.000004 0.000004 0.000004 0.000004 0.000004 0.000004 0.000004 0.000004 0.000004 0.000004 0.000004 0.000004 0.000004 0.000004 0.000004 0.000004 0.000004 0.000004 0.000004 0.000004 0.000004 0.000004 0.001420 0.000004 0.000004 0.006343 
0.000004 0.000004 0.000004 0.000004 0.000004 0.000004 0.000004 0.000004 0.000005 0.000004 0.000012 0.000004 0.000004 0.000004 0.000004 0.000004 0.000004 0.000004 0.000004 0.000004 0.000006 0.000004 0.000004 0.000004 0.000004 0.000004 0.000004 0.000004 0.000004 0.000004 0.000004 0.000004 0.000004 0.000004 0.994316 0.000004 0.000004 0.000004 0.000004 0.000004 0.000004 0.000004 0.000004 0.000004 0.000004 0.000004 0.000004 0.000004 0.000004 0.000004 0.000004 0.000004 0.000004 0.000004 0.000004 0.000004 0.000005 0.000008 0.002493 0.002827 0.000004 0.000004 0.000004 0.000004 0.000004 0.000004 0.000004 0.000004 0.000004 0.000004 0.000004 0.000004 0.000004 0.000004 0.000004 0.000004 0.000004 0.000004 0.000004 0.000004 0.000004 0.000004 0.000004 0.000004 0.000004 0.000004 0.000004 0.000004 0.000004 0.000004 0.000004 0.000004 0.000006 0.000004 0.000004 0.000004 
0.115037 0.110663 0.109823 0.115526 0.111290 0.109959 0.113102 0.106414 0.108186 
0.106730 0.116581 0.106656 0.113847 0.108941 0.109020 0.109671 0.116209 0.112345 
0.105991 0.108114 0.112958 0.112410 0.109597 0.107598 0.115144 0.112808 0.115380 
0.114323 0.113309 0.106974 0.115633 0.116659 0.107749 0.106347 0.111734 0.107273 
breast
0.128459 0.122214 0.117507 0.100553 0.095690 0.116340 0.119366 0.119215 0.080656 
0.118619 0.115670 0.115870 0.100215 0.102265 0.102731 0.116635 0.113380 0.114614 
0.113285 0.113052 0.110321 0.110807 0.102997 0.110403 0.112290 0.110293 0.116551 
0.120360 0.116979 0.116068 0.089556 0.094675 0.108666 0.117522 0.117260 0.118915 
0.120675 0.114361 0.114231 0.115472 0.108696 0.101219 0.116020 0.111497 0.097830 
0.109666 0.104762 0.108137 0.128769 0.125802 0.099112 0.108391 0.102717 0.112645 
0.119954 0.115233 0.113494 0.089466 0.089167 0.114728 0.115029 0.117363 0.125565 
0.112372 0.114361 0.116714 0.080226 0.101952 0.125876 0.116027 0.113975 0.118497 
0.111328 0.113052 0.112853 0.087821 0.100967 0.120326 0.116035 0.110529 0.127091 
0.111804 0.113488 0.106847 0.103168 0.087883 0.123136 0.111027 0.113406 0.129241 
0.116779 0.116979 0.113441 0.100283 0.104190 0.113092 0.115647 0.113776 0.105815 
0.116012 0.113924 0.112566 0.109320 0.104361 0.113090 0.113636 0.113227 0.103864 
0.114421 0.110434 0.110333 0.092283 0.093243 0.109348 0.111762 0.109189 0.148987 
0.118768 0.111743 0.111663 0.093883 0.097208 0.121598 0.112337 0.109187 0.123613 
0.123230 0.112179 0.111165 0.103100 0.105679 0.114278 0.112127 0.109259 0.108982 
0.116950 0.107379 0.109840 0.098255 0.116390 0.104024 0.111719 0.105186 0.130256 
0.108957 0.110870 0.108434 0.118357 0.109706 0.108668 0.110244 0.110575 0.114191 
0.116279 0.110434 0.107829 0.090751 0.079003 0.112201 0.110380 0.108886 0.164237 
0.116199 0.117851 0.118656 0.101860 0.102976 0.115780 0.118864 0.115097 0.092716 
0.117233 0.116979 0.110307 0.098750 0.089272 0.111266 0.116813 0.114223 0.125157 
0.115185 0.116106 0.114347 0.077252 0.097526 0.110971 0.116440 0.114330 0.137844 
0.114312 0.113924 0.111803 0.095528 0.095883 0.118532 0.113553 0.111315 0.125150 
0.119010 0.118288 0.118602 0.091156 0.097777 0.118770 0.119173 0.115706 0.101520 
0.113445 0.114797 0.109192 0.124689 0.109462 0.104027 0.112880 0.112352 0.099156 
0.113173 0.111743 0.113601 0.096948 0.095859 0.105164 0.115080 0.112542 0.135890 
0.111243 0.109561 0.106554 0.101433 0.090727 0.120505 0.109431 0.108214 0.142332 
0.113292 0.113488 0.115614 0.101635 0.111671 0.119832 0.114805 0.110305 0.099359 
0.114749 0.108688 0.112193 0.095258 0.101796 0.107753 0.111640 0.107330 0.140593 
0.117459 0.115233 0.115487 0.092531 0.100513 0.121296 0.116953 0.116867 0.103661 
0.117891 0.118724 0.121477 0.101905 0.111554 0.111322 0.120059 0.114890 0.082179 
0.109636 0.106507 0.106271 0.116599 0.107059 0.101089 0.109633 0.109272 0.133934 
0.114079 0.111743 0.109671 0.111610 0.113267 0.109204 0.111222 0.108897 0.110306 
0.116846 0.114797 0.110386 0.109365 0.111087 0.106551 0.113045 0.114058 0.103866 
0.115637 0.114797 0.112250 0.097105 0.090413 0.126155 0.114490 0.112597 0.116555 
0.109682 0.111743 0.112589 0.104610 0.118372 0.111605 0.112611 0.108895 0.109895 
0.110503 0.109561 0.107227 0.106030 0.108424 0.098816 0.109336 0.109919 0.140183 
0.120302 0.121778 0.112928 0.095933 0.084518 0.116839 0.118349 0.121583 0.107770 
0.116475 0.118288 0.116134 0.103415 0.097006 0.106825 0.117964 0.120430 0.103463 
0.111652 0.108252 0.103362 0.105962 0.088688 0.119696 0.106936 0.106470 0.148982 
0.108533 0.107816 0.110174 0.109005 0.105641 0.116316 0.109674 0.105558 0.127284 
0.114464 0.116542 0.118234 0.092598 0.097943 0.110735 0.116922 0.114058 0.118503 
0.127073 0.123960 0.117351 0.074592 0.073770 0.118889 0.121741 0.121543 0.121081 
0.106700 0.105634 0.109696 0.105827 0.114171 0.107752 0.108467 0.103729 0.138024 
0.116664 0.113924 0.110176 0.100125 0.093860 0.106712 0.112865 0.113870 0.131803 
0.123751 0.122214 0.118540 0.079099 0.077705 0.119761 0.121717 0.122789 0.114424 
0.119044 0.114797 0.113891 0.110897 0.101974 0.108954 0.114716 0.111656 0.104072 
0.115049 0.117415 0.110348 0.100305 0.085338 0.130313 0.116829 0.116644 0.107759 
0.115693 0.116106 0.118248 0.101770 0.100056 0.116907 0.117844 0.118310 0.095067 
0.109137 0.105198 0.105745 0.127259 0.115696 0.097493 0.105661 0.106533 0.127278 
0.113243 0.113052 0.108952 0.120002 0.097906 0.117296 0.111498 0.112453 0.105599 
0.119676 0.115670 0.113299 0.112474 0.106979 0.109368 0.114768 0.112288 0.095478 
0.125563 0.116979 0.116357 0.092621 0.097949 0.113088 0.117034 0.113772 0.106638 
0.116150 0.113924 0.113847 0.086333 0.104055 0.130093 0.114324 0.110961 0.110312 
0.116563 0.119160 0.118127 0.097330 0.102980 0.109830 0.118942 0.115751 0.101316 
0.119444 0.115233 0.110563 0.089466 0.080784 0.117517 0.114582 0.114157 0.138253 
0.118961 0.116542 0.112814 0.098066 0.090431 0.110865 0.115351 0.113757 0.123213 
0.119959 0.120469 0.117443 0.094333 0.101447 0.110770 0.119258 0.116945 0.099376 
0.116625 0.114361 0.113096 0.098615 0.103106 0.113677 0.116626 0.111433 0.112462 
0.116554 0.113052 0.112146 0.095483 0.111831 0.122025 0.113761 0.111287 0.103862 
0.119926 0.117415 0.117057 0.088046 0.095354 0.127646 0.120296 0.114685 0.099574 
0.118131 0.115670 0.112493 0.095618 0.091961 0.124357 0.114636 0.112727 0.114408 
0.118685 0.120906 0.114968 0.094356 0.082778 0.111748 0.117636 0.118262 0.120662 
0.111464 0.112615 0.113992 0.110785 0.107431 0.095778 0.114261 0.113031 0.120642 
0.117783 0.114797 0.114545 0.097105 0.101383 0.109269 0.115555 0.114950 0.114612 
0.120902 0.118724 0.110292 0.103437 0.091216 0.116901 0.115072 0.115489 0.107968 
0.116446 0.116106 0.114277 0.092576 0.088509 0.113061 0.115880 0.115842 0.127304 
0.101953 0.100398 0.104880 0.111687 0.118433 0.111265 0.103629 0.098998 0.148757 
0.120835 0.116106 0.117192 0.083381 0.100626 0.103444 0.117266 0.113434 0.127716 
0.106277 0.102580 0.102569 0.125591 0.115474 0.119321 0.103670 0.103488 0.121030 
0.117675 0.116979 0.117983 0.098750 0.097288 0.113091 0.118199 0.114425 0.105609 
0.118626 0.113052 0.109064 0.107742 0.099045 0.110466 0.112107 0.110992 0.118906 
0.118291 0.113488 0.107930 0.097038 0.085095 0.127810 0.111484 0.113303 0.125560 
0.110460 0.111306 0.108411 0.099990 0.108245 0.107105 0.111069 0.112028 0.131385 
0.117521 0.110434 0.113892 0.093816 0.120855 0.105917 0.115016 0.107742 0.114807 
0.117827 0.113052 0.116362 0.097015 0.108387 0.107929 0.114182 0.110639 0.114608 
0.118661 0.119160 0.115127 0.100395 0.101815 0.114509 0.117456 0.115653 0.097224 
0.113444 0.114797 0.109918 0.104767 0.090986 0.118950 0.115784 0.115005 0.116349 
0.118919 0.118288 0.115751 0.092688 0.086996 0.119156 0.117920 0.115867 0.114414 
0.115449 0.108688 0.112251 0.103791 0.120360 0.113936 0.113227 0.105886 0.106413 
0.109744 0.109561 0.109530 0.106030 0.116129 0.121882 0.112408 0.106769 0.107946 
0.114862 0.109997 0.111150 0.104520 0.123156 0.105523 0.111058 0.107283 0.112451 
0.112353 0.112615 0.111688 0.101590 0.099333 0.108046 0.113663 0.111473 0.129239 
0.111365 0.108688 0.110167 0.113647 0.111517 0.107119 0.112409 0.106192 0.118895 
0.115526 0.113052 0.112109 0.098548 0.105493 0.105655 0.117973 0.112739 0.118906 
0.117323 0.113052 0.110032 0.107742 0.108473 0.109952 0.119161 0.112346 0.101919 
0.119374 0.116979 0.114013 0.089556 0.098307 0.108794 0.115191 0.114572 0.123214 
0.118659 0.119597 0.116728 0.082029 0.093823 0.117753 0.119443 0.117757 0.114212 
0.118085 0.120905 0.116817 0.108147 0.091935 0.108580 0.120582 0.120075 0.094873 
0.115975 0.115670 0.117615 0.086423 0.094465 0.112658 0.118666 0.113374 0.125154 
0.112038 0.114361 0.112019 0.117004 0.113011 0.103816 0.112649 0.111647 0.103454 
0.112598 0.109561 0.108312 0.104498 0.103430 0.108299 0.109795 0.107416 0.136091 
0.109682 0.111743 0.112590 0.106142 0.109626 0.116412 0.112612 0.111299 0.109895 
0.111095 0.110870 0.115393 0.103033 0.119530 0.106192 0.113527 0.108113 0.112247 
0.112760 0.112615 0.113951 0.098525 0.116457 0.109933 0.113735 0.109771 0.112252 
0.114525 0.111743 0.113786 0.093883 0.102014 0.112179 0.112482 0.109740 0.129648 
0.110487 0.106507 0.102600 0.124261 0.107816 0.103432 0.105844 0.107474 0.131579 
0.117831 0.116106 0.119456 0.086446 0.110063 0.126447 0.117889 0.112639 0.093124 
0.119153 0.119160 0.116695 0.075877 0.091030 0.117543 0.125690 0.116137 0.118715 
0.122363 0.118724 0.118297 0.085049 0.098444 0.116763 0.119668 0.116818 0.103876 
0.113873 0.110434 0.106384 0.107607 0.095067 0.120664 0.111975 0.108650 0.125347 
prostate
0.105762 0.113130 0.107870 0.112214 0.100439 0.117949 0.109203 0.116724 0.116709 
0.116426 0.117576 0.108651 0.100170 0.095468 0.111731 0.114215 0.116248 0.119514 
0.106763 0.114019 0.107594 0.106994 0.095440 0.121269 0.109623 0.112974 0.125323 
0.105858 0.113130 0.109116 0.110681 0.112271 0.103656 0.109851 0.114422 0.121015 
0.106903 0.114019 0.111790 0.093856 0.102585 0.111841 0.111700 0.115524 0.131782 
0.109557 0.113575 0.108540 0.093834 0.098128 0.109358 0.110429 0.115973 0.140607 
0.108528 0.113130 0.111227 0.110681 0.108325 0.110612 0.112389 0.112490 0.112617 
0.112727 0.116242 0.110225 0.098569 0.104703 0.124768 0.111729 0.114656 0.106379 
0.108409 0.110907 0.105357 0.119770 0.109040 0.099842 0.106124 0.110502 0.130049 
0.114790 0.119799 0.114463 0.084946 0.091292 0.115859 0.116095 0.121511 0.121245 
0.120238 0.121133 0.114857 0.083480 0.081691 0.126282 0.116862 0.120240 0.115217 
0.115836 0.119355 0.107588 0.112527 0.096243 0.110353 0.112056 0.117716 0.108326 
0.107463 0.114464 0.107038 0.109214 0.090150 0.109970 0.109748 0.113711 0.138242 
0.114969 0.118910 0.114594 0.104837 0.111967 0.104893 0.115028 0.117029 0.097774 
0.117282 0.115798 0.108592 0.095479 0.091129 0.113177 0.111064 0.114836 0.132642 
0.106452 0.113575 0.111386 0.099968 0.106041 0.104238 0.113664 0.115048 0.129628 
0.108993 0.114019 0.111708 0.090789 0.105660 0.111713 0.114008 0.115420 0.127690 
0.116815 0.111796 0.105113 0.112147 0.098197 0.109802 0.110109 0.116307 0.119714 
0.110714 0.118465 0.112334 0.094080 0.092522 0.114862 0.114034 0.121959 0.121028 
0.111122 0.116242 0.109779 0.098569 0.089780 0.113512 0.113310 0.115684 0.132001 
0.102370 0.106905 0.109236 0.108834 0.130020 0.108595 0.106808 0.106017 0.121214 
0.112815 0.118465 0.110513 0.110949 0.097414 0.102729 0.113117 0.117061 0.116936 
0.107674 0.114908 0.107720 0.122374 0.109772 0.113975 0.110182 0.113905 0.099490 
0.111010 0.118465 0.110724 0.110949 0.104623 0.107155 0.115839 0.117430 0.103804 
0.124916 0.125135 0.116714 0.085214 0.095482 0.111832 0.119075 0.127722 0.093910 
0.106694 0.113575 0.105176 0.098435 0.093010 0.116569 0.108444 0.117704 0.140393 
0.117570 0.121133 0.120525 0.097281 0.102684 0.106431 0.118341 0.122561 0.093473 
0.118929 0.122912 0.112723 0.107442 0.093325 0.105620 0.116186 0.120988 0.101876 
0.108400 0.116242 0.113181 0.103170 0.107805 0.112818 0.115569 0.114710 0.108105 
0.111373 0.112241 0.108420 0.112169 0.098885 0.124300 0.110396 0.111326 0.110890 
0.105777 0.112685 0.114156 0.090722 0.124513 0.122094 0.112213 0.111897 0.105943 
0.107128 0.107794 0.107863 0.119613 0.121849 0.113504 0.111156 0.108826 0.102267 
0.108252 0.114019 0.109745 0.086189 0.092086 0.119427 0.111344 0.114239 0.144700 
0.121282 0.120244 0.113372 0.083435 0.084943 0.111639 0.115522 0.119065 0.130499 
0.104076 0.110907 0.105157 0.113636 0.095788 0.116724 0.107000 0.114938 0.131775 
0.112520 0.113130 0.106862 0.104546 0.097832 0.118198 0.108832 0.112117 0.125963 
0.116262 0.117132 0.108485 0.097080 0.086522 0.116519 0.111650 0.116072 0.130278 
0.105808 0.113130 0.107909 0.107614 0.112261 0.110801 0.109247 0.114369 0.118862 
0.107218 0.111796 0.107173 0.107546 0.102632 0.105563 0.108484 0.111138 0.138450 
0.113297 0.117131 0.115074 0.101681 0.105408 0.122717 0.113397 0.115679 0.095617 
0.118292 0.121133 0.117486 0.089614 0.095448 0.111677 0.117153 0.120652 0.108544 
0.113871 0.114464 0.110986 0.084678 0.091908 0.126589 0.111536 0.113544 0.132425 
0.111707 0.114908 0.113023 0.101569 0.103837 0.114409 0.111565 0.113993 0.114988 
0.114675 0.116242 0.113522 0.101636 0.115692 0.114840 0.113160 0.114404 0.095828 
0.114092 0.117576 0.109697 0.103237 0.102688 0.111543 0.112227 0.116098 0.112842 
0.115592 0.116242 0.111842 0.097035 0.099715 0.122364 0.112884 0.117733 0.106593 
0.109522 0.112241 0.105550 0.109102 0.103680 0.112727 0.110169 0.111263 0.125747 
0.114994 0.118465 0.111670 0.092547 0.092517 0.119541 0.113662 0.119453 0.117150 
0.111355 0.113575 0.111713 0.090767 0.100848 0.123268 0.111716 0.113161 0.123597 
0.115463 0.118021 0.108661 0.100192 0.090162 0.109852 0.111563 0.120325 0.125761 
0.115541 0.119355 0.111424 0.107927 0.102043 0.114777 0.113714 0.119811 0.095408 
0.107900 0.113130 0.113311 0.109147 0.115174 0.101062 0.110818 0.114686 0.114770 
0.118867 0.119355 0.109964 0.103326 0.097221 0.110348 0.113636 0.118528 0.108754 
0.114183 0.112241 0.111611 0.092233 0.107186 0.098680 0.113216 0.111558 0.139092 
0.106373 0.111351 0.113091 0.104457 0.120448 0.104658 0.109882 0.110668 0.119072 
0.113112 0.116242 0.113457 0.090901 0.105687 0.108449 0.113489 0.115059 0.123603 
0.110878 0.118910 0.113666 0.097170 0.097345 0.119687 0.114751 0.117329 0.110264 
0.118495 0.119355 0.118360 0.092591 0.103151 0.110090 0.117452 0.120578 0.099928 
0.116476 0.117576 0.108693 0.103237 0.087587 0.114199 0.114264 0.116301 0.121667 
0.115378 0.123801 0.114811 0.082080 0.088245 0.123414 0.117755 0.122086 0.112429 
0.107386 0.112241 0.105011 0.118304 0.104927 0.105586 0.107540 0.111319 0.127686 
0.113480 0.115798 0.114100 0.101614 0.113283 0.112167 0.116417 0.115375 0.097766 
0.116636 0.115353 0.109192 0.098524 0.095940 0.110125 0.113393 0.118961 0.121876 
0.108087 0.111351 0.107216 0.124393 0.115232 0.116050 0.110161 0.109753 0.097756 
0.109840 0.110462 0.113787 0.098278 0.126232 0.103861 0.110658 0.111691 0.115191 
0.111996 0.117576 0.110940 0.095569 0.101446 0.114069 0.115275 0.116195 0.116934 
0.107721 0.112241 0.107619 0.107569 0.097831 0.103621 0.108973 0.111668 0.142757 
0.107865 0.109573 0.104471 0.113569 0.110190 0.108450 0.106367 0.109469 0.130046 
0.107636 0.108239 0.104235 0.130371 0.117113 0.111567 0.104903 0.109363 0.106574 
0.107573 0.112241 0.107833 0.119837 0.131871 0.111656 0.108834 0.111222 0.088932 
0.112500 0.120688 0.112799 0.097259 0.096001 0.113813 0.115224 0.121447 0.110269 
0.104057 0.110462 0.107779 0.125882 0.119173 0.113107 0.108092 0.109816 0.101632 
0.118495 0.119799 0.110516 0.090416 0.086169 0.120667 0.113831 0.118435 0.121673 
0.111753 0.117132 0.114611 0.090946 0.102435 0.116073 0.116772 0.115713 0.114566 
0.113950 0.122022 0.117004 0.080457 0.094212 0.112719 0.118024 0.120574 0.121037 
0.118538 0.118021 0.110949 0.107860 0.096360 0.121048 0.112851 0.116173 0.098199 
0.115455 0.118910 0.108586 0.104837 0.082980 0.119944 0.112447 0.117537 0.119304 
0.102080 0.108239 0.102633 0.121169 0.105748 0.126424 0.104718 0.107984 0.121004 
0.111813 0.111351 0.107797 0.098323 0.103783 0.109968 0.108914 0.111327 0.136723 
0.105210 0.112685 0.111463 0.112192 0.116039 0.107813 0.110608 0.113740 0.110249 
0.116261 0.119799 0.113286 0.104882 0.096194 0.122128 0.119929 0.118357 0.089164 
0.107859 0.112241 0.103654 0.093767 0.091257 0.120625 0.107165 0.114216 0.149216 
0.116066 0.117132 0.111237 0.095547 0.100580 0.109056 0.112848 0.115868 0.121666 
0.115255 0.121578 0.115077 0.094237 0.094104 0.121372 0.116611 0.122048 0.099720 
0.113216 0.121578 0.111704 0.101904 0.093980 0.114356 0.117494 0.119802 0.105965 
0.118115 0.116687 0.109402 0.100125 0.086705 0.115997 0.110837 0.118314 0.123818 
0.113486 0.118021 0.110032 0.103259 0.095484 0.121362 0.113004 0.117242 0.108109 
0.113562 0.109573 0.110742 0.112035 0.107426 0.105793 0.106964 0.111829 0.122076 
0.107944 0.107794 0.105624 0.099677 0.117302 0.107361 0.108154 0.107276 0.138868 
0.118541 0.120244 0.112156 0.107971 0.099651 0.113041 0.114505 0.118266 0.095624 
0.107495 0.110018 0.109439 0.108991 0.110684 0.111058 0.106620 0.109955 0.125741 
0.111994 0.120244 0.112933 0.091103 0.098883 0.125365 0.115008 0.118510 0.105962 
0.107147 0.114019 0.107912 0.097793 0.090247 0.114562 0.112397 0.113376 0.142547 
0.105635 0.111351 0.106371 0.099856 0.102422 0.100863 0.108459 0.111735 0.153306 
0.116968 0.120688 0.116370 0.083457 0.099872 0.106724 0.119378 0.121540 0.115002 
0.112101 0.117576 0.109278 0.109371 0.090189 0.106993 0.112141 0.121111 0.121240 
0.108550 0.116242 0.108060 0.110837 0.098247 0.117818 0.110814 0.114867 0.114564 
0.109620 0.117576 0.110202 0.109371 0.112499 0.104210 0.112414 0.116000 0.108108 
0.107247 0.114019 0.109743 0.101524 0.093531 0.102676 0.110924 0.113481 0.146853 
0.112309 0.118021 0.111467 0.104793 0.092404 0.116684 0.112346 0.119348 0.112629 
skin
0.113656 0.113488 0.116493 0.107511 0.112800 0.100691 0.116395 0.114536 0.104431 
0.111174 0.110888 0.109593 0.099727 0.103368 0.106711 0.111736 0.114370 0.132434 
0.112612 0.115221 0.110615 0.109131 0.095295 0.111886 0.116633 0.115771 0.112837 
0.116488 0.117387 0.114561 0.107712 0.105392 0.105903 0.117035 0.117545 0.097977 
0.106129 0.104822 0.107726 0.110125 0.107425 0.118815 0.108054 0.106640 0.130264 
0.116706 0.113054 0.120292 0.095248 0.109366 0.105158 0.118430 0.117316 0.104430 
0.116411 0.114354 0.115011 0.099905 0.090527 0.106721 0.115055 0.117975 0.124040 
0.115070 0.117387 0.117314 0.103122 0.105645 0.119944 0.118633 0.118053 0.084833 
0.106296 0.106122 0.109249 0.122433 0.117459 0.107305 0.111246 0.106860 0.113031 
0.113085 0.113488 0.110219 0.115162 0.099411 0.112835 0.113084 0.113976 0.108740 
0.115368 0.113488 0.111706 0.115162 0.093072 0.110557 0.112899 0.114483 0.113265 
0.101465 0.100490 0.102030 0.131323 0.117545 0.105947 0.104190 0.104602 0.132408 
0.104413 0.105689 0.110546 0.104049 0.117302 0.119040 0.112049 0.111944 0.114968 
0.110179 0.112621 0.111907 0.105936 0.097916 0.119499 0.113487 0.115624 0.112831 
0.114940 0.120420 0.122708 0.087977 0.096125 0.115432 0.121530 0.123317 0.097552 
0.110037 0.115221 0.119951 0.101480 0.110880 0.113785 0.117487 0.115775 0.095384 
0.113433 0.113054 0.115683 0.091530 0.093626 0.127032 0.118294 0.114299 0.113048 
0.110618 0.115221 0.112547 0.111534 0.090282 0.104926 0.117663 0.115970 0.121239 
0.115131 0.117820 0.115884 0.092433 0.093436 0.111596 0.118137 0.118409 0.117153 
0.110970 0.113054 0.114269 0.112079 0.105996 0.112251 0.117462 0.114014 0.099904 
0.114053 0.113921 0.113429 0.089172 0.097987 0.106695 0.115163 0.114983 0.134596 
0.110424 0.111755 0.111353 0.105892 0.098775 0.102511 0.115791 0.113433 0.130065 
0.111548 0.113054 0.112840 0.105959 0.106664 0.107692 0.116963 0.116758 0.108523 
0.112376 0.116954 0.116412 0.100039 0.100835 0.119984 0.118077 0.117780 0.097543 
0.107493 0.106989 0.103246 0.125538 0.105617 0.106069 0.106670 0.108109 0.130270 
0.103353 0.106989 0.112774 0.117887 0.120995 0.107906 0.111330 0.108320 0.110446 
0.112898 0.117820 0.113486 0.097024 0.087507 0.111536 0.124181 0.120765 0.114782 
0.120371 0.121720 0.119747 0.104875 0.098697 0.111134 0.121530 0.121392 0.080535 
0.119126 0.120420 0.119373 0.095627 0.097403 0.117589 0.120784 0.120312 0.089366 
0.116336 0.111755 0.108371 0.104362 0.094177 0.116679 0.113871 0.112570 0.121879 
0.113838 0.111755 0.110650 0.105892 0.098775 0.116555 0.112495 0.112471 0.117570 
0.111161 0.112188 0.113080 0.101324 0.111255 0.107211 0.114627 0.114170 0.114984 
0.104849 0.106556 0.108137 0.119395 0.113531 0.103267 0.108736 0.107631 0.127898 
0.105823 0.109588 0.116459 0.099660 0.116278 0.114763 0.113508 0.111315 0.112607 
0.120242 0.119120 0.118372 0.097090 0.100658 0.109570 0.119717 0.119188 0.096043 
0.106322 0.110888 0.112728 0.104317 0.112769 0.118104 0.112945 0.111471 0.110456 
0.118227 0.112621 0.112543 0.098286 0.095105 0.112286 0.116650 0.121235 0.113047 
0.112479 0.112188 0.113151 0.087553 0.092953 0.112635 0.114155 0.118139 0.136746 
0.112807 0.107855 0.114584 0.101100 0.114722 0.108751 0.111381 0.111456 0.117344 
0.111304 0.113054 0.112192 0.107489 0.099661 0.112686 0.114268 0.114360 0.114986 
0.108492 0.110455 0.107963 0.111945 0.097635 0.111066 0.110684 0.113852 0.127907 
0.109343 0.106122 0.107509 0.120246 0.103914 0.114762 0.108519 0.107720 0.121865 
0.111882 0.111755 0.113795 0.089060 0.092076 0.124068 0.116526 0.112710 0.128127 
0.108389 0.107855 0.109966 0.107221 0.103323 0.109253 0.110363 0.109048 0.134581 
0.113987 0.116954 0.116033 0.098509 0.109579 0.108093 0.117562 0.117215 0.102069 
0.110132 0.109155 0.114818 0.099637 0.116936 0.109561 0.115896 0.112982 0.110884 
0.108874 0.113054 0.110915 0.100711 0.093784 0.108437 0.115924 0.114139 0.134162 
0.111752 0.111321 0.107571 0.108930 0.095245 0.111792 0.110977 0.112347 0.130064 
0.113174 0.110888 0.107665 0.110437 0.104851 0.101661 0.113115 0.114177 0.124032 
0.105406 0.104822 0.111942 0.104004 0.123423 0.104331 0.109635 0.108326 0.128110 
0.109856 0.112188 0.117728 0.081432 0.106755 0.126488 0.115126 0.113288 0.117139 
0.114435 0.112621 0.113984 0.110527 0.113864 0.109452 0.114278 0.112875 0.097965 
0.112608 0.115221 0.114151 0.101480 0.095343 0.116688 0.115906 0.115767 0.112837 
0.110088 0.115221 0.115639 0.107600 0.105820 0.116254 0.116418 0.115421 0.097539 
0.111723 0.113921 0.112718 0.092232 0.095789 0.116122 0.114742 0.114836 0.127916 
0.104060 0.105256 0.107965 0.108617 0.104159 0.105228 0.110630 0.106799 0.147286 
0.105943 0.107422 0.107356 0.110259 0.101326 0.109109 0.108983 0.108774 0.140827 
0.115960 0.113921 0.110832 0.104473 0.093335 0.111134 0.113766 0.114693 0.121885 
0.110987 0.113054 0.115616 0.096778 0.105387 0.108062 0.114636 0.114246 0.121234 
0.115381 0.115654 0.115859 0.081611 0.094328 0.119664 0.117049 0.118782 0.121673 
0.108280 0.102656 0.106386 0.099302 0.100445 0.120173 0.106175 0.104345 0.152237 
0.116193 0.114787 0.115222 0.102988 0.110417 0.111050 0.115964 0.117347 0.096032 
0.105957 0.107855 0.113298 0.098040 0.116920 0.113742 0.111801 0.108793 0.123592 
0.105013 0.106989 0.111483 0.117887 0.110927 0.110496 0.109462 0.110616 0.117126 
0.109459 0.110888 0.117161 0.086828 0.083327 0.109731 0.112762 0.116080 0.153764 
0.117770 0.120853 0.116568 0.083409 0.086065 0.125687 0.119928 0.121178 0.108542 
0.107787 0.110022 0.115004 0.090501 0.122216 0.115153 0.113625 0.110713 0.114979 
0.117141 0.120420 0.114234 0.113989 0.086823 0.110639 0.118463 0.120522 0.097768 
0.117600 0.118687 0.124082 0.094008 0.102437 0.104367 0.123628 0.121522 0.093671 
0.116047 0.113921 0.113856 0.089172 0.085102 0.120864 0.120059 0.114784 0.126194 
0.111893 0.116954 0.114342 0.092388 0.099101 0.120230 0.116813 0.122117 0.106162 
0.118099 0.116521 0.117550 0.096957 0.098885 0.107947 0.118140 0.116938 0.108964 
0.114768 0.115654 0.114750 0.103032 0.107362 0.114056 0.118567 0.118147 0.093663 
0.115964 0.109588 0.111845 0.095069 0.096394 0.117600 0.112922 0.112063 0.128554 
0.109148 0.111321 0.110941 0.093628 0.107770 0.121147 0.112459 0.112139 0.121446 
0.107163 0.112188 0.115529 0.121215 0.110328 0.111402 0.113785 0.115167 0.093222 
0.117416 0.120420 0.116237 0.089507 0.082326 0.123017 0.119575 0.120806 0.110696 
0.116062 0.109155 0.112182 0.093517 0.103392 0.110120 0.114435 0.110214 0.130924 
0.114406 0.110022 0.109154 0.110393 0.096553 0.117629 0.110883 0.113178 0.117782 
0.108537 0.113054 0.117709 0.098308 0.109778 0.103194 0.116550 0.113790 0.119079 
0.132080 0.122153 0.119844 0.077355 0.086336 0.116758 0.124421 0.122199 0.098853 
0.109328 0.111755 0.106404 0.119663 0.093461 0.121181 0.112802 0.114733 0.110674 
0.108285 0.106989 0.113473 0.086628 0.111699 0.115848 0.111040 0.109305 0.136733 
0.111689 0.110888 0.117000 0.078305 0.112003 0.108916 0.115552 0.119677 0.125970 
0.105300 0.109588 0.111769 0.107310 0.116894 0.107745 0.111925 0.110398 0.119071 
0.108138 0.110022 0.106452 0.118043 0.105248 0.101186 0.109771 0.111078 0.130061 
0.109535 0.109588 0.110471 0.116491 0.111832 0.107562 0.111228 0.110254 0.113039 
0.112179 0.116954 0.121782 0.092388 0.112898 0.114925 0.119563 0.120386 0.088925 
0.112423 0.111755 0.111636 0.107422 0.112322 0.113778 0.113255 0.112982 0.104426 
0.116036 0.108722 0.110949 0.084314 0.095107 0.112685 0.111442 0.112586 0.148159 
0.113020 0.113921 0.110649 0.096823 0.090731 0.113658 0.119321 0.116116 0.125762 
0.111638 0.113921 0.108516 0.110594 0.088275 0.113603 0.115100 0.114747 0.123607 
0.104962 0.106989 0.108264 0.111767 0.113998 0.122446 0.108851 0.107753 0.114971 
0.117841 0.121286 0.120789 0.088021 0.089797 0.125585 0.121962 0.121257 0.093461 
0.112483 0.114788 0.118144 0.087687 0.100652 0.104707 0.117740 0.118036 0.125764 
0.117098 0.115654 0.114871 0.101502 0.104091 0.111840 0.116305 0.118295 0.100343 
0.113873 0.119120 0.117944 0.095560 0.098256 0.112222 0.119625 0.119386 0.104012 
0.110202 0.112188 0.112485 0.098263 0.097502 0.105306 0.116189 0.115643 0.132221 
0.105741 0.109588 0.112623 0.125672 0.116838 0.095426 0.112588 0.113226 0.108298 
0.119754 0.124753 0.121196 0.074429 0.070627 0.105335 0.123517 0.128353 0.132036 
stomach
0.124757 0.120042 0.114888 0.101407 0.102048 0.106389 0.115024 0.117625 0.097819 
0.118277 0.114310 0.111354 0.101114 0.112298 0.114137 0.115788 0.112974 0.099749 
0.114893 0.118279 0.112640 0.102840 0.102190 0.126557 0.113415 0.116495 0.092692 
0.110005 0.110341 0.108198 0.093292 0.099104 0.121964 0.107606 0.109323 0.140168 
0.110290 0.111223 0.108754 0.108575 0.098391 0.126739 0.107067 0.112434 0.116526 
0.121312 0.114310 0.116216 0.088923 0.106718 0.116726 0.115197 0.114196 0.106403 
0.114234 0.117838 0.114485 0.093675 0.103160 0.114780 0.113931 0.115860 0.112037 
0.110529 0.109459 0.105634 0.129818 0.119390 0.108211 0.105496 0.107632 0.103830 
0.119230 0.115633 0.116964 0.088991 0.113809 0.112855 0.114267 0.114201 0.104051 
0.121760 0.118720 0.111273 0.092196 0.084187 0.125186 0.112915 0.116807 0.116955 
0.114101 0.115633 0.113600 0.104229 0.109971 0.112799 0.114683 0.113494 0.101490 
0.114180 0.116515 0.111941 0.089036 0.091886 0.114418 0.112736 0.115760 0.133529 
0.117952 0.119601 0.113224 0.102908 0.091172 0.115925 0.113198 0.120222 0.105798 
0.112733 0.112987 0.113786 0.101046 0.114415 0.115668 0.113926 0.111805 0.103633 
0.119183 0.120483 0.111713 0.089239 0.088957 0.114694 0.114083 0.118652 0.122996 
0.108851 0.109019 0.107642 0.113034 0.109620 0.122609 0.106737 0.108118 0.114371 
0.115946 0.114310 0.113799 0.081304 0.098381 0.105731 0.114615 0.115530 0.140383 
0.114701 0.115633 0.110633 0.094442 0.098431 0.113561 0.111217 0.114098 0.127284 
0.119344 0.118279 0.113367 0.083031 0.087561 0.120298 0.113789 0.118985 0.125346 
0.120394 0.116956 0.111774 0.087535 0.091016 0.109816 0.114842 0.117819 0.129848 
0.114240 0.112546 0.113812 0.094928 0.102411 0.111294 0.109332 0.112011 0.129426 
0.127833 0.120483 0.113570 0.099906 0.094104 0.111591 0.114651 0.118099 0.099763 
0.109560 0.110341 0.107838 0.111578 0.107205 0.111784 0.107190 0.113682 0.120823 
0.122886 0.118720 0.112544 0.081530 0.086826 0.139279 0.114132 0.117875 0.106208 
0.121579 0.125775 0.116942 0.084938 0.079901 0.122984 0.118951 0.123324 0.105607 
0.112252 0.110341 0.110804 0.091768 0.094979 0.119624 0.107923 0.109785 0.142523 
0.116178 0.117838 0.115432 0.093675 0.108678 0.116863 0.114236 0.115605 0.101495 
0.107094 0.109019 0.115479 0.087129 0.129401 0.099140 0.110667 0.108560 0.133511 
0.119304 0.114751 0.107036 0.107232 0.089775 0.112838 0.109508 0.114011 0.125544 
0.105744 0.103286 0.105368 0.107525 0.116205 0.104879 0.102878 0.105162 0.148955 
0.115207 0.114310 0.109440 0.117876 0.108624 0.102386 0.111220 0.112797 0.108141 
0.118274 0.119160 0.115383 0.095267 0.112108 0.098830 0.115338 0.117693 0.107947 
0.112132 0.112546 0.109962 0.108643 0.107886 0.113192 0.109555 0.113855 0.112230 
0.119018 0.118719 0.111984 0.113530 0.097153 0.114880 0.115351 0.116260 0.093105 
0.115525 0.112105 0.107768 0.120811 0.105540 0.103380 0.107046 0.110885 0.116939 
0.118762 0.122688 0.115603 0.083256 0.089310 0.120779 0.116840 0.122864 0.109899 
0.120975 0.125775 0.120482 0.091033 0.106318 0.112606 0.120282 0.122717 0.079813 
0.113676 0.116515 0.114987 0.093607 0.099048 0.120990 0.113890 0.115254 0.112034 
0.118786 0.117838 0.111160 0.102818 0.096667 0.105364 0.112454 0.116018 0.118897 
0.121053 0.117397 0.113956 0.096700 0.096139 0.111981 0.116220 0.116051 0.110503 
0.113076 0.116515 0.110474 0.105798 0.119183 0.120227 0.111435 0.117053 0.086240 
0.113789 0.115192 0.108404 0.110302 0.099587 0.122209 0.108738 0.115992 0.105788 
0.114790 0.112546 0.103839 0.115617 0.095787 0.111111 0.109220 0.114112 0.122977 
0.111543 0.109900 0.104758 0.111555 0.101817 0.116513 0.105633 0.108656 0.129625 
0.111648 0.112546 0.110663 0.114738 0.109695 0.108389 0.109505 0.110791 0.112024 
0.109882 0.113428 0.108627 0.125450 0.103377 0.113611 0.110345 0.111853 0.103428 
0.122215 0.124011 0.117383 0.087895 0.084032 0.123928 0.117289 0.121942 0.101304 
0.115497 0.116956 0.114245 0.093630 0.107109 0.116388 0.113323 0.114911 0.107941 
0.115737 0.116515 0.112106 0.090560 0.094318 0.107274 0.112460 0.115147 0.135884 
0.116284 0.112546 0.107572 0.099500 0.098808 0.111361 0.110702 0.111240 0.131987 
0.111726 0.109460 0.109312 0.093247 0.108570 0.102264 0.110178 0.108628 0.146614 
0.115487 0.116515 0.107301 0.096655 0.085363 0.128585 0.110062 0.114896 0.125136 
0.112514 0.109459 0.108916 0.113056 0.123910 0.117559 0.109325 0.109822 0.095438 
0.126471 0.119160 0.108683 0.093743 0.094105 0.113376 0.111860 0.119533 0.113069 
0.108510 0.109019 0.108625 0.108462 0.114915 0.106232 0.107013 0.107807 0.129417 
0.119158 0.113428 0.113358 0.090402 0.097969 0.114234 0.111373 0.114332 0.125746 
0.113321 0.114751 0.110033 0.110279 0.115288 0.107393 0.112596 0.112702 0.103637 
0.118241 0.114310 0.110894 0.102638 0.095640 0.114586 0.110898 0.117999 0.114795 
0.117507 0.113428 0.111391 0.099545 0.101799 0.109240 0.115554 0.112446 0.119092 
0.114566 0.113428 0.108596 0.099545 0.109989 0.116385 0.109023 0.111731 0.116737 
0.115917 0.117397 0.110852 0.099748 0.097448 0.123934 0.111012 0.115751 0.107942 
0.111539 0.109900 0.108207 0.105460 0.102852 0.116510 0.107254 0.108652 0.129625 
0.117446 0.111664 0.109551 0.099455 0.104179 0.110438 0.111082 0.112593 0.123593 
0.121237 0.120924 0.115656 0.084690 0.104446 0.114320 0.115847 0.123320 0.099559 
0.112353 0.112987 0.114260 0.091903 0.107875 0.102141 0.112220 0.112535 0.133726 
0.115754 0.113428 0.109879 0.104116 0.098908 0.111709 0.110130 0.115041 0.121036 
0.116885 0.117838 0.111974 0.089104 0.083136 0.120160 0.113000 0.116315 0.131588 
0.119059 0.122688 0.114585 0.100018 0.100631 0.113065 0.116524 0.120727 0.092703 
0.115289 0.119160 0.111402 0.105933 0.094474 0.117932 0.113031 0.119337 0.103442 
0.111112 0.114310 0.107115 0.110257 0.100287 0.114782 0.108825 0.112685 0.120626 
0.118118 0.119160 0.115833 0.087647 0.094870 0.125069 0.115463 0.122343 0.101498 
0.120148 0.119601 0.114685 0.101384 0.094833 0.111118 0.114821 0.117405 0.106004 
0.120959 0.122688 0.114345 0.112209 0.105230 0.107881 0.116247 0.120429 0.080012 
0.112323 0.116074 0.111669 0.110347 0.104846 0.117941 0.111593 0.113921 0.101285 
0.113851 0.112987 0.109714 0.108665 0.122310 0.106060 0.111567 0.111007 0.103839 
0.114138 0.117838 0.115248 0.102818 0.098089 0.112253 0.113300 0.118579 0.107738 
0.116687 0.113869 0.106878 0.110234 0.100281 0.104964 0.108996 0.113166 0.124924 
0.114035 0.117838 0.114325 0.099770 0.109065 0.109720 0.116148 0.115660 0.103439 
0.108626 0.112105 0.111283 0.114715 0.115207 0.110203 0.111869 0.112567 0.103425 
0.118758 0.122688 0.117219 0.104590 0.103833 0.115087 0.117596 0.120425 0.079806 
0.117475 0.121806 0.120832 0.087783 0.111456 0.112329 0.118610 0.119158 0.090551 
0.122238 0.119601 0.114862 0.089194 0.097578 0.120596 0.116311 0.117709 0.101911 
0.118731 0.120483 0.114801 0.096858 0.097871 0.111718 0.117689 0.118199 0.103651 
