-360468.537565
0
0.000005 0.000005 0.000005 0.000005 0.000005 0.000005 0.000005 0.000005 0.000007 0.000005 0.002561 0.000005 0.000005 0.000005 0.000005 0.000005 0.000005 0.000005 0.000354 0.000005 0.001292 0.000005 0.000005 0.000214 0.000005 0.000005 0.000005 0.000006 0.000005 0.000005 0.000005 0.000005 0.000145 0.000005 0.017256 0.000005 0.000005 0.000005 0.000005 0.000005 0.000005 0.000005 0.000005 0.000005 0.000005 0.000005 0.000005 0.000006 0.000005 0.000005 0.000005 0.000005 0.000005 0.000005 0.000005 0.000005 0.000007 0.001002 0.974222 0.000006 0.000005 0.000005 0.000005 0.000005 0.000005 0.000005 0.000005 0.000005 0.000005 0.000005 0.000005 0.000005 0.000005 0.000005 0.000005 0.001607 0.000005 0.000005 0.000005 0.000005 0.000005 0.000005 0.000006 0.000005 0.000214 0.000005 0.000005 0.000005 0.000005 0.000005 0.000005 0.000709 0.000006 0.000005 0.000005 0.000006 
0.000005 0.000005 0.000005 0.000005 0.000005 0.000005 0.000005 0.000005 0.000007 0.000005 0.000019 0.000006 0.000005 0.000005 0.000005 0.000006 0.000006 0.000005 0.000006 0.000006 0.000007 0.000005 0.000005 0.000006 0.000006 0.000006 0.000005 0.000006 0.000005 0.000005 0.000005 0.000005 0.000006 0.000005 0.000026 0.000005 0.000005 0.000005 0.000005 0.000005 0.000005 0.000005 0.000006 0.000006 0.000006 0.000005 0.000005 0.000006 0.000006 0.000005 0.000005 0.000005 0.000005 0.000005 0.000005 0.000005 0.000007 0.000015 0.999435 0.000006 0.000005 0.000005 0.000005 0.000005 0.000005 0.000005 0.000005 0.000005 0.000005 0.000005 0.000005 0.000006 0.000006 0.000005 0.000005 0.000006 0.000005 0.000005 0.000005 0.000005 0.000005 0.000005 0.000006 0.000005 0.000006 0.000005 0.000005 0.000005 0.000006 0.000005 0.000005 0.000007 0.000006 0.000005 0.000005 0.000007 
0.000005 0.000005 0.000005 0.000005 0.000005 0.000005 0.000005 0.000005 0.003291 0.000005 0.001445 0.000006 0.000005 0.000005 0.000005 0.000006 0.000006 0.000005 0.000006 0.000006 0.000007 0.000005 0.000005 0.000006 0.000006 0.000006 0.000005 0.000006 0.000005 0.000005 0.000005 0.000005 0.000006 0.000005 0.010928 0.000005 0.000005 0.000005 0.000005 0.000005 0.000005 0.000005 0.000006 0.000006 0.000006 0.000005 0.000005 0.000006 0.000006 0.000005 0.000005 0.000005 0.000005 0.000005 0.000005 0.000005 0.000007 0.378757 0.604860 0.000006 0.000005 0.000005 0.000005 0.000005 0.000005 0.000005 0.000005 0.000005 0.000005 0.000005 0.000005 0.000006 0.000231 0.000005 0.000005 0.000006 0.000005 0.000005 0.000005 0.000005 0.000005 0.000005 0.000006 0.000005 0.000006 0.000005 0.000005 0.000005 0.000006 0.000005 0.000005 0.000006 0.000006 0.000005 0.000005 0.000007 
0.000006 0.000006 0.000006 0.000006 0.000006 0.000006 0.000006 0.000006 0.000008 0.000006 0.996498 0.000006 0.000006 0.000006 0.000006 0.000006 0.000006 0.000006 0.000006 0.000006 0.000007 0.000006 0.000006 0.000006 0.000006 0.000006 0.000006 0.000007 0.000006 0.000006 0.000006 0.000006 0.000006 0.000006 0.000028 0.000006 0.000006 0.000006 0.000006 0.000006 0.000006 0.000006 0.000006 0.000006 0.000327 0.000006 0.000006 0.000006 0.000006 0.000006 0.000006 0.000006 0.000006 0.000006 0.000006 0.000006 0.000008 0.000016 0.002603 0.000007 0.000006 0.000006 0.000006 0.000006 0.000006 0.000006 0.000006 0.000006 0.000006 0.000006 0.000006 0.000006 0.000006 0.000006 0.000006 0.000006 0.000006 0.000006 0.000006 0.000006 0.000006 0.000006 0.000006 0.000006 0.000006 0.000006 0.000006 0.000006 0.000006 0.000006 0.000006 0.000007 0.000006 0.000006 0.000006 0.000007 
0.000005 0.000005 0.000005 0.000005 0.000005 0.000005 0.000005 0.000005 0.000007 0.000005 0.818846 0.000005 0.000005 0.000005 0.000005 0.000006 0.000006 0.000005 0.000006 0.000006 0.000007 0.000005 0.000005 0.000006 0.000005 0.000006 0.000005 0.135388 0.000005 0.000005 0.000005 0.000005 0.000005 0.000005 0.000025 0.000005 0.000005 0.000005 0.000005 0.000005 0.000005 0.000005 0.000006 0.000006 0.000006 0.000005 0.000005 0.000006 0.000005 0.000005 0.000005 0.000005 0.000005 0.000005 0.000005 0.000005 0.000007 0.043454 0.001810 0.000006 0.000005 0.000005 0.000005 0.000005 0.000005 0.000005 0.000005 0.000005 0.000005 0.000005 0.000005 0.000006 0.000006 0.000005 0.000005 0.000006 0.000005 0.000005 0.000005 0.000005 0.000005 0.000005 0.000006 0.000005 0.000006 0.000005 0.000005 0.000005 0.000005 0.000005 0.000005 0.000006 0.000006 0.000005 0.000005 0.000006 
0.000005 0.000005 0.000005 0.000005 0.000005 0.000005 0.000005 0.000005 0.000007 0.000005 0.001801 0.000005 0.000005 0.000005 0.000005 0.000005 0.000006 0.000005 0.000006 0.000511 0.000007 0.000005 0.000005 0.000005 0.000005 0.000006 0.000005 0.000006 0.000005 0.000005 0.000005 0.000005 0.000005 0.000005 0.016107 0.000005 0.000005 0.000005 0.000005 0.000005 0.000005 0.000005 0.001233 0.000006 0.000006 0.000005 0.000005 0.000006 0.000005 0.000005 0.000005 0.000005 0.000005 0.000005 0.000005 0.000005 0.071594 0.000807 0.902091 0.000006 0.000005 0.000005 0.000005 0.000005 0.000005 0.000005 0.000005 0.000005 0.000005 0.000005 0.000005 0.000222 0.000005 0.000005 0.000005 0.000006 0.000005 0.000005 0.000005 0.000005 0.000005 0.000005 0.004628 0.000005 0.000005 0.000005 0.000005 0.000005 0.000005 0.000005 0.000005 0.000006 0.000006 0.000005 0.000005 0.000561 
0.000005 0.000005 0.000005 0.000005 0.000005 0.000005 0.000005 0.000005 0.000007 0.000005 0.001892 0.000006 0.000005 0.000005 0.000005 0.000224 0.000006 0.000005 0.000006 0.000006 0.000103 0.000005 0.000005 0.000006 0.000078 0.000006 0.000005 0.000006 0.000005 0.000005 0.000005 0.000005 0.000006 0.000005 0.013744 0.000005 0.000005 0.000005 0.000005 0.000005 0.000005 0.000005 0.000006 0.000006 0.000006 0.000005 0.000005 0.007654 0.000006 0.000005 0.000005 0.000005 0.000005 0.000005 0.000005 0.000005 0.000007 0.198190 0.777580 0.000006 0.000005 0.000005 0.000005 0.000005 0.000005 0.000005 0.000005 0.000005 0.000005 0.000005 0.000005 0.000006 0.000006 0.000005 0.000005 0.000006 0.000005 0.000005 0.000005 0.000005 0.000005 0.000005 0.000006 0.000005 0.000006 0.000005 0.000005 0.000005 0.000078 0.000005 0.000005 0.000006 0.000006 0.000005 0.000005 0.000006 
0.000005 0.000005 0.000005 0.000005 0.000005 0.000005 0.000005 0.000005 0.000835 0.000005 0.002568 0.000006 0.000005 0.000005 0.000005 0.000006 0.000961 0.000005 0.000006 0.000006 0.000661 0.000005 0.000005 0.000006 0.000006 0.000643 0.000005 0.000007 0.000005 0.000005 0.000005 0.000005 0.000006 0.000005 0.018062 0.000005 0.000005 0.000005 0.000005 0.000005 0.000005 0.000005 0.000006 0.001199 0.000006 0.000005 0.000005 0.000006 0.000006 0.000005 0.000005 0.000005 0.000005 0.000005 0.000005 0.000005 0.000008 0.000944 0.964384 0.000006 0.000005 0.000005 0.000005 0.000005 0.000005 0.000005 0.000005 0.000005 0.000005 0.000005 0.000005 0.000006 0.000006 0.000005 0.000005 0.000006 0.000005 0.000005 0.000005 0.000005 0.000005 0.000005 0.000006 0.000005 0.000006 0.000005 0.000005 0.000005 0.000006 0.000005 0.000005 0.000636 0.000006 0.000005 0.000005 0.008624 
0.000005 0.000005 0.000005 0.000005 0.000005 0.000005 0.000005 0.000005 0.000849 0.000005 0.001626 0.000160 0.000005 0.000005 0.000005 0.000006 0.000006 0.000005 0.000006 0.000006 0.000007 0.000005 0.000005 0.000006 0.000006 0.000006 0.000005 0.000006 0.000005 0.000005 0.000005 0.000005 0.000006 0.000005 0.020568 0.000005 0.000005 0.000005 0.000005 0.000005 0.000005 0.000005 0.000006 0.000006 0.000006 0.000005 0.000005 0.000006 0.000006 0.000005 0.000005 0.000005 0.000005 0.000005 0.000005 0.000005 0.000008 0.017330 0.905618 0.046108 0.000005 0.000005 0.000005 0.000005 0.000005 0.000005 0.000005 0.000005 0.000005 0.000005 0.000005 0.000006 0.000006 0.000005 0.000005 0.000006 0.000005 0.000005 0.000005 0.000005 0.000005 0.000005 0.000006 0.000005 0.000006 0.000005 0.000005 0.000005 0.000006 0.000005 0.000005 0.000007 0.007253 0.000005 0.000005 0.000007 
0.000005 0.000005 0.000005 0.000005 0.000005 0.000005 0.000005 0.000005 0.000007 0.000005 0.000018 0.000006 0.000005 0.000005 0.000005 0.000006 0.000006 0.000005 0.000006 0.000006 0.000007 0.000005 0.000005 0.000006 0.000006 0.000006 0.000005 0.000006 0.000005 0.000005 0.000005 0.000005 0.000006 0.000005 0.996146 0.000005 0.000005 0.000005 0.000005 0.000005 0.000005 0.000005 0.000006 0.000006 0.000006 0.000005 0.000005 0.000006 0.000006 0.000005 0.000005 0.000005 0.000005 0.000005 0.000005 0.000005 0.000007 0.000015 0.003322 0.000006 0.000005 0.000005 0.000005 0.000005 0.000005 0.000005 0.000005 0.000005 0.000005 0.000005 0.000005 0.000006 0.000006 0.000005 0.000005 0.000006 0.000005 0.000005 0.000005 0.000005 0.000005 0.000005 0.000006 0.000005 0.000006 0.000005 0.000005 0.000005 0.000006 0.000005 0.000005 0.000006 0.000006 0.000005 0.000005 0.000007 
0.000005 0.000005 0.000005 0.000005 0.000005 0.000005 0.000005 0.000005 0.000007 0.000005 0.000018 0.000006 0.000005 0.000005 0.000005 0.000006 0.000006 0.000005 0.000006 0.000006 0.000007 0.000005 0.000005 0.000006 0.000005 0.000006 0.000005 0.000006 0.000005 0.000005 0.000005 0.000005 0.000006 0.000005 0.000025 0.000005 0.000005 0.000005 0.000005 0.000005 0.000005 0.000005 0.000006 0.000006 0.000006 0.000005 0.000005 0.000006 0.000006 0.000005 0.000005 0.000005 0.000005 0.000005 0.000005 0.000005 0.000007 0.000015 0.999453 0.000006 0.000005 0.000005 0.000005 0.000005 0.000005 0.000005 0.000005 0.000005 0.000005 0.000005 0.000005 0.000006 0.000006 0.000005 0.000005 0.000006 0.000005 0.000005 0.000005 0.000005 0.000005 0.000005 0.000006 0.000005 0.000006 0.000005 0.000005 0.000005 0.000005 0.000005 0.000005 0.000006 0.000006 0.000005 0.000005 0.000006 
0.000005 0.000005 0.000005 0.000005 0.000005 0.000005 0.000005 0.000005 0.000008 0.000005 0.000188 0.000006 0.000005 0.000005 0.000005 0.000006 0.000006 0.000005 0.000006 0.000006 0.000007 0.000005 0.000005 0.000006 0.000006 0.000006 0.000005 0.000006 0.000005 0.000005 0.000005 0.000005 0.000006 0.000005 0.465726 0.000005 0.000005 0.000005 0.000005 0.000005 0.000005 0.000005 0.000006 0.000006 0.000006 0.000005 0.000005 0.000006 0.000161 0.000005 0.000005 0.000005 0.000005 0.000005 0.000005 0.000005 0.195994 0.000015 0.337414 0.000006 0.000005 0.000005 0.000005 0.000005 0.000005 0.000005 0.000005 0.000005 0.000005 0.000005 0.000005 0.000006 0.000006 0.000005 0.000005 0.000006 0.000005 0.000005 0.000005 0.000005 0.000005 0.000005 0.000006 0.000005 0.000006 0.000005 0.000005 0.000005 0.000006 0.000005 0.000005 0.000007 0.000006 0.000005 0.000005 0.000007 
0.085937 0.083201 0.082651 0.086397 0.083687 0.082742 0.084752 0.080124 0.081496 0.083114 0.079904 0.085995 
0.106009 0.067981 0.068541 0.074792 0.116818 0.095124 0.088201 0.039463 0.063728 0.101787 0.099473 0.078083 
0.088020 0.085795 0.088209 0.080605 0.085154 0.084235 0.077072 0.086520 0.087355 0.078091 0.076235 0.082711 
0.085405 0.083400 0.087273 0.078518 0.087939 0.087176 0.093872 0.070007 0.078151 0.089659 0.081938 0.076661 
breast
0.091818 0.089848 0.080401 0.080566 0.083948 0.087813 0.084649 0.088561 0.095387 0.056664 0.088371 0.071973 
0.087477 0.085051 0.088902 0.080554 0.078167 0.081333 0.087985 0.084009 0.086985 0.080874 0.083650 0.075012 
0.085581 0.083132 0.080717 0.089673 0.087302 0.083954 0.082752 0.082191 0.080204 0.082382 0.081762 0.080350 
0.089999 0.086011 0.088089 0.071434 0.070484 0.085413 0.088128 0.087969 0.085434 0.083905 0.084595 0.078539 
0.086312 0.084092 0.085558 0.093585 0.090843 0.080278 0.087218 0.083284 0.088499 0.068759 0.082706 0.068868 
0.079475 0.077056 0.085691 0.105297 0.105769 0.075414 0.084102 0.076728 0.080239 0.079336 0.075782 0.075110 
0.087259 0.084732 0.084546 0.071431 0.067774 0.084652 0.085569 0.088312 0.086651 0.088444 0.083336 0.087296 
0.086537 0.084092 0.093980 0.063610 0.069603 0.087082 0.090247 0.085361 0.079233 0.083899 0.082706 0.093650 
0.085683 0.083133 0.086421 0.070124 0.076589 0.086633 0.088226 0.082295 0.078192 0.089953 0.081762 0.090990 
0.086026 0.083452 0.071120 0.083157 0.080828 0.087726 0.077858 0.084881 0.077828 0.091468 0.082077 0.093578 
0.088310 0.086011 0.082353 0.080557 0.086964 0.084661 0.084894 0.084805 0.082606 0.074821 0.084595 0.079424 
0.086064 0.083772 0.085234 0.088371 0.084303 0.083422 0.085378 0.084898 0.083170 0.073300 0.082391 0.079697 
0.084036 0.081214 0.082618 0.074029 0.072314 0.080826 0.083041 0.080729 0.083857 0.105087 0.079874 0.092376 
0.084676 0.082173 0.085816 0.075335 0.073704 0.086369 0.085041 0.081326 0.086858 0.086922 0.080818 0.090964 
0.084819 0.082493 0.084489 0.083155 0.084789 0.082808 0.084403 0.081453 0.091659 0.076324 0.081132 0.082474 
0.081566 0.078975 0.088182 0.079237 0.089370 0.077954 0.087243 0.078343 0.086683 0.091454 0.077670 0.083324 
0.083962 0.081533 0.079746 0.096185 0.095071 0.080887 0.081482 0.082888 0.076356 0.080864 0.080188 0.080838 
0.084214 0.081214 0.077088 0.072726 0.063427 0.083385 0.080184 0.080910 0.083822 0.115686 0.079874 0.097472 
0.090350 0.086650 0.093932 0.081861 0.074925 0.085757 0.091398 0.086036 0.081107 0.065739 0.085224 0.077020 
0.088536 0.086011 0.074034 0.079253 0.080158 0.084225 0.082971 0.085036 0.082507 0.088448 0.084595 0.084225 
0.088038 0.085371 0.083607 0.061006 0.075780 0.083786 0.085432 0.084564 0.082544 0.097530 0.083965 0.088376 
0.086304 0.083772 0.082564 0.076642 0.076706 0.084794 0.084070 0.082891 0.080947 0.088441 0.082391 0.090477 
0.090755 0.086970 0.092768 0.072739 0.069636 0.086772 0.090968 0.086431 0.083837 0.071796 0.085539 0.081789 
0.088190 0.084412 0.075722 0.101405 0.101144 0.081233 0.080713 0.083969 0.078462 0.070274 0.083021 0.071455 
0.084844 0.082173 0.085494 0.077941 0.075541 0.080403 0.086068 0.083748 0.082136 0.096006 0.080818 0.084829 
0.083311 0.080574 0.075134 0.081847 0.077981 0.083393 0.078726 0.080029 0.080486 0.100543 0.079244 0.098732 
0.085691 0.083452 0.093468 0.081854 0.082261 0.086629 0.089582 0.082284 0.080798 0.070271 0.082077 0.081634 
0.082668 0.079934 0.090253 0.076633 0.073008 0.079591 0.086462 0.079408 0.085367 0.099027 0.078615 0.089036 
0.086985 0.084731 0.086774 0.076432 0.079504 0.086193 0.087749 0.088178 0.081546 0.073303 0.083336 0.085268 
0.089338 0.087290 0.099879 0.081863 0.077948 0.084932 0.094689 0.085774 0.084171 0.058170 0.085853 0.070093 
0.081002 0.078335 0.080795 0.094874 0.089514 0.076939 0.083054 0.082453 0.078695 0.094480 0.077041 0.082818 
0.085819 0.082173 0.081498 0.088367 0.095961 0.083011 0.082679 0.082287 0.081706 0.077837 0.080818 0.077844 
0.086688 0.084412 0.078560 0.088372 0.097890 0.082053 0.082122 0.085498 0.083422 0.073302 0.083021 0.074660 
0.086835 0.084412 0.081471 0.077946 0.072836 0.087203 0.083737 0.083396 0.083725 0.082386 0.083021 0.093031 
0.084540 0.082173 0.088551 0.084457 0.093519 0.081912 0.086431 0.081187 0.077229 0.077837 0.080818 0.081345 
0.083301 0.080574 0.077946 0.085757 0.093495 0.077725 0.080216 0.082270 0.078194 0.099029 0.079244 0.082249 
0.093365 0.089529 0.073190 0.076655 0.077700 0.087978 0.081779 0.091197 0.082874 0.076346 0.088057 0.081330 
0.089262 0.086970 0.085741 0.083165 0.077455 0.083581 0.087138 0.090507 0.083566 0.073310 0.085539 0.073766 
0.082430 0.079615 0.070377 0.085755 0.080735 0.082600 0.075787 0.079188 0.079537 0.105083 0.078300 0.100595 
0.081884 0.079295 0.088371 0.088360 0.080133 0.081456 0.085097 0.078647 0.077373 0.089941 0.077985 0.091457 
0.088158 0.085691 0.090899 0.074040 0.072791 0.083883 0.088521 0.085070 0.080830 0.083904 0.084280 0.081933 
0.095107 0.091128 0.079876 0.058414 0.058485 0.089411 0.086143 0.090625 0.089514 0.085435 0.089630 0.086231 
0.080417 0.077696 0.090312 0.085750 0.085478 0.081707 0.085444 0.077245 0.076225 0.097506 0.076411 0.085808 
0.086388 0.083772 0.078385 0.080551 0.079462 0.081790 0.081888 0.085228 0.083252 0.092983 0.082391 0.083909 
0.093763 0.089848 0.084707 0.062320 0.057546 0.090736 0.088085 0.091581 0.088535 0.080889 0.088371 0.083619 
0.086714 0.084412 0.087033 0.089676 0.080746 0.082575 0.086637 0.083271 0.086203 0.073302 0.083021 0.076411 
0.088637 0.086331 0.074092 0.080557 0.076444 0.091361 0.083051 0.087374 0.080145 0.076336 0.084909 0.090762 
0.087542 0.085371 0.089294 0.081858 0.078929 0.085541 0.088934 0.089371 0.082876 0.067249 0.083965 0.079070 
0.082361 0.077376 0.077531 0.103995 0.103754 0.075360 0.077598 0.079463 0.077968 0.089935 0.076097 0.078563 
0.085454 0.083132 0.077820 0.097492 0.086255 0.086555 0.081154 0.084315 0.077534 0.074812 0.081762 0.083714 
0.087241 0.085051 0.084528 0.090980 0.088694 0.084798 0.085552 0.083771 0.086522 0.067248 0.083650 0.071962 
0.088312 0.086011 0.089402 0.074040 0.072792 0.086414 0.088641 0.084805 0.092495 0.074821 0.084595 0.077672 
0.086102 0.083772 0.088080 0.068822 0.078066 0.089586 0.086909 0.082686 0.083361 0.077842 0.082391 0.092382 
0.089874 0.087610 0.090337 0.077954 0.078415 0.084777 0.089866 0.086303 0.081895 0.071798 0.086168 0.075002 
0.087400 0.084732 0.074766 0.071431 0.069071 0.085142 0.080436 0.083953 0.088789 0.097528 0.083336 0.093415 
0.089486 0.085691 0.080879 0.076646 0.074001 0.083920 0.084058 0.085817 0.084900 0.086933 0.084280 0.083390 
0.090793 0.088569 0.086659 0.075350 0.080585 0.087356 0.088340 0.087184 0.084921 0.070287 0.087112 0.072844 
0.086472 0.084092 0.085481 0.079249 0.081566 0.085404 0.088095 0.083044 0.083569 0.079357 0.082706 0.080965 
0.085384 0.083132 0.083419 0.076640 0.091232 0.085254 0.084099 0.081994 0.087303 0.073298 0.081762 0.086483 
0.088538 0.086331 0.089538 0.070131 0.069566 0.090486 0.091215 0.085019 0.087889 0.070280 0.084909 0.086098 
0.087447 0.085051 0.081837 0.079040 0.074157 0.087109 0.084217 0.083982 0.081868 0.080874 0.083650 0.090767 
0.091361 0.088889 0.075904 0.075350 0.074385 0.086122 0.082043 0.088149 0.082959 0.085428 0.087427 0.081982 
0.085338 0.082813 0.089030 0.089672 0.083452 0.078259 0.087056 0.084212 0.080365 0.085410 0.081447 0.072946 
0.086822 0.084412 0.087101 0.077946 0.078253 0.082680 0.086724 0.085776 0.086344 0.080872 0.083021 0.080049 
0.091997 0.087290 0.071850 0.083166 0.085468 0.086468 0.079914 0.086048 0.083276 0.076339 0.085854 0.082331 
0.087937 0.085371 0.084952 0.074039 0.067530 0.084331 0.086100 0.086856 0.082470 0.089960 0.083965 0.086489 
0.076708 0.073858 0.086681 0.090954 0.092011 0.076803 0.081786 0.073690 0.072893 0.105065 0.072635 0.096917 
0.087935 0.085371 0.092000 0.066219 0.071442 0.081754 0.089845 0.084457 0.087567 0.089960 0.083965 0.079485 
0.077957 0.075457 0.077557 0.102687 0.100594 0.079852 0.077521 0.077268 0.078270 0.085387 0.074208 0.093242 
0.090728 0.086011 0.092234 0.079253 0.070222 0.084679 0.090156 0.084826 0.083052 0.074821 0.084595 0.079423 
0.085590 0.083132 0.076495 0.087066 0.087076 0.082215 0.080512 0.082202 0.087224 0.083897 0.081762 0.082829 
0.085963 0.083452 0.073902 0.077944 0.074446 0.087210 0.079308 0.084817 0.085068 0.088440 0.082077 0.097373 
0.084458 0.081853 0.077229 0.080547 0.093828 0.082451 0.080374 0.083375 0.079139 0.092977 0.080503 0.083266 
0.086016 0.081214 0.093641 0.075332 0.089012 0.079802 0.091104 0.080306 0.083860 0.080863 0.079873 0.078977 
0.087942 0.083132 0.092153 0.077943 0.081116 0.081532 0.087971 0.082560 0.083400 0.080868 0.081762 0.079620 
0.089806 0.087610 0.083248 0.080560 0.084572 0.086005 0.086067 0.086236 0.083910 0.068770 0.086168 0.077047 
0.086838 0.084412 0.075833 0.084463 0.079981 0.085413 0.083137 0.085651 0.081084 0.082386 0.083021 0.087781 
0.089373 0.086970 0.084402 0.074043 0.067376 0.088660 0.086478 0.085831 0.086041 0.080880 0.085539 0.084407 
0.083528 0.079934 0.092811 0.081846 0.089597 0.081133 0.090020 0.080082 0.084992 0.074802 0.078615 0.082639 
0.082900 0.080574 0.084749 0.085757 0.094278 0.085409 0.086042 0.079610 0.078035 0.076318 0.079244 0.087084 
0.085677 0.080894 0.087797 0.084454 0.098307 0.082993 0.085445 0.079979 0.080906 0.079348 0.079559 0.074642 
0.085410 0.082813 0.082027 0.081852 0.081006 0.081410 0.083368 0.082035 0.082555 0.091466 0.081447 0.084610 
0.082422 0.079934 0.087282 0.092272 0.087993 0.079360 0.087164 0.079159 0.080155 0.083887 0.078615 0.081758 
0.085592 0.083132 0.084954 0.079247 0.083959 0.081072 0.089799 0.084454 0.082805 0.083897 0.081762 0.079326 
0.085377 0.083132 0.080594 0.087066 0.092336 0.083914 0.089778 0.084238 0.084766 0.071784 0.081762 0.075253 
0.088498 0.086011 0.079828 0.071434 0.083756 0.083550 0.082795 0.085401 0.085453 0.086933 0.084595 0.081745 
0.090310 0.087930 0.083555 0.064922 0.074063 0.087112 0.086464 0.086730 0.086821 0.080883 0.086483 0.084727 
0.091071 0.088889 0.081364 0.087080 0.079900 0.085349 0.087206 0.090106 0.082852 0.067260 0.087427 0.071497 
0.087585 0.085051 0.090558 0.068825 0.068489 0.084015 0.090467 0.084523 0.082739 0.088445 0.083650 0.085653 
0.086384 0.084092 0.079964 0.094888 0.100871 0.080989 0.081883 0.083358 0.078761 0.073301 0.082706 0.072803 
0.083249 0.080574 0.080733 0.084454 0.085548 0.081863 0.081673 0.079965 0.080650 0.096001 0.079244 0.086045 
0.084544 0.082173 0.088553 0.085761 0.085015 0.083346 0.086434 0.083442 0.077232 0.077837 0.080818 0.084846 
0.083944 0.081533 0.096651 0.083153 0.086199 0.080086 0.090459 0.080615 0.079466 0.079349 0.080188 0.078357 
0.085201 0.082813 0.090358 0.079246 0.089376 0.081864 0.087700 0.081822 0.080284 0.079353 0.081447 0.080536 
0.084760 0.082173 0.087455 0.075335 0.078494 0.082117 0.085107 0.081814 0.082568 0.091464 0.080818 0.087896 
0.083360 0.078335 0.070905 0.101391 0.100978 0.077550 0.075385 0.080022 0.078226 0.092966 0.077041 0.083841 
0.087512 0.085371 0.098789 0.068826 0.074376 0.087810 0.093259 0.084028 0.084986 0.065735 0.083965 0.085342 
0.090037 0.087610 0.086212 0.059708 0.067680 0.086870 0.094934 0.086471 0.084323 0.083910 0.086168 0.086075 
0.091082 0.087290 0.090146 0.067527 0.072207 0.088177 0.089728 0.086747 0.088808 0.073311 0.085853 0.079122 
0.083741 0.081214 0.073978 0.087062 0.084521 0.085525 0.080708 0.080431 0.083143 0.088433 0.079874 0.091372 
prostate
0.097008 0.075056 0.075601 0.079878 0.096729 0.091963 0.085619 0.066098 0.069061 0.087630 0.092393 0.082965 
0.100695 0.078015 0.070724 0.070727 0.095445 0.091916 0.086671 0.064093 0.078570 0.089241 0.096006 0.077897 
0.097842 0.075648 0.073341 0.074155 0.092554 0.094684 0.084629 0.062247 0.069564 0.094031 0.093115 0.088190 
0.097073 0.075056 0.078298 0.078733 0.105469 0.087594 0.087245 0.063944 0.069232 0.090830 0.092393 0.074134 
0.097937 0.075648 0.082717 0.066142 0.087684 0.090455 0.090227 0.064508 0.070046 0.098830 0.093115 0.082690 
0.097659 0.075352 0.074588 0.066141 0.091288 0.089517 0.085291 0.064333 0.074328 0.105228 0.092754 0.083519 
0.096949 0.075056 0.079299 0.078733 0.102876 0.089404 0.088762 0.061661 0.073855 0.084431 0.092393 0.076582 
0.099420 0.077127 0.076768 0.069580 0.097591 0.095050 0.087325 0.063260 0.075525 0.079639 0.094922 0.083792 
0.095330 0.073577 0.069766 0.085598 0.113890 0.086890 0.080482 0.060969 0.072831 0.097223 0.090586 0.072859 
0.102568 0.079494 0.079628 0.059283 0.079491 0.094229 0.090341 0.067703 0.077843 0.090846 0.097813 0.080760 
0.103583 0.080382 0.078786 0.058140 0.070875 0.099608 0.090268 0.065963 0.083273 0.086051 0.098897 0.084175 
0.104436 0.079198 0.066043 0.079888 0.104540 0.092358 0.082066 0.064962 0.074466 0.081247 0.097452 0.073345 
0.098396 0.075944 0.070945 0.077590 0.091075 0.089944 0.083440 0.062612 0.069873 0.103631 0.093477 0.083073 
0.101559 0.078902 0.083132 0.074163 0.100931 0.090532 0.091995 0.064642 0.077225 0.073247 0.097090 0.066580 
0.099389 0.076831 0.072759 0.067290 0.087342 0.091505 0.084933 0.063252 0.080197 0.098835 0.094561 0.083106 
0.097551 0.075352 0.082529 0.070720 0.092625 0.088008 0.092349 0.064257 0.069765 0.097230 0.092754 0.076860 
0.097869 0.075648 0.082684 0.063853 0.090004 0.090399 0.092575 0.064462 0.072383 0.095631 0.093115 0.081378 
0.100020 0.074168 0.071073 0.079876 0.098529 0.088912 0.084983 0.065957 0.077709 0.089227 0.091309 0.078238 
0.101474 0.078607 0.077765 0.066149 0.084308 0.095175 0.088777 0.069192 0.072222 0.090843 0.096729 0.078760 
0.099758 0.077127 0.071912 0.069580 0.089418 0.091821 0.086009 0.063841 0.073566 0.098836 0.094922 0.083210 
0.091916 0.070914 0.087795 0.077578 0.110792 0.085797 0.090711 0.058401 0.068507 0.090814 0.087334 0.079440 
0.101442 0.078607 0.073749 0.078742 0.097304 0.089730 0.086382 0.064577 0.074406 0.087644 0.096729 0.070689 
0.099772 0.076239 0.072205 0.085604 0.111895 0.091225 0.084131 0.063383 0.072115 0.074837 0.093838 0.074754 
0.101262 0.078607 0.073661 0.078742 0.104489 0.090984 0.088650 0.064454 0.074244 0.078045 0.096729 0.070135 
0.106620 0.083045 0.078921 0.059291 0.086288 0.095779 0.091625 0.072515 0.085292 0.070063 0.102149 0.068411 
0.097649 0.075352 0.067920 0.069576 0.094007 0.091819 0.081333 0.066525 0.069248 0.105228 0.092754 0.088590 
0.103348 0.080382 0.089635 0.068443 0.085770 0.092262 0.095630 0.068346 0.081446 0.070053 0.098897 0.065787 
0.108827 0.081565 0.072765 0.074170 0.094369 0.092707 0.087259 0.067703 0.076698 0.076457 0.100342 0.067137 
0.099484 0.077127 0.083462 0.073014 0.095099 0.091576 0.093714 0.063302 0.071063 0.081239 0.094922 0.075997 
0.096172 0.074464 0.075501 0.079876 0.096530 0.096348 0.086633 0.061504 0.075993 0.082829 0.091670 0.082480 
0.096483 0.074760 0.090005 0.063850 0.100767 0.092533 0.093940 0.061354 0.071686 0.079630 0.092031 0.082959 
0.092401 0.071505 0.084028 0.085593 0.109268 0.087616 0.093473 0.061101 0.073411 0.076419 0.088056 0.077128 
0.099793 0.075648 0.077458 0.060418 0.080718 0.092503 0.087283 0.062978 0.069962 0.108429 0.093115 0.091694 
0.103047 0.079790 0.077196 0.058139 0.075466 0.093232 0.089099 0.065623 0.082881 0.097246 0.098174 0.080107 
0.095359 0.073577 0.072139 0.081019 0.095171 0.092046 0.082873 0.065233 0.067830 0.098823 0.090586 0.085346 
0.097100 0.075056 0.072982 0.074154 0.094947 0.091654 0.084105 0.061766 0.076227 0.094029 0.092393 0.085587 
0.100467 0.077719 0.070615 0.068437 0.085789 0.093132 0.084115 0.063950 0.078441 0.097238 0.095645 0.084452 
0.097027 0.075056 0.075610 0.076443 0.107393 0.089670 0.085633 0.063913 0.069083 0.089230 0.092393 0.078549 
0.096184 0.074168 0.075205 0.076441 0.097811 0.087345 0.085037 0.061178 0.070939 0.103624 0.091309 0.080759 
0.100037 0.077719 0.084035 0.071871 0.093668 0.094869 0.090921 0.064003 0.076560 0.071643 0.095645 0.079031 
0.105230 0.080382 0.083057 0.062719 0.083396 0.093628 0.091914 0.066833 0.078935 0.081251 0.098897 0.073757 
0.098276 0.075944 0.080217 0.059274 0.077483 0.096473 0.088888 0.062530 0.077362 0.098831 0.093477 0.091244 
0.098449 0.076239 0.081935 0.071867 0.093467 0.091397 0.089008 0.062982 0.075440 0.086035 0.093838 0.079342 
0.099304 0.077127 0.084706 0.071869 0.101247 0.092126 0.091983 0.063179 0.078144 0.071641 0.094922 0.073752 
0.100621 0.078015 0.073352 0.073016 0.100706 0.091849 0.085803 0.064042 0.076216 0.084442 0.096006 0.075930 
0.099425 0.077127 0.079436 0.068435 0.089565 0.094546 0.088909 0.065461 0.080432 0.079639 0.094922 0.082101 
0.096365 0.074464 0.071293 0.077587 0.103244 0.089614 0.085190 0.061289 0.073257 0.094027 0.091670 0.081999 
0.101405 0.078607 0.076399 0.065005 0.085270 0.094837 0.087939 0.066751 0.076897 0.087644 0.096729 0.082519 
0.097438 0.075352 0.082475 0.063852 0.085213 0.095046 0.089875 0.061982 0.076859 0.092430 0.092754 0.086723 
0.101134 0.078311 0.065914 0.070728 0.096853 0.091786 0.080636 0.066928 0.079024 0.094041 0.096368 0.078278 
0.104275 0.079198 0.075292 0.076453 0.099822 0.093824 0.087483 0.067049 0.074713 0.071649 0.097452 0.072790 
0.096997 0.075056 0.085230 0.077588 0.102629 0.086822 0.090351 0.064239 0.072189 0.086030 0.092393 0.070476 
0.103749 0.079198 0.071372 0.073019 0.097918 0.092356 0.085337 0.065526 0.079482 0.081247 0.097452 0.073344 
0.096548 0.074464 0.084711 0.064994 0.089237 0.085547 0.093221 0.061412 0.078781 0.103625 0.091670 0.075790 
0.095571 0.073872 0.087205 0.074151 0.104105 0.088506 0.090924 0.061118 0.071313 0.089225 0.090947 0.073062 
0.099664 0.077127 0.083552 0.063856 0.090007 0.090328 0.091448 0.063425 0.076028 0.092437 0.094922 0.077205 
0.101711 0.078902 0.080543 0.068439 0.087174 0.094897 0.090524 0.064747 0.072470 0.082846 0.097090 0.080656 
0.104347 0.079198 0.089986 0.065006 0.082457 0.094169 0.096224 0.067095 0.080189 0.074848 0.097452 0.069029 
0.100732 0.078015 0.070742 0.073016 0.088336 0.094341 0.086697 0.064119 0.078601 0.090841 0.096006 0.078553 
0.105761 0.082157 0.075843 0.057000 0.081026 0.098375 0.089438 0.067375 0.075051 0.084458 0.101065 0.082453 
0.096414 0.074464 0.069983 0.084455 0.108064 0.087537 0.082038 0.061322 0.070841 0.095627 0.091670 0.077585 
0.098963 0.076831 0.084541 0.071869 0.098851 0.091130 0.094137 0.062959 0.080305 0.073239 0.094561 0.072614 
0.098884 0.076535 0.075178 0.069579 0.090207 0.090561 0.088551 0.067513 0.079924 0.090835 0.094199 0.078033 
0.095293 0.073872 0.077432 0.089033 0.111794 0.090092 0.088381 0.060580 0.072698 0.073228 0.090947 0.076648 
0.094781 0.073281 0.093179 0.069571 0.100348 0.086139 0.095106 0.062649 0.075467 0.086024 0.090225 0.073232 
0.100671 0.078015 0.076043 0.067293 0.094924 0.092600 0.089814 0.064076 0.073985 0.087641 0.096006 0.078931 
0.096615 0.074464 0.075414 0.076442 0.093022 0.087010 0.085341 0.061459 0.071254 0.106824 0.091670 0.080484 
0.094216 0.072689 0.071585 0.081017 0.109539 0.087066 0.082066 0.059898 0.074206 0.097220 0.089502 0.080997 
0.092828 0.071801 0.074906 0.093607 0.116533 0.087471 0.083453 0.061184 0.073324 0.079619 0.088418 0.076855 
0.097616 0.074464 0.077727 0.085600 0.127249 0.090897 0.086532 0.061540 0.070711 0.066832 0.091670 0.069162 
0.103177 0.080086 0.075922 0.068442 0.091177 0.094236 0.088400 0.067896 0.073276 0.082850 0.098536 0.076001 
0.096337 0.073281 0.079773 0.090176 0.113423 0.088813 0.087206 0.060717 0.067561 0.076426 0.090225 0.076062 
0.104064 0.079494 0.071623 0.061572 0.083171 0.095624 0.085588 0.066176 0.079886 0.090846 0.097813 0.084141 
0.102685 0.077719 0.085186 0.063858 0.085416 0.092977 0.095075 0.063827 0.071710 0.086041 0.095645 0.079861 
0.104421 0.080974 0.083190 0.055852 0.078578 0.096097 0.093230 0.066509 0.074469 0.090852 0.099620 0.076209 
0.100802 0.078311 0.076103 0.076451 0.092833 0.094818 0.087511 0.064152 0.081202 0.073245 0.096368 0.078205 
0.101810 0.078902 0.068598 0.074163 0.086783 0.094983 0.083483 0.064817 0.076845 0.089244 0.097090 0.083280 
0.092997 0.071801 0.069661 0.086738 0.108331 0.091656 0.080414 0.059104 0.068476 0.090817 0.088418 0.091586 
0.095765 0.073872 0.076335 0.069572 0.095386 0.088399 0.085532 0.060904 0.077884 0.102023 0.090947 0.083378 
0.096578 0.074760 0.084719 0.079877 0.102901 0.088378 0.090845 0.063814 0.069134 0.082830 0.092031 0.074132 
0.102163 0.079494 0.078093 0.074165 0.090562 0.095983 0.094053 0.065030 0.079797 0.066851 0.097813 0.075997 
0.096640 0.074464 0.066101 0.066139 0.092496 0.092172 0.079831 0.063677 0.070904 0.111624 0.091670 0.094282 
0.100365 0.077719 0.077228 0.067292 0.092726 0.090928 0.087993 0.063880 0.078627 0.090840 0.095645 0.076758 
0.103774 0.080678 0.080208 0.066154 0.084510 0.096664 0.091193 0.068475 0.076231 0.074854 0.099258 0.078000 
0.103857 0.080678 0.072253 0.071878 0.094291 0.094621 0.088905 0.066137 0.073572 0.079653 0.099258 0.074897 
0.102404 0.077423 0.070699 0.070725 0.088061 0.092935 0.083001 0.066197 0.078452 0.092438 0.095284 0.082381 
0.105040 0.078311 0.073502 0.073017 0.093522 0.096624 0.086137 0.064810 0.071633 0.081244 0.096368 0.079793 
0.094114 0.072689 0.081476 0.079872 0.099712 0.086468 0.085944 0.062721 0.079998 0.090821 0.089502 0.076684 
0.092840 0.071505 0.077585 0.070711 0.106592 0.085894 0.087440 0.059009 0.073551 0.103614 0.088057 0.083203 
0.105017 0.079790 0.075651 0.076455 0.097428 0.095248 0.088007 0.065332 0.077629 0.071651 0.098174 0.069617 
0.094524 0.072985 0.077678 0.077583 0.106229 0.089726 0.083864 0.060791 0.072946 0.094021 0.089863 0.079789 
0.102735 0.079790 0.077041 0.063863 0.091222 0.098878 0.088879 0.065409 0.073013 0.079649 0.098174 0.081345 
0.099575 0.075648 0.073450 0.067287 0.085142 0.091072 0.087179 0.063275 0.069769 0.106829 0.093115 0.087659 
0.095996 0.073872 0.072451 0.070717 0.098424 0.087471 0.083325 0.061063 0.070740 0.114821 0.090947 0.080174 
0.103230 0.080086 0.083945 0.058140 0.083639 0.092172 0.095574 0.067932 0.078459 0.086049 0.098536 0.072239 
0.100752 0.078015 0.072084 0.077595 0.091080 0.090747 0.085105 0.068725 0.073877 0.090841 0.096006 0.075173 
0.099553 0.077127 0.071502 0.078738 0.099498 0.093046 0.084258 0.063351 0.070621 0.086038 0.094922 0.081346 
0.100581 0.078015 0.074664 0.077595 0.110635 0.089697 0.086564 0.064014 0.071439 0.081242 0.096006 0.069548 
0.098149 0.075648 0.077490 0.071866 0.085886 0.087620 0.087215 0.062455 0.070007 0.110028 0.093116 0.080520 
0.100992 0.078311 0.073838 0.074162 0.092164 0.093772 0.085275 0.066829 0.074432 0.084443 0.096368 0.079414 
skin
0.086889 0.084781 0.092194 0.085175 0.090173 0.080551 0.082963 0.085890 0.088429 0.072649 0.080066 0.070241 
0.085280 0.082848 0.079633 0.078784 0.090595 0.082970 0.076108 0.086579 0.084171 0.092202 0.078237 0.082594 
0.088256 0.086069 0.075658 0.086455 0.089391 0.084412 0.077862 0.087247 0.084163 0.078671 0.081286 0.080529 
0.089679 0.087680 0.082318 0.085182 0.093711 0.083709 0.079352 0.088641 0.088053 0.068143 0.082810 0.070721 
0.080774 0.078339 0.084111 0.087716 0.089498 0.081658 0.076325 0.079870 0.082757 0.090684 0.073969 0.094300 
0.090479 0.084459 0.102131 0.074955 0.075282 0.081717 0.087791 0.088592 0.088577 0.072648 0.079761 0.073608 
0.087752 0.085425 0.084177 0.078789 0.076387 0.084524 0.078640 0.089418 0.089254 0.086192 0.080676 0.078765 
0.091033 0.087680 0.089454 0.081349 0.086405 0.087508 0.082878 0.089235 0.085778 0.059116 0.082810 0.076754 
0.081547 0.079305 0.087476 0.097937 0.098618 0.079051 0.080706 0.080621 0.081123 0.078651 0.074883 0.080081 
0.086927 0.084781 0.077740 0.091562 0.091711 0.083876 0.075904 0.085933 0.085454 0.075658 0.080066 0.080388 
0.086982 0.084781 0.077911 0.091562 0.086764 0.085005 0.075235 0.086395 0.088255 0.078667 0.080066 0.078377 
0.077601 0.075118 0.075066 0.105592 0.111143 0.076315 0.072125 0.079402 0.077494 0.092180 0.070920 0.087046 
0.083611 0.078983 0.090172 0.082607 0.092909 0.082193 0.079488 0.084947 0.080968 0.080154 0.074578 0.089389 
0.086333 0.084136 0.083169 0.083896 0.083339 0.085322 0.078301 0.087743 0.082788 0.078665 0.079457 0.086851 
0.091915 0.089934 0.093961 0.068580 0.073164 0.087833 0.085256 0.093510 0.086094 0.068150 0.084944 0.076658 
0.088054 0.086069 0.095939 0.080068 0.085929 0.084886 0.084532 0.087439 0.082747 0.066634 0.081286 0.076416 
0.087906 0.084459 0.090594 0.069845 0.069624 0.087573 0.084464 0.086768 0.088177 0.078666 0.079761 0.092163 
0.089655 0.086069 0.080081 0.086456 0.080283 0.084288 0.080082 0.088503 0.082102 0.084689 0.081286 0.076507 
0.090231 0.088002 0.084109 0.072408 0.078073 0.085529 0.080469 0.089199 0.086301 0.081685 0.083115 0.080877 
0.086507 0.084459 0.087616 0.089007 0.088213 0.083498 0.082950 0.085511 0.085481 0.069639 0.079761 0.077359 
0.087553 0.085103 0.083921 0.069847 0.080814 0.082476 0.079203 0.086567 0.086380 0.093713 0.080371 0.084052 
0.085916 0.083492 0.081468 0.083895 0.085576 0.080344 0.079679 0.084948 0.084800 0.090700 0.078847 0.080335 
0.088122 0.084459 0.084780 0.083897 0.090681 0.082271 0.081708 0.088773 0.083081 0.075657 0.079761 0.076809 
0.089349 0.087358 0.086461 0.078794 0.083889 0.087365 0.081235 0.088315 0.085551 0.068143 0.082505 0.081037 
0.082387 0.079949 0.070619 0.100493 0.103726 0.079151 0.070427 0.081465 0.081197 0.090689 0.075493 0.084402 
0.082168 0.079949 0.093647 0.094106 0.095945 0.079608 0.081605 0.081232 0.079540 0.077148 0.075493 0.079558 
0.090197 0.088002 0.078296 0.076240 0.078352 0.085499 0.084794 0.091561 0.083616 0.080181 0.083115 0.080147 
0.092680 0.090901 0.088496 0.082634 0.082407 0.089449 0.083693 0.091592 0.088523 0.056116 0.085859 0.067650 
0.091810 0.089934 0.089414 0.074967 0.078353 0.088253 0.083760 0.090738 0.090223 0.062132 0.084944 0.075471 
0.088175 0.083492 0.075593 0.082617 0.086243 0.085909 0.076745 0.084809 0.086794 0.084681 0.078847 0.086094 
0.085741 0.083492 0.081359 0.083895 0.085576 0.085871 0.077156 0.084767 0.086992 0.081672 0.078847 0.084632 
0.086032 0.083814 0.084433 0.080063 0.094563 0.081764 0.078788 0.085052 0.087377 0.080169 0.079152 0.078794 
0.082055 0.079627 0.083446 0.095383 0.098341 0.078194 0.076560 0.081134 0.079058 0.089184 0.075188 0.081829 
0.084088 0.081882 0.094962 0.078781 0.089769 0.082653 0.082315 0.083535 0.081651 0.078658 0.077322 0.084384 
0.090931 0.088968 0.088877 0.076243 0.081847 0.085493 0.083112 0.089876 0.091839 0.066643 0.084030 0.072142 
0.085023 0.082848 0.088158 0.082616 0.092444 0.084148 0.080170 0.084052 0.079444 0.077157 0.078237 0.085703 
0.092629 0.084136 0.084609 0.077509 0.077993 0.083754 0.081500 0.092871 0.085238 0.078665 0.079457 0.081640 
0.086294 0.083814 0.086046 0.068566 0.072841 0.083600 0.079691 0.089837 0.085367 0.095214 0.079152 0.089577 
0.087647 0.080593 0.094210 0.080056 0.088473 0.081971 0.081407 0.084718 0.082939 0.081664 0.076103 0.080220 
0.086685 0.084459 0.081936 0.085174 0.086678 0.083662 0.077852 0.085697 0.085448 0.080170 0.079761 0.082476 
0.084921 0.082526 0.076515 0.089002 0.089506 0.082222 0.074424 0.086221 0.081300 0.089192 0.077932 0.086239 
0.082908 0.079305 0.081742 0.094105 0.089899 0.081111 0.075544 0.081841 0.085779 0.084669 0.074883 0.088215 
0.085866 0.083492 0.088678 0.069843 0.069465 0.089701 0.083188 0.084896 0.085071 0.089195 0.078847 0.091758 
0.083086 0.080593 0.085527 0.085166 0.084905 0.080440 0.078031 0.082156 0.082485 0.093700 0.076103 0.087807 
0.089403 0.087358 0.086495 0.077516 0.092368 0.084125 0.081276 0.088372 0.085616 0.071152 0.082505 0.073815 
0.085264 0.081560 0.096062 0.078781 0.087687 0.081166 0.085978 0.085812 0.083445 0.077153 0.077018 0.080076 
0.088188 0.084459 0.079187 0.077510 0.082156 0.082562 0.079002 0.087064 0.080818 0.093712 0.079762 0.085582 
0.085581 0.083170 0.074024 0.088844 0.089387 0.084414 0.073494 0.084619 0.081786 0.090699 0.078542 0.085441 
0.085178 0.082848 0.075224 0.087726 0.097828 0.079820 0.076300 0.086472 0.086248 0.086184 0.078237 0.077934 
0.080760 0.078339 0.095686 0.082606 0.093536 0.077836 0.081986 0.082110 0.080846 0.089180 0.073969 0.083147 
0.086036 0.083814 0.094710 0.063457 0.078803 0.087040 0.083046 0.085462 0.083391 0.081673 0.079152 0.093416 
0.088550 0.084136 0.088848 0.087729 0.094454 0.082525 0.081004 0.085161 0.085216 0.068133 0.079457 0.074786 
0.088260 0.086069 0.084349 0.080068 0.080041 0.085733 0.079723 0.087251 0.084547 0.078671 0.081286 0.084002 
0.088083 0.086069 0.088580 0.085178 0.087309 0.085568 0.081718 0.087064 0.082122 0.068139 0.081286 0.078884 
0.087469 0.085103 0.082420 0.072402 0.080463 0.085032 0.078432 0.086480 0.083822 0.089200 0.080371 0.088806 
0.083721 0.078661 0.084452 0.086439 0.086003 0.079943 0.076732 0.080427 0.078531 0.102722 0.074274 0.088096 
0.082842 0.080271 0.079588 0.087720 0.088873 0.080222 0.075016 0.081921 0.079639 0.098213 0.075798 0.089897 
0.087400 0.085103 0.078032 0.082621 0.084007 0.083648 0.076253 0.086408 0.088331 0.084686 0.080371 0.083141 
0.089153 0.084459 0.087912 0.076232 0.086630 0.082417 0.080033 0.086179 0.081346 0.084684 0.079761 0.081195 
0.088660 0.086391 0.087493 0.063462 0.073232 0.086760 0.081438 0.090045 0.087474 0.084690 0.081591 0.088764 
0.079428 0.076728 0.084740 0.078770 0.079553 0.081118 0.076042 0.078556 0.084070 0.105725 0.072444 0.102826 
0.087719 0.085747 0.088358 0.081345 0.091191 0.084068 0.081451 0.088960 0.088971 0.066633 0.080981 0.074575 
0.082941 0.080593 0.094125 0.077501 0.088823 0.081627 0.082178 0.082004 0.080303 0.086177 0.076103 0.087623 
0.082236 0.079949 0.088036 0.094106 0.092765 0.080468 0.078112 0.083967 0.079717 0.081662 0.075493 0.083488 
