-562619.291926
0
0.000008 0.000008 0.000008 0.000008 0.000008 0.000008 0.000008 0.000008 0.000367 0.000008 0.126756 0.000010 0.000008 0.000008 0.000008 0.000288 0.001128 0.000008 0.000475 0.000661 0.002611 0.000008 0.000008 0.000284 0.000009 0.000755 0.000008 0.056206 0.000008 0.000008 0.000008 0.000008 0.000010 0.000008 0.484616 0.000008 0.000008 0.000008 0.000008 0.000008 0.000008 0.000008 0.001594 0.001212 0.000381 0.000008 0.000008 0.006587 0.000010 0.000008 0.000008 0.000008 0.000008 0.000008 0.000008 0.000008 0.042932 0.011846 0.234676 0.004696 0.000008 0.000008 0.000008 0.000008 0.000008 0.000008 0.000008 0.000008 0.000008 0.000008 0.000008 0.000288 0.000288 0.000008 0.000008 0.002153 0.000008 0.000008 0.000008 0.000008 0.000008 0.000008 0.005160 0.000008 0.000288 0.000008 0.000008 0.000008 0.000009 0.000008 0.000008 0.001687 0.006369 0.000008 0.000008 0.005150 
0.000008 0.000008 0.000008 0.000008 0.000008 0.000008 0.000008 0.000008 0.000434 0.000008 0.150817 0.000019 0.000008 0.000008 0.000008 0.000009 0.000009 0.000008 0.000008 0.000008 0.000012 0.000008 0.000008 0.000010 0.000009 0.000009 0.000008 0.008488 0.000008 0.000008 0.000008 0.000008 0.000010 0.000008 0.100577 0.000008 0.000008 0.000008 0.000008 0.000008 0.000008 0.000008 0.000009 0.000029 0.000008 0.000008 0.000008 0.000252 0.000010 0.000008 0.000008 0.000008 0.000008 0.000008 0.000008 0.000008 0.020540 0.057047 0.656721 0.003715 0.000008 0.000008 0.000008 0.000008 0.000008 0.000008 0.000008 0.000008 0.000008 0.000008 0.000008 0.000009 0.000008 0.000008 0.000008 0.000009 0.000008 0.000008 0.000008 0.000008 0.000008 0.000008 0.000076 0.000008 0.000008 0.000008 0.000008 0.000008 0.000009 0.000008 0.000008 0.000009 0.000192 0.000008 0.000008 0.000433 
0.000008 0.000008 0.000008 0.000008 0.000008 0.000008 0.000008 0.000008 0.000434 0.000008 0.150833 0.000016 0.000008 0.000008 0.000008 0.000009 0.000009 0.000008 0.000009 0.000009 0.000012 0.000008 0.000008 0.000010 0.000009 0.000009 0.000008 0.008494 0.000008 0.000008 0.000008 0.000008 0.000024 0.000008 0.100603 0.000008 0.000008 0.000008 0.000008 0.000008 0.000008 0.000008 0.000009 0.000028 0.000008 0.000008 0.000008 0.000252 0.000024 0.000008 0.000008 0.000008 0.000008 0.000008 0.000008 0.000008 0.020527 0.057121 0.656581 0.003717 0.000008 0.000008 0.000008 0.000008 0.000008 0.000008 0.000008 0.000008 0.000008 0.000008 0.000008 0.000009 0.000008 0.000008 0.000008 0.000009 0.000008 0.000008 0.000008 0.000008 0.000008 0.000008 0.000076 0.000008 0.000008 0.000008 0.000008 0.000008 0.000009 0.000008 0.000008 0.000009 0.000193 0.000008 0.000008 0.000434 
0.000008 0.000008 0.000008 0.000008 0.000008 0.000008 0.000008 0.000008 0.000430 0.000008 0.152706 0.000010 0.000008 0.000008 0.000008 0.000009 0.000009 0.000008 0.000008 0.000009 0.000012 0.000008 0.000008 0.000010 0.000009 0.000009 0.000008 0.008441 0.000008 0.000008 0.000008 0.000008 0.000010 0.000008 0.100292 0.000008 0.000008 0.000008 0.000008 0.000008 0.000008 0.000008 0.000009 0.000029 0.000008 0.000008 0.000008 0.000251 0.000010 0.000008 0.000008 0.000008 0.000008 0.000008 0.000008 0.000008 0.020491 0.057023 0.655270 0.003699 0.000008 0.000008 0.000008 0.000008 0.000008 0.000008 0.000008 0.000008 0.000008 0.000008 0.000008 0.000009 0.000008 0.000008 0.000008 0.000009 0.000008 0.000008 0.000008 0.000008 0.000008 0.000008 0.000076 0.000008 0.000008 0.000008 0.000008 0.000008 0.000009 0.000008 0.000008 0.000009 0.000195 0.000008 0.000008 0.000427 
0.000008 0.000008 0.000008 0.000008 0.000008 0.000008 0.000008 0.000008 0.000430 0.000008 0.152422 0.000010 0.000008 0.000008 0.000008 0.000009 0.000009 0.000008 0.000009 0.000009 0.000012 0.000008 0.000008 0.000010 0.000009 0.000009 0.000008 0.008452 0.000008 0.000008 0.000008 0.000008 0.000026 0.000008 0.100269 0.000008 0.000008 0.000008 0.000008 0.000008 0.000008 0.000008 0.000009 0.000027 0.000009 0.000008 0.000008 0.000251 0.000026 0.000008 0.000008 0.000008 0.000008 0.000008 0.000008 0.000008 0.020476 0.057083 0.655478 0.003700 0.000008 0.000008 0.000008 0.000008 0.000008 0.000008 0.000008 0.000008 0.000008 0.000008 0.000008 0.000009 0.000009 0.000008 0.000008 0.000010 0.000008 0.000008 0.000008 0.000008 0.000008 0.000008 0.000076 0.000008 0.000009 0.000008 0.000008 0.000008 0.000009 0.000008 0.000008 0.000009 0.000195 0.000008 0.000008 0.000426 
0.000008 0.000008 0.000008 0.000008 0.000008 0.000008 0.000008 0.000008 0.000433 0.000008 0.150654 0.000010 0.000008 0.000008 0.000008 0.000009 0.000009 0.000008 0.000009 0.000009 0.000012 0.000008 0.000008 0.000010 0.000009 0.000009 0.000008 0.008472 0.000008 0.000008 0.000008 0.000008 0.000033 0.000008 0.100477 0.000008 0.000008 0.000008 0.000008 0.000008 0.000008 0.000008 0.000009 0.000028 0.000009 0.000008 0.000008 0.000252 0.000033 0.000008 0.000008 0.000008 0.000008 0.000008 0.000008 0.000008 0.021013 0.057093 0.656449 0.003709 0.000008 0.000008 0.000008 0.000008 0.000008 0.000008 0.000008 0.000008 0.000008 0.000008 0.000008 0.000009 0.000009 0.000008 0.000008 0.000010 0.000008 0.000008 0.000008 0.000008 0.000008 0.000008 0.000076 0.000008 0.000009 0.000008 0.000008 0.000008 0.000009 0.000008 0.000008 0.000009 0.000194 0.000008 0.000008 0.000430 
0.000008 0.000008 0.000008 0.000008 0.000008 0.000008 0.000008 0.000008 0.000432 0.000008 0.150697 0.000010 0.000008 0.000008 0.000008 0.000009 0.000009 0.000008 0.000008 0.000009 0.000012 0.000008 0.000008 0.000010 0.000101 0.000009 0.000008 0.008462 0.000008 0.000008 0.000008 0.000008 0.000010 0.000008 0.100551 0.000008 0.000008 0.000008 0.000008 0.000008 0.000008 0.000008 0.000009 0.000030 0.000008 0.000008 0.000008 0.000266 0.000010 0.000008 0.000008 0.000008 0.000008 0.000008 0.000008 0.000008 0.020540 0.057118 0.656736 0.003708 0.000008 0.000008 0.000008 0.000008 0.000008 0.000008 0.000008 0.000008 0.000008 0.000008 0.000008 0.000009 0.000008 0.000008 0.000008 0.000009 0.000008 0.000008 0.000008 0.000008 0.000008 0.000008 0.000076 0.000008 0.000008 0.000008 0.000008 0.000008 0.000009 0.000008 0.000008 0.000009 0.000194 0.000008 0.000008 0.000429 
0.000008 0.000008 0.000008 0.000008 0.000008 0.000008 0.000008 0.000008 0.000434 0.000008 0.150845 0.000139 0.000008 0.000008 0.000008 0.000009 0.000009 0.000008 0.000009 0.000009 0.000012 0.000008 0.000008 0.000011 0.000009 0.000009 0.000008 0.008514 0.000008 0.000008 0.000008 0.000008 0.000012 0.000008 0.100678 0.000008 0.000008 0.000008 0.000008 0.000008 0.000008 0.000008 0.000009 0.000029 0.000009 0.000008 0.000008 0.000251 0.000012 0.000008 0.000008 0.000008 0.000008 0.000008 0.000008 0.000008 0.020528 0.057024 0.656445 0.003720 0.000008 0.000008 0.000008 0.000008 0.000008 0.000008 0.000008 0.000008 0.000008 0.000008 0.000008 0.000009 0.000009 0.000008 0.000008 0.000010 0.000008 0.000008 0.000008 0.000008 0.000008 0.000008 0.000076 0.000008 0.000009 0.000008 0.000008 0.000008 0.000018 0.000008 0.000008 0.000009 0.000191 0.000008 0.000008 0.000445 
0.000008 0.000008 0.000008 0.000008 0.000008 0.000008 0.000008 0.000008 0.000433 0.000008 0.150773 0.000013 0.000008 0.000008 0.000008 0.000009 0.000009 0.000008 0.000009 0.000009 0.000012 0.000008 0.000008 0.000010 0.000009 0.000009 0.000008 0.008499 0.000008 0.000008 0.000008 0.000008 0.000097 0.000008 0.100631 0.000008 0.000008 0.000008 0.000008 0.000008 0.000008 0.000008 0.000009 0.000028 0.000009 0.000008 0.000008 0.000251 0.000097 0.000008 0.000008 0.000008 0.000008 0.000008 0.000008 0.000008 0.020510 0.057064 0.656527 0.003717 0.000008 0.000008 0.000008 0.000008 0.000008 0.000008 0.000008 0.000008 0.000008 0.000008 0.000008 0.000009 0.000009 0.000008 0.000008 0.000010 0.000008 0.000008 0.000008 0.000008 0.000008 0.000008 0.000076 0.000008 0.000009 0.000008 0.000008 0.000008 0.000009 0.000008 0.000008 0.000009 0.000202 0.000008 0.000008 0.000434 
0.000008 0.000008 0.000008 0.000008 0.000008 0.000008 0.000008 0.000008 0.000413 0.000008 0.146065 0.000010 0.000008 0.000008 0.000008 0.000009 0.000009 0.000008 0.000009 0.000009 0.000011 0.000008 0.000008 0.000010 0.000009 0.000009 0.000008 0.008216 0.000008 0.000008 0.000008 0.000008 0.000010 0.000008 0.128678 0.000008 0.000008 0.000008 0.000008 0.000008 0.000008 0.000008 0.000009 0.000020 0.000008 0.000008 0.000008 0.000237 0.000010 0.000008 0.000008 0.000008 0.000008 0.000008 0.000008 0.000008 0.019891 0.055359 0.636199 0.003591 0.000008 0.000008 0.000008 0.000008 0.000008 0.000008 0.000008 0.000008 0.000008 0.000008 0.000008 0.000009 0.000008 0.000008 0.000008 0.000009 0.000008 0.000008 0.000008 0.000008 0.000008 0.000008 0.000067 0.000008 0.000008 0.000008 0.000008 0.000008 0.000009 0.000008 0.000008 0.000009 0.000181 0.000008 0.000008 0.000409 
0.000008 0.000008 0.000008 0.000008 0.000008 0.000008 0.000008 0.000008 0.000434 0.000008 0.150839 0.000047 0.000008 0.000008 0.000008 0.000009 0.000009 0.000008 0.000009 0.000009 0.000012 0.000008 0.000008 0.000011 0.000009 0.000009 0.000008 0.008489 0.000008 0.000008 0.000008 0.000008 0.000010 0.000008 0.100580 0.000008 0.000008 0.000008 0.000008 0.000008 0.000008 0.000008 0.000009 0.000029 0.000009 0.000008 0.000008 0.000251 0.000010 0.000008 0.000008 0.000008 0.000008 0.000008 0.000008 0.000008 0.020557 0.057024 0.656670 0.003715 0.000008 0.000008 0.000008 0.000008 0.000008 0.000008 0.000008 0.000008 0.000008 0.000008 0.000008 0.000009 0.000008 0.000008 0.000008 0.000009 0.000008 0.000008 0.000008 0.000008 0.000008 0.000008 0.000076 0.000008 0.000009 0.000008 0.000008 0.000008 0.000009 0.000008 0.000008 0.000009 0.000190 0.000008 0.000008 0.000433 
0.000008 0.000008 0.000008 0.000008 0.000008 0.000008 0.000008 0.000008 0.000431 0.000008 0.150557 0.000012 0.000008 0.000008 0.000008 0.000009 0.000009 0.000008 0.000008 0.000009 0.000012 0.000008 0.000008 0.000010 0.000009 0.000009 0.000008 0.008476 0.000008 0.000008 0.000008 0.000008 0.000056 0.000008 0.101398 0.000008 0.000008 0.000008 0.000008 0.000008 0.000008 0.000008 0.000009 0.000028 0.000008 0.000008 0.000008 0.000251 0.000056 0.000008 0.000008 0.000008 0.000008 0.000008 0.000008 0.000008 0.021490 0.056988 0.655116 0.003714 0.000008 0.000008 0.000008 0.000008 0.000008 0.000008 0.000008 0.000008 0.000008 0.000008 0.000008 0.000009 0.000008 0.000008 0.000008 0.000009 0.000008 0.000008 0.000008 0.000008 0.000008 0.000008 0.000076 0.000008 0.000008 0.000008 0.000008 0.000008 0.000093 0.000008 0.000008 0.000009 0.000194 0.000008 0.000008 0.000434 
0.000008 0.000008 0.000008 0.000008 0.000008 0.000008 0.000008 0.000008 0.000435 0.000008 0.152675 0.000010 0.000008 0.000008 0.000008 0.000009 0.000009 0.000008 0.000008 0.000008 0.000011 0.000008 0.000008 0.000010 0.000009 0.000009 0.000008 0.008472 0.000008 0.000008 0.000008 0.000008 0.000010 0.000008 0.100335 0.000008 0.000008 0.000008 0.000008 0.000008 0.000008 0.000008 0.000009 0.000029 0.000008 0.000008 0.000008 0.000251 0.000010 0.000008 0.000008 0.000008 0.000008 0.000008 0.000008 0.000008 0.020542 0.056937 0.655233 0.003728 0.000008 0.000008 0.000008 0.000008 0.000008 0.000008 0.000008 0.000008 0.000008 0.000008 0.000008 0.000009 0.000008 0.000008 0.000008 0.000009 0.000008 0.000008 0.000008 0.000008 0.000008 0.000008 0.000075 0.000008 0.000008 0.000008 0.000008 0.000008 0.000009 0.000008 0.000008 0.000009 0.000190 0.000008 0.000008 0.000430 
0.000008 0.000008 0.000008 0.000008 0.000008 0.000008 0.000008 0.000008 0.000424 0.000008 0.149539 0.000010 0.000008 0.000008 0.000008 0.000009 0.000009 0.000008 0.000009 0.000009 0.000011 0.000008 0.000008 0.000010 0.000009 0.000009 0.000008 0.009146 0.000008 0.000008 0.000008 0.000008 0.000010 0.000008 0.110355 0.000008 0.000008 0.000008 0.000008 0.000008 0.000008 0.000008 0.000009 0.000023 0.000008 0.000008 0.000008 0.000245 0.000010 0.000008 0.000008 0.000008 0.000008 0.000008 0.000008 0.000008 0.020214 0.056320 0.648707 0.003667 0.000008 0.000008 0.000008 0.000008 0.000008 0.000008 0.000008 0.000008 0.000008 0.000008 0.000008 0.000009 0.000008 0.000008 0.000008 0.000009 0.000008 0.000008 0.000008 0.000008 0.000008 0.000008 0.000074 0.000008 0.000008 0.000008 0.000008 0.000008 0.000009 0.000008 0.000008 0.000009 0.000189 0.000008 0.000008 0.000425 
0.000008 0.000008 0.000008 0.000008 0.000008 0.000008 0.000008 0.000008 0.000434 0.000008 0.150776 0.000010 0.000008 0.000008 0.000008 0.000009 0.000009 0.000008 0.000009 0.000009 0.000012 0.000008 0.000008 0.000010 0.000010 0.000009 0.000008 0.008470 0.000008 0.000008 0.000008 0.000008 0.000010 0.000008 0.100503 0.000008 0.000008 0.000008 0.000008 0.000008 0.000008 0.000008 0.000009 0.000030 0.000008 0.000008 0.000008 0.000252 0.000010 0.000008 0.000008 0.000008 0.000008 0.000008 0.000008 0.000008 0.020569 0.057204 0.656686 0.003707 0.000008 0.000008 0.000008 0.000008 0.000008 0.000008 0.000008 0.000008 0.000008 0.000008 0.000008 0.000009 0.000008 0.000008 0.000008 0.000009 0.000008 0.000008 0.000008 0.000008 0.000008 0.000008 0.000076 0.000008 0.000008 0.000008 0.000008 0.000008 0.000009 0.000008 0.000008 0.000009 0.000193 0.000008 0.000008 0.000428 
0.068876 0.066828 0.066390 0.069309 0.067222 0.066463 0.068010 0.064248 0.065440 0.066769 0.064053 0.068969 0.064002 0.067952 0.065470 
0.065116 0.070290 0.067529 0.066691 0.061134 0.063850 0.068352 0.068065 0.065497 0.063231 0.069900 0.068224 0.070047 0.064336 0.067738 
0.064083 0.068215 0.068638 0.064492 0.063749 0.066434 0.064242 0.067695 0.067251 0.068124 0.066243 0.068281 0.068098 0.069787 0.064667 
0.069206 0.066880 0.065413 0.068802 0.066171 0.066594 0.068319 0.063247 0.063277 0.068561 0.065760 0.063893 0.069713 0.064927 0.069238 
breast
0.059398 0.067221 0.067112 0.068812 0.068015 0.067328 0.068044 0.066036 0.066797 0.066735 0.065829 0.068576 0.065604 0.067880 0.066612 
0.064454 0.066800 0.066694 0.068386 0.067595 0.066894 0.067621 0.065624 0.066381 0.066955 0.065415 0.068140 0.065191 0.067651 0.066198 
0.067692 0.066558 0.066452 0.068155 0.067363 0.066661 0.067374 0.065387 0.066137 0.066760 0.065179 0.067917 0.064971 0.067438 0.065956 
0.069384 0.066443 0.066337 0.068002 0.067217 0.066539 0.067259 0.065275 0.066023 0.066685 0.065066 0.067786 0.064827 0.067316 0.065843 
0.061844 0.067013 0.066907 0.068626 0.067828 0.067106 0.067837 0.065833 0.066589 0.066846 0.065625 0.068347 0.065424 0.067768 0.066407 
0.068167 0.066524 0.066420 0.068150 0.067354 0.066623 0.067341 0.065355 0.066104 0.066645 0.065146 0.067875 0.064969 0.067402 0.065924 
0.067955 0.066532 0.066426 0.068091 0.067304 0.066642 0.067347 0.065365 0.066111 0.066885 0.065153 0.067910 0.064915 0.067434 0.065930 
0.067589 0.066565 0.066460 0.068114 0.067329 0.066696 0.067384 0.065395 0.066145 0.066806 0.065186 0.067978 0.064933 0.067452 0.065968 
0.072762 0.066179 0.066073 0.067730 0.066948 0.066297 0.066995 0.065014 0.065760 0.066583 0.064807 0.067566 0.064567 0.067135 0.065583 
0.072713 0.066176 0.066068 0.067749 0.066961 0.066294 0.066986 0.065013 0.065756 0.066615 0.064805 0.067571 0.064586 0.067133 0.065574 
0.064466 0.066810 0.066702 0.068393 0.067601 0.066917 0.067628 0.065634 0.066387 0.066809 0.065426 0.068173 0.065200 0.067647 0.066206 
0.062895 0.066925 0.066818 0.068527 0.067731 0.067035 0.067745 0.065748 0.066501 0.066881 0.065539 0.068298 0.065327 0.067708 0.066321 
0.074030 0.066052 0.065947 0.067608 0.066825 0.066159 0.066863 0.064890 0.065638 0.066851 0.064683 0.067429 0.064451 0.067119 0.065455 
0.069059 0.066451 0.066345 0.068019 0.067231 0.066573 0.067267 0.065281 0.066031 0.066770 0.065074 0.067850 0.064846 0.067351 0.065853 
0.064880 0.066774 0.066668 0.068363 0.067570 0.066888 0.067593 0.065600 0.066352 0.066813 0.065391 0.068156 0.065176 0.067604 0.066172 
0.072903 0.066162 0.066058 0.067730 0.066945 0.066265 0.066976 0.065000 0.065745 0.066607 0.064790 0.067524 0.064571 0.067159 0.065565 
0.067114 0.066599 0.066493 0.068209 0.067414 0.066705 0.067415 0.065430 0.066178 0.066759 0.065220 0.067966 0.065022 0.067478 0.065997 
0.076226 0.065871 0.065766 0.067420 0.066638 0.065976 0.066680 0.064713 0.065456 0.066946 0.064506 0.067253 0.064273 0.067004 0.065274 
0.059116 0.067218 0.067111 0.068817 0.068021 0.067332 0.068045 0.066032 0.066792 0.066975 0.065826 0.068590 0.065600 0.067909 0.066616 
0.069379 0.066426 0.066319 0.067998 0.067209 0.066528 0.067243 0.065258 0.066006 0.066784 0.065050 0.067786 0.064824 0.067367 0.065823 
0.074316 0.066053 0.065947 0.067583 0.066805 0.066156 0.066864 0.064891 0.065639 0.066657 0.064683 0.067414 0.064427 0.067109 0.065455 
0.067786 0.066538 0.066431 0.068109 0.067321 0.066656 0.067355 0.065367 0.066117 0.066896 0.065160 0.067931 0.064930 0.067465 0.065938 
0.061937 0.067003 0.066896 0.068579 0.067787 0.067120 0.067827 0.065821 0.066579 0.066921 0.065615 0.068383 0.065376 0.067754 0.066402 
0.064849 0.066789 0.066681 0.068412 0.067614 0.066884 0.067606 0.065614 0.066366 0.066671 0.065406 0.068126 0.065215 0.067586 0.066183 
0.075284 0.065985 0.065881 0.067548 0.066765 0.066085 0.066799 0.064826 0.065572 0.066549 0.064617 0.067339 0.064391 0.066971 0.065389 
0.074109 0.066051 0.065945 0.067622 0.066836 0.066175 0.066862 0.064889 0.065636 0.066733 0.064683 0.067461 0.064465 0.067080 0.065454 
0.063268 0.066905 0.066800 0.068497 0.067704 0.067025 0.067728 0.065726 0.066482 0.066785 0.065519 0.068291 0.065297 0.067667 0.066306 
0.071236 0.066266 0.066162 0.067834 0.067049 0.066374 0.067081 0.065100 0.065851 0.066905 0.064893 0.067643 0.064666 0.067268 0.065670 
0.073468 0.066169 0.066063 0.067726 0.066943 0.066289 0.066984 0.065005 0.065749 0.066144 0.064798 0.067550 0.064565 0.066974 0.065572 
0.054263 0.067586 0.067479 0.069193 0.068394 0.067693 0.068417 0.066393 0.067157 0.067138 0.066185 0.068943 0.065959 0.068218 0.066981 
0.074197 0.066060 0.065956 0.067656 0.066867 0.066158 0.066873 0.064901 0.065643 0.066584 0.064691 0.067415 0.064496 0.067041 0.065462 
0.070990 0.066331 0.066226 0.067920 0.067131 0.066433 0.067143 0.065165 0.065912 0.066420 0.064957 0.067683 0.064749 0.067210 0.065731 
0.066602 0.066658 0.066551 0.068251 0.067459 0.066756 0.067472 0.065488 0.066237 0.066620 0.065277 0.068004 0.065066 0.067506 0.066053 
0.066688 0.066631 0.066524 0.068208 0.067417 0.066760 0.067450 0.065457 0.066211 0.066829 0.065251 0.068043 0.065023 0.067480 0.066030 
0.066493 0.066652 0.066547 0.068242 0.067451 0.066764 0.067470 0.065480 0.066232 0.066736 0.065272 0.068025 0.065054 0.067529 0.066053 
0.074448 0.066033 0.065928 0.067608 0.066823 0.066123 0.066840 0.064876 0.065617 0.066675 0.064664 0.067375 0.064451 0.067106 0.065433 
0.066825 0.066641 0.066532 0.068212 0.067421 0.066747 0.067457 0.065470 0.066219 0.066681 0.065261 0.068001 0.065028 0.067470 0.066035 
0.065855 0.066718 0.066611 0.068308 0.067517 0.066816 0.067538 0.065542 0.066299 0.066681 0.065336 0.068057 0.065114 0.067491 0.066117 
0.074534 0.066008 0.065902 0.067584 0.066796 0.066130 0.066816 0.064848 0.065591 0.066808 0.064641 0.067421 0.064431 0.067081 0.065409 
0.066970 0.066588 0.066483 0.068186 0.067393 0.066710 0.067407 0.065416 0.066167 0.066986 0.065209 0.067993 0.065000 0.067502 0.065991 
0.064047 0.066823 0.066716 0.068396 0.067605 0.066928 0.067644 0.065646 0.066400 0.067054 0.065438 0.068186 0.065201 0.067696 0.066221 
0.066697 0.066635 0.066527 0.068172 0.067388 0.066743 0.067454 0.065461 0.066214 0.066911 0.065255 0.068002 0.064992 0.067517 0.066031 
0.074783 0.066012 0.065909 0.067591 0.066807 0.066115 0.066823 0.064851 0.065596 0.066618 0.064643 0.067376 0.064432 0.067026 0.065419 
0.069705 0.066392 0.066286 0.067965 0.067177 0.066490 0.067205 0.065227 0.065973 0.066868 0.065016 0.067749 0.064793 0.067364 0.065789 
0.068702 0.066503 0.066395 0.068046 0.067262 0.066611 0.067321 0.065332 0.066084 0.066663 0.065124 0.067865 0.064868 0.067322 0.065902 
0.060033 0.067132 0.067025 0.068742 0.067944 0.067237 0.067956 0.065949 0.066707 0.067084 0.065741 0.068494 0.065532 0.067896 0.066527 
0.068348 0.066527 0.066419 0.068104 0.067313 0.066654 0.067346 0.065357 0.066104 0.066566 0.065150 0.067931 0.064925 0.067332 0.065924 
0.063218 0.066921 0.066814 0.068508 0.067713 0.067034 0.067743 0.065746 0.066496 0.066711 0.065534 0.068295 0.065312 0.067640 0.066317 
0.075097 0.066004 0.065898 0.067610 0.066820 0.066093 0.066806 0.064856 0.065587 0.066405 0.064646 0.067343 0.064458 0.066975 0.065402 
0.065245 0.066749 0.066642 0.068365 0.067567 0.066866 0.067567 0.065576 0.066326 0.066749 0.065367 0.068135 0.065171 0.067530 0.066146 
0.061884 0.067013 0.066906 0.068623 0.067825 0.067114 0.067835 0.065833 0.066589 0.066810 0.065625 0.068361 0.065419 0.067755 0.066408 
0.063381 0.066893 0.066787 0.068468 0.067677 0.066998 0.067715 0.065715 0.066470 0.066888 0.065507 0.068252 0.065274 0.067684 0.066290 
0.069036 0.066473 0.066367 0.068028 0.067243 0.066606 0.067289 0.065303 0.066052 0.066561 0.065096 0.067886 0.064855 0.067328 0.065875 
0.060240 0.067124 0.067017 0.068712 0.067918 0.067226 0.067949 0.065941 0.066700 0.067039 0.065734 0.068476 0.065501 0.067902 0.066520 
0.073490 0.066110 0.066003 0.067662 0.066879 0.066224 0.066922 0.064946 0.065698 0.066710 0.064740 0.067495 0.064503 0.067107 0.065511 
0.068017 0.066529 0.066423 0.068100 0.067312 0.066633 0.067346 0.065358 0.066109 0.066849 0.065151 0.067891 0.064921 0.067434 0.065927 
0.062962 0.066934 0.066827 0.068512 0.067720 0.067032 0.067756 0.065755 0.066511 0.066811 0.065547 0.068274 0.065312 0.067718 0.066330 
0.068573 0.066505 0.066399 0.068081 0.067293 0.066612 0.067325 0.065334 0.066085 0.066629 0.065127 0.067868 0.064903 0.067361 0.065905 
0.070615 0.066368 0.066262 0.067936 0.067150 0.066493 0.067182 0.065200 0.065953 0.066338 0.064993 0.067761 0.064765 0.067217 0.065769 
0.065855 0.066725 0.066618 0.068290 0.067501 0.066851 0.067549 0.065547 0.066304 0.066605 0.065342 0.068121 0.065101 0.067468 0.066125 
0.067179 0.066600 0.066493 0.068173 0.067383 0.066726 0.067418 0.065427 0.066178 0.066762 0.065221 0.068002 0.064991 0.067447 0.066000 
0.065453 0.066719 0.066611 0.068289 0.067498 0.066818 0.067536 0.065545 0.066297 0.066990 0.065337 0.068073 0.065102 0.067620 0.066113 
0.066200 0.066662 0.066557 0.068263 0.067470 0.066748 0.067480 0.065491 0.066244 0.066937 0.065280 0.067989 0.065069 0.067549 0.066061 
0.067829 0.066559 0.066452 0.068134 0.067343 0.066661 0.067377 0.065386 0.066139 0.066706 0.065180 0.067915 0.064952 0.067408 0.065960 
0.067257 0.066606 0.066497 0.068188 0.067397 0.066715 0.067421 0.065433 0.066184 0.066648 0.065227 0.067973 0.065006 0.067448 0.066000 
0.067217 0.066583 0.066475 0.068150 0.067360 0.066689 0.067402 0.065409 0.066160 0.066964 0.065204 0.067953 0.064968 0.067483 0.065983 
0.075537 0.065931 0.065829 0.067519 0.066732 0.066052 0.066741 0.064773 0.065516 0.066737 0.064565 0.067338 0.064365 0.067026 0.065339 
0.066772 0.066615 0.066510 0.068169 0.067384 0.066709 0.067434 0.065443 0.066196 0.067011 0.065234 0.067959 0.064987 0.067563 0.066015 
0.073834 0.066100 0.065994 0.067711 0.066917 0.066228 0.066910 0.064937 0.065682 0.066376 0.064731 0.067514 0.064551 0.067010 0.065505 
0.063024 0.066917 0.066811 0.068506 0.067713 0.067027 0.067742 0.065737 0.066496 0.066915 0.065531 0.068284 0.065302 0.067679 0.066317 
0.068576 0.066439 0.066291 0.067904 0.067115 0.066424 0.067131 0.066805 0.065942 0.066563 0.065422 0.067708 0.064741 0.067221 0.065718 
0.069702 0.066399 0.066292 0.067967 0.067178 0.066529 0.067212 0.065233 0.065978 0.066757 0.065024 0.067819 0.064799 0.067314 0.065797 
0.077479 0.065831 0.065726 0.067392 0.066610 0.065928 0.066636 0.064676 0.065418 0.066319 0.064466 0.067178 0.064244 0.066865 0.065232 
0.071459 0.066294 0.066188 0.067854 0.067071 0.066394 0.067107 0.065138 0.065873 0.066460 0.064930 0.067645 0.064694 0.067199 0.065695 
0.067204 0.066601 0.066496 0.068176 0.067387 0.066705 0.067418 0.065428 0.066180 0.066760 0.065221 0.067959 0.064994 0.067468 0.066001 
0.061526 0.067037 0.066929 0.068625 0.067831 0.067144 0.067858 0.065856 0.066612 0.066874 0.065648 0.068399 0.065422 0.067808 0.066431 
0.069644 0.066419 0.066311 0.068002 0.067211 0.066535 0.067236 0.065251 0.066000 0.066618 0.065043 0.067804 0.064825 0.067282 0.065817 
0.065880 0.066699 0.066592 0.068271 0.067481 0.066811 0.067519 0.065523 0.066279 0.066854 0.065317 0.068073 0.065081 0.067524 0.066098 
0.069399 0.066452 0.066348 0.068032 0.067244 0.066570 0.067271 0.065282 0.066032 0.066461 0.065075 0.067835 0.064858 0.067285 0.065855 
0.071151 0.066319 0.066214 0.067904 0.067115 0.066444 0.067136 0.065152 0.065899 0.066371 0.064946 0.067714 0.064734 0.067179 0.065722 
0.074790 0.066056 0.065952 0.067632 0.066848 0.066151 0.066865 0.064895 0.065640 0.066195 0.064687 0.067390 0.064473 0.066968 0.065460 
0.071412 0.066271 0.066166 0.067848 0.067061 0.066375 0.067085 0.065105 0.065858 0.066712 0.064897 0.067633 0.064676 0.067229 0.065673 
0.067141 0.066592 0.066487 0.068196 0.067402 0.066699 0.067412 0.065420 0.066171 0.066831 0.065212 0.067962 0.065010 0.067474 0.065993 
0.070754 0.066338 0.066233 0.067909 0.067123 0.066437 0.067158 0.065174 0.065920 0.066580 0.064963 0.067688 0.064739 0.067245 0.065738 
0.072359 0.066251 0.066145 0.067834 0.067045 0.066352 0.067068 0.065087 0.065831 0.066179 0.064877 0.067595 0.064668 0.067060 0.065650 
0.069583 0.066417 0.066310 0.067972 0.067186 0.066515 0.067229 0.065249 0.065998 0.066735 0.065041 0.067768 0.064802 0.067381 0.065814 
0.069240 0.066457 0.066351 0.068005 0.067221 0.066569 0.067274 0.065287 0.066042 0.066620 0.065080 0.067827 0.064828 0.067341 0.065857 
0.060355 0.067128 0.067020 0.068730 0.067932 0.067224 0.067953 0.065947 0.066702 0.066917 0.065738 0.068467 0.065520 0.067845 0.066520 
0.067360 0.066575 0.066469 0.068132 0.067346 0.066683 0.067396 0.065402 0.066154 0.066928 0.065195 0.067945 0.064952 0.067486 0.065976 
0.064708 0.066793 0.066686 0.068402 0.067606 0.066888 0.067609 0.065618 0.066370 0.066750 0.065409 0.068132 0.065208 0.067634 0.066187 
0.072879 0.066153 0.066048 0.067731 0.066944 0.066255 0.066964 0.064990 0.065736 0.066714 0.064782 0.067517 0.064568 0.067165 0.065555 
0.065277 0.066741 0.066635 0.068335 0.067542 0.066859 0.067560 0.065568 0.066318 0.066820 0.065358 0.068130 0.065142 0.067574 0.066141 
0.064267 0.066811 0.066707 0.068404 0.067612 0.066917 0.067633 0.065636 0.066390 0.066931 0.065427 0.068174 0.065207 0.067669 0.066213 
0.066595 0.066644 0.066539 0.068223 0.067434 0.066752 0.067462 0.065472 0.066224 0.066767 0.065263 0.068010 0.065037 0.067532 0.066045 
0.069171 0.066433 0.066327 0.067998 0.067211 0.066543 0.067247 0.065264 0.066013 0.066869 0.065056 0.067812 0.064826 0.067395 0.065834 
0.076629 0.065885 0.065780 0.067488 0.066699 0.065985 0.066690 0.064730 0.065472 0.066373 0.064520 0.067242 0.064335 0.066887 0.065286 
0.060374 0.067126 0.067020 0.068698 0.067906 0.067258 0.067952 0.065942 0.066701 0.066886 0.065736 0.068534 0.065491 0.067849 0.066526 
0.070711 0.066347 0.066241 0.067882 0.067100 0.066459 0.067173 0.065178 0.065927 0.066589 0.064972 0.067716 0.064713 0.067243 0.065748 
0.067743 0.066585 0.066479 0.068141 0.067356 0.066694 0.067404 0.065411 0.066166 0.066548 0.065205 0.067944 0.064959 0.067379 0.065986 
0.074210 0.066073 0.065967 0.067654 0.066866 0.066193 0.066887 0.064910 0.065657 0.066437 0.064704 0.067466 0.064496 0.067003 0.065475 
prostate
0.065323 0.068619 0.067126 0.066616 0.063782 0.065143 0.067587 0.067646 0.066167 0.064703 0.068643 0.067526 0.068528 0.065297 0.067294 
0.067035 0.068494 0.067002 0.066474 0.063649 0.065010 0.067466 0.067519 0.066047 0.064627 0.068518 0.067373 0.068386 0.065232 0.067168 
0.068007 0.068232 0.066925 0.066229 0.063609 0.065057 0.067205 0.067288 0.066900 0.064503 0.068255 0.067752 0.068129 0.064995 0.066913 
0.066541 0.068523 0.067033 0.066521 0.063693 0.065032 0.067492 0.067551 0.066077 0.064694 0.068547 0.067390 0.068429 0.065278 0.067199 
0.067670 0.068426 0.066937 0.066401 0.063580 0.064950 0.067398 0.067454 0.065982 0.064795 0.068449 0.067322 0.068306 0.065224 0.067106 
0.072962 0.068020 0.066540 0.066006 0.063201 0.064561 0.066997 0.067055 0.065594 0.064573 0.068043 0.066922 0.067902 0.064918 0.066704 
0.069080 0.068350 0.066863 0.066355 0.063533 0.064878 0.067326 0.067376 0.065911 0.064381 0.068373 0.067237 0.068258 0.065048 0.067031 
0.064119 0.068727 0.067230 0.066699 0.063865 0.065253 0.067693 0.067747 0.066271 0.064614 0.068751 0.067639 0.068617 0.065377 0.067400 
0.070828 0.068191 0.066707 0.066211 0.063393 0.064707 0.067162 0.067222 0.065756 0.064536 0.068215 0.067053 0.068115 0.065033 0.066870 
0.067353 0.068475 0.066982 0.066433 0.063611 0.064996 0.067448 0.067497 0.066029 0.064634 0.068497 0.067360 0.068340 0.065190 0.067154 
0.064595 0.068688 0.067192 0.066638 0.063810 0.065210 0.067657 0.067706 0.066235 0.064726 0.068710 0.067590 0.068553 0.065326 0.067362 
0.065309 0.068638 0.067142 0.066633 0.063798 0.065142 0.067603 0.067660 0.066185 0.064569 0.068662 0.067499 0.068546 0.065307 0.067307 
0.066818 0.068475 0.066984 0.066473 0.063645 0.064993 0.067446 0.067500 0.066029 0.064955 0.068499 0.067366 0.068379 0.065289 0.067151 
0.059200 0.069109 0.067606 0.067081 0.064232 0.065586 0.068071 0.068124 0.066641 0.064813 0.069132 0.067943 0.069005 0.065679 0.067776 
0.067426 0.068444 0.066954 0.066419 0.063597 0.064966 0.067414 0.067470 0.065999 0.064811 0.068467 0.067339 0.068330 0.065243 0.067120 
0.068228 0.068389 0.066901 0.066375 0.063554 0.064904 0.067365 0.067417 0.065947 0.064722 0.068411 0.067263 0.068278 0.065179 0.067069 
0.069542 0.068295 0.066810 0.066269 0.063455 0.064826 0.067272 0.067325 0.065856 0.064598 0.068318 0.067192 0.068172 0.065093 0.066977 
0.072683 0.068076 0.066593 0.066087 0.063275 0.064614 0.067052 0.067111 0.065643 0.064239 0.068099 0.066971 0.067989 0.064809 0.066757 
0.068141 0.068416 0.066925 0.066389 0.063567 0.064935 0.067388 0.067441 0.065969 0.064577 0.068439 0.067295 0.068295 0.065128 0.067094 
0.068832 0.068340 0.066852 0.066323 0.063503 0.064867 0.067315 0.067367 0.065898 0.064712 0.068364 0.067236 0.068229 0.065145 0.067018 
0.067727 0.068430 0.066944 0.066431 0.063608 0.064959 0.067402 0.067457 0.065987 0.064612 0.068454 0.067330 0.068337 0.065208 0.067113 
0.062021 0.068868 0.067369 0.066856 0.064013 0.065352 0.067833 0.067887 0.066409 0.064934 0.068892 0.067710 0.068773 0.065547 0.067536 
0.065664 0.068621 0.067126 0.066631 0.063796 0.065138 0.067588 0.067643 0.066171 0.064402 0.068644 0.067502 0.068541 0.065237 0.067295 
0.064490 0.068706 0.067210 0.066699 0.063863 0.065205 0.067676 0.067726 0.066254 0.064554 0.068729 0.067558 0.068610 0.065342 0.067378 
0.061920 0.068924 0.067423 0.066866 0.064030 0.065412 0.067887 0.067943 0.066462 0.064563 0.068947 0.067764 0.068790 0.065479 0.067590 
0.073322 0.067991 0.066510 0.065983 0.063177 0.064541 0.066966 0.067029 0.065562 0.064545 0.068015 0.066914 0.067880 0.064892 0.066673 
0.057656 0.069237 0.067731 0.067193 0.064341 0.065708 0.068198 0.068250 0.066766 0.064848 0.069259 0.068066 0.069120 0.065724 0.067902 
0.063390 0.068797 0.067298 0.066776 0.063939 0.065284 0.067762 0.067815 0.066339 0.064602 0.068820 0.067629 0.068692 0.065393 0.067465 
0.062652 0.068834 0.067337 0.066813 0.063974 0.065339 0.067804 0.067852 0.066375 0.064751 0.068858 0.067709 0.068728 0.065464 0.067508 
0.067890 0.068442 0.066952 0.066445 0.063617 0.064978 0.067415 0.067465 0.065995 0.064419 0.068465 0.067354 0.068356 0.065087 0.067120 
0.066994 0.068514 0.067024 0.066483 0.063661 0.065053 0.067486 0.067537 0.066069 0.064421 0.068536 0.067431 0.068391 0.065203 0.067196 
0.066499 0.068557 0.067065 0.066570 0.063735 0.065083 0.067533 0.067578 0.066104 0.064366 0.068580 0.067455 0.068482 0.065156 0.067238 
0.072649 0.068036 0.066555 0.066011 0.063207 0.064591 0.067015 0.067068 0.065606 0.064668 0.068060 0.066968 0.067907 0.064936 0.066723 
0.065023 0.068631 0.067137 0.066582 0.063756 0.065138 0.067600 0.067653 0.066180 0.064945 0.068654 0.067506 0.068497 0.065392 0.067304 
0.071556 0.068134 0.066651 0.066149 0.063333 0.064679 0.067109 0.067166 0.065699 0.064524 0.068158 0.067051 0.068047 0.064927 0.066817 
0.066845 0.068493 0.067001 0.066481 0.063655 0.065023 0.067462 0.067518 0.066046 0.064742 0.068516 0.067406 0.068393 0.065251 0.067169 
0.066413 0.068522 0.067029 0.066497 0.063671 0.065044 0.067491 0.067546 0.066074 0.064844 0.068546 0.067421 0.068410 0.065294 0.067196 
0.068068 0.068413 0.066924 0.066408 0.063584 0.064936 0.067382 0.067442 0.065969 0.064554 0.068436 0.067302 0.068315 0.065178 0.067090 
0.068659 0.068338 0.066851 0.066337 0.063516 0.064859 0.067310 0.067366 0.065898 0.064830 0.068361 0.067225 0.068241 0.065190 0.067017 
0.059168 0.069113 0.067609 0.067079 0.064229 0.065617 0.068074 0.068126 0.066642 0.064775 0.069136 0.068004 0.069007 0.065641 0.067781 
0.062693 0.068839 0.067341 0.066793 0.063958 0.065336 0.067805 0.067857 0.066380 0.064752 0.068862 0.067697 0.068713 0.065463 0.067510 
0.069162 0.068316 0.066829 0.066280 0.063466 0.064864 0.067291 0.067342 0.065875 0.064693 0.068339 0.067251 0.068187 0.065105 0.066999 
0.063305 0.068775 0.067279 0.066751 0.063915 0.065286 0.067741 0.067795 0.066318 0.064809 0.068799 0.067662 0.068670 0.065447 0.067449 
0.060558 0.069009 0.067508 0.066979 0.064135 0.065509 0.067972 0.068026 0.066544 0.064684 0.069033 0.067882 0.068903 0.065578 0.067679 
0.064539 0.068687 0.067192 0.066667 0.063834 0.065194 0.067653 0.067710 0.066234 0.064692 0.068711 0.067559 0.068583 0.065386 0.067359 
0.064504 0.068702 0.067206 0.066673 0.063840 0.065226 0.067669 0.067724 0.066249 0.064588 0.068725 0.067608 0.068589 0.065321 0.067376 
0.069421 0.068301 0.066814 0.066303 0.063483 0.064834 0.067276 0.067330 0.065861 0.064565 0.068325 0.067203 0.068209 0.065094 0.066980 
0.064739 0.068669 0.067173 0.066632 0.063802 0.065187 0.067636 0.067692 0.066215 0.064749 0.068692 0.067566 0.068548 0.065357 0.067341 
0.069249 0.068323 0.066836 0.066298 0.063482 0.064867 0.067298 0.067348 0.065884 0.064546 0.068346 0.067246 0.068201 0.065070 0.067006 
0.070379 0.068238 0.066751 0.066223 0.063408 0.064762 0.067208 0.067269 0.065803 0.064500 0.068261 0.067117 0.068129 0.065041 0.066913 
0.062533 0.068866 0.067366 0.066848 0.064006 0.065367 0.067829 0.067886 0.066405 0.064549 0.068889 0.067731 0.068766 0.065425 0.067534 
0.064001 0.068724 0.067230 0.066714 0.063878 0.065219 0.067690 0.067748 0.066270 0.064761 0.068747 0.067576 0.068628 0.065414 0.067398 
0.065026 0.068661 0.067166 0.066641 0.063809 0.065165 0.067627 0.067683 0.066208 0.064591 0.068685 0.067523 0.068557 0.065324 0.067332 
0.069653 0.068271 0.066787 0.066249 0.063435 0.064786 0.067249 0.067300 0.065834 0.064768 0.068293 0.067138 0.068152 0.065130 0.066953 
0.067411 0.068464 0.066977 0.066456 0.063631 0.064977 0.067435 0.067490 0.066020 0.064599 0.068487 0.067331 0.068363 0.065214 0.067145 
0.065480 0.068603 0.067111 0.066568 0.063742 0.065113 0.067573 0.067627 0.066154 0.064807 0.068626 0.067477 0.068480 0.065358 0.067280 
0.061210 0.068939 0.067438 0.066904 0.064062 0.065445 0.067904 0.067955 0.066475 0.064885 0.068962 0.067826 0.068822 0.065563 0.067609 
0.063533 0.068793 0.067297 0.066757 0.063923 0.065290 0.067761 0.067812 0.066338 0.064556 0.068815 0.067642 0.068670 0.065346 0.067468 
0.066901 0.068502 0.067010 0.066488 0.063661 0.065018 0.067475 0.067526 0.066054 0.064670 0.068525 0.067382 0.068399 0.065213 0.067177 
0.063246 0.068789 0.067290 0.066732 0.063900 0.065302 0.067756 0.067808 0.066331 0.064785 0.068812 0.067679 0.068649 0.065461 0.067460 
0.067294 0.068454 0.066964 0.066466 0.063637 0.064968 0.067423 0.067481 0.066009 0.064745 0.068478 0.067332 0.068373 0.065247 0.067129 
0.064897 0.068687 0.067193 0.066669 0.063837 0.065200 0.067660 0.067707 0.066239 0.064423 0.068709 0.067560 0.068580 0.065276 0.067364 
0.069193 0.068336 0.066847 0.066318 0.063497 0.064858 0.067311 0.067364 0.065892 0.064503 0.068359 0.067218 0.068226 0.065064 0.067014 
0.062110 0.068884 0.067385 0.066894 0.064047 0.065395 0.067851 0.067902 0.066422 0.064605 0.068908 0.067775 0.068814 0.065450 0.067556 
0.066669 0.068526 0.067038 0.066508 0.063684 0.065041 0.067498 0.067551 0.066080 0.064586 0.068549 0.067399 0.068417 0.065244 0.067208 
0.066851 0.068511 0.067019 0.066485 0.063661 0.065031 0.067484 0.067535 0.066064 0.064606 0.068534 0.067396 0.068394 0.065242 0.067187 
0.068072 0.068376 0.066888 0.066374 0.063552 0.064892 0.067348 0.067403 0.065934 0.064941 0.068399 0.067257 0.068278 0.065233 0.067054 
0.071291 0.068154 0.066671 0.066168 0.063352 0.064690 0.067128 0.067185 0.065722 0.064507 0.068177 0.067055 0.068068 0.064995 0.066836 
0.064014 0.068727 0.067232 0.066751 0.063908 0.065242 0.067692 0.067751 0.066272 0.064613 0.068751 0.067620 0.068668 0.065360 0.067400 
0.067308 0.068515 0.067025 0.066528 0.063698 0.065034 0.067483 0.067540 0.066068 0.064114 0.068539 0.067386 0.068438 0.065132 0.067192 
0.063050 0.068805 0.067306 0.066772 0.063935 0.065306 0.067770 0.067826 0.066347 0.064760 0.068828 0.067673 0.068688 0.065459 0.067474 
0.063480 0.068775 0.067279 0.066792 0.063949 0.065289 0.067741 0.067795 0.066318 0.064584 0.068799 0.067664 0.068706 0.065377 0.067450 
0.067814 0.068436 0.066944 0.066398 0.063579 0.064966 0.067406 0.067461 0.065991 0.064613 0.068459 0.067338 0.068309 0.065175 0.067111 
0.063836 0.068563 0.067251 0.066530 0.063902 0.065367 0.067537 0.067613 0.067221 0.064616 0.068585 0.068057 0.068438 0.065243 0.067241 
0.065571 0.068606 0.067113 0.066554 0.063731 0.065113 0.067577 0.067628 0.066156 0.064772 0.068629 0.067469 0.068463 0.065334 0.067282 
0.058667 0.069146 0.067640 0.067120 0.064267 0.065644 0.068106 0.068159 0.066675 0.064845 0.069170 0.068030 0.069050 0.065670 0.067811 
0.062831 0.068804 0.067304 0.066783 0.063943 0.065315 0.067769 0.067822 0.066345 0.064912 0.068828 0.067698 0.068701 0.065474 0.067472 
0.069129 0.068322 0.066834 0.066344 0.063519 0.064878 0.067294 0.067349 0.065883 0.064509 0.068346 0.067274 0.068248 0.065068 0.067003 
0.071513 0.068132 0.066649 0.066123 0.063312 0.064670 0.067107 0.067163 0.065702 0.064601 0.068155 0.067037 0.068023 0.064997 0.066815 
0.063798 0.068746 0.067250 0.066741 0.063902 0.065250 0.067714 0.067765 0.066288 0.064695 0.068769 0.067615 0.068654 0.065389 0.067423 
0.060820 0.069004 0.067501 0.066979 0.064133 0.065510 0.067974 0.068017 0.066539 0.064558 0.069027 0.067885 0.068901 0.065479 0.067673 
0.075557 0.067810 0.066333 0.065800 0.063002 0.064377 0.066788 0.066849 0.065388 0.064533 0.067834 0.066756 0.067694 0.064783 0.066496 
0.065429 0.068610 0.067117 0.066581 0.063753 0.065118 0.067578 0.067634 0.066160 0.064774 0.068633 0.067481 0.068495 0.065354 0.067284 
0.060519 0.069013 0.067509 0.066970 0.064124 0.065514 0.067978 0.068026 0.066544 0.064748 0.069037 0.067891 0.068892 0.065555 0.067683 
0.062743 0.068834 0.067334 0.066807 0.063968 0.065334 0.067802 0.067852 0.066374 0.064710 0.068857 0.067698 0.068724 0.065461 0.067502 
0.068464 0.068383 0.066893 0.066365 0.063543 0.064910 0.067352 0.067411 0.065939 0.064597 0.068406 0.067280 0.068276 0.065121 0.067058 
0.068500 0.068404 0.066913 0.066394 0.063571 0.064936 0.067375 0.067428 0.065959 0.064354 0.068427 0.067300 0.068299 0.065059 0.067082 
0.065812 0.068578 0.067088 0.066575 0.063743 0.065089 0.067544 0.067605 0.066129 0.064736 0.068602 0.067459 0.068493 0.065294 0.067253 
0.074787 0.067883 0.066407 0.065883 0.063082 0.064433 0.066864 0.066919 0.065460 0.064412 0.067906 0.066795 0.067779 0.064818 0.066571 
0.062398 0.068878 0.067378 0.066860 0.064018 0.065372 0.067842 0.067895 0.066416 0.064559 0.068901 0.067728 0.068779 0.065428 0.067547 
0.070760 0.068204 0.066720 0.066207 0.063391 0.064737 0.067175 0.067234 0.065767 0.064472 0.068227 0.067100 0.068113 0.065009 0.066885 
0.064999 0.068667 0.067171 0.066629 0.063799 0.065189 0.067635 0.067687 0.066213 0.064557 0.068690 0.067564 0.068542 0.065318 0.067341 
