-450110.038246
0
0.000002 0.000002 0.000002 0.000002 0.000002 0.000002 0.000002 0.000002 0.000003 0.000002 0.000005 0.000002 0.000002 0.000002 0.000002 0.000002 0.000377 0.000002 0.000002 0.000003 0.000003 0.000002 0.000002 0.000002 0.000002 0.000003 0.000002 0.000003 0.000002 0.000002 0.000002 0.000002 0.000002 0.000002 0.637376 0.000002 0.000002 0.000002 0.000002 0.000002 0.000002 0.000002 0.000003 0.000003 0.000002 0.000002 0.000002 0.000003 0.000002 0.000002 0.000002 0.000002 0.000002 0.000002 0.000002 0.000002 0.016014 0.000004 0.323013 0.018677 0.000002 0.000002 0.000002 0.000002 0.000002 0.000002 0.000002 0.000002 0.000002 0.000002 0.000002 0.000002 0.000002 0.000002 0.000002 0.000721 0.000002 0.000002 0.000002 0.000002 0.000002 0.000002 0.000003 0.000002 0.000002 0.000002 0.000002 0.000002 0.000002 0.000002 0.000002 0.000003 0.000004 0.000002 0.000002 0.003625 
0.000002 0.000002 0.000002 0.000002 0.000002 0.000002 0.000002 0.000002 0.000003 0.000002 0.000005 0.000002 0.000002 0.000002 0.000002 0.000002 0.000003 0.000002 0.000002 0.000003 0.000003 0.000002 0.000002 0.000002 0.000002 0.000003 0.000002 0.000003 0.000002 0.000002 0.000002 0.000002 0.000002 0.000002 0.000005 0.000002 0.000002 0.000002 0.000002 0.000002 0.000002 0.000002 0.000003 0.000003 0.000002 0.000002 0.000002 0.000003 0.000002 0.000002 0.000002 0.000002 0.000002 0.000002 0.000002 0.000002 0.001678 0.000004 0.998111 0.000003 0.000002 0.000002 0.000002 0.000002 0.000002 0.000002 0.000002 0.000002 0.000002 0.000002 0.000002 0.000002 0.000002 0.000002 0.000002 0.000003 0.000002 0.000002 0.000002 0.000002 0.000002 0.000002 0.000003 0.000002 0.000002 0.000002 0.000002 0.000002 0.000002 0.000002 0.000002 0.000003 0.000004 0.000002 0.000002 0.000003 
0.000002 0.000002 0.000002 0.000002 0.000002 0.000002 0.000002 0.000002 0.002041 0.000002 0.000006 0.000065 0.000002 0.000002 0.000002 0.000097 0.000003 0.000002 0.000159 0.000222 0.000881 0.000002 0.000002 0.000097 0.000034 0.000003 0.000002 0.000003 0.000002 0.000002 0.000002 0.000002 0.000002 0.000002 0.006578 0.000002 0.000002 0.000002 0.000002 0.000002 0.000002 0.000002 0.000536 0.000003 0.000128 0.000002 0.000002 0.002493 0.000065 0.000002 0.000002 0.000002 0.000002 0.000002 0.000002 0.000002 0.047802 0.005237 0.929033 0.000003 0.000002 0.000002 0.000002 0.000002 0.000002 0.000002 0.000002 0.000002 0.000002 0.000002 0.000002 0.000097 0.000097 0.000002 0.000002 0.000003 0.000002 0.000002 0.000002 0.000002 0.000002 0.000002 0.002010 0.000002 0.000097 0.000002 0.000002 0.000002 0.000034 0.000002 0.000002 0.000003 0.002043 0.000002 0.000002 0.000003 
0.000002 0.000002 0.000002 0.000002 0.000002 0.000002 0.000002 0.000002 0.000003 0.000002 0.360745 0.000002 0.000002 0.000002 0.000002 0.000002 0.000003 0.000002 0.000002 0.000003 0.000003 0.000002 0.000002 0.000002 0.000002 0.000252 0.000002 0.000003 0.000002 0.000002 0.000002 0.000002 0.000065 0.000002 0.000005 0.000002 0.000002 0.000002 0.000002 0.000002 0.000002 0.000002 0.000003 0.000471 0.000002 0.000002 0.000002 0.000803 0.000002 0.000002 0.000002 0.000002 0.000002 0.000002 0.000002 0.000002 0.031479 0.000004 0.604814 0.000003 0.000002 0.000002 0.000002 0.000002 0.000002 0.000002 0.000002 0.000002 0.000002 0.000002 0.000002 0.000002 0.000002 0.000002 0.000002 0.000003 0.000002 0.000002 0.000002 0.000002 0.000002 0.000002 0.000003 0.000002 0.000002 0.000002 0.000002 0.000002 0.000002 0.000002 0.000002 0.000565 0.000618 0.000002 0.000002 0.000003 
0.000002 0.000002 0.000002 0.000002 0.000002 0.000002 0.000002 0.000002 0.000003 0.000002 0.385101 0.000002 0.000002 0.000002 0.000002 0.000002 0.000003 0.000002 0.000002 0.000003 0.000003 0.000002 0.000002 0.000002 0.000002 0.000003 0.000002 0.058355 0.000002 0.000002 0.000002 0.000002 0.000002 0.000002 0.000005 0.000002 0.000002 0.000002 0.000002 0.000002 0.000002 0.000002 0.000003 0.000003 0.000002 0.000002 0.000002 0.000004 0.000002 0.000002 0.000002 0.000002 0.000002 0.000002 0.000002 0.000002 0.013387 0.264173 0.278492 0.000003 0.000002 0.000002 0.000002 0.000002 0.000002 0.000002 0.000002 0.000002 0.000002 0.000002 0.000002 0.000002 0.000002 0.000002 0.000002 0.000003 0.000002 0.000002 0.000002 0.000002 0.000002 0.000002 0.000003 0.000002 0.000002 0.000002 0.000002 0.000002 0.000002 0.000002 0.000002 0.000003 0.000296 0.000002 0.000002 0.000003 
0.205668 0.195432 0.193591 0.208124 0.197186 
0.220042 0.189367 0.195100 0.206745 0.188746 
0.186393 0.225001 0.194751 0.195040 0.198815 
0.207567 0.203032 0.185910 0.190853 0.212638 
breast
0.170119 0.214473 0.213642 0.209027 0.192740 
0.198577 0.202731 0.197050 0.199153 0.202488 
0.198106 0.198203 0.196426 0.206166 0.201099 
0.206925 0.205087 0.203440 0.192494 0.192055 
0.183439 0.200412 0.197141 0.209627 0.209381 
0.193037 0.183479 0.183740 0.211257 0.228486 
0.219411 0.202141 0.199882 0.193395 0.185171 
0.203733 0.200778 0.203949 0.188855 0.202685 
0.209115 0.198349 0.202772 0.191843 0.197920 
0.214555 0.199159 0.202211 0.204223 0.179852 
0.188687 0.205197 0.201391 0.202850 0.201876 
0.189739 0.199822 0.197526 0.207325 0.205588 
0.235471 0.193602 0.192877 0.190373 0.187677 
0.213626 0.196067 0.199781 0.195251 0.195276 
0.201192 0.196767 0.195750 0.201411 0.204881 
0.219002 0.188154 0.186965 0.191178 0.214702 
0.194799 0.194375 0.191426 0.210405 0.208996 
0.254742 0.193602 0.193612 0.188683 0.169361 
0.172676 0.206779 0.206538 0.205672 0.208334 
0.209986 0.205160 0.202116 0.201567 0.181171 
0.221489 0.203614 0.201002 0.184010 0.189886 
0.209642 0.199895 0.199778 0.198095 0.192590 
0.185333 0.207589 0.208358 0.198579 0.200141 
0.176727 0.201222 0.196815 0.217284 0.207952 
0.221083 0.195847 0.197052 0.194532 0.191486 
0.227085 0.192238 0.196378 0.200000 0.184299 
0.180521 0.199122 0.201570 0.202345 0.216441 
0.227275 0.190510 0.190186 0.190845 0.201184 
0.189119 0.202251 0.209480 0.200874 0.198275 
0.162874 0.208252 0.203511 0.205222 0.220142 
0.220528 0.186571 0.184291 0.203702 0.204907 
0.192566 0.195884 0.194243 0.205999 0.211308 
0.189183 0.201258 0.195578 0.206177 0.207804 
0.201578 0.201551 0.205899 0.202823 0.188150 
0.188411 0.195957 0.194147 0.201422 0.220063 
0.223935 0.191909 0.185321 0.196754 0.202081 
0.193852 0.213700 0.211376 0.204503 0.176570 
0.185975 0.207406 0.202148 0.207475 0.196995 
0.235981 0.189919 0.192474 0.201615 0.180011 
0.208889 0.189110 0.191072 0.202806 0.208124 
0.200088 0.204387 0.202437 0.195778 0.197311 
0.211971 0.217565 0.215307 0.190337 0.164820 
0.217900 0.185062 0.187308 0.194596 0.215134 
0.219956 0.199712 0.194462 0.198149 0.187720 
0.203751 0.214473 0.216657 0.192499 0.172621 
0.189535 0.201295 0.196911 0.208055 0.204204 
0.193460 0.206189 0.212415 0.208102 0.179833 
0.181723 0.203724 0.208767 0.205076 0.200710 
0.207345 0.184216 0.185575 0.209766 0.213099 
0.187488 0.198349 0.200407 0.216039 0.197717 
0.180061 0.202804 0.199536 0.209482 0.208116 
0.198056 0.205160 0.203008 0.196250 0.197526 
0.196643 0.200041 0.206423 0.193802 0.203091 
0.181994 0.208989 0.203072 0.201455 0.204491 
0.226907 0.202178 0.204110 0.195112 0.171694 
0.209760 0.204387 0.199773 0.200569 0.185511 
0.182418 0.211271 0.206443 0.199813 0.200055 
0.196830 0.200559 0.201560 0.199431 0.201621 
0.188218 0.198422 0.203600 0.199565 0.210195 
0.185915 0.206152 0.213466 0.198471 0.195997 
0.199321 0.203060 0.207012 0.201379 0.189227 
0.204649 0.212081 0.208034 0.200983 0.174253 
0.200903 0.197247 0.190041 0.202716 0.209094 
0.199134 0.201295 0.198715 0.200370 0.200486 
0.194879 0.208325 0.204963 0.207797 0.184035 
0.212243 0.203651 0.200295 0.198433 0.185378 
0.228682 0.175969 0.179146 0.197139 0.219064 
0.215693 0.203504 0.196332 0.186130 0.198341 
0.202150 0.179943 0.186918 0.215158 0.215831 
0.188687 0.205197 0.203401 0.202179 0.200536 
0.203295 0.198240 0.199039 0.205012 0.194415 
0.218093 0.199268 0.202975 0.201594 0.178070 
0.213590 0.195074 0.194260 0.195825 0.201250 
0.199056 0.193565 0.194395 0.190942 0.222042 
0.200561 0.198203 0.196731 0.195541 0.208963 
0.180318 0.209062 0.204886 0.205211 0.200523 
0.200520 0.201441 0.204396 0.207228 0.186415 
0.199415 0.207552 0.208854 0.199571 0.184607 
0.192271 0.190619 0.193189 0.200176 0.223744 
0.188593 0.192238 0.198899 0.203627 0.216644 
0.193263 0.192719 0.194389 0.196743 0.222885 
0.209859 0.197430 0.196832 0.199630 0.196249 
0.200787 0.190509 0.190000 0.205097 0.213607 
0.205020 0.198166 0.196783 0.197214 0.202817 
0.188557 0.198203 0.202354 0.204995 0.205891 
0.209658 0.205123 0.201778 0.193191 0.190249 
0.197737 0.209871 0.210212 0.193234 0.188945 
0.177857 0.212044 0.208712 0.211505 0.189882 
0.209587 0.202878 0.203959 0.191404 0.192173 
0.181287 0.200449 0.196240 0.210909 0.211114 
0.220182 0.192019 0.190945 0.197666 0.199188 
0.191547 0.196030 0.196247 0.203998 0.212179 
0.192040 0.194338 0.190918 0.197902 0.224802 
0.193396 0.197467 0.194607 0.196947 0.217583 
0.214924 0.195957 0.196706 0.193158 0.199255 
0.216045 0.186608 0.184830 0.210217 0.202300 
0.178298 0.203870 0.206669 0.195466 0.215697 
0.204729 0.209098 0.211783 0.188806 0.185584 
0.189715 0.208289 0.211018 0.193443 0.197534 
0.210418 0.193748 0.200787 0.205564 0.189483 
prostate
0.202152 0.193671 0.196057 0.208595 0.199525 
0.208100 0.201228 0.200682 0.201657 0.188333 
0.207422 0.195212 0.202361 0.203621 0.191383 
0.202397 0.193453 0.189902 0.203234 0.211014 
0.216003 0.195103 0.194756 0.193248 0.200890 
0.227448 0.194296 0.194481 0.192589 0.191186 
0.193841 0.193562 0.198855 0.206426 0.207316 
0.192609 0.199135 0.203075 0.202640 0.202540 
0.212472 0.189529 0.188828 0.206582 0.202589 
0.207269 0.205115 0.205488 0.195224 0.186904 
0.206741 0.207535 0.213107 0.195115 0.177502 
0.194298 0.204272 0.200364 0.211724 0.189342 
0.220688 0.195836 0.194073 0.204859 0.184544 
0.181302 0.203429 0.198039 0.203941 0.213288 
0.224309 0.198183 0.197257 0.196320 0.183931 
0.212275 0.194223 0.192698 0.196015 0.204788 
0.213621 0.195103 0.196544 0.191475 0.203258 
0.214882 0.191252 0.194896 0.205684 0.193287 
0.206152 0.202768 0.202978 0.199703 0.188398 
0.217271 0.198954 0.202149 0.199753 0.181873 
0.200272 0.182816 0.184447 0.198226 0.234240 
0.199916 0.202623 0.196157 0.207507 0.193797 
0.178345 0.196679 0.198181 0.217949 0.208846 
0.183762 0.202696 0.201628 0.210003 0.201912 
0.187687 0.214249 0.208884 0.198291 0.190888 
0.228516 0.194405 0.195712 0.197719 0.183649 
0.180188 0.207281 0.205845 0.200893 0.205792 
0.188040 0.210325 0.203092 0.209925 0.188619 
0.188374 0.198954 0.199924 0.203304 0.209445 
0.197213 0.192167 0.204674 0.208941 0.197005 
0.185720 0.192974 0.199519 0.193455 0.228333 
0.184698 0.184429 0.191296 0.212466 0.227111 
0.229077 0.195212 0.200294 0.189419 0.185999 
0.223726 0.205813 0.202429 0.190180 0.177852 
0.217370 0.189784 0.193913 0.206722 0.192211 
0.214207 0.193671 0.196060 0.202677 0.193385 
0.220589 0.200530 0.200348 0.199616 0.178917 
0.201060 0.193562 0.192932 0.202956 0.209491 
0.221241 0.191179 0.188892 0.200147 0.198542 
0.180730 0.200640 0.205964 0.205255 0.207411 
0.195312 0.207353 0.208628 0.195859 0.192848 
0.222898 0.196055 0.203062 0.190100 0.187886 
0.200048 0.196679 0.199386 0.200806 0.203080 
0.181585 0.198990 0.199038 0.202222 0.218164 
0.198452 0.201228 0.198867 0.203430 0.198023 
0.197114 0.199099 0.203802 0.201270 0.198715 
0.210557 0.192058 0.194309 0.204485 0.198591 
0.207269 0.202877 0.203601 0.198178 0.188074 
0.209980 0.194478 0.202250 0.193703 0.199589 
0.215216 0.201962 0.202464 0.201348 0.179010 
0.180574 0.204345 0.205080 0.209565 0.200436 
0.197254 0.193417 0.191399 0.201354 0.216577 
0.196728 0.204272 0.202984 0.204622 0.191393 
0.227718 0.191840 0.188631 0.187289 0.204522 
0.198977 0.190372 0.192142 0.196611 0.221897 
0.209365 0.198881 0.196159 0.191849 0.203746 
0.193013 0.203648 0.204390 0.202201 0.196748 
0.189179 0.204236 0.204183 0.196150 0.206252 
0.210506 0.201228 0.203137 0.204024 0.181105 
0.198209 0.212120 0.212099 0.195558 0.182014 
0.209464 0.191949 0.189300 0.208904 0.200383 
0.180951 0.198183 0.202493 0.202667 0.215706 
0.214099 0.197377 0.197296 0.200543 0.190685 
0.179484 0.190590 0.194887 0.216769 0.218269 
0.198875 0.188868 0.187127 0.194059 0.231070 
0.201189 0.201264 0.201897 0.198803 0.196847 
0.225951 0.191913 0.188611 0.199923 0.193603 
0.213492 0.187401 0.188880 0.204422 0.205806 
0.191838 0.185163 0.187011 0.216908 0.219081 
0.166868 0.192022 0.196105 0.211480 0.233526 
0.195390 0.206619 0.203931 0.202000 0.192059 
0.178572 0.189014 0.193135 0.215718 0.223561 
0.212842 0.205188 0.205621 0.198474 0.177875 
0.196455 0.200530 0.202535 0.197906 0.202573 
0.205038 0.208857 0.206782 0.189005 0.190317 
0.188148 0.202144 0.203711 0.210238 0.195760 
0.207498 0.203648 0.204061 0.208119 0.176674 
0.201094 0.185381 0.194974 0.214493 0.204058 
0.224155 0.190481 0.191977 0.194475 0.198913 
0.188395 0.192756 0.191396 0.207768 0.219684 
0.174677 0.205224 0.211895 0.211457 0.196746 
0.238091 0.192167 0.195702 0.194144 0.179896 
0.209897 0.200421 0.197338 0.196344 0.196001 
0.184935 0.208269 0.208541 0.205097 0.193158 
0.188655 0.208160 0.207016 0.207090 0.189080 
0.217978 0.199760 0.201937 0.201511 0.178813 
0.192531 0.202107 0.207549 0.205991 0.191822 
0.213234 0.187364 0.191149 0.202033 0.206220 
0.224532 0.184320 0.186489 0.191966 0.212693 
0.182799 0.205813 0.204420 0.209117 0.197851 
0.208933 0.188171 0.195256 0.200834 0.206806 
0.189318 0.205995 0.209840 0.199579 0.195269 
0.225958 0.195139 0.197433 0.198152 0.183318 
0.234331 0.190300 0.189211 0.192177 0.193981 
0.203995 0.206510 0.202952 0.189854 0.196689 
0.209794 0.201155 0.196818 0.206772 0.185461 
0.196304 0.199026 0.199834 0.210020 0.194816 
0.187710 0.201119 0.195716 0.206075 0.209379 
0.228990 0.194957 0.190538 0.196381 0.189134 
0.199417 0.202071 0.204070 0.206478 0.187964 
skin
0.184149 0.204613 0.194318 0.201285 0.215635 
0.217070 0.199969 0.192824 0.193500 0.196638 
0.193723 0.207908 0.201094 0.207183 0.190092 
0.179500 0.211728 0.199686 0.205667 0.203419 
0.211578 0.189258 0.190692 0.201250 0.207222 
0.189462 0.203901 0.198471 0.192813 0.215353 
0.211501 0.206223 0.199879 0.196534 0.185863 
0.164733 0.211953 0.208529 0.206307 0.208478 
0.191327 0.191430 0.187619 0.208658 0.220966 
0.190706 0.204800 0.197486 0.210118 0.196889 
0.197249 0.204725 0.200241 0.208731 0.189054 
0.212552 0.181244 0.182228 0.209747 0.214229 
0.197663 0.190831 0.194569 0.197485 0.219451 
0.196072 0.203339 0.199455 0.204222 0.196910 
0.179843 0.217346 0.210579 0.195746 0.196487 
0.172399 0.207946 0.203151 0.201415 0.215089 
0.197367 0.204238 0.207095 0.197381 0.193920 
0.199517 0.207758 0.199548 0.206838 0.186339 
0.199664 0.212589 0.202784 0.195779 0.189184 
0.178408 0.204013 0.200523 0.208400 0.208656 
0.218770 0.205474 0.195528 0.188543 0.191685 
0.209947 0.201504 0.194317 0.199531 0.194701 
0.189761 0.203938 0.199167 0.201811 0.205323 
0.176489 0.211166 0.207122 0.203998 0.201225 
0.210714 0.192966 0.185792 0.210654 0.199874 
0.184554 0.193003 0.189059 0.205982 0.227401 
0.194828 0.212589 0.208090 0.203503 0.180989 
0.160640 0.219630 0.210277 0.208672 0.200780 
0.173001 0.217383 0.209008 0.202310 0.198297 
0.209363 0.201692 0.200048 0.201319 0.187578 
0.202122 0.201692 0.198347 0.201903 0.195937 
0.194054 0.202366 0.196905 0.197777 0.208898 
0.205283 0.192142 0.184421 0.204797 0.213358 
0.189137 0.197797 0.197876 0.196076 0.219114 
0.180861 0.214911 0.203770 0.200005 0.200453 
0.187820 0.200194 0.196753 0.201184 0.214049 
0.202316 0.203227 0.205470 0.196861 0.192126 
0.226098 0.202441 0.195945 0.187585 0.187930 
0.201636 0.194539 0.192643 0.195230 0.215953 
0.195246 0.204013 0.198670 0.204287 0.197784 
0.210630 0.199295 0.192696 0.204508 0.192872 
0.204427 0.191543 0.190538 0.209562 0.203930 
0.212417 0.201767 0.205087 0.190965 0.189764 
0.216367 0.194576 0.188802 0.198189 0.202065 
0.181983 0.210979 0.200216 0.198850 0.207972 
0.193078 0.196935 0.195276 0.194307 0.220404 
0.213765 0.203938 0.196848 0.198370 0.187078 
0.210748 0.200830 0.197866 0.202398 0.188157 
0.209529 0.199931 0.190937 0.201616 0.197987 
0.209507 0.189033 0.183033 0.191885 0.226541 
0.199254 0.202665 0.204713 0.187051 0.206316 
0.180268 0.203190 0.195250 0.204970 0.216322 
0.194422 0.207983 0.201646 0.202109 0.193841 
0.175154 0.207983 0.201612 0.206805 0.208446 
0.210520 0.205624 0.199624 0.193666 0.190566 
0.226192 0.189782 0.187405 0.195180 0.201441 
0.220907 0.193790 0.187972 0.200072 0.197260 
0.207467 0.205549 0.197299 0.201672 0.188015 
0.201763 0.203938 0.197524 0.194175 0.202599 
0.209500 0.208807 0.203611 0.188004 0.190077 
0.239610 0.185364 0.186778 0.190889 0.197360 
0.181525 0.207122 0.198761 0.201429 0.211163 
0.202608 0.194651 0.191068 0.192532 0.219140 
0.196980 0.193041 0.190700 0.206170 0.213108 
0.239392 0.200044 0.200139 0.185576 0.174850 
0.193164 0.218244 0.214207 0.194771 0.179613 
0.194219 0.198583 0.194551 0.188991 0.223656 
0.179144 0.217271 0.205521 0.214319 0.183745 
0.177510 0.214050 0.205520 0.196394 0.206526 
0.213325 0.205661 0.206858 0.193192 0.180963 
0.190622 0.211129 0.206773 0.196928 0.194548 
0.193814 0.210193 0.199716 0.197209 0.199068 
0.177531 0.208732 0.202969 0.203646 0.207122 
0.216046 0.197834 0.198870 0.193247 0.194002 
0.202873 0.201018 0.198461 0.194125 0.203524 
0.170699 0.202441 0.197969 0.213417 0.215475 
0.195323 0.217458 0.211085 0.199001 0.177132 
0.219587 0.196935 0.192835 0.189611 0.201031 
0.206346 0.198583 0.196535 0.204255 0.194280 
0.196229 0.203864 0.193290 0.193962 0.212656 
0.195412 0.220491 0.213257 0.189391 0.181450 
0.193174 0.201767 0.201890 0.214448 0.188721 
0.219328 0.193116 0.194813 0.184662 0.208081 
0.215413 0.200044 0.194676 0.178955 0.210912 
0.195305 0.197684 0.190485 0.199360 0.217166 
0.208961 0.198358 0.187692 0.205964 0.199025 
0.192950 0.197684 0.190316 0.206405 0.212646 
0.168599 0.211091 0.207626 0.196740 0.215944 
0.184910 0.201654 0.199666 0.202383 0.211386 
0.238933 0.196186 0.191440 0.184633 0.188807 
0.207766 0.205586 0.205356 0.198687 0.182605 
0.205360 0.205586 0.200029 0.207652 0.181371 
0.193891 0.193228 0.193423 0.204942 0.214516 
0.176922 0.219068 0.213702 0.199453 0.190854 
0.208942 0.206972 0.197513 0.186913 0.199660 
0.186479 0.208657 0.201526 0.200494 0.202844 
0.183540 0.214949 0.204878 0.199525 0.197108 
0.215379 0.202328 0.194524 0.194314 0.193455 
0.183962 0.197497 0.186818 0.210487 0.221237 
0.218349 0.224948 0.212723 0.184983 0.158998 
stomach
0.186531 0.209726 0.200054 0.201117 0.202572 
0.184657 0.199758 0.203599 0.198998 0.212989 
0.173829 0.206909 0.209546 0.206458 0.203258 
0.225020 0.192940 0.194281 0.191238 0.196521 
0.201842 0.194533 0.201213 0.204529 0.197883 
0.194305 0.199758 0.208560 0.189581 0.207796 
0.193813 0.205983 0.200934 0.195718 0.203553 
0.184272 0.191199 0.187098 0.214839 0.222592 
0.190223 0.202093 0.199261 0.190390 0.218033 
0.207483 0.207650 0.207665 0.197561 0.179641 
0.182956 0.202093 0.199164 0.202140 0.213648 
0.217118 0.203649 0.200526 0.191324 0.187384 
0.192461 0.209096 0.205782 0.204584 0.188077 
0.184563 0.197498 0.199607 0.198389 0.219944 
0.209427 0.210615 0.203884 0.194329 0.181745 
0.195748 0.190642 0.194614 0.206199 0.212796 
0.226875 0.199647 0.194360 0.183597 0.195521 
0.211828 0.202093 0.197341 0.194647 0.194092 
0.216501 0.206835 0.203754 0.189404 0.183506 
0.221570 0.204353 0.199254 0.189326 0.185496 
0.212119 0.196609 0.201169 0.190588 0.199516 
0.192329 0.210578 0.202752 0.201802 0.192540 
0.204378 0.192792 0.189867 0.204898 0.208065 
0.197582 0.207872 0.217238 0.194561 0.182748 
0.191475 0.220026 0.214466 0.197818 0.176215 
0.229501 0.192903 0.195735 0.189380 0.192481 
0.184568 0.206020 0.201952 0.196410 0.211050 
0.211070 0.190236 0.186337 0.178758 0.233599 
0.213780 0.200536 0.198084 0.202947 0.184654 
0.231277 0.180305 0.180349 0.192068 0.216000 
0.190431 0.199611 0.194909 0.208469 0.206580 
0.189702 0.208059 0.197326 0.193948 0.210965 
0.196011 0.196683 0.195027 0.202976 0.209304 
0.177168 0.207502 0.205132 0.211716 0.198482 
0.201583 0.195757 0.190639 0.208566 0.203455 
0.194527 0.214579 0.209598 0.195813 0.185483 
0.161185 0.219878 0.210303 0.199715 0.208919 
0.194122 0.203759 0.203704 0.196899 0.201515 
0.204472 0.205835 0.196535 0.199949 0.193208 
0.198092 0.205168 0.202617 0.197990 0.196133 
0.167327 0.203723 0.204467 0.205538 0.218946 
0.190656 0.201388 0.205490 0.207130 0.195335 
0.207686 0.196646 0.197860 0.208806 0.189003 
0.214459 0.192088 0.191114 0.203384 0.198954 
0.190440 0.196609 0.193774 0.205752 0.213425 
0.182029 0.198239 0.198671 0.216827 0.204235 
0.186012 0.216950 0.217463 0.198974 0.180599 
0.191283 0.204464 0.200548 0.195476 0.208230 
0.220535 0.203501 0.197154 0.189216 0.189593 
0.219740 0.196646 0.194765 0.194779 0.194070 
0.231327 0.191088 0.186514 0.185361 0.205710 
0.212053 0.203870 0.204714 0.200802 0.178562 
0.180928 0.191347 0.193310 0.205368 0.229047 
0.208795 0.208281 0.201475 0.196427 0.185022 
0.209752 0.190347 0.187243 0.196658 0.216000 
0.215811 0.198239 0.195158 0.191837 0.198955 
0.184150 0.200462 0.195428 0.204488 0.215473 
0.204284 0.199795 0.197868 0.202609 0.195444 
0.205453 0.198165 0.198750 0.196120 0.201512 
0.201326 0.198239 0.197119 0.196405 0.206911 
0.192599 0.205353 0.206375 0.202684 0.192989 
0.214105 0.192051 0.192775 0.198027 0.203043 
0.214475 0.195089 0.192875 0.194437 0.203123 
0.187719 0.211356 0.206037 0.193035 0.201853 
0.216118 0.197276 0.195766 0.187238 0.203602 
0.208213 0.198202 0.196213 0.199213 0.198159 
0.218606 0.206057 0.203019 0.193603 0.178715 
0.174215 0.214469 0.207843 0.204643 0.198830 
0.187728 0.208354 0.203706 0.207142 0.193069 
0.201780 0.199795 0.195983 0.205504 0.196938 
0.191248 0.208465 0.208831 0.195727 0.195729 
0.191397 0.208985 0.202915 0.201342 0.195361 
0.161501 0.214395 0.205599 0.212590 0.205915 
0.181486 0.202944 0.199952 0.208064 0.207553 
0.185574 0.197350 0.192658 0.201453 0.222965 
0.191076 0.205946 0.202174 0.202024 0.198779 
0.207352 0.198869 0.193554 0.204700 0.195526 
0.183479 0.205909 0.200577 0.199592 0.210443 
0.183350 0.195868 0.193509 0.206569 0.220704 
0.160134 0.214505 0.208976 0.208834 0.207550 
0.171306 0.212912 0.205311 0.193871 0.216599 
0.190435 0.209132 0.211781 0.194779 0.193873 
0.187418 0.210578 0.204732 0.200061 0.197211 
0.208632 0.203759 0.205272 0.191573 0.190764 
0.202402 0.214395 0.206222 0.195180 0.181802 
0.185762 0.204390 0.200972 0.196522 0.212354 
0.213543 0.205279 0.204731 0.190803 0.185644 
0.177711 0.202797 0.195731 0.205296 0.218465 
0.199941 0.195089 0.191034 0.203177 0.210759 
0.216556 0.194311 0.190233 0.199210 0.199689 
0.196366 0.196720 0.196594 0.205592 0.204728 
0.182132 0.197498 0.194874 0.211794 0.213702 
0.240452 0.199054 0.196728 0.185900 0.177866 
0.196307 0.199721 0.194299 0.198386 0.211287 
0.203253 0.196683 0.195420 0.194897 0.209747 
0.205841 0.195200 0.196588 0.198254 0.204117 
0.204842 0.211393 0.206302 0.198801 0.178662 
0.187881 0.207613 0.207852 0.201553 0.195101 
0.194824 0.205835 0.196833 0.195283 0.207225 
0.182567 0.205057 0.197901 0.197741 0.216734 
0.632094 0.63166 0.611954 0.624795 0.624949 
