-390878.526802
0
0.000001 0.000001 0.000001 0.000001 0.000001 0.000001 0.000001 0.000001 0.000002 0.000001 0.000003 0.000002 0.000001 0.000001 0.000001 0.000002 0.000227 0.000001 0.000095 0.000002 0.000002 0.000001 0.000001 0.000058 0.000001 0.000002 0.000001 0.035033 0.000001 0.000001 0.000001 0.000001 0.000002 0.000001 0.384835 0.000001 0.000001 0.000001 0.000001 0.000001 0.000001 0.000001 0.000002 0.000283 0.000002 0.000001 0.000001 0.000507 0.000002 0.000001 0.000001 0.000001 0.000001 0.000001 0.000001 0.000001 0.021305 0.000002 0.543220 0.011222 0.000001 0.000001 0.000001 0.000001 0.000001 0.000001 0.000001 0.000001 0.000001 0.000001 0.000001 0.000002 0.000002 0.000001 0.000001 0.000433 0.000001 0.000001 0.000001 0.000001 0.000001 0.000001 0.000002 0.000001 0.000002 0.000001 0.000001 0.000001 0.000001 0.000001 0.000001 0.000002 0.000498 0.000001 0.000001 0.002178 
0.000001 0.000001 0.000001 0.000001 0.000001 0.000001 0.000001 0.000001 0.000002 0.000001 0.446556 0.000002 0.000001 0.000001 0.000001 0.000002 0.000002 0.000001 0.000002 0.000002 0.000002 0.000001 0.000001 0.000002 0.000001 0.000002 0.000001 0.000002 0.000001 0.000001 0.000001 0.000001 0.000002 0.000001 0.000005 0.000001 0.000001 0.000001 0.000001 0.000001 0.000001 0.000001 0.000002 0.000002 0.000002 0.000001 0.000001 0.000003 0.000002 0.000001 0.000001 0.000001 0.000001 0.000001 0.000001 0.000001 0.005221 0.000002 0.548041 0.000002 0.000001 0.000001 0.000001 0.000001 0.000001 0.000001 0.000001 0.000001 0.000001 0.000001 0.000001 0.000002 0.000002 0.000001 0.000001 0.000002 0.000001 0.000001 0.000001 0.000001 0.000001 0.000001 0.000002 0.000001 0.000058 0.000001 0.000001 0.000001 0.000001 0.000001 0.000001 0.000002 0.000003 0.000001 0.000001 0.000002 
0.000001 0.000001 0.000001 0.000001 0.000001 0.000001 0.000001 0.000001 0.001222 0.000001 0.000003 0.000039 0.000001 0.000001 0.000001 0.000058 0.000002 0.000001 0.000002 0.000133 0.000527 0.000001 0.000001 0.000002 0.000020 0.000152 0.000001 0.000002 0.000001 0.000001 0.000001 0.000001 0.000039 0.000001 0.002072 0.000001 0.000001 0.000001 0.000001 0.000001 0.000001 0.000001 0.000321 0.000002 0.000077 0.000001 0.000001 0.001469 0.000039 0.000001 0.000001 0.000001 0.000001 0.000001 0.000001 0.000001 0.039643 0.161785 0.789363 0.000002 0.000001 0.000001 0.000001 0.000001 0.000001 0.000001 0.000001 0.000001 0.000001 0.000001 0.000001 0.000058 0.000058 0.000001 0.000001 0.000002 0.000001 0.000001 0.000001 0.000001 0.000001 0.000001 0.001203 0.000001 0.000002 0.000001 0.000001 0.000001 0.000020 0.000001 0.000001 0.000340 0.001272 0.000001 0.000001 0.000002 
0.355357 0.325080 0.319562 
0.332910 0.320644 0.346447 
0.331741 0.357288 0.310972 
0.297963 0.383784 0.318252 
breast
0.315562 0.345178 0.339260 
0.328518 0.333680 0.337803 
0.328378 0.347166 0.324457 
0.338100 0.318822 0.343079 
0.314142 0.356101 0.329758 
0.319622 0.362866 0.317511 
0.348214 0.316735 0.335051 
0.340972 0.301531 0.357497 
0.346859 0.311089 0.342052 
0.347721 0.336564 0.315715 
0.330733 0.336598 0.332669 
0.319185 0.346526 0.334289 
0.362244 0.313589 0.324167 
0.342454 0.318964 0.338581 
0.334300 0.334032 0.331667 
0.354065 0.318217 0.327718 
0.325624 0.356067 0.318310 
0.373743 0.311133 0.315124 
0.301094 0.340678 0.358228 
0.347650 0.333948 0.318402 
0.368317 0.298125 0.333558 
0.342752 0.324803 0.332446 
0.317288 0.324390 0.358323 
0.312547 0.371749 0.315705 
0.348762 0.322718 0.328520 
0.355001 0.327865 0.317133 
0.312717 0.333914 0.353369 
0.349621 0.315642 0.334737 
0.329248 0.322228 0.348524 
0.293626 0.341721 0.364653 
0.341994 0.346073 0.311933 
0.331193 0.342564 0.326243 
0.332967 0.347376 0.319657 
0.332562 0.329269 0.338168 
0.327868 0.335581 0.336551 
0.359461 0.333496 0.307044 
0.336098 0.337093 0.326809 
0.316454 0.343076 0.340470 
0.361960 0.333090 0.304950 
0.328649 0.337095 0.334256 
0.331606 0.323406 0.344988 
0.351864 0.306276 0.341861 
0.340706 0.327640 0.331654 
0.351026 0.331206 0.317768 
0.337463 0.310785 0.351752 
0.314108 0.350026 0.335866 
0.329457 0.338473 0.332070 
0.314397 0.338011 0.347592 
0.336706 0.360931 0.302362 
0.311965 0.362678 0.325356 
0.312335 0.353719 0.333946 
0.329940 0.324121 0.345939 
0.338649 0.310836 0.350515 
0.317993 0.334873 0.347134 
0.360140 0.316928 0.322932 
0.341406 0.328320 0.330274 
0.324262 0.331912 0.343826 
0.331966 0.329851 0.338183 
0.337060 0.323759 0.339181 
0.322038 0.318626 0.359336 
0.332514 0.328049 0.339437 
0.342834 0.332820 0.324346 
0.324362 0.345484 0.330154 
0.334388 0.327916 0.337696 
0.336820 0.344564 0.318616 
0.341462 0.322885 0.335654 
0.350803 0.329853 0.319344 
0.350569 0.307372 0.342059 
0.330585 0.356118 0.313298 
0.314229 0.334141 0.351630 
0.337220 0.342446 0.320334 
0.350128 0.327317 0.322554 
0.357272 0.326916 0.315813 
0.341945 0.315853 0.342202 
0.333304 0.325056 0.341640 
0.322064 0.340173 0.337764 
0.333269 0.340972 0.325759 
0.329390 0.326653 0.343956 
0.327584 0.326049 0.346367 
0.328127 0.335235 0.336638 
0.336570 0.331947 0.331482 
0.341254 0.331711 0.327035 
0.325124 0.345122 0.329754 
0.341116 0.327319 0.331564 
0.327275 0.342252 0.330473 
0.356064 0.319015 0.324921 
0.344502 0.311602 0.343896 
0.310892 0.354736 0.334372 
0.341394 0.312343 0.346263 
0.321635 0.358751 0.319615 
0.349585 0.331619 0.318796 
0.322086 0.338424 0.339490 
0.322386 0.331307 0.346307 
0.333399 0.326991 0.339610 
0.347403 0.318384 0.334212 
0.345318 0.358550 0.296132 
0.316954 0.314218 0.368828 
0.349187 0.301060 0.349753 
0.329374 0.314892 0.355734 
0.341628 0.338929 0.319443 
prostate
0.325140 0.346698 0.328161 
0.344426 0.333414 0.322159 
0.333876 0.335843 0.330281 
0.332659 0.343084 0.324257 
0.343750 0.318068 0.338182 
0.360083 0.317161 0.322756 
0.324113 0.343663 0.332224 
0.331749 0.329973 0.338278 
0.342221 0.353868 0.303911 
0.343895 0.312611 0.343493 
0.336148 0.312876 0.350976 
0.331172 0.355731 0.313098 
0.341173 0.343156 0.315671 
0.316666 0.342348 0.340986 
0.353956 0.323381 0.322663 
0.338856 0.326602 0.334542 
0.346860 0.313155 0.339984 
0.338454 0.343977 0.317568 
0.337834 0.325016 0.337150 
0.347923 0.329009 0.323069 
0.330804 0.331402 0.337794 
0.327331 0.351267 0.321401 
0.312451 0.361452 0.326098 
0.320479 0.351653 0.327868 
0.332322 0.320602 0.347076 
0.361764 0.325110 0.313126 
0.308642 0.333635 0.357723 
0.322231 0.348581 0.329187 
0.318588 0.336378 0.345033 
0.320266 0.345463 0.334271 
0.329221 0.311977 0.358802 
0.310608 0.350413 0.338979 
0.358323 0.306364 0.335313 
0.354568 0.310483 0.334949 
0.335453 0.345392 0.319156 
0.342284 0.334415 0.323301 
0.349517 0.328173 0.322311 
0.337498 0.338750 0.323753 
0.345955 0.336222 0.317823 
0.312791 0.336121 0.351088 
0.329095 0.321738 0.349168 
0.350865 0.305007 0.344128 
0.328867 0.331972 0.339161 
0.318830 0.334115 0.347056 
0.336468 0.338328 0.325204 
0.329191 0.327323 0.343486 
0.342370 0.339971 0.317659 
0.340230 0.323138 0.336632 
0.339571 0.313213 0.347217 
0.354193 0.333936 0.311871 
0.318090 0.348747 0.333163 
0.324538 0.340435 0.335027 
0.333628 0.340991 0.325381 
0.354749 0.311791 0.333460 
0.329835 0.330402 0.339763 
0.343312 0.316340 0.340348 
0.323782 0.331222 0.344996 
0.316383 0.323602 0.360015 
0.337043 0.338328 0.324629 
0.341395 0.314510 0.344094 
0.336904 0.354132 0.308964 
0.316864 0.333208 0.349928 
0.345781 0.327388 0.326832 
0.305854 0.363495 0.330652 
0.329233 0.319340 0.351427 
0.340316 0.326237 0.333447 
0.345848 0.336743 0.317409 
0.344730 0.342864 0.312406 
0.314160 0.368130 0.317710 
0.311698 0.356975 0.331328 
0.331619 0.333500 0.334882 
0.302992 0.364330 0.332678 
0.349700 0.317910 0.332389 
0.328127 0.318346 0.353527 
0.341927 0.308233 0.349839 
0.315863 0.347183 0.336954 
0.333556 0.343505 0.322939 
0.326864 0.354548 0.318589 
0.354897 0.321154 0.323949 
0.316399 0.345213 0.338389 
0.305955 0.345126 0.348919 
0.373447 0.315984 0.310570 
0.344743 0.325138 0.330119 
0.320732 0.330593 0.348675 
0.326321 0.342298 0.331382 
0.346390 0.332372 0.321238 
0.324833 0.339620 0.335546 
0.333479 0.340214 0.326307 
0.361433 0.317898 0.320669 
0.315472 0.349789 0.334739 
0.339864 0.336208 0.323928 
0.331638 0.323731 0.344631 
0.352471 0.320718 0.326811 
0.365582 0.322646 0.311772 
0.342134 0.310811 0.347055 
0.332380 0.347768 0.319852 
0.326871 0.349047 0.324082 
0.329212 0.347575 0.323212 
0.347869 0.329580 0.322551 
0.328931 0.341884 0.329185 
skin
0.318001 0.345406 0.336593 
0.356230 0.329197 0.314573 
0.331264 0.351518 0.317218 
0.322071 0.352073 0.325857 
0.338598 0.337883 0.323519 
0.316419 0.325423 0.358158 
0.339056 0.334756 0.326188 
0.304792 0.345871 0.349337 
0.317156 0.358720 0.324123 
0.323701 0.358662 0.317636 
0.324547 0.358273 0.317180 
0.339913 0.364306 0.295781 
0.332738 0.331952 0.335310 
0.327089 0.343069 0.329842 
0.319587 0.325755 0.354658 
0.309422 0.339429 0.351149 
0.329040 0.317349 0.353611 
0.325587 0.350739 0.323674 
0.338986 0.328615 0.332399 
0.309625 0.353030 0.337345 
0.358727 0.317035 0.324239 
0.340994 0.340267 0.318738 
0.326951 0.342814 0.330235 
0.316978 0.340239 0.342783 
0.341615 0.364877 0.293508 
0.311279 0.352789 0.335932 
0.333520 0.335985 0.330495 
0.298127 0.354545 0.347328 
0.313062 0.338232 0.348706 
0.344317 0.338784 0.316899 
0.333886 0.341241 0.324873 
0.338527 0.334006 0.327467 
0.332756 0.354137 0.313107 
0.326934 0.328013 0.345052 
0.320801 0.337948 0.341252 
0.326721 0.337735 0.335544 
0.337626 0.330201 0.332173 
0.358252 0.312286 0.329462 
0.335742 0.327009 0.337248 
0.328557 0.345660 0.325783 
0.340726 0.348715 0.310558 
0.326911 0.351935 0.321154 
0.340948 0.314607 0.344444 
0.341343 0.337031 0.321626 
0.329497 0.336808 0.333695 
0.327050 0.326905 0.346046 
0.348903 0.330531 0.320566 
0.343797 0.345046 0.311158 
0.348750 0.346199 0.305051 
0.340537 0.326889 0.332575 
0.343470 0.303628 0.352903 
0.316642 0.349660 0.333698 
0.327305 0.339624 0.333071 
0.310201 0.349451 0.340349 
0.349651 0.322727 0.327622 
0.347706 0.337240 0.315054 
0.347964 0.341225 0.310811 
0.340736 0.341990 0.317273 
0.340982 0.328074 0.330944 
0.350864 0.308602 0.340534 
0.362043 0.317286 0.320670 
0.322660 0.340972 0.336368 
0.338080 0.322680 0.339240 
0.321168 0.352983 0.325849 
0.365053 0.305020 0.329927 
0.339804 0.319688 0.340508 
0.341680 0.313993 0.344328 
0.310633 0.367128 0.322239 
0.309324 0.331926 0.358751 
0.341891 0.318008 0.340101 
0.337553 0.327761 0.334687 
0.326291 0.333633 0.340076 
0.320601 0.342605 0.336794 
0.344831 0.320838 0.334330 
0.350267 0.321453 0.328280 
0.297098 0.366331 0.336570 
0.334168 0.328795 0.337036 
0.351498 0.317078 0.331424 
0.331840 0.345929 0.322231 
0.327127 0.330142 0.342731 
0.339622 0.311435 0.348943 
0.323857 0.363740 0.312403 
0.362631 0.299327 0.338042 
0.358544 0.295194 0.346262 
0.333654 0.339712 0.326633 
0.344205 0.357044 0.298751 
0.323867 0.354452 0.321681 
0.315446 0.327566 0.356988 
0.325803 0.343503 0.330695 
0.370499 0.301814 0.327687 
0.349058 0.329902 0.321040 
0.337232 0.352012 0.310756 
0.330055 0.344130 0.325814 
0.314375 0.327972 0.357654 
0.341417 0.315627 0.342956 
0.325717 0.339759 0.334524 
0.323997 0.335686 0.340317 
0.346705 0.328898 0.324397 
0.308340 0.368218 0.323442 
0.357777 0.309473 0.332749 
stomach
0.318642 0.344202 0.337156 
0.321235 0.335597 0.343168 
0.310556 0.345336 0.344108 
0.351717 0.317793 0.330491 
0.324581 0.343999 0.331420 
0.326169 0.315944 0.357887 
0.328002 0.329091 0.342907 
0.309740 0.374329 0.315932 
0.325215 0.318110 0.356674 
0.336664 0.328666 0.334670 
0.312885 0.342677 0.344439 
0.348551 0.319555 0.331894 
0.323493 0.346719 0.329788 
0.312673 0.333822 0.353506 
0.348576 0.325859 0.325565 
0.319298 0.347758 0.332944 
0.357299 0.303074 0.339627 
0.346492 0.323024 0.330484 
0.347401 0.313008 0.339591 
0.352559 0.317429 0.330012 
0.343210 0.322686 0.334104 
0.323367 0.342859 0.333774 
0.329029 0.346489 0.324481 
0.337921 0.312644 0.349435 
0.326786 0.327546 0.345668 
0.350915 0.315140 0.333944 
0.321486 0.329287 0.349227 
0.344902 0.303843 0.351255 
0.337725 0.346145 0.316129 
0.351177 0.324912 0.323911 
0.322316 0.361837 0.315847 
0.332684 0.332344 0.334972 
0.323470 0.345187 0.331343 
0.302347 0.362276 0.335377 
0.326268 0.363335 0.310397 
0.334106 0.320034 0.345860 
0.306595 0.336590 0.356815 
0.321568 0.327512 0.350920 
0.334636 0.343048 0.322316 
0.325379 0.333086 0.341534 
0.318481 0.346969 0.334550 
0.325386 0.352172 0.322442 
0.337982 0.352361 0.309657 
0.339674 0.346159 0.314167 
0.313836 0.354622 0.331542 
0.305220 0.373654 0.321126 
0.322323 0.329766 0.347911 
0.327406 0.327842 0.344752 
0.349611 0.321228 0.329161 
0.348898 0.332708 0.318393 
0.359327 0.314783 0.325890 
0.345276 0.333012 0.321712 
0.313572 0.348089 0.338339 
0.353896 0.331062 0.315042 
0.334323 0.338822 0.326855 
0.338854 0.317152 0.343994 
0.322168 0.350667 0.327165 
0.328735 0.338249 0.333016 
0.331261 0.331500 0.337239 
0.341363 0.331892 0.326745 
0.332932 0.338978 0.328089 
0.333973 0.336136 0.329891 
0.340797 0.328807 0.330395 
0.336355 0.319015 0.344630 
0.351978 0.317908 0.330114 
0.330722 0.339066 0.330212 
0.344199 0.322113 0.333688 
0.317794 0.346470 0.335736 
0.318676 0.351106 0.330218 
0.332921 0.350532 0.316547 
0.324198 0.322214 0.353589 
0.316215 0.343676 0.340109 
0.301557 0.365731 0.332712 
0.309626 0.353617 0.336757 
0.326716 0.345322 0.327962 
0.317414 0.343635 0.338951 
0.336406 0.349027 0.314566 
0.319735 0.338526 0.341739 
0.307229 0.354096 0.338676 
0.296552 0.354036 0.349413 
0.310796 0.325373 0.363832 
0.331677 0.324806 0.343517 
0.321511 0.337946 0.340543 
0.341869 0.315229 0.342903 
0.335665 0.328882 0.335453 
0.318486 0.327451 0.354063 
0.345977 0.316477 0.337546 
0.313883 0.352834 0.333283 
0.320544 0.348460 0.330996 
0.341869 0.340368 0.317763 
0.330941 0.345383 0.323677 
0.312046 0.363301 0.324653 
0.369682 0.308243 0.322075 
0.324027 0.332944 0.343028 
0.330753 0.327991 0.341257 
0.330265 0.334308 0.335427 
0.335242 0.333951 0.330807 
0.320039 0.335840 0.344121 
0.324849 0.333221 0.341930 
0.315023 0.337413 0.347564 
0.48286 0.493857 0.481855 
