-403626.077792
0
0.000003 0.000003 0.000003 0.000003 0.000003 0.000003 0.000003 0.000003 0.000004 0.000003 0.000006 0.000003 0.000003 0.000003 0.000003 0.000003 0.000513 0.000003 0.000221 0.000003 0.000353 0.000003 0.000003 0.000134 0.000003 0.000004 0.000003 0.000027 0.000003 0.000003 0.000003 0.000003 0.000003 0.000003 0.078485 0.000003 0.000003 0.000003 0.000003 0.000003 0.000003 0.000003 0.000049 0.000003 0.000003 0.000003 0.000003 0.000004 0.000003 0.000003 0.000003 0.000003 0.000003 0.000003 0.000003 0.000003 0.000859 0.000075 0.890320 0.025985 0.000003 0.000003 0.000003 0.000003 0.000003 0.000003 0.000003 0.000003 0.000003 0.000003 0.000003 0.000003 0.000003 0.000003 0.000003 0.001003 0.000003 0.000003 0.000003 0.000003 0.000003 0.000003 0.000197 0.000003 0.000003 0.000003 0.000003 0.000003 0.000003 0.000003 0.000003 0.000003 0.001193 0.000003 0.000003 0.000348 
0.000003 0.000003 0.000003 0.000003 0.000003 0.000003 0.000003 0.000003 0.000003 0.000003 0.000006 0.000003 0.000003 0.000003 0.000003 0.000003 0.000004 0.000003 0.000003 0.000003 0.000005 0.000003 0.000003 0.000003 0.000003 0.000004 0.000003 0.000005 0.000003 0.000003 0.000003 0.000003 0.000003 0.000003 0.000008 0.000003 0.000003 0.000003 0.000003 0.000003 0.000003 0.000003 0.000004 0.000003 0.000003 0.000003 0.000003 0.000004 0.000003 0.000003 0.000003 0.000003 0.000003 0.000003 0.000003 0.000003 0.000007 0.000008 0.999691 0.000004 0.000003 0.000003 0.000003 0.000003 0.000003 0.000003 0.000003 0.000003 0.000003 0.000003 0.000003 0.000003 0.000003 0.000003 0.000003 0.000003 0.000003 0.000003 0.000003 0.000003 0.000003 0.000003 0.000005 0.000003 0.000003 0.000003 0.000003 0.000003 0.000003 0.000003 0.000003 0.000003 0.000005 0.000003 0.000003 0.000006 
0.000003 0.000003 0.000003 0.000003 0.000003 0.000003 0.000003 0.000003 0.002832 0.000003 0.000006 0.000003 0.000003 0.000003 0.000003 0.000003 0.000004 0.000003 0.000003 0.000003 0.000402 0.000003 0.000003 0.000003 0.000003 0.000103 0.000003 0.000029 0.000003 0.000003 0.000003 0.000003 0.000003 0.000003 0.000677 0.000003 0.000003 0.000003 0.000003 0.000003 0.000003 0.000003 0.000308 0.000003 0.000003 0.000003 0.000003 0.000004 0.000003 0.000003 0.000003 0.000003 0.000003 0.000003 0.000003 0.000003 0.000920 0.018592 0.973629 0.000004 0.000003 0.000003 0.000003 0.000003 0.000003 0.000003 0.000003 0.000003 0.000003 0.000003 0.000003 0.000003 0.000134 0.000003 0.000003 0.000003 0.000003 0.000003 0.000003 0.000003 0.000003 0.000003 0.000310 0.000003 0.000003 0.000003 0.000003 0.000003 0.000003 0.000003 0.000003 0.000003 0.001407 0.000003 0.000003 0.000411 
0.000003 0.000003 0.000003 0.000003 0.000003 0.000003 0.000003 0.000003 0.000004 0.000003 0.620199 0.000003 0.000003 0.000003 0.000003 0.000003 0.000004 0.000003 0.000003 0.000003 0.000005 0.000003 0.000003 0.000003 0.000003 0.000004 0.000003 0.000005 0.000003 0.000003 0.000003 0.000003 0.000091 0.000003 0.000008 0.000003 0.000003 0.000003 0.000003 0.000003 0.000003 0.000003 0.000004 0.000660 0.000003 0.000003 0.000003 0.000004 0.000003 0.000003 0.000003 0.000003 0.000003 0.000003 0.000003 0.000003 0.000028 0.000008 0.377940 0.000004 0.000003 0.000003 0.000003 0.000003 0.000003 0.000003 0.000003 0.000003 0.000003 0.000003 0.000003 0.000003 0.000003 0.000003 0.000003 0.000003 0.000003 0.000003 0.000003 0.000003 0.000003 0.000003 0.000006 0.000003 0.000003 0.000003 0.000003 0.000003 0.000003 0.000003 0.000003 0.000792 0.000005 0.000003 0.000003 0.000006 
0.000003 0.000003 0.000003 0.000003 0.000003 0.000003 0.000003 0.000003 0.000004 0.000003 0.438110 0.000003 0.000003 0.000003 0.000003 0.000003 0.000004 0.000003 0.000003 0.000003 0.000005 0.000003 0.000003 0.000003 0.000003 0.000004 0.000003 0.084170 0.000003 0.000003 0.000003 0.000003 0.000003 0.000003 0.000008 0.000003 0.000003 0.000003 0.000003 0.000003 0.000003 0.000003 0.000005 0.000004 0.000003 0.000003 0.000003 0.000004 0.000003 0.000003 0.000003 0.000003 0.000003 0.000003 0.000003 0.000003 0.000008 0.361115 0.116302 0.000004 0.000003 0.000003 0.000003 0.000003 0.000003 0.000003 0.000003 0.000003 0.000003 0.000003 0.000003 0.000003 0.000003 0.000003 0.000003 0.000004 0.000003 0.000003 0.000003 0.000003 0.000003 0.000003 0.000006 0.000003 0.000003 0.000003 0.000003 0.000003 0.000003 0.000003 0.000003 0.000004 0.000005 0.000003 0.000003 0.000006 
0.000003 0.000003 0.000003 0.000003 0.000003 0.000003 0.000003 0.000003 0.000004 0.000003 0.000006 0.000003 0.000003 0.000003 0.000003 0.000003 0.000004 0.000003 0.000003 0.000311 0.000005 0.000003 0.000003 0.000003 0.000003 0.000004 0.000003 0.000005 0.000003 0.000003 0.000003 0.000003 0.000003 0.000003 0.824351 0.000003 0.000003 0.000003 0.000003 0.000003 0.000003 0.000003 0.000005 0.000003 0.000003 0.000003 0.000003 0.000004 0.000003 0.000003 0.000003 0.000003 0.000003 0.000003 0.000003 0.000003 0.151892 0.000008 0.017267 0.000004 0.000003 0.000003 0.000003 0.000003 0.000003 0.000003 0.000003 0.000003 0.000003 0.000003 0.000003 0.000003 0.000003 0.000003 0.000003 0.000003 0.000003 0.000003 0.000003 0.000003 0.000003 0.000003 0.002006 0.000003 0.000003 0.000003 0.000003 0.000003 0.000003 0.000003 0.000003 0.000003 0.000005 0.000003 0.000003 0.003890 
0.000003 0.000003 0.000003 0.000003 0.000003 0.000003 0.000003 0.000003 0.000004 0.000003 0.000006 0.000090 0.000003 0.000003 0.000003 0.000133 0.000016 0.000003 0.000003 0.000003 0.000474 0.000003 0.000003 0.000003 0.000046 0.000251 0.000003 0.000036 0.000003 0.000003 0.000003 0.000003 0.000003 0.000003 0.000451 0.000003 0.000003 0.000003 0.000003 0.000003 0.000003 0.000003 0.000394 0.000003 0.000176 0.000003 0.000003 0.004546 0.000090 0.000003 0.000003 0.000003 0.000003 0.000003 0.000003 0.000003 0.000970 0.008120 0.981419 0.000004 0.000003 0.000003 0.000003 0.000003 0.000003 0.000003 0.000003 0.000003 0.000003 0.000003 0.000003 0.000133 0.000003 0.000003 0.000003 0.000003 0.000003 0.000003 0.000003 0.000003 0.000003 0.000003 0.000309 0.000003 0.000133 0.000003 0.000003 0.000003 0.000046 0.000003 0.000003 0.000003 0.001495 0.000003 0.000003 0.000452 
0.146745 0.140598 0.139455 0.147986 0.141584 0.139616 0.144017 
0.139496 0.147799 0.129842 0.159383 0.129480 0.154303 0.139697 
0.140475 0.151253 0.144894 0.143217 0.134972 0.138542 0.146647 
0.139737 0.136974 0.148458 0.144510 0.148510 0.138181 0.143630 
breast
0.157530 0.154299 0.155155 0.145248 0.130075 0.103248 0.154444 
0.148642 0.146026 0.145755 0.142147 0.142047 0.128684 0.146699 
0.142953 0.142717 0.142160 0.150871 0.139782 0.137904 0.143614 
0.150872 0.147681 0.148397 0.132805 0.133121 0.137284 0.149839 
0.149549 0.144371 0.145365 0.155760 0.147385 0.111144 0.146425 
0.137751 0.132238 0.133987 0.164024 0.166374 0.130987 0.134641 
0.151312 0.145475 0.144511 0.131980 0.125999 0.155095 0.145629 
0.142368 0.144371 0.144144 0.123028 0.142835 0.158489 0.144765 
0.141694 0.142717 0.141980 0.129524 0.138790 0.160008 0.145286 
0.142577 0.143268 0.141422 0.143963 0.119287 0.166401 0.143081 
0.146220 0.147681 0.146001 0.142769 0.140673 0.129405 0.147252 
0.145115 0.143820 0.142813 0.149862 0.143224 0.131345 0.143821 
0.146159 0.139408 0.139062 0.132553 0.129685 0.173046 0.140087 
0.149413 0.141062 0.140383 0.134597 0.135323 0.157965 0.141257 
0.153030 0.141614 0.140497 0.143343 0.143853 0.136216 0.141447 
0.147266 0.135547 0.135060 0.136799 0.156373 0.150917 0.138039 
0.137885 0.139959 0.138707 0.156955 0.146787 0.139863 0.139845 
0.149520 0.139408 0.138042 0.131129 0.112552 0.190079 0.139269 
0.144231 0.148784 0.148798 0.144606 0.145238 0.118652 0.149692 
0.148126 0.147681 0.145292 0.141345 0.121474 0.146744 0.149338 
0.146720 0.146578 0.145884 0.121006 0.132853 0.159860 0.147100 
0.144709 0.143820 0.142430 0.137053 0.132315 0.156128 0.143545 
0.148002 0.149335 0.149238 0.134850 0.138591 0.129779 0.150205 
0.141342 0.144923 0.143583 0.164507 0.144740 0.115704 0.145200 
0.144098 0.141062 0.143228 0.137442 0.132819 0.157047 0.144304 
0.142185 0.138305 0.137467 0.140681 0.124282 0.178271 0.138810 
0.141818 0.143268 0.143083 0.142540 0.154062 0.131560 0.143668 
0.145727 0.137202 0.137623 0.134573 0.142407 0.164252 0.138216 
0.144241 0.145475 0.147434 0.134827 0.137579 0.138459 0.151986 
0.145842 0.149887 0.149525 0.145018 0.156705 0.103001 0.150023 
0.141978 0.134444 0.133577 0.153464 0.144847 0.154746 0.136944 
0.143252 0.141062 0.139949 0.151234 0.150462 0.133019 0.141021 
0.146069 0.144923 0.143252 0.150274 0.146595 0.124277 0.144609 
0.145590 0.144923 0.144237 0.138891 0.126380 0.154477 0.145502 
0.138303 0.141062 0.140307 0.144559 0.158689 0.136033 0.141048 
0.141314 0.138305 0.136949 0.144947 0.143717 0.156654 0.138115 
0.150342 0.153747 0.151917 0.140772 0.115723 0.133528 0.153971 
0.148099 0.149335 0.149299 0.146234 0.135277 0.120157 0.151599 
0.143037 0.136650 0.134691 0.144330 0.120338 0.184810 0.136143 
0.137989 0.136099 0.135660 0.146970 0.146488 0.160548 0.136247 
0.144586 0.147129 0.148457 0.135445 0.137259 0.140168 0.146956 
0.158752 0.156505 0.154883 0.121880 0.106410 0.144877 0.156693 
0.136825 0.133341 0.134406 0.143089 0.155892 0.161346 0.135101 
0.147852 0.143820 0.142202 0.141322 0.128558 0.152716 0.143531 
0.154591 0.154299 0.154222 0.125323 0.113242 0.142511 0.155813 
0.148320 0.144923 0.143778 0.151698 0.141759 0.124807 0.144715 
0.144933 0.148232 0.146368 0.142977 0.117712 0.149319 0.150458 
0.144515 0.146578 0.150501 0.143779 0.138622 0.126830 0.149175 
0.138191 0.132789 0.134824 0.162807 0.152044 0.145789 0.133555 
0.139549 0.142717 0.141179 0.159412 0.133996 0.138240 0.144907 
0.148613 0.146026 0.144855 0.153534 0.145606 0.115418 0.145948 
0.155996 0.147681 0.146839 0.135652 0.137321 0.128753 0.147759 
0.145823 0.143820 0.143934 0.128515 0.142570 0.150253 0.145085 
0.145841 0.150438 0.149235 0.140955 0.142982 0.120349 0.150200 
0.151279 0.145475 0.144962 0.131980 0.112759 0.166928 0.146618 
0.149822 0.147129 0.145345 0.140698 0.125815 0.144546 0.146646 
0.149676 0.152093 0.150734 0.138728 0.139306 0.117536 0.151928 
0.146289 0.144371 0.143149 0.140106 0.141216 0.138322 0.146548 
0.145425 0.142717 0.143134 0.136641 0.148847 0.138943 0.144293 
0.149420 0.148232 0.148275 0.131591 0.134435 0.136368 0.151677 
0.145651 0.146026 0.144472 0.137881 0.127925 0.149944 0.148101 
0.149744 0.152644 0.152378 0.138935 0.114447 0.140088 0.151764 
0.141135 0.142165 0.142295 0.150663 0.148322 0.132294 0.143126 
0.147690 0.144923 0.144609 0.141294 0.140127 0.135752 0.145604 
0.150834 0.149887 0.147211 0.146442 0.122604 0.133993 0.149029 
0.147361 0.146578 0.145181 0.137645 0.125685 0.151277 0.146273 
0.131692 0.126723 0.126699 0.146303 0.159246 0.182280 0.127056 
0.152123 0.146578 0.145718 0.126698 0.140578 0.141828 0.146477 
0.134543 0.129480 0.129388 0.162553 0.152755 0.160956 0.130325 
0.146923 0.147681 0.147645 0.141345 0.138510 0.129405 0.148491 
0.146143 0.142717 0.141659 0.148025 0.133515 0.142455 0.145485 
0.149240 0.143268 0.141435 0.138271 0.117423 0.167399 0.142963 
0.140939 0.140511 0.140078 0.140082 0.142607 0.154370 0.141414 
0.146840 0.139408 0.139150 0.133976 0.162968 0.135659 0.142001 
0.147408 0.142717 0.144409 0.138062 0.148986 0.135715 0.142703 
0.147845 0.150438 0.148670 0.143802 0.138580 0.120695 0.149969 
0.143308 0.144923 0.143915 0.146006 0.124757 0.149222 0.147869 
0.149446 0.149335 0.148826 0.136273 0.123761 0.142261 0.150098 
0.144053 0.137202 0.137057 0.142672 0.162825 0.136314 0.139877 
0.138213 0.138305 0.138433 0.144950 0.154891 0.143247 0.141962 
0.143988 0.138856 0.140078 0.143731 0.163247 0.128736 0.141362 
0.142597 0.142165 0.142411 0.142125 0.136059 0.151029 0.143614 
0.140478 0.137202 0.136549 0.151652 0.152131 0.142362 0.139626 
0.145580 0.142717 0.141714 0.139485 0.143433 0.139563 0.147509 
0.146456 0.142717 0.141622 0.148025 0.145027 0.126123 0.150029 
0.150308 0.147681 0.148039 0.132805 0.131898 0.142193 0.147076 
0.149070 0.150990 0.150876 0.126930 0.129256 0.140579 0.152300 
0.147332 0.152644 0.153007 0.151744 0.127422 0.113289 0.154561 
0.146654 0.146026 0.147406 0.129339 0.133204 0.149078 0.148292 
0.140581 0.144371 0.144914 0.157184 0.149042 0.120073 0.143833 
0.143334 0.138305 0.137292 0.143525 0.139993 0.159241 0.138310 
0.138493 0.141062 0.140526 0.145983 0.150057 0.142590 0.141289 
0.139903 0.139959 0.139917 0.142722 0.163781 0.133479 0.140239 
0.141902 0.142165 0.141483 0.139279 0.157118 0.135879 0.142175 
0.145035 0.141062 0.142490 0.134596 0.140131 0.155735 0.140951 
0.140133 0.134444 0.133583 0.160581 0.141326 0.154919 0.135013 
0.146436 0.146578 0.146425 0.129548 0.153718 0.130425 0.146871 
0.149997 0.150438 0.148939 0.121030 0.127329 0.144948 0.157318 
0.151964 0.149887 0.150595 0.129363 0.137464 0.128963 0.151764 
0.144028 0.139408 0.138654 0.146787 0.128505 0.160126 0.142494 
prostate
0.136444 0.142697 0.136821 0.154703 0.135443 0.154431 0.139460 
0.148411 0.148313 0.141081 0.145232 0.126841 0.143569 0.146553 
0.137930 0.143820 0.137274 0.147883 0.128716 0.161945 0.142432 
0.136621 0.142697 0.136796 0.153252 0.148568 0.142792 0.139274 
0.138672 0.143820 0.138256 0.137742 0.140055 0.160889 0.140565 
0.142100 0.143259 0.137827 0.137530 0.131399 0.167303 0.140583 
0.138786 0.142697 0.139747 0.153253 0.143931 0.139246 0.142341 
0.143377 0.146628 0.140164 0.143150 0.139273 0.144541 0.142867 
0.139772 0.139889 0.135780 0.160883 0.140773 0.146685 0.136217 
0.146981 0.151121 0.145262 0.134212 0.126170 0.148178 0.148075 
0.152849 0.152806 0.147014 0.130995 0.115951 0.150438 0.149947 
0.146927 0.150560 0.142694 0.157669 0.125807 0.130258 0.146085 
0.139602 0.144382 0.137518 0.152440 0.122373 0.163276 0.140409 
0.145386 0.149998 0.143674 0.150213 0.149999 0.114535 0.146194 
0.150098 0.146067 0.139230 0.140039 0.123386 0.159077 0.142103 
0.137936 0.143259 0.137686 0.143324 0.143823 0.151590 0.142383 
0.140668 0.143820 0.138254 0.134845 0.142948 0.156494 0.142971 
0.147859 0.141012 0.135620 0.154066 0.130963 0.149508 0.140973 
0.142705 0.149436 0.143170 0.142268 0.127093 0.149366 0.145963 
0.143371 0.146628 0.141926 0.143148 0.120894 0.159087 0.144946 
0.132043 0.134834 0.130348 0.148836 0.171668 0.150263 0.132007 
0.144323 0.149436 0.142315 0.155796 0.130920 0.131935 0.145275 
0.137123 0.144943 0.138981 0.165199 0.143386 0.128465 0.141902 
0.141415 0.149436 0.143150 0.155796 0.138131 0.123481 0.148591 
0.156839 0.157861 0.151342 0.134350 0.129645 0.114489 0.155474 
0.139187 0.143259 0.136645 0.141876 0.123101 0.176245 0.139687 
0.148296 0.152806 0.150070 0.144030 0.142606 0.112039 0.150153 
0.150203 0.155053 0.147342 0.154527 0.125637 0.116652 0.150586 
0.138706 0.146628 0.140689 0.147494 0.146103 0.134919 0.145461 
0.142079 0.141574 0.138197 0.154279 0.133088 0.149946 0.140838 
0.135344 0.142135 0.138068 0.134210 0.165782 0.144464 0.139996 
0.136007 0.135957 0.131056 0.161807 0.162175 0.135236 0.137761 
0.140478 0.143820 0.138423 0.130500 0.126335 0.179313 0.141132 
0.154781 0.151683 0.144714 0.130569 0.118403 0.152248 0.147601 
0.137763 0.139889 0.134011 0.155091 0.129225 0.167280 0.136742 
0.144165 0.142697 0.136219 0.147459 0.130997 0.159520 0.138942 
0.148972 0.147751 0.140587 0.142124 0.117655 0.159273 0.143637 
0.136455 0.142697 0.136600 0.150356 0.146993 0.147687 0.139213 
0.139049 0.141012 0.134816 0.149719 0.137196 0.160854 0.137354 
0.143317 0.147752 0.144076 0.146471 0.143034 0.131211 0.144140 
0.149591 0.152806 0.149291 0.136788 0.131458 0.130297 0.149770 
0.146447 0.144382 0.138682 0.129264 0.127502 0.172599 0.141124 
0.142672 0.144943 0.141293 0.145410 0.140496 0.143845 0.141341 
0.144704 0.146628 0.140813 0.146046 0.154590 0.124100 0.143119 
0.145389 0.148313 0.141314 0.148130 0.135626 0.136978 0.144250 
0.146633 0.146628 0.141389 0.141701 0.135573 0.144027 0.144049 
0.140751 0.141574 0.135019 0.151381 0.136320 0.154773 0.140183 
0.146982 0.149436 0.142835 0.138414 0.126305 0.150333 0.145694 
0.142928 0.143259 0.138660 0.134634 0.138080 0.161427 0.141012 
0.147964 0.148875 0.144415 0.145444 0.118137 0.149656 0.145509 
0.145881 0.150560 0.143728 0.153324 0.136169 0.123653 0.146686 
0.138398 0.142697 0.139657 0.151803 0.154142 0.133837 0.139466 
0.150029 0.150560 0.143945 0.148977 0.128999 0.130258 0.147232 
0.146723 0.141574 0.136134 0.135444 0.145726 0.153772 0.140629 
0.136861 0.140450 0.137870 0.146609 0.160302 0.140437 0.137470 
0.144933 0.146628 0.140675 0.135904 0.143253 0.145571 0.143036 
0.141885 0.149998 0.143527 0.142972 0.133536 0.141901 0.146181 
0.149529 0.150560 0.146064 0.138837 0.143958 0.122686 0.148366 
0.148776 0.148313 0.141334 0.148130 0.119141 0.147497 0.146809 
0.147497 0.156176 0.148741 0.130818 0.120676 0.144204 0.151888 
0.138511 0.141574 0.134860 0.160072 0.137425 0.149878 0.137680 
0.143408 0.146067 0.141905 0.145833 0.152126 0.123923 0.146738 
0.148725 0.145505 0.139104 0.145129 0.129707 0.147568 0.144261 
0.137120 0.140450 0.134561 0.165444 0.152131 0.130919 0.139375 
0.140131 0.139327 0.135556 0.140391 0.169754 0.136657 0.138185 
0.143409 0.148313 0.141568 0.140887 0.135308 0.143736 0.146779 
0.139938 0.141574 0.135332 0.149931 0.132450 0.162894 0.137882 
0.138906 0.138204 0.132779 0.154454 0.143463 0.156745 0.135449 
0.137055 0.136519 0.130929 0.169754 0.153299 0.139126 0.133318 
0.135696 0.141574 0.136604 0.161521 0.168610 0.116789 0.139206 
0.143972 0.152244 0.145309 0.143819 0.129651 0.136698 0.148306 
0.132418 0.139327 0.134510 0.166468 0.157434 0.132930 0.136913 
0.151112 0.151121 0.143761 0.137110 0.117085 0.152906 0.146904 
0.140320 0.147752 0.141882 0.138735 0.140802 0.143893 0.146617 
0.146437 0.153929 0.148258 0.128520 0.130475 0.141135 0.151246 
0.149301 0.148875 0.142118 0.152689 0.131009 0.131063 0.144945 
0.147514 0.149998 0.142464 0.150215 0.113410 0.150690 0.145708 
0.131899 0.136519 0.131178 0.161064 0.138621 0.166840 0.133879 
0.143896 0.140450 0.135250 0.140816 0.138433 0.163375 0.137779 
0.134967 0.142135 0.136693 0.156895 0.155826 0.134675 0.138808 
0.146337 0.151121 0.145157 0.150640 0.131572 0.122313 0.152859 
0.140807 0.141574 0.134792 0.136895 0.120217 0.187883 0.137833 
0.148114 0.147751 0.141135 0.140674 0.135078 0.143393 0.143855 
0.146210 0.153368 0.146565 0.143753 0.129753 0.130974 0.149377 
0.144381 0.153368 0.145818 0.148589 0.125943 0.130473 0.151427 
0.150429 0.147190 0.142528 0.144809 0.117275 0.154522 0.143248 
0.143957 0.148875 0.142907 0.148343 0.128477 0.141416 0.146026 
0.144743 0.138204 0.137531 0.153005 0.144060 0.147443 0.135014 
0.139469 0.135957 0.130455 0.140568 0.152984 0.165495 0.135071 
0.149246 0.151683 0.144823 0.153748 0.133887 0.118825 0.147790 
0.138429 0.138766 0.138514 0.150320 0.145120 0.152361 0.136491 
0.143125 0.151683 0.145021 0.137814 0.132803 0.141630 0.147925 
0.139550 0.143820 0.137260 0.141597 0.122973 0.172388 0.142412 
0.138405 0.140450 0.135818 0.142263 0.135092 0.169132 0.138839 
0.149159 0.152244 0.145984 0.130780 0.136843 0.134000 0.150988 
0.146284 0.148313 0.141357 0.153924 0.122800 0.142888 0.144434 
0.139345 0.146628 0.139653 0.154738 0.130785 0.146238 0.142613 
0.140128 0.148313 0.141389 0.153923 0.146496 0.125492 0.144258 
0.139897 0.143820 0.137550 0.144984 0.128695 0.164963 0.140091 
0.143658 0.148875 0.144340 0.149791 0.124797 0.143565 0.144975 
skin
0.143674 0.146990 0.145316 0.147896 0.153097 0.117739 0.145288 
0.142993 0.143628 0.140542 0.139547 0.137187 0.155125 0.140978 
0.143421 0.149231 0.145257 0.150138 0.127544 0.135988 0.148421 
0.146747 0.152033 0.148377 0.149731 0.140602 0.113612 0.148898 
0.136587 0.135784 0.134353 0.146672 0.144739 0.167465 0.134400 
0.146468 0.146430 0.146634 0.136291 0.153602 0.124284 0.146292 
0.148604 0.148111 0.147615 0.141178 0.125486 0.143376 0.145630 
0.143837 0.152033 0.149844 0.145457 0.144010 0.114639 0.150180 
0.135595 0.137465 0.135295 0.158683 0.157230 0.138156 0.137577 
0.143464 0.146990 0.143356 0.155023 0.133281 0.133931 0.143954 
0.146431 0.146990 0.145879 0.155023 0.126243 0.135297 0.144137 
0.131332 0.130181 0.129964 0.164585 0.151678 0.161946 0.130315 
0.136189 0.136905 0.136098 0.141379 0.157075 0.153978 0.138376 
0.142895 0.145870 0.142809 0.146065 0.133799 0.145381 0.143182 
0.145557 0.155955 0.155514 0.132631 0.134460 0.122593 0.153290 
0.139340 0.149231 0.149234 0.143012 0.151650 0.120823 0.146710 
0.144178 0.146430 0.144822 0.132999 0.131828 0.152476 0.147268 
0.141973 0.149231 0.145832 0.152542 0.124625 0.137011 0.148786 
0.146762 0.152593 0.149081 0.135683 0.128282 0.138063 0.149536 
0.140421 0.146430 0.144483 0.151969 0.144476 0.125158 0.147063 
0.146458 0.147551 0.144358 0.130998 0.132810 0.153145 0.144682 
0.141867 0.144749 0.142352 0.145655 0.133848 0.146355 0.145173 
0.143579 0.146430 0.144181 0.146268 0.143301 0.129198 0.147043 
0.142223 0.151473 0.149115 0.142403 0.137525 0.127775 0.149486 
0.138248 0.138586 0.134923 0.161941 0.137342 0.153339 0.135621 
0.132244 0.138586 0.137681 0.154815 0.163336 0.135983 0.137354 
0.144142 0.152593 0.149280 0.139959 0.119894 0.135872 0.158260 
0.147539 0.157636 0.154121 0.148920 0.136331 0.098539 0.156913 
0.149370 0.155955 0.152678 0.139758 0.134900 0.114361 0.152978 
0.147774 0.144749 0.141373 0.144232 0.126345 0.151109 0.144417 
0.144946 0.144749 0.141852 0.145657 0.133848 0.146728 0.142220 
0.141599 0.145309 0.143980 0.141584 0.147448 0.135752 0.144328 
0.135132 0.138025 0.135455 0.156036 0.151039 0.148777 0.135535 
0.135413 0.141947 0.143229 0.138937 0.156915 0.142954 0.140605 
0.150907 0.154274 0.151026 0.140570 0.138101 0.113820 0.151302 
0.135982 0.143628 0.141140 0.143824 0.151114 0.143153 0.141159 
0.148901 0.145870 0.144260 0.138938 0.131127 0.143785 0.147118 
0.145084 0.145309 0.142881 0.128758 0.128837 0.166046 0.143085 
0.142937 0.139706 0.140473 0.141951 0.155248 0.141920 0.137764 
0.141902 0.146430 0.144013 0.147693 0.135012 0.140495 0.144455 
0.139712 0.143068 0.139799 0.150746 0.130893 0.155415 0.140367 
0.139580 0.137465 0.135688 0.156814 0.140555 0.154005 0.135891 
0.143770 0.144749 0.143481 0.129980 0.129413 0.162406 0.146200 
0.139664 0.139706 0.137224 0.145247 0.140802 0.160102 0.137255 
0.144293 0.151473 0.148221 0.140976 0.146159 0.120346 0.148532 
0.139651 0.141387 0.140650 0.138732 0.158913 0.137860 0.142806 
0.140681 0.146430 0.142932 0.141547 0.127069 0.155489 0.145852 
0.140888 0.144189 0.140692 0.148303 0.126995 0.155140 0.143794 
0.144536 0.143628 0.140158 0.149523 0.137356 0.141594 0.143204 
0.135768 0.135784 0.134601 0.140969 0.165879 0.152932 0.134066 
0.140530 0.145309 0.145573 0.123059 0.145687 0.156839 0.143003 
0.143826 0.145870 0.143223 0.150340 0.152876 0.120596 0.143268 
0.143449 0.149231 0.146010 0.143012 0.131223 0.140712 0.146362 
0.139563 0.149231 0.146360 0.148713 0.144243 0.125376 0.146513 
0.143469 0.147551 0.144289 0.133849 0.130136 0.156021 0.144686 
0.135739 0.136344 0.134242 0.145448 0.141416 0.170175 0.136635 
0.137404 0.139146 0.136208 0.147893 0.136180 0.166665 0.136503 
0.147616 0.147551 0.143890 0.145250 0.126479 0.144724 0.144491 
0.141819 0.146430 0.145932 0.137716 0.142053 0.142343 0.143706 
0.149554 0.149792 0.146814 0.124689 0.130211 0.151847 0.147094 
0.140394 0.132983 0.130986 0.135676 0.137398 0.191690 0.130872 
0.146219 0.148671 0.145989 0.144233 0.148451 0.120282 0.146155 
0.136231 0.139706 0.137972 0.136696 0.157922 0.153871 0.137602 
0.134765 0.138586 0.138870 0.154816 0.149775 0.146748 0.136441 
0.142729 0.143628 0.148044 0.127701 0.117423 0.179353 0.141121 
0.149384 0.156515 0.152538 0.128560 0.118535 0.141218 0.153249 
0.137827 0.142508 0.140659 0.130590 0.162938 0.145154 0.140325 
0.147765 0.155955 0.151552 0.156859 0.119373 0.116039 0.152457 
0.147939 0.153714 0.153902 0.137515 0.144489 0.108726 0.153715 
0.148224 0.147551 0.145528 0.130999 0.120620 0.156192 0.150887 
0.142856 0.151473 0.148577 0.135277 0.133139 0.139545 0.149135 
0.149249 0.150912 0.148047 0.139347 0.137391 0.126910 0.148144 
0.144590 0.149792 0.146837 0.144641 0.144110 0.120471 0.149559 
0.147212 0.141947 0.141030 0.134662 0.133202 0.160652 0.141294 
0.139949 0.144189 0.141221 0.134052 0.142595 0.156478 0.141516 
0.138056 0.145309 0.145099 0.160112 0.150065 0.118567 0.142791 
0.149106 0.155955 0.151999 0.134057 0.115186 0.140994 0.152702 
0.147924 0.141387 0.139079 0.133032 0.141430 0.155748 0.141401 
0.145575 0.142508 0.139908 0.149117 0.131739 0.150883 0.140271 
0.139176 0.146430 0.144339 0.139141 0.151444 0.135428 0.144042 
0.164184 0.158196 0.154583 0.123470 0.121318 0.120800 0.157448 
0.139686 0.144749 0.141225 0.158484 0.124650 0.146709 0.144498 
0.139641 0.138586 0.139794 0.125868 0.149491 0.169360 0.137262 
0.143412 0.143628 0.143236 0.119595 0.152640 0.154532 0.142957 
0.135312 0.141947 0.139475 0.146062 0.155295 0.142440 0.139468 
0.139220 0.142508 0.138769 0.156241 0.137502 0.146318 0.139443 
0.139485 0.141947 0.139225 0.154613 0.149505 0.135868 0.139356 
0.141517 0.151473 0.152407 0.135276 0.153222 0.116117 0.149987 
0.141922 0.144749 0.143581 0.147082 0.148906 0.129512 0.144249 
0.149143 0.140827 0.139013 0.124277 0.131023 0.175628 0.140090 
0.144632 0.147551 0.145323 0.138125 0.121920 0.151468 0.150982 
0.143027 0.147551 0.143422 0.150952 0.119071 0.149277 0.146700 
0.134458 0.138586 0.136100 0.149117 0.151004 0.154537 0.136198 
0.148403 0.157076 0.153922 0.133040 0.127544 0.125848 0.154168 
0.144484 0.148671 0.146704 0.129980 0.140361 0.143214 0.146586 
0.147769 0.149792 0.147078 0.143215 0.140726 0.124028 0.147392 
0.144550 0.154274 0.150926 0.139145 0.134889 0.124946 0.151269 
0.142050 0.145309 0.142517 0.138733 0.133470 0.152747 0.145173 
0.135042 0.141947 0.140533 0.163163 0.157276 0.121506 0.140533 
0.153893 0.161558 0.159881 0.121841 0.101528 0.142913 0.158386 
stomach
0.152550 0.148872 0.151247 0.143926 0.140304 0.113630 0.149472 
0.144891 0.141745 0.145522 0.141256 0.151166 0.126855 0.148564 
0.141510 0.146679 0.150044 0.144519 0.138979 0.129814 0.148454 
0.138905 0.136812 0.139543 0.132347 0.136186 0.178505 0.137701 
0.137897 0.137908 0.143140 0.146880 0.134736 0.160322 0.139117 
0.148770 0.141745 0.150236 0.129959 0.147350 0.133429 0.148511 
0.142013 0.146131 0.148832 0.135839 0.141895 0.138369 0.146922 
0.136665 0.135715 0.138111 0.165827 0.157841 0.129428 0.136413 
0.146631 0.143390 0.147765 0.130575 0.156648 0.129558 0.145432 
0.150835 0.147227 0.149403 0.134839 0.118171 0.151563 0.147962 
0.140910 0.143390 0.146334 0.144697 0.150602 0.127367 0.146700 
0.143351 0.144486 0.147572 0.130986 0.127381 0.160252 0.145971 
0.145903 0.148324 0.152657 0.145134 0.125421 0.133663 0.148898 
0.138894 0.140101 0.144364 0.140640 0.157177 0.134226 0.144598 
0.148401 0.149420 0.151027 0.132835 0.121580 0.147018 0.149718 
0.135602 0.135167 0.138852 0.150089 0.148746 0.154546 0.136997 
0.145616 0.141745 0.144807 0.125302 0.137744 0.159693 0.145093 
0.143449 0.143390 0.145644 0.135805 0.134050 0.153660 0.144001 
0.148773 0.146679 0.149256 0.126160 0.123490 0.158079 0.147563 
0.150078 0.145034 0.147448 0.129779 0.126451 0.152985 0.148225 
0.142623 0.139553 0.146984 0.134785 0.139898 0.155830 0.140328 
0.155683 0.149420 0.151466 0.142720 0.130264 0.120554 0.149893 
0.137109 0.136812 0.139665 0.151698 0.145706 0.151167 0.137843 
0.151226 0.147227 0.151996 0.124955 0.120661 0.153073 0.150860 
0.150209 0.155998 0.157818 0.131065 0.114210 0.134325 0.156375 
0.141508 0.136812 0.142054 0.130935 0.132620 0.178334 0.137737 
0.143376 0.146131 0.149076 0.135839 0.148768 0.129776 0.147035 
0.135106 0.135167 0.141252 0.126079 0.175331 0.148284 0.138781 
0.147748 0.142294 0.144748 0.147110 0.123071 0.151450 0.143579 
0.134251 0.128041 0.132043 0.140355 0.156707 0.175311 0.133292 
0.142424 0.141745 0.145983 0.156789 0.144048 0.124464 0.144547 
0.146068 0.147775 0.151078 0.137866 0.150456 0.117480 0.149276 
0.139408 0.139553 0.143217 0.147495 0.146437 0.142450 0.141441 
0.146047 0.147227 0.149561 0.154608 0.134148 0.118013 0.150395 
0.143239 0.139004 0.143278 0.158586 0.140913 0.135544 0.139436 
0.147204 0.152161 0.154937 0.128215 0.124456 0.138642 0.154384 
0.147621 0.155998 0.158573 0.136713 0.145847 0.098584 0.156664 
0.141276 0.144486 0.148310 0.135224 0.138965 0.145427 0.146312 
0.147403 0.146131 0.148065 0.144311 0.132043 0.135494 0.146554 
0.149207 0.145583 0.148983 0.138458 0.134373 0.133807 0.149590 
0.139055 0.144486 0.147912 0.146521 0.155305 0.120310 0.146411 
0.141361 0.142842 0.147535 0.150141 0.132500 0.141709 0.143912 
0.140449 0.139553 0.141904 0.154137 0.127236 0.151043 0.145678 
0.139733 0.136264 0.138365 0.149087 0.136872 0.162816 0.136863 
0.138523 0.139553 0.142393 0.153143 0.150074 0.135895 0.140418 
0.136274 0.140649 0.144960 0.163440 0.139275 0.131874 0.143528 
0.147839 0.153805 0.158055 0.133068 0.118349 0.132268 0.156616 
0.143030 0.145034 0.147872 0.135428 0.146407 0.136330 0.145897 
0.145387 0.144486 0.147069 0.132397 0.130610 0.154702 0.145349 
0.145252 0.139553 0.141713 0.139022 0.133939 0.157977 0.142544 
0.140861 0.135715 0.138699 0.131934 0.147573 0.166164 0.139055 
0.144294 0.144486 0.145987 0.138049 0.116704 0.165660 0.144820 
0.140629 0.135715 0.138878 0.150294 0.165128 0.130112 0.139244 
0.155660 0.147775 0.149225 0.136455 0.124877 0.137865 0.148141 
0.136428 0.135167 0.139149 0.145850 0.155042 0.150988 0.137377 
0.148018 0.140649 0.143880 0.133366 0.138604 0.153785 0.141699 
0.140115 0.142294 0.144625 0.149934 0.152890 0.124815 0.145327 
0.146389 0.141745 0.145278 0.145074 0.133269 0.144678 0.143567 
0.145644 0.140649 0.144204 0.139432 0.140433 0.142487 0.147151 
0.142527 0.140649 0.143194 0.139433 0.145914 0.146728 0.141555 
0.143557 0.145583 0.149679 0.141284 0.130498 0.143426 0.145974 
0.139887 0.136264 0.139330 0.143438 0.141500 0.162162 0.137419 
0.145996 0.138456 0.141406 0.138611 0.142585 0.151024 0.141922 
0.151473 0.149968 0.152640 0.131210 0.141518 0.122271 0.150921 
0.141092 0.140101 0.147491 0.132165 0.145184 0.150729 0.143238 
0.143615 0.140649 0.144139 0.143669 0.136540 0.148870 0.142517 
0.146346 0.146131 0.148280 0.131603 0.118124 0.162813 0.146702 
0.146165 0.152161 0.154784 0.143748 0.135723 0.114027 0.153392 
0.144994 0.147775 0.149641 0.147753 0.129580 0.131995 0.148262 
0.138949 0.141745 0.143542 0.149729 0.134441 0.149421 0.142172 
0.145905 0.147775 0.151743 0.130808 0.133302 0.140550 0.149917 
0.148272 0.148324 0.150990 0.143721 0.133030 0.126454 0.149209 
0.147273 0.152161 0.154743 0.155045 0.141269 0.096157 0.153353 
0.139019 0.143938 0.146432 0.150552 0.143296 0.132100 0.144663 
0.140563 0.140101 0.142684 0.147700 0.160922 0.124778 0.143253 
0.141737 0.146131 0.151176 0.144312 0.136176 0.133455 0.147013 
0.141918 0.141197 0.143735 0.151928 0.134378 0.144346 0.142497 
0.141140 0.146131 0.148796 0.141487 0.148273 0.124880 0.149293 
0.134959 0.139005 0.142291 0.152938 0.156885 0.131314 0.142609 
0.144909 0.152161 0.155380 0.147985 0.142669 0.103243 0.153654 
0.144284 0.151064 0.154404 0.132039 0.154300 0.111818 0.152091 
0.150145 0.148324 0.152830 0.132425 0.132797 0.132219 0.151260 
0.146484 0.149420 0.151708 0.139896 0.135151 0.124936 0.152405 
0.147580 0.144486 0.148871 0.128163 0.129864 0.153831 0.147205 
0.150176 0.152161 0.154058 0.133862 0.121389 0.133405 0.154950 
0.142746 0.145035 0.148463 0.137834 0.150709 0.128931 0.146283 
0.145435 0.145583 0.150258 0.128573 0.125520 0.158421 0.146209 
0.140903 0.143938 0.146687 0.150550 0.155145 0.117909 0.144868 
0.135949 0.138456 0.141520 0.149908 0.147961 0.146642 0.139563 
0.141376 0.137908 0.140196 0.145466 0.138550 0.157949 0.138555 
0.140969 0.139553 0.141608 0.149901 0.142473 0.142981 0.142514 
0.135800 0.140101 0.142382 0.157586 0.149154 0.134226 0.140750 
0.148442 0.141197 0.143273 0.125517 0.119553 0.180258 0.141761 
0.140649 0.141745 0.145010 0.142249 0.149667 0.137763 0.142917 
0.141544 0.139553 0.142862 0.137610 0.148422 0.146832 0.143177 
0.141015 0.138456 0.141519 0.141436 0.142168 0.155797 0.139610 
0.146966 0.149968 0.152520 0.137277 0.117244 0.144836 0.151188 
0.148965 0.147227 0.149582 0.139075 0.132495 0.129965 0.152690 
0.144365 0.146131 0.149010 0.138662 0.145948 0.128921 0.146962 
0.142770 0.145583 0.148890 0.141281 0.154746 0.117595 0.149135 
0.47838 0.479443 0.479376 0.48608 0.476219 0.475262 0.481704 
