-437220.911926
0
0.000002 0.000002 0.000002 0.000002 0.000002 0.000002 0.000002 0.000002 0.000003 0.000002 0.000006 0.000003 0.000002 0.000002 0.000002 0.000003 0.000457 0.000002 0.000192 0.000003 0.000974 0.000002 0.000002 0.000117 0.000003 0.000030 0.000002 0.000003 0.000002 0.000002 0.000002 0.000002 0.000003 0.000002 0.017658 0.000002 0.000002 0.000002 0.000002 0.000002 0.000002 0.000002 0.000003 0.000003 0.000003 0.000002 0.000002 0.001925 0.000003 0.000002 0.000002 0.000002 0.000002 0.000002 0.000002 0.000002 0.000003 0.000005 0.953390 0.022652 0.000002 0.000002 0.000002 0.000002 0.000002 0.000002 0.000002 0.000002 0.000002 0.000002 0.000002 0.000003 0.000003 0.000002 0.000002 0.000874 0.000002 0.000002 0.000002 0.000002 0.000002 0.000002 0.000052 0.000002 0.000003 0.000002 0.000002 0.000002 0.000003 0.000002 0.000002 0.000003 0.001368 0.000002 0.000002 0.000096 
0.000002 0.000002 0.000002 0.000002 0.000002 0.000002 0.000002 0.000002 0.000003 0.000002 0.000005 0.000003 0.000002 0.000002 0.000002 0.000003 0.000003 0.000002 0.000003 0.000003 0.000003 0.000002 0.000002 0.000003 0.000003 0.000003 0.000002 0.000003 0.000002 0.000002 0.000002 0.000002 0.000003 0.000002 0.000006 0.000002 0.000002 0.000002 0.000002 0.000002 0.000002 0.000002 0.000003 0.000003 0.000003 0.000002 0.000002 0.000004 0.000003 0.000002 0.000002 0.000002 0.000002 0.000002 0.000002 0.000002 0.000003 0.000005 0.999747 0.000003 0.000002 0.000002 0.000002 0.000002 0.000002 0.000002 0.000002 0.000002 0.000002 0.000002 0.000002 0.000003 0.000003 0.000002 0.000002 0.000003 0.000002 0.000002 0.000002 0.000002 0.000002 0.000002 0.000004 0.000002 0.000003 0.000002 0.000002 0.000002 0.000003 0.000002 0.000002 0.000003 0.000005 0.000002 0.000002 0.000004 
0.000002 0.000002 0.000002 0.000002 0.000002 0.000002 0.000002 0.000002 0.002392 0.000002 0.000005 0.000076 0.000002 0.000002 0.000002 0.000003 0.000003 0.000002 0.000003 0.000260 0.000091 0.000002 0.000002 0.000003 0.000039 0.000272 0.000002 0.000003 0.000002 0.000002 0.000002 0.000002 0.000076 0.000002 0.000111 0.000002 0.000002 0.000002 0.000002 0.000002 0.000002 0.000002 0.000003 0.000003 0.000150 0.000002 0.000002 0.001999 0.000076 0.000002 0.000002 0.000002 0.000002 0.000002 0.000002 0.000002 0.000003 0.009912 0.982388 0.000003 0.000002 0.000002 0.000002 0.000002 0.000002 0.000002 0.000002 0.000002 0.000002 0.000002 0.000002 0.000113 0.000113 0.000002 0.000002 0.000003 0.000002 0.000002 0.000002 0.000002 0.000002 0.000002 0.000071 0.000002 0.000113 0.000002 0.000002 0.000002 0.000039 0.000002 0.000002 0.000003 0.001424 0.000002 0.000002 0.000094 
0.000002 0.000002 0.000002 0.000002 0.000002 0.000002 0.000002 0.000002 0.000003 0.000002 0.477491 0.000003 0.000002 0.000002 0.000002 0.000115 0.000003 0.000002 0.000003 0.000003 0.000004 0.000002 0.000002 0.000003 0.000003 0.000003 0.000002 0.000003 0.000002 0.000002 0.000002 0.000002 0.000003 0.000002 0.000006 0.000002 0.000002 0.000002 0.000002 0.000002 0.000002 0.000002 0.000003 0.000562 0.000003 0.000002 0.000002 0.000004 0.000003 0.000002 0.000002 0.000002 0.000002 0.000002 0.000002 0.000002 0.000003 0.000005 0.520916 0.000003 0.000002 0.000002 0.000002 0.000002 0.000002 0.000002 0.000002 0.000002 0.000002 0.000002 0.000002 0.000003 0.000003 0.000002 0.000002 0.000003 0.000002 0.000002 0.000002 0.000002 0.000002 0.000002 0.000004 0.000002 0.000003 0.000002 0.000002 0.000002 0.000003 0.000002 0.000002 0.000674 0.000005 0.000002 0.000002 0.000004 
0.000002 0.000002 0.000002 0.000002 0.000002 0.000002 0.000002 0.000002 0.000003 0.000002 0.416537 0.000003 0.000002 0.000002 0.000002 0.000003 0.000003 0.000002 0.000003 0.000003 0.000004 0.000002 0.000002 0.000003 0.000003 0.000003 0.000002 0.070281 0.000002 0.000002 0.000002 0.000002 0.000003 0.000002 0.000006 0.000002 0.000002 0.000002 0.000002 0.000002 0.000002 0.000002 0.000003 0.000003 0.000003 0.000002 0.000002 0.000004 0.000003 0.000002 0.000002 0.000002 0.000002 0.000002 0.000002 0.000002 0.000003 0.314298 0.197908 0.000003 0.000002 0.000002 0.000002 0.000002 0.000002 0.000002 0.000002 0.000002 0.000002 0.000002 0.000002 0.000003 0.000003 0.000002 0.000002 0.000003 0.000002 0.000002 0.000002 0.000002 0.000002 0.000002 0.000004 0.000002 0.000003 0.000002 0.000002 0.000002 0.000003 0.000002 0.000002 0.000003 0.000735 0.000002 0.000002 0.000004 
0.000002 0.000002 0.000002 0.000002 0.000002 0.000002 0.000002 0.000002 0.000003 0.000002 0.000006 0.000003 0.000002 0.000002 0.000002 0.000003 0.000003 0.000002 0.000003 0.000003 0.000004 0.000002 0.000002 0.000003 0.000003 0.000003 0.000002 0.000003 0.000002 0.000002 0.000002 0.000002 0.000003 0.000002 0.777969 0.000002 0.000002 0.000002 0.000002 0.000002 0.000002 0.000002 0.000659 0.000003 0.000003 0.000002 0.000002 0.000004 0.000003 0.000002 0.000002 0.000002 0.000002 0.000002 0.000002 0.000002 0.136092 0.000005 0.078386 0.000003 0.000002 0.000002 0.000002 0.000002 0.000002 0.000002 0.000002 0.000002 0.000002 0.000002 0.000002 0.000003 0.000003 0.000002 0.000002 0.000003 0.000002 0.000002 0.000002 0.000002 0.000002 0.000002 0.002356 0.000002 0.000003 0.000002 0.000002 0.000002 0.000003 0.000002 0.000002 0.000003 0.000005 0.000002 0.000002 0.004294 
0.172405 0.163696 0.162117 0.174326 0.165180 0.162276 
0.157731 0.162989 0.173771 0.157246 0.191137 0.157126 
0.160632 0.160761 0.162323 0.180391 0.169439 0.166453 
0.119750 0.200440 0.195555 0.150256 0.108080 0.225919 
breast
0.186439 0.179805 0.180882 0.174285 0.158491 0.120099 
0.173227 0.170153 0.169677 0.169198 0.170374 0.147371 
0.166213 0.166292 0.164557 0.176220 0.167647 0.159071 
0.176525 0.172083 0.170776 0.161159 0.160118 0.159338 
0.175977 0.168222 0.170221 0.181119 0.176043 0.128419 
0.160319 0.154066 0.156565 0.185303 0.195100 0.148647 
0.174464 0.169509 0.167961 0.159803 0.152531 0.175732 
0.165775 0.168222 0.167161 0.151362 0.169160 0.178321 
0.165329 0.166292 0.166140 0.156813 0.165085 0.180342 
0.164869 0.166935 0.164796 0.170090 0.145855 0.187454 
0.171512 0.172083 0.170232 0.170216 0.168214 0.147743 
0.169573 0.167579 0.166088 0.175605 0.171384 0.149772 
0.166693 0.162431 0.161892 0.158660 0.156270 0.194054 
0.171798 0.164361 0.163028 0.160971 0.161936 0.177905 
0.176787 0.165005 0.163514 0.169073 0.171233 0.154388 
0.169313 0.157927 0.158091 0.161462 0.183057 0.170151 
0.160698 0.163074 0.161454 0.180994 0.174993 0.158786 
0.168610 0.162431 0.160701 0.157366 0.138089 0.212802 
0.172213 0.173370 0.172276 0.172188 0.173813 0.136139 
0.173213 0.172083 0.171014 0.168922 0.148272 0.166495 
0.169656 0.170796 0.170018 0.150131 0.158892 0.180508 
0.167681 0.167579 0.165893 0.163961 0.159090 0.175796 
0.175470 0.174013 0.172835 0.163470 0.166211 0.148000 
0.168042 0.168866 0.166981 0.189221 0.173664 0.133226 
0.167046 0.164361 0.167461 0.163559 0.159995 0.177577 
0.162873 0.161144 0.160263 0.165745 0.151028 0.198947 
0.166428 0.166935 0.165914 0.168797 0.182102 0.149824 
0.166393 0.159857 0.159808 0.159891 0.169593 0.184458 
0.170432 0.169509 0.176135 0.162390 0.164394 0.157140 
0.173367 0.174657 0.173632 0.172866 0.185817 0.119661 
0.163422 0.156640 0.156514 0.176309 0.172461 0.174655 
0.166640 0.164361 0.162805 0.176318 0.178120 0.151756 
0.170814 0.168866 0.166982 0.176283 0.174413 0.142642 
0.169635 0.168866 0.168049 0.165933 0.153806 0.173712 
0.161773 0.164361 0.163104 0.170028 0.186452 0.154283 
0.161929 0.161144 0.159492 0.169626 0.170585 0.177225 
0.178247 0.179161 0.176833 0.170065 0.142771 0.152923 
0.174472 0.174013 0.175432 0.173821 0.163953 0.138309 
0.162651 0.159214 0.157183 0.168609 0.146485 0.205858 
0.159053 0.158570 0.157503 0.170857 0.174127 0.179890 
0.168824 0.171440 0.172379 0.163408 0.164555 0.159394 
0.186455 0.182379 0.180231 0.153647 0.132325 0.164963 
0.156286 0.155353 0.154566 0.166574 0.183158 0.184064 
0.170313 0.167579 0.165725 0.167842 0.155429 0.173112 
0.182387 0.179805 0.181429 0.156172 0.140183 0.160024 
0.173170 0.168866 0.167372 0.177577 0.170271 0.142745 
0.171072 0.172727 0.171762 0.170555 0.144697 0.169187 
0.171281 0.170796 0.175327 0.170831 0.166446 0.145319 
0.158732 0.154709 0.156559 0.184348 0.180602 0.165050 
0.163572 0.166292 0.166868 0.183983 0.162440 0.156845 
0.174233 0.170153 0.168554 0.179549 0.174195 0.133317 
0.181196 0.172083 0.170668 0.163747 0.164683 0.147624 
0.169691 0.167579 0.166184 0.156198 0.168968 0.171380 
0.172091 0.175300 0.173752 0.169324 0.171071 0.138461 
0.174173 0.169509 0.169285 0.159803 0.139593 0.187638 
0.173755 0.171440 0.169531 0.168404 0.152774 0.164097 
0.176354 0.177231 0.175493 0.167753 0.167035 0.136134 
0.171558 0.168222 0.170296 0.166887 0.168525 0.154511 
0.170160 0.166292 0.166639 0.163282 0.176621 0.157006 
0.176549 0.172727 0.173485 0.160205 0.161965 0.155069 
0.169878 0.170153 0.170750 0.165317 0.154855 0.169047 
0.175085 0.177874 0.177807 0.168093 0.141329 0.159813 
0.164291 0.165648 0.165387 0.175881 0.177214 0.151580 
0.171986 0.168866 0.168342 0.168341 0.167964 0.154501 
0.176458 0.174657 0.172169 0.174160 0.149863 0.152693 
0.170840 0.170796 0.169121 0.165477 0.152606 0.171160 
0.149076 0.147631 0.146856 0.167680 0.186164 0.202593 
0.175657 0.170796 0.169488 0.155306 0.167227 0.161526 
0.154787 0.150848 0.150460 0.183428 0.180986 0.179490 
0.172452 0.172083 0.171714 0.168922 0.167086 0.147743 
0.169619 0.166292 0.167714 0.173633 0.161321 0.161422 
0.171930 0.166935 0.164873 0.164915 0.143658 0.187688 
0.162764 0.163718 0.162978 0.165807 0.169616 0.175117 
0.170849 0.162431 0.162724 0.159954 0.190017 0.154025 
0.170973 0.166292 0.167479 0.164576 0.176370 0.154311 
0.174386 0.175300 0.173385 0.171911 0.166442 0.138576 
0.168468 0.168866 0.169025 0.172402 0.152448 0.168791 
0.174591 0.174013 0.173237 0.164764 0.151406 0.161989 
0.168140 0.159857 0.160200 0.167475 0.190264 0.154064 
0.162212 0.161144 0.161022 0.169626 0.182260 0.163736 
0.166574 0.161787 0.160581 0.168671 0.190760 0.151627 
0.165406 0.165648 0.165939 0.168118 0.164166 0.170722 
0.163664 0.159857 0.159908 0.175417 0.180207 0.160946 
0.171110 0.166292 0.167266 0.165870 0.170552 0.158910 
0.173113 0.166292 0.167112 0.176041 0.172643 0.144798 
0.174375 0.172083 0.172424 0.161159 0.158223 0.161736 
0.174933 0.175944 0.175956 0.156725 0.156600 0.159842 
0.175644 0.177874 0.179366 0.179737 0.155884 0.131495 
0.171352 0.170153 0.172337 0.157554 0.159842 0.168761 
0.165324 0.168222 0.168709 0.182413 0.177451 0.137881 
0.164221 0.161144 0.159656 0.168332 0.166915 0.179732 
0.161825 0.164361 0.163155 0.171322 0.177933 0.161405 
0.162997 0.163074 0.162283 0.168056 0.191868 0.151722 
0.165479 0.165648 0.164439 0.165531 0.184582 0.154321 
0.167102 0.164361 0.165368 0.160971 0.166753 0.175444 
0.160707 0.156640 0.155750 0.182778 0.169413 0.174712 
0.172338 0.170796 0.169849 0.157893 0.181132 0.147991 
0.178523 0.175300 0.177192 0.151211 0.153277 0.164497 
0.179546 0.174657 0.174357 0.158634 0.164934 0.147872 
0.167307 0.162431 0.162736 0.171598 0.155814 0.180114 
prostate
0.157592 0.163310 0.164880 0.171140 0.170192 0.172887 
0.172033 0.169755 0.172084 0.164394 0.160264 0.161470 
0.158932 0.164599 0.170735 0.165512 0.162442 0.177780 
0.157652 0.163310 0.164973 0.169881 0.183349 0.160835 
0.159152 0.164599 0.166476 0.156703 0.173156 0.179915 
0.162091 0.163954 0.166381 0.156370 0.164336 0.186867 
0.161868 0.163310 0.169474 0.169881 0.179118 0.156349 
0.166291 0.167822 0.169273 0.162139 0.172809 0.161667 
0.159644 0.160087 0.163683 0.175771 0.175641 0.165174 
0.170068 0.172978 0.175467 0.155878 0.159142 0.166467 
0.176594 0.174912 0.177392 0.153208 0.148826 0.169068 
0.170614 0.172333 0.173124 0.175790 0.160647 0.147491 
0.159878 0.165243 0.166419 0.169620 0.156534 0.182306 
0.169724 0.171689 0.173416 0.169166 0.185139 0.130867 
0.171172 0.167177 0.168418 0.159290 0.156142 0.177800 
0.159654 0.163954 0.167073 0.161404 0.177623 0.170291 
0.162616 0.164599 0.167716 0.154186 0.175673 0.175211 
0.171233 0.161376 0.164181 0.170143 0.165195 0.167871 
0.165016 0.171044 0.172611 0.162433 0.160386 0.168510 
0.165724 0.167822 0.172566 0.162139 0.153901 0.177848 
0.151475 0.154286 0.156571 0.163973 0.206194 0.167501 
0.167211 0.171044 0.172272 0.173868 0.166026 0.149579 
0.160393 0.165888 0.168106 0.181169 0.179609 0.144835 
0.166549 0.171044 0.174489 0.173868 0.173766 0.140284 
0.183223 0.180713 0.184304 0.157456 0.162765 0.131540 
0.158819 0.163954 0.165095 0.160146 0.155589 0.196397 
0.173626 0.174912 0.180283 0.164534 0.177940 0.128705 
0.175322 0.177490 0.178553 0.174564 0.160483 0.133589 
0.162698 0.167822 0.170874 0.165914 0.180716 0.151976 
0.164592 0.162021 0.167207 0.170476 0.167591 0.168113 
0.157513 0.162665 0.165901 0.153189 0.199443 0.161288 
0.159341 0.155575 0.160119 0.175855 0.197865 0.151245 
0.161642 0.164599 0.166342 0.150410 0.158060 0.198948 
0.177212 0.173623 0.174989 0.152544 0.150528 0.171106 
0.157343 0.160087 0.161543 0.170738 0.163600 0.186689 
0.164938 0.163310 0.164633 0.164848 0.164586 0.177685 
0.170536 0.169111 0.170202 0.161545 0.150607 0.177999 
0.157596 0.163310 0.164828 0.167365 0.181193 0.165709 
0.158630 0.161376 0.162851 0.166368 0.171163 0.179613 
0.167229 0.169111 0.173253 0.165320 0.177494 0.147593 
0.175256 0.174912 0.179099 0.158242 0.164810 0.147681 
0.166985 0.165243 0.166992 0.149484 0.159306 0.191989 
0.164687 0.165888 0.169971 0.163659 0.174497 0.161298 
0.168419 0.167822 0.169703 0.164656 0.189128 0.140273 
0.168288 0.169755 0.170986 0.166911 0.169646 0.154414 
0.169667 0.167822 0.170447 0.160880 0.169621 0.161563 
0.162478 0.162021 0.164517 0.167959 0.170252 0.172774 
0.169671 0.171044 0.172468 0.158766 0.159308 0.168743 
0.164048 0.163954 0.166828 0.153853 0.171238 0.180078 
0.170202 0.170400 0.174566 0.164726 0.151637 0.168469 
0.170329 0.172333 0.173678 0.172015 0.171144 0.140501 
0.159892 0.163310 0.167668 0.168623 0.189136 0.151371 
0.175227 0.172333 0.173616 0.168240 0.163093 0.147491 
0.167632 0.162021 0.165238 0.154115 0.178559 0.172435 
0.157564 0.160732 0.165260 0.163519 0.194648 0.158278 
0.166740 0.167822 0.169636 0.155847 0.176333 0.163623 
0.165244 0.171689 0.173274 0.162873 0.167491 0.159430 
0.173815 0.172333 0.175519 0.159430 0.178634 0.140269 
0.172138 0.169755 0.172154 0.166911 0.152931 0.166111 
0.172005 0.178779 0.179984 0.153943 0.152987 0.162303 
0.158958 0.162021 0.163204 0.175510 0.172407 0.167900 
0.168456 0.167177 0.172258 0.164324 0.187616 0.140169 
0.171501 0.166532 0.169211 0.163883 0.162983 0.165889 
0.160529 0.160732 0.163587 0.179879 0.188353 0.146921 
0.161209 0.159442 0.164126 0.157821 0.203802 0.153599 
0.167160 0.169755 0.172371 0.160618 0.168569 0.161526 
0.159351 0.162021 0.163494 0.166700 0.166478 0.181955 
0.158681 0.158153 0.160470 0.169741 0.178169 0.174785 
0.157779 0.156220 0.157829 0.182588 0.189692 0.155893 
0.160201 0.162021 0.163904 0.176768 0.204435 0.132671 
0.167734 0.174267 0.175609 0.164202 0.163490 0.154698 
0.155642 0.159442 0.161409 0.180473 0.193912 0.149121 
0.173969 0.172978 0.174057 0.158395 0.149317 0.171284 
0.164085 0.169111 0.174641 0.156511 0.174117 0.161535 
0.169791 0.176201 0.177846 0.151355 0.162919 0.161887 
0.173321 0.170400 0.171770 0.171018 0.165859 0.147632 
0.170285 0.171689 0.172627 0.169166 0.147395 0.168837 
0.151811 0.156220 0.158469 0.175037 0.173961 0.184502 
0.163697 0.160732 0.163258 0.158485 0.171798 0.182030 
0.156710 0.162665 0.164636 0.173216 0.191232 0.151541 
0.173969 0.172978 0.177871 0.169830 0.166938 0.138414 
0.159572 0.162021 0.163044 0.155374 0.151815 0.208175 
0.170312 0.169111 0.170561 0.160286 0.168365 0.161366 
0.171028 0.175556 0.177056 0.164758 0.163647 0.147954 
0.169956 0.175556 0.177866 0.168642 0.160195 0.147785 
0.172218 0.168466 0.171947 0.163730 0.150438 0.173200 
0.168631 0.170400 0.171902 0.167243 0.162553 0.159272 
0.164818 0.158153 0.164720 0.168483 0.178553 0.165273 
0.159128 0.155575 0.158524 0.157086 0.185684 0.184003 
0.173954 0.173623 0.174981 0.172679 0.168999 0.135763 
0.158263 0.158798 0.165095 0.166298 0.179009 0.172537 
0.167009 0.173623 0.175055 0.158836 0.165912 0.159565 
0.160549 0.164599 0.167162 0.160370 0.155542 0.191779 
0.156921 0.160732 0.163045 0.159743 0.168347 0.191212 
0.173830 0.174267 0.177282 0.152876 0.169568 0.152177 
0.168564 0.169755 0.170968 0.171945 0.157459 0.161309 
0.161699 0.167822 0.168986 0.172207 0.165438 0.163849 
0.163359 0.169755 0.171057 0.171945 0.181399 0.142485 
0.159494 0.164599 0.166138 0.162995 0.162334 0.184441 
0.166541 0.170400 0.174017 0.168501 0.158958 0.161583 
skin
0.168621 0.168040 0.168477 0.175980 0.183100 0.135782 
0.164792 0.164181 0.165584 0.167445 0.164800 0.173199 
0.169136 0.170613 0.170391 0.178648 0.156196 0.155018 
0.173037 0.173829 0.172618 0.179068 0.169883 0.131565 
0.157039 0.155177 0.155597 0.171708 0.173345 0.187136 
0.172676 0.167397 0.168605 0.165275 0.183189 0.142857 
0.171927 0.169326 0.170789 0.170190 0.153712 0.164056 
0.172503 0.173829 0.173181 0.175182 0.173404 0.131901 
0.158680 0.157106 0.157895 0.183099 0.186802 0.156418 
0.167803 0.168040 0.166774 0.182456 0.162398 0.152529 
0.170372 0.168040 0.169179 0.182456 0.155245 0.154708 
0.150090 0.148745 0.152721 0.186410 0.180354 0.181680 
0.157925 0.156463 0.159612 0.167213 0.185716 0.173071 
0.166689 0.166754 0.165800 0.173998 0.162395 0.164363 
0.172560 0.178331 0.179947 0.164632 0.163097 0.141433 
0.165102 0.170613 0.172516 0.172171 0.180991 0.138607 
0.169411 0.167397 0.169001 0.162502 0.160052 0.171637 
0.166999 0.170613 0.170679 0.181056 0.153568 0.157085 
0.171743 0.174472 0.173327 0.166459 0.156398 0.157602 
0.166668 0.167397 0.168853 0.179523 0.174488 0.143071 
0.169084 0.168683 0.167703 0.160780 0.160169 0.173581 
0.165611 0.165467 0.166666 0.173312 0.162717 0.166228 
0.170578 0.167397 0.167935 0.174342 0.172085 0.147664 
0.168537 0.173185 0.173177 0.172249 0.166883 0.145968 
0.159172 0.158392 0.157060 0.186376 0.166076 0.172925 
0.154783 0.158392 0.159198 0.179900 0.193566 0.154161 
0.173031 0.174472 0.178917 0.170345 0.147987 0.155250 
0.176309 0.180260 0.181575 0.179909 0.166313 0.115634 
0.177102 0.178331 0.177341 0.171108 0.163992 0.132126 
0.171733 0.165467 0.165467 0.172017 0.154165 0.171151 
0.168033 0.165467 0.164530 0.173312 0.162211 0.166447 
0.165583 0.166111 0.167187 0.169769 0.176724 0.154625 
0.156095 0.157749 0.157083 0.180852 0.180106 0.168116 
0.158514 0.162251 0.165333 0.166415 0.185867 0.161619 
0.177840 0.176401 0.175442 0.171374 0.167129 0.131813 
0.159366 0.164181 0.163559 0.171331 0.179745 0.161819 
0.175048 0.166754 0.167455 0.167522 0.159164 0.164057 
0.166792 0.166111 0.165418 0.158112 0.155987 0.187580 
0.164929 0.159679 0.161896 0.168747 0.183553 0.161197 
0.165879 0.167397 0.167334 0.175637 0.164215 0.159538 
0.161659 0.163538 0.162395 0.177464 0.159273 0.175671 
0.161062 0.157106 0.157349 0.181622 0.169808 0.173053 
0.167083 0.165467 0.166125 0.159064 0.156826 0.185434 
0.160508 0.159679 0.159057 0.171519 0.169103 0.180134 
0.170128 0.173185 0.172204 0.170954 0.174899 0.138631 
0.165172 0.161608 0.162944 0.166072 0.187496 0.156708 
0.164221 0.167397 0.167447 0.170274 0.154768 0.175893 
0.162938 0.164824 0.165942 0.175559 0.155040 0.175696 
0.168157 0.164181 0.164184 0.176512 0.165586 0.161380 
0.156104 0.155177 0.155257 0.166527 0.194297 0.172638 
0.163780 0.166111 0.168087 0.152931 0.172846 0.176246 
0.168708 0.166754 0.166090 0.177884 0.182303 0.138262 
0.167956 0.170613 0.169600 0.172171 0.159826 0.159835 
0.165157 0.170613 0.169816 0.177352 0.173694 0.143368 
0.166508 0.168683 0.167629 0.163370 0.157651 0.176158 
0.154808 0.155820 0.157736 0.170755 0.169446 0.191435 
0.157654 0.159036 0.158133 0.173766 0.164268 0.187143 
0.171158 0.168683 0.167409 0.173733 0.154733 0.164283 
0.165116 0.167397 0.168989 0.166570 0.170149 0.161779 
0.173608 0.171256 0.170380 0.155676 0.157378 0.171701 
0.158420 0.151961 0.151533 0.160925 0.164332 0.212828 
0.171766 0.169970 0.169233 0.173124 0.177451 0.138456 
0.157821 0.159679 0.159493 0.163747 0.186071 0.173189 
0.156480 0.158392 0.160320 0.179900 0.178975 0.165933 
0.162940 0.164181 0.170550 0.156901 0.143888 0.201540 
0.175808 0.178974 0.179948 0.161089 0.146018 0.158163 
0.160661 0.162895 0.162658 0.158987 0.190781 0.164019 
0.174917 0.178331 0.176685 0.186651 0.149106 0.134310 
0.175994 0.175758 0.179007 0.168440 0.173897 0.126902 
0.173629 0.168683 0.170233 0.160780 0.148053 0.178622 
0.167982 0.173185 0.172155 0.165772 0.161031 0.159873 
0.174499 0.172542 0.171790 0.169315 0.166213 0.145640 
0.171706 0.171256 0.171583 0.173810 0.173037 0.138609 
0.170746 0.162251 0.162763 0.162530 0.161216 0.180494 
0.162666 0.164824 0.163902 0.162607 0.169964 0.176038 
0.163167 0.166111 0.167864 0.186608 0.180333 0.135918 
0.175251 0.178331 0.176906 0.165927 0.143118 0.160467 
0.170640 0.161608 0.162331 0.160891 0.168957 0.175573 
0.168043 0.162895 0.162047 0.175825 0.160221 0.170969 
0.162652 0.167397 0.167091 0.167865 0.180386 0.154609 
0.191818 0.180904 0.179729 0.159346 0.148884 0.139319 
0.164280 0.165467 0.165298 0.184969 0.153473 0.166513 
0.160269 0.158392 0.161392 0.153812 0.176519 0.189616 
0.165657 0.164181 0.165125 0.149311 0.180155 0.175571 
0.157751 0.162251 0.161660 0.172892 0.183995 0.161451 
0.161051 0.162895 0.161566 0.182302 0.166152 0.166035 
0.162401 0.162251 0.161513 0.180663 0.178778 0.154393 
0.168366 0.173185 0.176073 0.165772 0.182556 0.134048 
0.167449 0.165467 0.164806 0.174607 0.177630 0.150041 
0.169506 0.160965 0.162520 0.152776 0.157478 0.196753 
0.170671 0.168683 0.171669 0.167256 0.150323 0.171397 
0.167577 0.168683 0.168347 0.178914 0.147436 0.169044 
0.156373 0.158392 0.157714 0.174719 0.179485 0.173317 
0.176030 0.179617 0.178681 0.165318 0.156201 0.144152 
0.167778 0.169970 0.169598 0.160171 0.168435 0.164048 
0.173152 0.171256 0.170423 0.172515 0.169515 0.143140 
0.170838 0.176401 0.175370 0.170079 0.163680 0.143632 
0.165400 0.166111 0.166523 0.167179 0.161445 0.173343 
0.158454 0.162251 0.162756 0.188435 0.188152 0.139952 
0.179626 0.184763 0.185624 0.156406 0.128598 0.164984 
stomach
0.166966 0.184652 0.182020 0.170698 0.160697 0.134967 
0.161589 0.175858 0.176474 0.166438 0.171051 0.148589 
0.155869 0.181946 0.180320 0.170709 0.159545 0.151610 
0.148053 0.169771 0.167588 0.156878 0.155010 0.202701 
0.148755 0.171123 0.171180 0.170754 0.154317 0.183871 
0.163923 0.175858 0.178965 0.155861 0.167316 0.158077 
0.154795 0.181270 0.178887 0.162449 0.161738 0.160861 
0.148481 0.168418 0.166096 0.187952 0.178613 0.150440 
0.159843 0.177888 0.177207 0.156845 0.177054 0.151164 
0.163313 0.182623 0.179694 0.161783 0.137379 0.175209 
0.155199 0.177888 0.177043 0.170065 0.171001 0.148804 
0.154451 0.179241 0.177619 0.157500 0.146887 0.184302 
0.159404 0.183976 0.183322 0.171693 0.145303 0.156303 
0.153982 0.173829 0.173635 0.165455 0.177428 0.155671 
0.160901 0.185328 0.182103 0.160450 0.140658 0.170560 
0.146636 0.167741 0.166727 0.173082 0.169176 0.176639 
0.156759 0.175858 0.175151 0.151660 0.156675 0.183896 
0.154667 0.177888 0.175258 0.161897 0.153171 0.177120 
0.160525 0.181946 0.179350 0.153523 0.142454 0.182202 
0.162422 0.179917 0.178579 0.156506 0.145445 0.177131 
0.153095 0.173153 0.178112 0.159839 0.159092 0.176709 
0.169999 0.185328 0.182431 0.169704 0.150342 0.142196 
0.147659 0.169771 0.167634 0.175151 0.165642 0.174144 
0.164817 0.182623 0.181790 0.152528 0.140270 0.177973 
0.165009 0.193446 0.190187 0.160416 0.133821 0.157121 
0.150510 0.169771 0.170079 0.155556 0.151432 0.202651 
0.156959 0.181270 0.179052 0.162449 0.168798 0.151471 
0.144666 0.167741 0.167808 0.150607 0.195390 0.173788 
0.160473 0.176535 0.173743 0.172054 0.142539 0.174657 
0.141641 0.158948 0.162066 0.162211 0.175866 0.199268 
0.156027 0.175858 0.176726 0.180980 0.164315 0.146093 
0.159728 0.183299 0.181824 0.164755 0.170958 0.139436 
0.151237 0.173153 0.171973 0.171737 0.166936 0.164964 
0.161484 0.182623 0.181148 0.180291 0.154835 0.139618 
0.154636 0.172476 0.172135 0.181986 0.161085 0.157682 
0.161271 0.188711 0.187948 0.156800 0.143792 0.161478 
0.164423 0.193446 0.190764 0.165704 0.166492 0.119171 
0.153963 0.179241 0.178113 0.161466 0.159285 0.167932 
0.159758 0.181270 0.178391 0.170382 0.151894 0.158305 
0.163409 0.180593 0.180476 0.164766 0.154715 0.156041 
0.153466 0.179241 0.177645 0.172043 0.175785 0.141822 
0.153734 0.177211 0.176688 0.175026 0.152139 0.165202 
0.152598 0.173153 0.174763 0.178112 0.147021 0.174353 
0.149642 0.169094 0.166511 0.172415 0.156304 0.186033 
0.150296 0.173153 0.171050 0.177025 0.170644 0.157832 
0.149961 0.174506 0.175405 0.186935 0.159879 0.153314 
0.162609 0.190740 0.192364 0.161749 0.137934 0.154604 
0.155955 0.179917 0.177650 0.161794 0.166238 0.158447 
0.156056 0.179241 0.176728 0.158822 0.149827 0.179326 
0.155553 0.173153 0.172964 0.163805 0.153049 0.181477 
0.150574 0.168418 0.167808 0.156223 0.166571 0.190406 
0.155769 0.179241 0.175997 0.164110 0.135567 0.189316 
0.154220 0.168418 0.167884 0.173409 0.185432 0.150637 
0.168610 0.183299 0.179922 0.163433 0.143815 0.160921 
0.146082 0.167741 0.165854 0.169115 0.174912 0.176295 
0.158966 0.174506 0.172620 0.158937 0.158061 0.176910 
0.154096 0.176535 0.175308 0.174698 0.173120 0.146243 
0.158405 0.175858 0.174531 0.170169 0.153507 0.167530 
0.158424 0.174506 0.174619 0.166869 0.160568 0.165014 
0.153997 0.174506 0.172022 0.164460 0.165244 0.169771 
0.156530 0.180593 0.179889 0.167410 0.149853 0.165725 
0.149685 0.169094 0.167075 0.167127 0.161095 0.185924 
0.157778 0.171800 0.170989 0.163149 0.162035 0.174250 
0.165800 0.186005 0.183407 0.159220 0.161022 0.144547 
0.152477 0.173829 0.177656 0.157522 0.164262 0.174253 
0.156285 0.174506 0.172392 0.168426 0.156295 0.172097 
0.157643 0.181270 0.178476 0.158483 0.137214 0.186915 
0.161582 0.188711 0.186605 0.171343 0.156384 0.135375 
0.158735 0.183299 0.180286 0.174009 0.149685 0.153986 
0.150385 0.175858 0.172945 0.174370 0.154147 0.172294 
0.159672 0.183299 0.182005 0.158144 0.153398 0.163481 
0.161811 0.183976 0.181427 0.170371 0.153354 0.149062 
0.163698 0.188711 0.186603 0.181919 0.162669 0.116400 
0.152248 0.178564 0.176080 0.175681 0.163753 0.153673 
0.154203 0.173829 0.172834 0.172065 0.181033 0.146036 
0.154742 0.181270 0.181179 0.170382 0.156380 0.156047 
0.154504 0.175182 0.174915 0.174042 0.154030 0.167327 
0.155717 0.181270 0.180178 0.167738 0.168493 0.146605 
0.148279 0.172476 0.171895 0.176698 0.177587 0.153065 
0.161290 0.188711 0.187018 0.175309 0.164047 0.123627 
0.159487 0.187358 0.185322 0.160111 0.174810 0.132912 
0.164079 0.183976 0.188338 0.159794 0.152135 0.151678 
0.161579 0.185328 0.183889 0.167060 0.155229 0.146915 
0.159868 0.179241 0.178872 0.154856 0.149838 0.177325 
0.164750 0.188711 0.186943 0.162088 0.140995 0.156514 
0.155900 0.179917 0.177964 0.164203 0.170807 0.151210 
0.156969 0.180593 0.180307 0.155511 0.144475 0.182144 
0.154556 0.178564 0.176211 0.175681 0.175714 0.139274 
0.146928 0.171800 0.169780 0.173726 0.168236 0.169530 
0.151418 0.171123 0.168658 0.169432 0.158048 0.181322 
0.152705 0.173153 0.172878 0.174146 0.162061 0.165058 
0.148268 0.173829 0.171294 0.181319 0.169619 0.155671 
0.157670 0.175182 0.172455 0.151568 0.137799 0.205326 
0.152644 0.175858 0.173905 0.167525 0.169716 0.160353 
0.153965 0.173153 0.172557 0.162483 0.168160 0.169683 
0.151792 0.171800 0.169714 0.165794 0.161799 0.179101 
0.159914 0.186005 0.183886 0.164743 0.137199 0.168252 
0.165114 0.182623 0.182540 0.165749 0.152351 0.151624 
0.157203 0.181270 0.179053 0.165093 0.166154 0.151226 
0.157497 0.180593 0.179898 0.167410 0.175271 0.139331 
0.501521 0.503198 0.508282 0.512979 0.518062 0.503335 
