-357587.246353
0
0.000005 0.000005 0.000005 0.000005 0.000005 0.000005 0.000005 0.000005 0.000007 0.000005 0.000007 0.000005 0.000005 0.000005 0.000005 0.000005 0.000005 0.000005 0.000347 0.000005 0.001148 0.000005 0.000005 0.000210 0.000073 0.000005 0.000005 0.006924 0.000005 0.000005 0.000005 0.000005 0.000142 0.000005 0.070169 0.000005 0.000005 0.000005 0.000005 0.000005 0.000005 0.000005 0.000005 0.000005 0.000278 0.000005 0.000005 0.000005 0.000142 0.000005 0.000005 0.000005 0.000005 0.000005 0.000005 0.000005 0.000006 0.000010 0.917680 0.000006 0.000005 0.000005 0.000005 0.000005 0.000005 0.000005 0.000005 0.000005 0.000005 0.000005 0.000005 0.000210 0.000005 0.000005 0.000005 0.001576 0.000005 0.000005 0.000005 0.000005 0.000005 0.000005 0.000005 0.000005 0.000005 0.000005 0.000005 0.000005 0.000073 0.000005 0.000005 0.000629 0.000005 0.000005 0.000005 0.000005 
0.000005 0.000005 0.000005 0.000005 0.000005 0.000005 0.000005 0.000005 0.000007 0.000005 0.000007 0.000005 0.000005 0.000005 0.000005 0.000005 0.000005 0.000005 0.000005 0.000005 0.000006 0.000005 0.000005 0.000005 0.000005 0.000005 0.000005 0.000014 0.000005 0.000005 0.000005 0.000005 0.000005 0.000005 0.000026 0.000005 0.000005 0.000005 0.000005 0.000005 0.000005 0.000005 0.000005 0.000005 0.000005 0.000005 0.000005 0.000005 0.000005 0.000005 0.000005 0.000005 0.000005 0.000005 0.000005 0.000005 0.000006 0.000010 0.999509 0.000005 0.000005 0.000005 0.000005 0.000005 0.000005 0.000005 0.000005 0.000005 0.000005 0.000005 0.000005 0.000005 0.000005 0.000005 0.000005 0.000005 0.000005 0.000005 0.000005 0.000005 0.000005 0.000005 0.000005 0.000005 0.000005 0.000005 0.000005 0.000005 0.000005 0.000005 0.000005 0.000006 0.000005 0.000005 0.000005 0.000005 
0.000005 0.000005 0.000005 0.000005 0.000005 0.000005 0.000005 0.000005 0.003001 0.000005 0.000007 0.000005 0.000005 0.000005 0.000005 0.000005 0.000005 0.000005 0.000005 0.000005 0.000006 0.000005 0.000005 0.000005 0.000005 0.000005 0.000005 0.004045 0.000005 0.000005 0.000005 0.000005 0.000005 0.000005 0.047032 0.000005 0.000005 0.000005 0.000005 0.000005 0.000005 0.000005 0.000005 0.000005 0.000005 0.000005 0.000005 0.000005 0.000005 0.000005 0.000005 0.000005 0.000005 0.000005 0.000005 0.000005 0.000006 0.326324 0.618951 0.000006 0.000005 0.000005 0.000005 0.000005 0.000005 0.000005 0.000005 0.000005 0.000005 0.000005 0.000005 0.000005 0.000210 0.000005 0.000005 0.000005 0.000005 0.000005 0.000005 0.000005 0.000005 0.000005 0.000005 0.000005 0.000005 0.000005 0.000005 0.000005 0.000005 0.000005 0.000005 0.000006 0.000005 0.000005 0.000005 0.000005 
0.000005 0.000005 0.000005 0.000005 0.000005 0.000005 0.000005 0.000005 0.000007 0.000005 0.994783 0.000006 0.000005 0.000005 0.000005 0.000006 0.000006 0.000005 0.000006 0.000006 0.000007 0.000005 0.000005 0.000006 0.000006 0.000006 0.000005 0.000015 0.000005 0.000005 0.000005 0.000005 0.000006 0.000005 0.000032 0.000005 0.000005 0.000005 0.000005 0.000005 0.000005 0.000005 0.000006 0.000006 0.000006 0.000005 0.000005 0.000006 0.000006 0.000005 0.000005 0.000005 0.000005 0.000005 0.000005 0.000005 0.000006 0.000011 0.004673 0.000006 0.000005 0.000005 0.000005 0.000005 0.000005 0.000005 0.000005 0.000005 0.000005 0.000005 0.000005 0.000006 0.000006 0.000005 0.000005 0.000006 0.000005 0.000005 0.000005 0.000005 0.000005 0.000005 0.000006 0.000005 0.000006 0.000005 0.000005 0.000005 0.000006 0.000005 0.000005 0.000006 0.000006 0.000005 0.000005 0.000006 
0.000005 0.000005 0.000005 0.000005 0.000005 0.000005 0.000005 0.000005 0.000007 0.000005 0.794525 0.000006 0.000005 0.000005 0.000005 0.000006 0.000006 0.000005 0.000006 0.000006 0.000007 0.000005 0.000005 0.000006 0.000006 0.000006 0.000005 0.106764 0.000005 0.000005 0.000005 0.000005 0.000006 0.000005 0.000030 0.000005 0.000005 0.000005 0.000005 0.000005 0.000005 0.000005 0.000006 0.000006 0.000006 0.000005 0.000005 0.000006 0.000006 0.000005 0.000005 0.000005 0.000005 0.000005 0.000005 0.000005 0.000006 0.095504 0.002695 0.000006 0.000005 0.000005 0.000005 0.000005 0.000005 0.000005 0.000005 0.000005 0.000005 0.000005 0.000005 0.000006 0.000006 0.000005 0.000005 0.000006 0.000005 0.000005 0.000005 0.000005 0.000005 0.000005 0.000006 0.000005 0.000006 0.000005 0.000005 0.000005 0.000006 0.000005 0.000005 0.000006 0.000006 0.000005 0.000005 0.000006 
0.000005 0.000005 0.000005 0.000005 0.000005 0.000005 0.000005 0.000005 0.000007 0.000005 0.000007 0.000005 0.000005 0.000005 0.000005 0.000005 0.000005 0.000005 0.000005 0.000473 0.000006 0.000005 0.000005 0.000005 0.000005 0.000005 0.000005 0.002828 0.000005 0.000005 0.000005 0.000005 0.000005 0.000005 0.052383 0.000005 0.000005 0.000005 0.000005 0.000005 0.000005 0.000005 0.001140 0.000005 0.000005 0.000005 0.000005 0.000005 0.000005 0.000005 0.000005 0.000005 0.000005 0.000005 0.000005 0.000005 0.235393 0.000010 0.703077 0.000005 0.000005 0.000005 0.000005 0.000005 0.000005 0.000005 0.000005 0.000005 0.000005 0.000005 0.000005 0.000005 0.000005 0.000005 0.000005 0.000005 0.000005 0.000005 0.000005 0.000005 0.000005 0.000005 0.004279 0.000005 0.000005 0.000005 0.000005 0.000005 0.000005 0.000005 0.000005 0.000006 0.000005 0.000005 0.000005 0.000005 
0.000005 0.000005 0.000005 0.000005 0.000005 0.000005 0.000005 0.000005 0.000007 0.000005 0.000007 0.000005 0.000005 0.000005 0.000005 0.000207 0.000005 0.000005 0.000005 0.000005 0.000118 0.000005 0.000005 0.000005 0.000005 0.000005 0.000005 0.005067 0.000005 0.000005 0.000005 0.000005 0.000005 0.000005 0.058244 0.000005 0.000005 0.000005 0.000005 0.000005 0.000005 0.000005 0.000005 0.000005 0.000005 0.000005 0.000005 0.007065 0.000005 0.000005 0.000005 0.000005 0.000005 0.000005 0.000005 0.000005 0.000006 0.162093 0.766580 0.000005 0.000005 0.000005 0.000005 0.000005 0.000005 0.000005 0.000005 0.000005 0.000005 0.000005 0.000005 0.000005 0.000005 0.000005 0.000005 0.000005 0.000005 0.000005 0.000005 0.000005 0.000005 0.000005 0.000005 0.000005 0.000207 0.000005 0.000005 0.000005 0.000005 0.000005 0.000005 0.000006 0.000005 0.000005 0.000005 0.000005 
0.000005 0.000005 0.000005 0.000005 0.000005 0.000005 0.000005 0.000005 0.000793 0.000005 0.000007 0.000005 0.000005 0.000005 0.000005 0.000005 0.000809 0.000005 0.000005 0.000005 0.000651 0.000005 0.000005 0.000005 0.000005 0.000541 0.000005 0.006081 0.000005 0.000005 0.000005 0.000005 0.000005 0.000005 0.068861 0.000005 0.000005 0.000005 0.000005 0.000005 0.000005 0.000005 0.000005 0.001011 0.000005 0.000005 0.000005 0.000005 0.000005 0.000005 0.000005 0.000005 0.000005 0.000005 0.000005 0.000005 0.000006 0.000010 0.912461 0.000005 0.000005 0.000005 0.000005 0.000005 0.000005 0.000005 0.000005 0.000005 0.000005 0.000005 0.000005 0.000005 0.000005 0.000005 0.000005 0.000005 0.000005 0.000005 0.000005 0.000005 0.000005 0.000005 0.000005 0.000005 0.000005 0.000005 0.000005 0.000005 0.000005 0.000005 0.000005 0.000601 0.000005 0.000005 0.000005 0.007780 
0.000005 0.000005 0.000005 0.000005 0.000005 0.000005 0.000005 0.000005 0.000650 0.000005 0.000007 0.000140 0.000005 0.000005 0.000005 0.000005 0.000005 0.000005 0.000005 0.000005 0.000006 0.000005 0.000005 0.000005 0.000005 0.000005 0.000005 0.004533 0.000005 0.000005 0.000005 0.000005 0.000005 0.000005 0.087383 0.000005 0.000005 0.000005 0.000005 0.000005 0.000005 0.000005 0.000005 0.000005 0.000005 0.000005 0.000005 0.000005 0.000005 0.000005 0.000005 0.000005 0.000005 0.000005 0.000005 0.000005 0.000006 0.010754 0.849269 0.040481 0.000005 0.000005 0.000005 0.000005 0.000005 0.000005 0.000005 0.000005 0.000005 0.000005 0.000005 0.000005 0.000005 0.000005 0.000005 0.000005 0.000005 0.000005 0.000005 0.000005 0.000005 0.000005 0.000005 0.000005 0.000005 0.000005 0.000005 0.000005 0.000005 0.000005 0.000005 0.000006 0.006368 0.000005 0.000005 0.000005 
0.000005 0.000005 0.000005 0.000005 0.000005 0.000005 0.000005 0.000005 0.000007 0.000005 0.000007 0.000005 0.000005 0.000005 0.000005 0.000005 0.000005 0.000005 0.000005 0.000005 0.000006 0.000005 0.000005 0.000005 0.000005 0.000005 0.000005 0.000013 0.000005 0.000005 0.000005 0.000005 0.000005 0.000005 0.998533 0.000005 0.000005 0.000005 0.000005 0.000005 0.000005 0.000005 0.000005 0.000005 0.000005 0.000005 0.000005 0.000005 0.000005 0.000005 0.000005 0.000005 0.000005 0.000005 0.000005 0.000005 0.000006 0.000010 0.001005 0.000005 0.000005 0.000005 0.000005 0.000005 0.000005 0.000005 0.000005 0.000005 0.000005 0.000005 0.000005 0.000005 0.000005 0.000005 0.000005 0.000005 0.000005 0.000005 0.000005 0.000005 0.000005 0.000005 0.000005 0.000005 0.000005 0.000005 0.000005 0.000005 0.000005 0.000005 0.000005 0.000006 0.000005 0.000005 0.000005 0.000005 
0.000005 0.000005 0.000005 0.000005 0.000005 0.000005 0.000005 0.000005 0.000007 0.000005 0.000007 0.000005 0.000005 0.000005 0.000005 0.000005 0.000005 0.000005 0.000005 0.000005 0.000006 0.000005 0.000005 0.000005 0.000005 0.000005 0.000005 0.000014 0.000005 0.000005 0.000005 0.000005 0.000005 0.000005 0.000026 0.000005 0.000005 0.000005 0.000005 0.000005 0.000005 0.000005 0.000005 0.000005 0.000005 0.000005 0.000005 0.000005 0.000005 0.000005 0.000005 0.000005 0.000005 0.000005 0.000005 0.000005 0.000006 0.000010 0.999506 0.000005 0.000005 0.000005 0.000005 0.000005 0.000005 0.000005 0.000005 0.000005 0.000005 0.000005 0.000005 0.000005 0.000005 0.000005 0.000005 0.000005 0.000005 0.000005 0.000005 0.000005 0.000005 0.000005 0.000005 0.000005 0.000005 0.000005 0.000005 0.000005 0.000005 0.000005 0.000005 0.000006 0.000005 0.000005 0.000005 0.000005 
0.094322 0.091007 0.090350 0.094752 0.091513 0.090455 0.092878 0.087512 0.089022 0.090913 0.087276 
0.087629 0.093921 0.089454 0.089479 0.090013 0.095741 0.092332 0.091465 0.087568 0.089124 0.093273 
0.089603 0.088038 0.093509 0.091777 0.093512 0.088770 0.091440 0.090846 0.087095 0.092387 0.093024 
0.080589 0.090182 0.082428 0.094090 0.092757 0.095391 0.089549 0.095845 0.095320 0.099848 0.084001 
breast
0.098613 0.099863 0.088702 0.082714 0.083127 0.093656 0.092849 0.095009 0.103199 0.064418 0.097850 
0.095220 0.094524 0.096841 0.082692 0.080787 0.081618 0.096119 0.091344 0.096117 0.092123 0.092614 
0.093488 0.092389 0.089045 0.092029 0.088296 0.089863 0.091312 0.089662 0.089544 0.093853 0.090520 
0.097921 0.095592 0.096327 0.073351 0.072990 0.087344 0.096617 0.095736 0.094873 0.095588 0.093661 
0.093366 0.093457 0.093253 0.096038 0.092197 0.080197 0.094959 0.089981 0.096717 0.078267 0.091567 
0.087204 0.085626 0.093168 0.108022 0.106489 0.080259 0.091845 0.084015 0.089101 0.090383 0.083888 
0.095375 0.094169 0.092964 0.073345 0.070441 0.093763 0.094242 0.096299 0.096355 0.100782 0.092265 
0.094741 0.093457 0.101820 0.065331 0.072048 0.105147 0.098381 0.093250 0.088672 0.095586 0.091567 
0.094377 0.092389 0.094920 0.072003 0.077432 0.100020 0.097103 0.090480 0.088245 0.102512 0.090520 
0.094564 0.092745 0.080443 0.085355 0.080501 0.102651 0.087497 0.093088 0.088042 0.104244 0.090869 
0.096256 0.095592 0.090829 0.082696 0.086371 0.091811 0.093564 0.092286 0.091737 0.085197 0.093661 
0.093272 0.093101 0.092906 0.090697 0.086458 0.092161 0.093167 0.091877 0.091682 0.083463 0.091218 
0.093225 0.090253 0.091535 0.075999 0.074397 0.089678 0.092443 0.089403 0.094811 0.119828 0.088426 
0.092731 0.091321 0.093875 0.077338 0.076171 0.101329 0.093385 0.088944 0.096385 0.099047 0.089473 
0.092462 0.091677 0.092349 0.085350 0.085875 0.093853 0.092467 0.088666 0.100554 0.086925 0.089822 
0.090457 0.087762 0.096309 0.081329 0.089604 0.084987 0.095847 0.086678 0.096806 0.104240 0.085982 
0.091839 0.090609 0.087951 0.098697 0.095448 0.088581 0.089935 0.090461 0.085586 0.092119 0.088775 
0.093692 0.090253 0.086556 0.074664 0.066405 0.092553 0.090179 0.089887 0.095434 0.131951 0.088426 
0.096826 0.096304 0.100956 0.084034 0.079241 0.093841 0.098432 0.092331 0.088869 0.074806 0.094359 
0.097104 0.095592 0.083429 0.081361 0.079509 0.090123 0.092657 0.093120 0.092660 0.100783 0.093662 
0.097723 0.094881 0.093090 0.062667 0.074443 0.090385 0.095413 0.093646 0.093615 0.111173 0.092963 
0.094648 0.093101 0.091134 0.078681 0.078015 0.097921 0.092942 0.090772 0.090788 0.100781 0.091218 
0.097789 0.096660 0.100245 0.074690 0.073280 0.096906 0.098541 0.093236 0.092211 0.081734 0.094709 
0.095548 0.093813 0.084103 0.104050 0.100132 0.083043 0.089243 0.091022 0.087131 0.080000 0.091916 
0.093476 0.091321 0.094101 0.080009 0.077591 0.085083 0.095053 0.092051 0.092404 0.109438 0.089473 
0.092189 0.089541 0.084210 0.084007 0.079008 0.100901 0.088229 0.088411 0.091143 0.114632 0.087727 
0.092826 0.092745 0.100579 0.084020 0.085099 0.098980 0.096816 0.089037 0.089031 0.079999 0.090869 
0.091267 0.088830 0.098240 0.078663 0.076807 0.088265 0.094870 0.087541 0.095588 0.112900 0.087029 
0.097069 0.094169 0.094858 0.076015 0.079919 0.100265 0.096009 0.095575 0.090393 0.083463 0.092265 
0.095545 0.097016 0.106380 0.084037 0.082496 0.089141 0.101114 0.091694 0.091372 0.066148 0.095058 
0.089370 0.087050 0.089008 0.097347 0.091408 0.082003 0.091657 0.090503 0.088667 0.107703 0.085284 
0.093907 0.091321 0.089782 0.090689 0.094934 0.089058 0.091243 0.089956 0.090980 0.088656 0.089473 
0.094741 0.093813 0.087152 0.090699 0.095716 0.085785 0.090941 0.093200 0.092574 0.083463 0.091916 
0.094546 0.093813 0.089763 0.080019 0.075051 0.105145 0.092216 0.090710 0.092967 0.093854 0.091916 
0.092657 0.091321 0.096429 0.086684 0.093512 0.091457 0.094602 0.088807 0.086401 0.088656 0.089473 
0.092736 0.089541 0.087169 0.088012 0.092095 0.079490 0.089957 0.091262 0.089109 0.112901 0.087727 
0.101218 0.099508 0.082518 0.078707 0.076682 0.094534 0.091259 0.098884 0.092256 0.086932 0.097501 
0.096455 0.096660 0.093679 0.085371 0.080020 0.085003 0.095143 0.097352 0.092143 0.083466 0.094709 
0.091566 0.088474 0.079811 0.088008 0.081135 0.100427 0.085697 0.087808 0.090568 0.119827 0.086680 
0.089725 0.088118 0.095913 0.090676 0.084186 0.096763 0.092939 0.086080 0.086761 0.102508 0.086331 
0.096132 0.095236 0.099064 0.076019 0.075470 0.089494 0.096872 0.092642 0.090170 0.095587 0.093312 
0.103354 0.101287 0.089259 0.060023 0.059536 0.096218 0.095737 0.098560 0.099456 0.097324 0.099247 
0.089089 0.086338 0.098116 0.087999 0.088276 0.088937 0.093713 0.085417 0.086364 0.111166 0.084586 
0.095020 0.093101 0.087389 0.082686 0.080144 0.086200 0.091233 0.093525 0.093508 0.105976 0.091218 
0.101386 0.099864 0.093309 0.064023 0.060464 0.097240 0.096825 0.099100 0.097812 0.092128 0.097850 
0.093667 0.093813 0.094519 0.092035 0.084202 0.087755 0.094193 0.089888 0.094551 0.083463 0.091916 
0.096174 0.095948 0.082846 0.082698 0.076898 0.108728 0.091920 0.094665 0.089183 0.086929 0.094010 
0.094434 0.094880 0.096922 0.084028 0.081144 0.095442 0.096529 0.096247 0.090874 0.076537 0.092963 
0.090804 0.085982 0.085977 0.106688 0.103303 0.078746 0.086405 0.087559 0.087793 0.102506 0.084237 
0.094863 0.092389 0.085752 0.100039 0.088457 0.096444 0.089166 0.091128 0.086048 0.085194 0.090520 
0.094237 0.094524 0.092200 0.093373 0.090072 0.088050 0.093282 0.090397 0.094715 0.076536 0.092614 
0.095718 0.095592 0.097171 0.076021 0.075471 0.091597 0.096534 0.091830 0.101209 0.085197 0.093661 
0.094182 0.093101 0.096113 0.070670 0.078561 0.109439 0.095206 0.090288 0.092564 0.088658 0.091218 
0.097263 0.097372 0.098174 0.080033 0.080504 0.087916 0.097799 0.093303 0.090494 0.081735 0.095407 
0.096254 0.094169 0.084221 0.073345 0.069802 0.096761 0.090250 0.092323 0.099437 0.111173 0.092265 
0.097630 0.095236 0.089625 0.078690 0.075474 0.089676 0.093046 0.093604 0.094657 0.099051 0.093312 
0.098403 0.098440 0.094911 0.077368 0.080993 0.088680 0.096700 0.094371 0.093678 0.080004 0.096454 
0.094369 0.093457 0.093600 0.081352 0.082688 0.092881 0.096443 0.090497 0.092755 0.090390 0.091567 
0.093548 0.092389 0.091675 0.078678 0.089393 0.101633 0.092627 0.089639 0.096437 0.083462 0.090520 
0.095678 0.095948 0.097145 0.072017 0.072281 0.105965 0.098901 0.091795 0.096258 0.080001 0.094010 
0.097619 0.094524 0.090194 0.078687 0.075827 0.103207 0.092760 0.091344 0.091101 0.092123 0.092614 
0.099708 0.098796 0.085447 0.077369 0.074133 0.089730 0.091756 0.096065 0.092870 0.097322 0.096803 
0.093136 0.092033 0.096812 0.092027 0.086743 0.075296 0.095078 0.091749 0.089638 0.097316 0.090171 
0.094691 0.093813 0.095152 0.080019 0.080142 0.088370 0.094995 0.093219 0.095561 0.092122 0.091916 
0.099971 0.097016 0.081070 0.085372 0.083833 0.095243 0.089293 0.093566 0.092648 0.086930 0.095058 
0.096028 0.094880 0.093404 0.076018 0.070733 0.091900 0.094796 0.094542 0.092221 0.102514 0.092963 
0.085863 0.082067 0.094654 0.093322 0.094004 0.093652 0.090355 0.082292 0.083573 0.119821 0.080397 
0.096565 0.094880 0.100356 0.068008 0.073471 0.082520 0.098544 0.092600 0.097579 0.102514 0.092963 
0.085908 0.083846 0.085384 0.105345 0.101104 0.100913 0.085697 0.084752 0.087599 0.097309 0.082142 
0.097714 0.095592 0.099601 0.081361 0.074920 0.091436 0.097586 0.091487 0.091445 0.085197 0.093661 
0.093746 0.092389 0.085214 0.089359 0.086945 0.090008 0.089497 0.089894 0.096845 0.095585 0.090520 
0.094182 0.092745 0.082863 0.080014 0.075117 0.107213 0.088539 0.092738 0.094939 0.100781 0.090869 
0.093835 0.090965 0.086539 0.082677 0.091165 0.087426 0.090170 0.092295 0.089829 0.105974 0.089124 
0.094443 0.090253 0.101331 0.077334 0.089318 0.086147 0.099166 0.088200 0.093263 0.092119 0.088426 
0.095897 0.092389 0.099971 0.080013 0.083038 0.087427 0.096010 0.090082 0.092533 0.092121 0.090520 
0.097283 0.097372 0.091517 0.082704 0.084537 0.092639 0.094431 0.093295 0.092543 0.078271 0.095407 
0.094680 0.093813 0.084522 0.086694 0.080791 0.098002 0.092025 0.093223 0.090479 0.093854 0.091916 
0.096942 0.096660 0.092678 0.076025 0.070383 0.097398 0.094884 0.093031 0.095166 0.092125 0.094709 
0.091202 0.088829 0.099984 0.084004 0.090957 0.094275 0.097465 0.087372 0.093692 0.085191 0.087029 
0.090874 0.089541 0.092600 0.088012 0.093864 0.102114 0.094183 0.087094 0.087067 0.086923 0.087727 
0.094121 0.089897 0.095791 0.086678 0.097184 0.085861 0.093801 0.087877 0.090325 0.090387 0.088076 
0.093901 0.092033 0.090642 0.084017 0.082267 0.087761 0.092322 0.090051 0.092592 0.104244 0.090171 
0.090160 0.088829 0.094847 0.094684 0.090700 0.087410 0.095001 0.086475 0.089282 0.095582 0.087029 
0.093880 0.092389 0.093266 0.081348 0.084523 0.085264 0.098422 0.092407 0.092396 0.095585 0.090520 
0.093021 0.092389 0.088706 0.089359 0.091681 0.089388 0.098086 0.091577 0.093543 0.081730 0.090520 
0.097517 0.095592 0.089266 0.073351 0.081539 0.087848 0.092561 0.093882 0.095731 0.099051 0.093662 
0.098743 0.097728 0.092460 0.066684 0.073612 0.096068 0.095620 0.094673 0.096532 0.092126 0.095756 
0.097949 0.098796 0.089640 0.089385 0.081446 0.086134 0.095421 0.096820 0.091065 0.076540 0.096803 
0.095841 0.094525 0.098872 0.070676 0.071214 0.091667 0.099028 0.092358 0.092423 0.100782 0.092614 
0.094275 0.093457 0.088483 0.097373 0.099196 0.083083 0.090569 0.090792 0.087742 0.083463 0.091567 
0.092085 0.089541 0.089437 0.086677 0.086226 0.088742 0.090805 0.088285 0.091037 0.109437 0.087727 
0.092120 0.091321 0.096124 0.088019 0.087226 0.096040 0.094213 0.090749 0.086059 0.088656 0.089473 
0.091715 0.090609 0.103822 0.085346 0.089057 0.086091 0.097894 0.087945 0.088359 0.090388 0.088775 
0.093445 0.092033 0.098275 0.081347 0.089613 0.089647 0.095925 0.089563 0.089592 0.090389 0.090171 
0.093372 0.091321 0.095896 0.077339 0.079846 0.092114 0.093886 0.089951 0.092560 0.104243 0.089473 
0.092048 0.087050 0.079850 0.104023 0.099762 0.084472 0.084746 0.088328 0.088467 0.105971 0.085284 
0.094579 0.094880 0.105707 0.070678 0.077367 0.105053 0.100269 0.090712 0.092988 0.074805 0.092963 
0.098525 0.097372 0.094986 0.061342 0.068226 0.095947 0.103992 0.094475 0.094138 0.095589 0.095407 
0.098648 0.097016 0.098113 0.069351 0.073831 0.095008 0.097866 0.094015 0.097627 0.083466 0.095058 
0.091994 0.090253 0.082744 0.089350 0.084748 0.100726 0.089786 0.088219 0.092976 0.100778 0.088426 
prostate
0.087933 0.091501 0.088548 0.092454 0.086642 0.099762 0.089858 0.094086 0.084488 0.093587 0.091140 
0.091763 0.095092 0.084444 0.081871 0.083638 0.093025 0.092106 0.093115 0.094907 0.095319 0.094718 
0.091583 0.092219 0.086722 0.085834 0.082404 0.103100 0.089564 0.090538 0.085679 0.100501 0.091856 
0.088697 0.091501 0.091674 0.091130 0.093619 0.085779 0.091799 0.092399 0.085218 0.097044 0.091140 
0.089677 0.092219 0.096347 0.076561 0.079193 0.093843 0.094679 0.093418 0.086521 0.105685 0.091856 
0.090103 0.091860 0.088633 0.076559 0.080747 0.091677 0.090975 0.093813 0.091535 0.112598 0.091498 
0.088083 0.091501 0.092343 0.091130 0.091430 0.092544 0.093017 0.089398 0.089284 0.090131 0.091140 
0.090213 0.094015 0.090033 0.080542 0.086163 0.106146 0.091738 0.091534 0.091024 0.084949 0.093645 
0.087717 0.089706 0.083312 0.099071 0.099424 0.082541 0.086236 0.089417 0.089271 0.103955 0.089352 
0.093217 0.096888 0.093426 0.068631 0.071349 0.096679 0.095013 0.097019 0.094225 0.097049 0.096507 
0.093419 0.097965 0.092271 0.067310 0.064416 0.106588 0.094556 0.094877 0.099155 0.091865 0.097580 
0.094833 0.096529 0.079583 0.092474 0.090821 0.091174 0.087592 0.093804 0.090362 0.086679 0.096149 
0.089967 0.092579 0.084614 0.089809 0.081249 0.091814 0.088910 0.091355 0.086619 0.110870 0.092214 
0.091511 0.096169 0.096242 0.085849 0.090039 0.085652 0.095554 0.092874 0.092280 0.078038 0.095791 
0.090952 0.093656 0.086575 0.077891 0.077447 0.094860 0.090385 0.092314 0.096947 0.105687 0.093287 
0.089238 0.091860 0.096050 0.081858 0.083488 0.086299 0.096703 0.092973 0.086076 0.103957 0.091498 
0.089697 0.092219 0.096337 0.073911 0.080718 0.093766 0.097068 0.093410 0.088790 0.102229 0.091856 
0.091055 0.090424 0.084071 0.092450 0.087417 0.091952 0.089765 0.094181 0.093303 0.095315 0.090067 
0.092130 0.095810 0.091374 0.076575 0.075601 0.095860 0.093426 0.098330 0.088414 0.097048 0.095433 
0.091271 0.094015 0.085751 0.080542 0.078890 0.095114 0.091710 0.093070 0.090305 0.105687 0.093645 
0.084495 0.086474 0.100773 0.089785 0.099382 0.091925 0.094240 0.085703 0.084052 0.097039 0.086132 
0.091888 0.095810 0.087223 0.091147 0.086355 0.083679 0.091202 0.093290 0.090380 0.093591 0.095433 
0.089980 0.092938 0.085078 0.099084 0.098301 0.095451 0.088498 0.091264 0.087072 0.079763 0.092571 
0.091555 0.095810 0.086965 0.091147 0.091864 0.088079 0.093278 0.092914 0.089733 0.083222 0.095433 
0.095863 0.101197 0.092527 0.068648 0.076160 0.091478 0.095892 0.102077 0.100772 0.074586 0.100799 
0.090103 0.091860 0.081987 0.080533 0.082204 0.098873 0.087611 0.096212 0.086520 0.112598 0.091498 
0.092341 0.097965 0.102458 0.079233 0.078388 0.086514 0.098338 0.096613 0.095988 0.074583 0.097580 
0.097976 0.099401 0.086228 0.085862 0.083198 0.085619 0.091957 0.096977 0.092273 0.081497 0.099011 
0.089942 0.094015 0.096531 0.084516 0.085641 0.094080 0.097310 0.091304 0.086339 0.086677 0.093645 
0.086933 0.090783 0.088163 0.092451 0.086288 0.106167 0.090731 0.088711 0.090946 0.088402 0.090425 
0.088054 0.091142 0.103159 0.073907 0.090177 0.104278 0.097255 0.089296 0.087002 0.084946 0.090783 
0.083523 0.087192 0.096180 0.099061 0.098498 0.096163 0.096250 0.087190 0.087610 0.081486 0.086847 
0.091831 0.092220 0.091517 0.069937 0.072412 0.101603 0.092746 0.092573 0.087251 0.116054 0.091856 
0.093888 0.097247 0.091231 0.067307 0.067733 0.092456 0.094252 0.095312 0.099747 0.103962 0.096864 
0.087054 0.089706 0.085304 0.093772 0.085170 0.099093 0.087771 0.093200 0.083895 0.105683 0.089352 
0.088677 0.091501 0.086367 0.085831 0.084239 0.100248 0.089117 0.090008 0.092370 0.100500 0.091140 
0.091657 0.094733 0.084406 0.079220 0.075982 0.097872 0.089655 0.093046 0.095109 0.103959 0.094360 
0.088837 0.091501 0.089088 0.088480 0.094437 0.092992 0.090546 0.092512 0.085151 0.095316 0.091140 
0.088446 0.090424 0.088866 0.088476 0.087090 0.088056 0.090262 0.089765 0.087679 0.110868 0.090067 
0.089854 0.094733 0.096765 0.083194 0.084216 0.103620 0.094168 0.091657 0.091126 0.076308 0.094360 
0.094877 0.097965 0.096533 0.072609 0.074926 0.092080 0.096030 0.096124 0.094596 0.086680 0.097580 
0.089865 0.092579 0.093827 0.068614 0.070209 0.108434 0.093508 0.091226 0.093839 0.105686 0.092214 
0.089348 0.092938 0.095088 0.083187 0.083859 0.095998 0.093057 0.091130 0.090963 0.091860 0.092571 
0.089608 0.094015 0.097602 0.083191 0.090428 0.096081 0.095262 0.090928 0.092931 0.076308 0.093644 
0.091532 0.095092 0.086935 0.084520 0.088328 0.092799 0.090843 0.092869 0.092230 0.090134 0.094718 
0.089821 0.094015 0.092462 0.079217 0.080286 0.103581 0.092791 0.093582 0.095652 0.084949 0.093645 
0.088301 0.090783 0.084760 0.089802 0.090778 0.095053 0.090494 0.089595 0.089509 0.100500 0.090425 
0.092019 0.095810 0.089958 0.075250 0.076010 0.100525 0.092645 0.095806 0.092952 0.093591 0.095433 
0.088875 0.091860 0.095806 0.073910 0.077045 0.105206 0.093997 0.090211 0.092820 0.098772 0.091498 
0.092575 0.095451 0.079952 0.081872 0.083711 0.091218 0.087021 0.096751 0.095869 0.100504 0.095076 
0.093977 0.096529 0.088324 0.088500 0.088234 0.095352 0.091589 0.095358 0.089678 0.076310 0.096149 
0.088204 0.091501 0.098290 0.089805 0.092120 0.083043 0.094085 0.092351 0.087601 0.091859 0.091140 
0.093863 0.096529 0.084900 0.084526 0.085790 0.091174 0.090426 0.094631 0.095334 0.086679 0.096149 
0.088895 0.090783 0.098463 0.075230 0.080658 0.081170 0.097740 0.090205 0.095561 0.110869 0.090425 
0.087431 0.090065 0.100402 0.085825 0.093273 0.087122 0.094743 0.089134 0.086981 0.095314 0.089709 
0.091049 0.094015 0.097252 0.073918 0.080722 0.090052 0.095825 0.092387 0.092362 0.098774 0.093645 
0.091845 0.096170 0.093842 0.079226 0.078455 0.100442 0.094531 0.093250 0.088043 0.088407 0.095791 
0.093827 0.096529 0.102879 0.075253 0.075869 0.090576 0.098903 0.095249 0.095000 0.079766 0.096149 
0.091362 0.095092 0.084220 0.084520 0.078442 0.095296 0.091818 0.092768 0.094716 0.097047 0.094718 
0.095864 0.100120 0.089877 0.065994 0.071468 0.103499 0.094555 0.097283 0.091476 0.090139 0.099726 
0.088291 0.090783 0.083435 0.097750 0.095033 0.087896 0.087427 0.089599 0.087132 0.102228 0.090425 
0.089280 0.093656 0.097391 0.083190 0.088591 0.093467 0.097394 0.090609 0.095100 0.078036 0.093287 
0.090029 0.093297 0.088612 0.080539 0.080300 0.091737 0.093344 0.096181 0.095986 0.097045 0.092929 
0.085831 0.090065 0.089766 0.103046 0.099609 0.098010 0.091786 0.087138 0.087008 0.078032 0.089709 
0.086552 0.089347 0.106165 0.080523 0.091093 0.086426 0.098030 0.090210 0.090802 0.091857 0.088994 
0.091773 0.095092 0.089756 0.077897 0.083664 0.095385 0.094793 0.093111 0.090219 0.093591 0.094718 
0.088745 0.090783 0.089092 0.088477 0.083419 0.085989 0.090544 0.090096 0.088104 0.114325 0.090425 
0.086761 0.088628 0.085034 0.093768 0.096184 0.091372 0.087438 0.088013 0.090569 0.103954 0.088278 
0.084083 0.087551 0.087253 0.108335 0.103546 0.094207 0.087220 0.087756 0.087901 0.084943 0.087205 
0.088459 0.090783 0.090483 0.099075 0.111077 0.093788 0.090445 0.089064 0.085280 0.071120 0.090425 
0.093381 0.097606 0.089540 0.079231 0.080719 0.094374 0.093123 0.097178 0.089219 0.088408 0.097222 
0.086864 0.089347 0.092156 0.104368 0.101387 0.095290 0.090537 0.087560 0.082009 0.081488 0.088994 
0.094565 0.096888 0.085527 0.071280 0.073215 0.101531 0.091073 0.095919 0.096447 0.097049 0.096507 
0.093340 0.094733 0.098535 0.073921 0.077404 0.097270 0.098835 0.092315 0.087424 0.091862 0.094360 
0.094941 0.098683 0.097238 0.064664 0.070673 0.093208 0.097816 0.096356 0.091075 0.097050 0.098295 
0.090351 0.095451 0.088859 0.088496 0.083076 0.101713 0.091255 0.091758 0.095927 0.078037 0.095075 
0.092067 0.096170 0.082050 0.085849 0.076977 0.100707 0.088690 0.093501 0.092879 0.095320 0.095791 
0.084929 0.087551 0.082504 0.100387 0.095690 0.109257 0.085246 0.086206 0.083984 0.097040 0.087205 
0.088268 0.090065 0.090051 0.080526 0.084671 0.092616 0.090755 0.089554 0.094644 0.109140 0.089709 
0.087513 0.091142 0.097546 0.092453 0.092784 0.089742 0.094183 0.091235 0.084217 0.088403 0.090783 
0.091143 0.096888 0.090726 0.085852 0.081285 0.102354 0.097404 0.092568 0.094149 0.071126 0.096506 
0.089761 0.090783 0.080412 0.076555 0.080463 0.103339 0.086630 0.093445 0.088678 0.119510 0.090425 
0.091566 0.094733 0.090956 0.077895 0.082180 0.090466 0.092902 0.092913 0.094981 0.097047 0.094360 
0.093153 0.098324 0.093400 0.076585 0.075959 0.101498 0.094978 0.096985 0.091414 0.079768 0.097937 
0.093777 0.098324 0.085820 0.083208 0.082884 0.094694 0.093842 0.095184 0.089376 0.084952 0.097937 
0.093375 0.094374 0.084236 0.081868 0.077776 0.097336 0.088403 0.095191 0.094666 0.098774 0.094002 
0.095044 0.095451 0.086759 0.084522 0.082821 0.102294 0.090761 0.093425 0.087170 0.086678 0.095076 
0.085755 0.088628 0.094288 0.092443 0.089531 0.088376 0.090002 0.090324 0.095334 0.097041 0.088278 
0.086361 0.087192 0.091372 0.081840 0.093788 0.090898 0.092816 0.087555 0.090466 0.110866 0.086847 
0.094484 0.097247 0.088679 0.088503 0.086400 0.093406 0.092035 0.093490 0.092581 0.076311 0.096864 
0.086838 0.088988 0.090984 0.089795 0.093669 0.093837 0.088851 0.088960 0.088945 0.100498 0.088636 
0.093082 0.097247 0.090644 0.073931 0.080447 0.106036 0.093514 0.094447 0.088837 0.084952 0.096864 
0.091368 0.092220 0.087372 0.077885 0.075961 0.096656 0.092783 0.092690 0.086884 0.114326 0.091856 
0.089365 0.090065 0.086790 0.081851 0.086522 0.083829 0.089655 0.090641 0.088608 0.122965 0.089709 
0.093753 0.097606 0.097754 0.067309 0.075007 0.087421 0.099862 0.097537 0.094665 0.091865 0.097222 
0.091231 0.095092 0.085473 0.089819 0.081255 0.088045 0.089995 0.097448 0.089877 0.097047 0.094718 
0.090304 0.094015 0.084812 0.091140 0.087834 0.099160 0.089164 0.091668 0.086398 0.091861 0.093645 
0.091551 0.095092 0.088255 0.089819 0.096649 0.085526 0.091506 0.092861 0.087346 0.086678 0.094718 
0.090131 0.092220 0.091369 0.083184 0.077643 0.084740 0.092413 0.091516 0.087145 0.117783 0.091856 
0.091328 0.095451 0.087135 0.085846 0.081706 0.097629 0.090052 0.095556 0.090087 0.090134 0.095076 
skin
0.091550 0.092019 0.098619 0.088369 0.091127 0.079885 0.094788 0.091649 0.093770 0.083774 0.094451 
0.091566 0.089915 0.087867 0.081753 0.088430 0.086924 0.089461 0.093999 0.091435 0.106356 0.092294 
0.093329 0.093422 0.083753 0.089696 0.087955 0.090827 0.090743 0.093426 0.090235 0.090724 0.095890 
0.094365 0.095175 0.089800 0.088382 0.091986 0.084344 0.091839 0.094443 0.093415 0.078565 0.097687 
0.086388 0.085004 0.091077 0.090983 0.090359 0.099956 0.088467 0.086474 0.089418 0.104615 0.087260 
0.094671 0.091668 0.107546 0.077796 0.079458 0.084277 0.099000 0.094197 0.093522 0.083773 0.094092 
0.092894 0.092720 0.091820 0.081765 0.077732 0.085826 0.091323 0.095852 0.095488 0.099410 0.095170 
0.094817 0.095175 0.095854 0.084417 0.086839 0.098092 0.094491 0.094316 0.090171 0.068141 0.097687 
0.086394 0.086057 0.093765 0.101558 0.099689 0.087986 0.092199 0.086492 0.086805 0.090717 0.088339 
0.091661 0.092019 0.085306 0.094975 0.091127 0.092006 0.088279 0.091773 0.091154 0.087248 0.094451 
0.091642 0.092019 0.085608 0.094975 0.087086 0.089681 0.087627 0.092207 0.093981 0.090723 0.094451 
0.086058 0.081497 0.082768 0.109467 0.108837 0.088139 0.082160 0.086517 0.084544 0.106349 0.083664 
0.086582 0.085706 0.096537 0.085700 0.092998 0.099980 0.093638 0.091430 0.086996 0.092454 0.087979 
0.091125 0.091317 0.090310 0.087044 0.084235 0.098834 0.090486 0.093646 0.088548 0.090722 0.093732 
0.096242 0.097630 0.100790 0.071214 0.074582 0.093111 0.097428 0.099195 0.091037 0.078567 0.100204 
0.092364 0.093422 0.102147 0.083089 0.087175 0.092508 0.096136 0.092896 0.087548 0.076826 0.095890 
0.092543 0.091668 0.097154 0.072511 0.072314 0.106225 0.096369 0.092630 0.093773 0.090723 0.094092 
0.094516 0.093422 0.087793 0.089696 0.081646 0.083779 0.092747 0.094616 0.088223 0.097673 0.095890 
0.095515 0.095526 0.091945 0.075169 0.077881 0.090090 0.093489 0.095613 0.092524 0.094201 0.098047 
0.090724 0.091668 0.094060 0.092331 0.089608 0.091347 0.094536 0.090855 0.090481 0.080299 0.094092 
0.093825 0.092370 0.092102 0.072514 0.079760 0.086291 0.092697 0.093877 0.093658 0.108096 0.094811 
0.091572 0.090616 0.089260 0.087042 0.085723 0.082320 0.092581 0.091669 0.091585 0.104620 0.093013 
0.093034 0.091668 0.091938 0.087046 0.090120 0.087067 0.094046 0.094898 0.088843 0.087248 0.094092 
0.093780 0.094824 0.093444 0.081773 0.083975 0.098383 0.093359 0.093888 0.090680 0.078565 0.097328 
0.088269 0.086758 0.078939 0.104203 0.101279 0.086904 0.083407 0.088328 0.088239 0.104616 0.089058 
0.086922 0.086758 0.099486 0.097597 0.097875 0.088390 0.092890 0.087022 0.085022 0.088981 0.089058 
0.095264 0.095526 0.086427 0.079134 0.077853 0.089947 0.097843 0.097777 0.089721 0.092463 0.098047 
0.098517 0.098682 0.095070 0.085753 0.083530 0.088284 0.095358 0.096273 0.092580 0.064670 0.101283 
0.095760 0.097630 0.096151 0.077821 0.079260 0.095150 0.095701 0.095892 0.094812 0.071618 0.100204 
0.093619 0.090616 0.083650 0.085720 0.085071 0.096406 0.089627 0.091306 0.093302 0.097671 0.093013 
0.090848 0.090616 0.088768 0.087042 0.085722 0.096174 0.089577 0.090952 0.093092 0.094196 0.093013 
0.091703 0.090967 0.091972 0.083079 0.092416 0.087000 0.091551 0.091734 0.093747 0.092459 0.093373 
0.087694 0.086407 0.090618 0.098917 0.098315 0.084116 0.088891 0.087768 0.085698 0.102879 0.088698 
0.089377 0.088862 0.101418 0.081749 0.090127 0.094918 0.094253 0.089861 0.087498 0.090720 0.091215 
0.095280 0.096578 0.095809 0.079138 0.082178 0.087535 0.095282 0.095392 0.096853 0.076829 0.099126 
0.090229 0.089914 0.095010 0.085717 0.091945 0.097968 0.092324 0.090290 0.085326 0.088984 0.092294 
0.097358 0.091317 0.091650 0.080438 0.079203 0.091638 0.093688 0.099263 0.090990 0.090722 0.093732 
0.092258 0.090967 0.093747 0.071187 0.073858 0.092431 0.092742 0.097149 0.092456 0.109832 0.093373 
0.092990 0.087459 0.100620 0.083064 0.089358 0.089259 0.093269 0.091085 0.088926 0.094193 0.089777 
0.091700 0.091668 0.089351 0.088367 0.086802 0.092028 0.090294 0.091806 0.091433 0.092460 0.094092 
0.090480 0.089564 0.084494 0.092323 0.088966 0.091084 0.087279 0.092974 0.088021 0.102881 0.091934 
0.087842 0.086057 0.088580 0.097594 0.091353 0.095435 0.087366 0.087913 0.091857 0.097666 0.088339 
0.091191 0.090616 0.095724 0.072507 0.071957 0.103713 0.095596 0.091319 0.091483 0.102882 0.093013 
0.088767 0.087459 0.092714 0.088350 0.086367 0.089818 0.090481 0.088870 0.089305 0.108091 0.089777 
0.094543 0.094825 0.093916 0.080452 0.090270 0.086780 0.093944 0.094588 0.091314 0.082039 0.097328 
0.090239 0.088512 0.102087 0.081747 0.088992 0.089731 0.097647 0.092095 0.089112 0.088982 0.090856 
0.094141 0.091668 0.087485 0.080439 0.081473 0.088090 0.092374 0.094171 0.087971 0.108095 0.094092 
0.093777 0.090265 0.082416 0.089683 0.087948 0.091720 0.086698 0.091459 0.088759 0.104619 0.092654 
0.091083 0.089915 0.083520 0.091003 0.094908 0.081768 0.089471 0.093521 0.093111 0.099407 0.092294 
0.086658 0.085004 0.101945 0.085697 0.094413 0.085632 0.093946 0.089099 0.087468 0.102877 0.087260 
0.091693 0.090967 0.101648 0.065901 0.078693 0.106227 0.095525 0.092164 0.089613 0.094196 0.093373 
0.093069 0.091317 0.095327 0.091008 0.094414 0.088770 0.092713 0.090756 0.090332 0.078561 0.093732 
0.093069 0.093422 0.091639 0.083089 0.081008 0.095519 0.092121 0.093195 0.090325 0.090724 0.095890 
0.092354 0.093422 0.095162 0.088374 0.088224 0.094944 0.093495 0.092474 0.087099 0.078563 0.095890 
0.093332 0.092370 0.090439 0.075157 0.079717 0.095564 0.091637 0.093403 0.090686 0.102884 0.094811 
0.087547 0.085355 0.091877 0.089663 0.087439 0.086476 0.091850 0.087639 0.086022 0.118513 0.087620 
0.088936 0.087109 0.087456 0.090991 0.088946 0.089893 0.087961 0.089019 0.086968 0.113303 0.089417 
0.092710 0.092370 0.086020 0.085727 0.083586 0.090392 0.089157 0.092814 0.094741 0.097672 0.094811 
0.094851 0.091668 0.095478 0.079118 0.085853 0.087658 0.092869 0.092937 0.087805 0.097672 0.094092 
0.094266 0.093772 0.095099 0.065913 0.073241 0.098682 0.094409 0.096742 0.093953 0.097674 0.096249 
0.085844 0.083251 0.092053 0.081726 0.081324 0.101964 0.088679 0.085930 0.091782 0.121986 0.085462 
0.092300 0.093071 0.095089 0.084409 0.090520 0.089968 0.093410 0.094774 0.094103 0.076826 0.095530 
0.088685 0.087459 0.100652 0.080422 0.089401 0.094378 0.094329 0.088734 0.086758 0.099405 0.089777 
0.087154 0.086758 0.094586 0.097597 0.094261 0.091005 0.089790 0.090090 0.085510 0.094193 0.089058 
0.093217 0.089915 0.095798 0.068540 0.067306 0.089903 0.091217 0.096953 0.091128 0.123729 0.092294 
0.097430 0.097981 0.089224 0.067251 0.072203 0.103507 0.093105 0.097523 0.093957 0.087254 0.100564 
0.090343 0.089213 0.101739 0.073822 0.091391 0.095466 0.095672 0.090341 0.087981 0.092458 0.091575 
0.095852 0.097630 0.084189 0.093677 0.083470 0.088155 0.089864 0.096024 0.092368 0.078567 0.100204 
0.094444 0.096227 0.106286 0.076494 0.076974 0.082242 0.101650 0.097426 0.094399 0.075091 0.098766 
0.092560 0.092370 0.092652 0.072514 0.069055 0.100008 0.097176 0.092707 0.095000 0.101147 0.094811 
0.094654 0.094825 0.089983 0.075167 0.083054 0.098901 0.092066 0.099509 0.089000 0.085514 0.097328 
0.093799 0.094474 0.097499 0.079129 0.079196 0.086486 0.095383 0.093930 0.095885 0.087251 0.096968 
0.092827 0.093772 0.092770 0.084412 0.089813 0.092771 0.094930 0.095304 0.092062 0.075089 0.096249 
0.091138 0.088862 0.093354 0.077785 0.077751 0.097733 0.091410 0.090631 0.097240 0.102881 0.091215 
0.091547 0.090265 0.090513 0.076469 0.088516 0.101221 0.090743 0.091558 0.088844 0.097670 0.092654 
0.089584 0.090967 0.096265 0.100256 0.094582 0.090531 0.091855 0.092556 0.084946 0.075086 0.093373 
0.096836 0.097630 0.088854 0.072535 0.070982 0.100792 0.092646 0.096972 0.093557 0.088991 0.100204 
0.089758 0.088512 0.096048 0.076462 0.081068 0.090485 0.095011 0.089836 0.097347 0.104618 0.090856 
0.089291 0.089213 0.087729 0.091000 0.085265 0.097479 0.088294 0.091821 0.094138 0.094195 0.091575 
0.091941 0.091668 0.102914 0.080439 0.083881 0.082612 0.097111 0.092045 0.087363 0.095934 0.094092 
0.100068 0.099033 0.094761 0.061970 0.067470 0.094151 0.098367 0.097784 0.106184 0.078568 0.101643 
0.090356 0.090616 0.079066 0.098934 0.091095 0.100649 0.086946 0.092877 0.087464 0.088984 0.093013 
0.090377 0.086758 0.098543 0.068527 0.084170 0.096980 0.092693 0.090747 0.092320 0.109828 0.089058 
0.091334 0.089915 0.103777 0.063254 0.079442 0.089107 0.097192 0.098553 0.093988 0.101145 0.092294 
0.089870 0.088862 0.094751 0.088356 0.095940 0.088043 0.092006 0.089909 0.085116 0.095932 0.091215 
0.090667 0.089213 0.081906 0.097607 0.098096 0.081490 0.086072 0.090716 0.088040 0.104618 0.091575 
0.089117 0.088862 0.091594 0.096284 0.096166 0.087616 0.090092 0.089205 0.089129 0.090720 0.091215 
0.093688 0.094824 0.103018 0.075166 0.086243 0.093385 0.097212 0.096581 0.090938 0.071615 0.097328 
0.092081 0.090616 0.091264 0.088363 0.094881 0.093448 0.090820 0.091516 0.090225 0.083773 0.093013 
0.090400 0.088161 0.093803 0.068533 0.073894 0.093355 0.091824 0.092866 0.098154 0.118516 0.090496 
0.093212 0.092370 0.083658 0.079121 0.081177 0.093076 0.093025 0.093284 0.095120 0.101147 0.094811 
0.092700 0.092370 0.080665 0.091013 0.084635 0.092828 0.088915 0.092818 0.089836 0.099410 0.094811 
0.087554 0.086758 0.090501 0.092311 0.096615 0.103120 0.088749 0.087607 0.085271 0.092455 0.089058 
0.096389 0.098332 0.097944 0.071217 0.070543 0.102914 0.096918 0.096550 0.093177 0.075093 0.100924 
0.093599 0.093071 0.101365 0.071195 0.075635 0.083869 0.097181 0.096101 0.091305 0.101147 0.095530 
0.093059 0.093772 0.092939 0.083090 0.086893 0.090589 0.092738 0.095547 0.094822 0.080301 0.096249 
0.095763 0.096578 0.094797 0.077816 0.080747 0.090293 0.095025 0.095870 0.090208 0.083778 0.099126 
