-400193.073305
0
0.000004 0.000004 0.000004 0.000004 0.000004 0.000004 0.000004 0.000004 0.000005 0.000004 0.005026 0.000004 0.000004 0.000004 0.000004 0.000004 0.000004 0.000004 0.000289 0.000219 0.001150 0.000004 0.000004 0.000175 0.000061 0.000004 0.000004 0.000005 0.000004 0.000004 0.000004 0.000004 0.000118 0.000004 0.052237 0.000004 0.000004 0.000004 0.000004 0.000004 0.000004 0.000004 0.000004 0.000004 0.000232 0.000004 0.000004 0.000004 0.000118 0.000004 0.000004 0.000004 0.000004 0.000004 0.000004 0.000004 0.000005 0.001091 0.904481 0.030054 0.000004 0.000004 0.000004 0.000004 0.000004 0.000004 0.000004 0.000004 0.000004 0.000004 0.000004 0.000175 0.000004 0.000004 0.000004 0.001316 0.000004 0.000004 0.000004 0.000004 0.000004 0.000004 0.000004 0.000004 0.000175 0.000004 0.000004 0.000004 0.000061 0.000004 0.000004 0.000450 0.002268 0.000004 0.000004 0.000004 
0.000004 0.000004 0.000004 0.000004 0.000004 0.000004 0.000004 0.000004 0.000005 0.000004 0.000019 0.000005 0.000004 0.000004 0.000004 0.000005 0.000005 0.000004 0.000005 0.000005 0.000005 0.000004 0.000004 0.000005 0.000004 0.000005 0.000004 0.000005 0.000004 0.000004 0.000004 0.000004 0.000005 0.000004 0.000019 0.000004 0.000004 0.000004 0.000004 0.000004 0.000004 0.000004 0.000005 0.000005 0.000005 0.000004 0.000004 0.000005 0.000005 0.000004 0.000004 0.000004 0.000004 0.000004 0.000004 0.000004 0.000005 0.000012 0.999553 0.000007 0.000004 0.000004 0.000004 0.000004 0.000004 0.000004 0.000004 0.000004 0.000004 0.000004 0.000004 0.000005 0.000005 0.000004 0.000004 0.000005 0.000004 0.000004 0.000004 0.000004 0.000004 0.000004 0.000005 0.000004 0.000005 0.000004 0.000004 0.000004 0.000004 0.000004 0.000004 0.000005 0.000007 0.000004 0.000004 0.000005 
0.000004 0.000004 0.000004 0.000004 0.000004 0.000004 0.000004 0.000004 0.002101 0.000004 0.001846 0.000004 0.000004 0.000004 0.000004 0.000005 0.000005 0.000004 0.000005 0.000005 0.000005 0.000004 0.000004 0.000005 0.000004 0.000005 0.000004 0.000005 0.000004 0.000004 0.000004 0.000004 0.000004 0.000004 0.019544 0.000004 0.000004 0.000004 0.000004 0.000004 0.000004 0.000004 0.000005 0.000005 0.000005 0.000004 0.000004 0.000005 0.000004 0.000004 0.000004 0.000004 0.000004 0.000004 0.000004 0.000004 0.000005 0.175517 0.800421 0.000006 0.000004 0.000004 0.000004 0.000004 0.000004 0.000004 0.000004 0.000004 0.000004 0.000004 0.000004 0.000005 0.000186 0.000004 0.000004 0.000005 0.000004 0.000004 0.000004 0.000004 0.000004 0.000004 0.000005 0.000004 0.000005 0.000004 0.000004 0.000004 0.000004 0.000004 0.000004 0.000005 0.000007 0.000004 0.000004 0.000005 
0.000005 0.000005 0.000005 0.000005 0.000005 0.000005 0.000005 0.000005 0.000007 0.000005 0.997698 0.000006 0.000005 0.000005 0.000005 0.000006 0.000006 0.000005 0.000006 0.000006 0.000007 0.000005 0.000005 0.000006 0.000006 0.000006 0.000005 0.000006 0.000005 0.000005 0.000005 0.000005 0.000006 0.000005 0.000030 0.000005 0.000005 0.000005 0.000005 0.000005 0.000005 0.000005 0.000006 0.000006 0.000006 0.000005 0.000005 0.000006 0.000006 0.000005 0.000005 0.000005 0.000005 0.000005 0.000005 0.000005 0.000006 0.000015 0.001769 0.000008 0.000005 0.000005 0.000005 0.000005 0.000005 0.000005 0.000005 0.000005 0.000005 0.000005 0.000005 0.000006 0.000006 0.000005 0.000005 0.000006 0.000005 0.000005 0.000005 0.000005 0.000005 0.000005 0.000006 0.000005 0.000006 0.000005 0.000005 0.000005 0.000006 0.000005 0.000005 0.000006 0.000008 0.000005 0.000005 0.000006 
0.000005 0.000005 0.000005 0.000005 0.000005 0.000005 0.000005 0.000005 0.000006 0.000005 0.730860 0.000005 0.000005 0.000005 0.000005 0.000005 0.000005 0.000005 0.000005 0.000006 0.000006 0.000005 0.000005 0.000005 0.000005 0.000005 0.000005 0.134797 0.000005 0.000005 0.000005 0.000005 0.000005 0.000005 0.000025 0.000005 0.000005 0.000005 0.000005 0.000005 0.000005 0.000005 0.000006 0.000006 0.000005 0.000005 0.000005 0.000006 0.000005 0.000005 0.000005 0.000005 0.000005 0.000005 0.000005 0.000005 0.000006 0.132146 0.001710 0.000008 0.000005 0.000005 0.000005 0.000005 0.000005 0.000005 0.000005 0.000005 0.000005 0.000005 0.000005 0.000005 0.000005 0.000005 0.000005 0.000006 0.000005 0.000005 0.000005 0.000005 0.000005 0.000005 0.000006 0.000005 0.000005 0.000005 0.000005 0.000005 0.000005 0.000005 0.000005 0.000006 0.000008 0.000005 0.000005 0.000006 
0.000004 0.000004 0.000004 0.000004 0.000004 0.000004 0.000004 0.000004 0.000006 0.000004 0.010434 0.000005 0.000004 0.000004 0.000004 0.000005 0.000005 0.000004 0.000005 0.000005 0.000005 0.000004 0.000004 0.000005 0.000005 0.000005 0.000004 0.000005 0.000004 0.000004 0.000004 0.000004 0.000005 0.000004 0.100366 0.000004 0.000004 0.000004 0.000004 0.000004 0.000004 0.000004 0.001061 0.000005 0.000005 0.000004 0.000004 0.000005 0.000005 0.000004 0.000004 0.000004 0.000004 0.000004 0.000004 0.000004 0.218943 0.001391 0.663437 0.000007 0.000004 0.000004 0.000004 0.000004 0.000004 0.000004 0.000004 0.000004 0.000004 0.000004 0.000004 0.000005 0.000005 0.000004 0.000004 0.000005 0.000004 0.000004 0.000004 0.000004 0.000004 0.000004 0.003980 0.000004 0.000005 0.000004 0.000004 0.000004 0.000005 0.000004 0.000004 0.000005 0.000007 0.000004 0.000004 0.000005 
0.000004 0.000004 0.000004 0.000004 0.000004 0.000004 0.000004 0.000004 0.000005 0.000004 0.005787 0.000004 0.000004 0.000004 0.000004 0.000178 0.000004 0.000004 0.000004 0.000005 0.000005 0.000004 0.000004 0.000004 0.000004 0.000004 0.000004 0.000005 0.000004 0.000004 0.000004 0.000004 0.000004 0.000004 0.060074 0.000004 0.000004 0.000004 0.000004 0.000004 0.000004 0.000004 0.000004 0.000004 0.000004 0.000004 0.000004 0.006088 0.000004 0.000004 0.000004 0.000004 0.000004 0.000004 0.000004 0.000004 0.000005 0.221879 0.705102 0.000006 0.000004 0.000004 0.000004 0.000004 0.000004 0.000004 0.000004 0.000004 0.000004 0.000004 0.000004 0.000004 0.000004 0.000004 0.000004 0.000004 0.000004 0.000004 0.000004 0.000004 0.000004 0.000004 0.000005 0.000004 0.000004 0.000004 0.000004 0.000004 0.000004 0.000004 0.000004 0.000005 0.000532 0.000004 0.000004 0.000005 
0.000004 0.000004 0.000004 0.000004 0.000004 0.000004 0.000004 0.000004 0.001830 0.000004 0.006490 0.000004 0.000004 0.000004 0.000004 0.000004 0.000724 0.000004 0.000005 0.000200 0.000480 0.000004 0.000004 0.000004 0.000004 0.000484 0.000004 0.000005 0.000004 0.000004 0.000004 0.000004 0.000004 0.000004 0.066869 0.000004 0.000004 0.000004 0.000004 0.000004 0.000004 0.000004 0.000005 0.000904 0.000004 0.000004 0.000004 0.000005 0.000004 0.000004 0.000004 0.000004 0.000004 0.000004 0.000004 0.000004 0.000005 0.001463 0.909168 0.000814 0.000004 0.000004 0.000004 0.000004 0.000004 0.000004 0.000004 0.000004 0.000004 0.000004 0.000004 0.000004 0.000004 0.000004 0.000004 0.000005 0.000004 0.000004 0.000004 0.000004 0.000004 0.000004 0.000005 0.000004 0.000004 0.000004 0.000004 0.000004 0.000004 0.000004 0.000004 0.000616 0.002662 0.000004 0.000004 0.006959 
0.000004 0.000004 0.000004 0.000004 0.000004 0.000004 0.000004 0.000004 0.000005 0.000004 0.000019 0.000123 0.000004 0.000004 0.000004 0.000004 0.000005 0.000004 0.000004 0.000005 0.000005 0.000004 0.000004 0.000004 0.000004 0.000004 0.000004 0.000005 0.000004 0.000004 0.000004 0.000004 0.000004 0.000004 0.000019 0.000004 0.000004 0.000004 0.000004 0.000004 0.000004 0.000004 0.000005 0.000005 0.000004 0.000004 0.000004 0.000005 0.000004 0.000004 0.000004 0.000004 0.000004 0.000004 0.000004 0.000004 0.000005 0.000012 0.995977 0.003419 0.000004 0.000004 0.000004 0.000004 0.000004 0.000004 0.000004 0.000004 0.000004 0.000004 0.000004 0.000004 0.000004 0.000004 0.000004 0.000005 0.000004 0.000004 0.000004 0.000004 0.000004 0.000004 0.000005 0.000004 0.000004 0.000004 0.000004 0.000004 0.000004 0.000004 0.000004 0.000005 0.000064 0.000004 0.000004 0.000005 
0.000004 0.000004 0.000004 0.000004 0.000004 0.000004 0.000004 0.000004 0.000006 0.000004 0.000020 0.000005 0.000004 0.000004 0.000004 0.000005 0.000005 0.000004 0.000005 0.000005 0.000006 0.000004 0.000004 0.000005 0.000005 0.000005 0.000004 0.000005 0.000004 0.000004 0.000004 0.000004 0.000005 0.000004 0.998970 0.000004 0.000004 0.000004 0.000004 0.000004 0.000004 0.000004 0.000005 0.000005 0.000005 0.000004 0.000004 0.000005 0.000005 0.000004 0.000004 0.000004 0.000004 0.000004 0.000004 0.000004 0.000005 0.000013 0.000581 0.000007 0.000004 0.000004 0.000004 0.000004 0.000004 0.000004 0.000004 0.000004 0.000004 0.000004 0.000004 0.000005 0.000005 0.000004 0.000004 0.000005 0.000004 0.000004 0.000004 0.000004 0.000004 0.000004 0.000005 0.000004 0.000005 0.000004 0.000004 0.000004 0.000005 0.000004 0.000004 0.000005 0.000007 0.000004 0.000004 0.000005 
0.103571 0.099711 0.098962 0.103783 0.100208 0.099072 0.101868 0.095792 0.097465 0.099569 
0.126920 0.069917 0.117835 0.090110 0.090521 0.095093 0.125632 0.109932 0.104886 0.069154 
0.101586 0.101157 0.097490 0.094377 0.103681 0.101373 0.104104 0.095886 0.100682 0.099664 
0.111012 0.113294 0.086585 0.080935 0.100346 0.084689 0.108079 0.105467 0.110514 0.099079 
breast
0.118617 0.112805 0.105787 0.083787 0.085274 0.102005 0.102769 0.108275 0.112261 0.068418 
0.110465 0.106774 0.107633 0.083779 0.082751 0.091515 0.109725 0.103719 0.105845 0.097794 
0.105243 0.104361 0.101714 0.093251 0.089518 0.099796 0.102737 0.100546 0.103207 0.099629 
0.112428 0.107980 0.107826 0.074306 0.075262 0.097349 0.109465 0.106907 0.107010 0.101466 
0.111822 0.105568 0.105265 0.097313 0.093546 0.089379 0.107086 0.101826 0.105093 0.083104 
0.102311 0.096722 0.100990 0.109484 0.108848 0.089860 0.104835 0.094867 0.096130 0.095952 
0.111624 0.106372 0.105035 0.074303 0.071824 0.104035 0.106575 0.107603 0.105655 0.106974 
0.104230 0.105568 0.109968 0.066181 0.076676 0.114878 0.112928 0.103941 0.104165 0.101465 
0.103531 0.104361 0.105106 0.072947 0.081453 0.110093 0.109743 0.100981 0.102975 0.108809 
0.104030 0.104764 0.096540 0.086484 0.080903 0.113037 0.096337 0.103889 0.103372 0.110646 
0.108033 0.107980 0.104374 0.083781 0.089743 0.101114 0.104667 0.103080 0.106778 0.090449 
0.107502 0.105166 0.104570 0.091899 0.087684 0.101601 0.105753 0.102982 0.104232 0.088612 
0.107549 0.101949 0.101943 0.077005 0.076207 0.100831 0.104940 0.101325 0.101082 0.127170 
0.110689 0.103155 0.104091 0.078360 0.078243 0.111394 0.106302 0.099918 0.102712 0.105136 
0.114623 0.103557 0.103359 0.086482 0.088493 0.103252 0.104803 0.099575 0.103572 0.092283 
0.109417 0.099135 0.103470 0.082415 0.094769 0.095009 0.109357 0.096811 0.098975 0.110643 
0.101210 0.102351 0.100102 0.100016 0.096891 0.098377 0.101246 0.101025 0.100990 0.097791 
0.109326 0.101949 0.098939 0.075651 0.065942 0.104494 0.101313 0.101074 0.101289 0.140023 
0.107830 0.108784 0.111304 0.085136 0.080514 0.102984 0.112930 0.103746 0.107340 0.079433 
0.108900 0.107980 0.099816 0.082427 0.080836 0.100343 0.101803 0.104141 0.106778 0.106975 
0.107578 0.107176 0.105052 0.063476 0.080118 0.100749 0.106936 0.105146 0.105778 0.117991 
0.106312 0.105166 0.103279 0.079716 0.080080 0.108100 0.104713 0.101660 0.104000 0.106974 
0.110653 0.109186 0.110933 0.075661 0.075421 0.106269 0.112557 0.104573 0.107969 0.086778 
0.105587 0.105970 0.099467 0.105436 0.101198 0.092288 0.098869 0.101683 0.104562 0.084940 
0.105977 0.103155 0.105085 0.081067 0.079196 0.095756 0.107538 0.104032 0.102041 0.116153 
0.104415 0.101145 0.097147 0.085125 0.079583 0.111798 0.098858 0.100212 0.100057 0.121661 
0.104806 0.104763 0.109046 0.085130 0.088219 0.108110 0.111467 0.099914 0.103603 0.084939 
0.107815 0.100341 0.105413 0.079710 0.078916 0.099103 0.109639 0.099513 0.099727 0.119824 
0.108809 0.106372 0.107075 0.077011 0.083404 0.109392 0.107855 0.106280 0.105191 0.088613 
0.108487 0.109588 0.115013 0.085137 0.084990 0.097808 0.117114 0.103246 0.108366 0.070253 
0.102615 0.098330 0.098873 0.098657 0.092135 0.092628 0.103899 0.101063 0.097485 0.114315 
0.106969 0.103155 0.101462 0.091896 0.098628 0.098436 0.102578 0.100510 0.102248 0.094119 
0.108221 0.105970 0.101138 0.091900 0.099470 0.094904 0.101094 0.103666 0.105026 0.088612 
0.107668 0.105970 0.102959 0.081071 0.075763 0.115081 0.104022 0.103018 0.104819 0.099629 
0.101710 0.103155 0.105521 0.087835 0.098238 0.100814 0.107778 0.099045 0.101784 0.094119 
0.103340 0.101145 0.098747 0.089186 0.095594 0.090101 0.100634 0.101397 0.100032 0.119825 
0.111771 0.112403 0.101390 0.079726 0.077811 0.104095 0.099520 0.110083 0.110912 0.092288 
0.107976 0.109186 0.106925 0.086490 0.080790 0.094572 0.107748 0.109937 0.107762 0.088614 
0.104710 0.099939 0.093870 0.089184 0.081010 0.111599 0.095005 0.098441 0.099073 0.127169 
0.101304 0.099537 0.103772 0.091891 0.084961 0.107188 0.107197 0.096901 0.098444 0.108807 
0.106139 0.107578 0.109615 0.077012 0.077773 0.099523 0.110245 0.104500 0.106150 0.101466 
0.118364 0.114413 0.106411 0.060779 0.061157 0.106324 0.105677 0.110209 0.113360 0.103306 
0.099939 0.097526 0.103985 0.089181 0.091196 0.099594 0.108413 0.095720 0.096460 0.117987 
0.108735 0.105166 0.100956 0.083777 0.081509 0.096706 0.101945 0.104492 0.104232 0.112482 
0.116802 0.112805 0.108294 0.064837 0.061426 0.104786 0.108638 0.113050 0.111566 0.097796 
0.110371 0.105970 0.106022 0.093253 0.084407 0.097356 0.107377 0.101373 0.105258 0.088612 
0.106365 0.108382 0.099846 0.083781 0.077038 0.118305 0.101188 0.105865 0.106943 0.092286 
0.106809 0.107176 0.108575 0.085133 0.082708 0.104483 0.109072 0.108790 0.105985 0.081268 
0.102534 0.097124 0.096678 0.108131 0.104736 0.088978 0.097465 0.099460 0.096088 0.108806 
0.105065 0.104361 0.099923 0.101373 0.087262 0.106140 0.100134 0.102319 0.102975 0.090448 
0.110711 0.106774 0.104889 0.094608 0.091556 0.097140 0.105411 0.101593 0.106052 0.081268 
0.116461 0.107980 0.108427 0.077013 0.077773 0.101062 0.109848 0.103280 0.107706 0.090449 
0.107689 0.105166 0.106262 0.071595 0.083374 0.118703 0.108044 0.100815 0.104232 0.094120 
0.107593 0.109990 0.109953 0.081076 0.083160 0.097261 0.111073 0.104583 0.108531 0.086778 
0.112100 0.106372 0.099558 0.074304 0.070585 0.107508 0.100397 0.105713 0.105473 0.117991 
0.111586 0.107578 0.103524 0.079720 0.076647 0.099892 0.104217 0.105085 0.106613 0.105139 
0.110689 0.111197 0.108424 0.078371 0.084406 0.097811 0.108659 0.105548 0.109953 0.084943 
0.109504 0.105568 0.105013 0.082424 0.085508 0.100098 0.108823 0.102477 0.104629 0.095957 
0.108696 0.104361 0.103094 0.079715 0.094981 0.110506 0.104513 0.102034 0.103488 0.088612 
0.111184 0.108382 0.108628 0.072953 0.074786 0.115097 0.112391 0.104206 0.107432 0.084941 
0.109691 0.106774 0.103556 0.079718 0.077166 0.113007 0.104238 0.102469 0.105588 0.097794 
0.109910 0.111599 0.103070 0.078372 0.074937 0.099885 0.100668 0.108136 0.110118 0.103304 
0.104002 0.103959 0.106350 0.093251 0.087840 0.085562 0.109183 0.103949 0.102603 0.103301 
0.109699 0.105970 0.106178 0.081071 0.082636 0.098140 0.108091 0.105373 0.105051 0.097793 
0.111996 0.109588 0.099179 0.086490 0.085184 0.104733 0.097573 0.104604 0.108366 0.092286 
0.108264 0.107176 0.105713 0.077012 0.071420 0.102385 0.107277 0.105958 0.105985 0.108811 
0.096000 0.092702 0.099549 0.094589 0.097051 0.104621 0.104555 0.092072 0.091697 0.127165 
0.112462 0.107176 0.109764 0.068890 0.077631 0.092728 0.112449 0.103641 0.106448 0.108811 
0.099713 0.094712 0.094998 0.106774 0.102379 0.110805 0.097497 0.095888 0.093938 0.103296 
0.109357 0.107980 0.110066 0.082427 0.075604 0.101142 0.112207 0.104195 0.106571 0.090449 
0.108432 0.104361 0.099303 0.090544 0.088364 0.099930 0.099925 0.101815 0.105860 0.101465 
0.110139 0.104763 0.098083 0.081069 0.075561 0.117403 0.098163 0.103777 0.104067 0.106973 
0.103288 0.102753 0.099048 0.083774 0.095888 0.097524 0.100466 0.103367 0.101412 0.112481 
0.109486 0.101949 0.107874 0.078358 0.095741 0.095513 0.113664 0.098335 0.101289 0.097791 
0.109611 0.104361 0.108634 0.081069 0.086589 0.097107 0.109858 0.101540 0.103438 0.097792 
0.109493 0.109990 0.105818 0.083784 0.087349 0.101683 0.105637 0.104378 0.108763 0.083106 
0.105578 0.105970 0.099720 0.087839 0.081061 0.107948 0.102283 0.105386 0.104587 0.099629 
0.110527 0.109186 0.106272 0.077015 0.070903 0.107368 0.107205 0.105736 0.107994 0.097795 
0.108387 0.100341 0.106471 0.085124 0.095923 0.103385 0.112118 0.097872 0.099933 0.090446 
0.101856 0.101145 0.102270 0.089186 0.098192 0.111301 0.106555 0.097182 0.100032 0.092282 
0.106939 0.101547 0.104285 0.087833 0.103030 0.095154 0.106752 0.097844 0.100660 0.095955 
0.105338 0.103959 0.102410 0.085129 0.084062 0.098163 0.104583 0.103083 0.102628 0.110645 
0.103777 0.100341 0.103458 0.095953 0.092224 0.097422 0.108692 0.097202 0.099470 0.101463 
0.107403 0.104361 0.104168 0.082422 0.087904 0.095074 0.110706 0.103058 0.103438 0.101465 
0.108743 0.104361 0.101454 0.090544 0.094717 0.098455 0.109114 0.102166 0.103670 0.086775 
0.110876 0.107980 0.103490 0.074306 0.086008 0.097678 0.102373 0.105140 0.107010 0.105139 
0.110480 0.110392 0.106392 0.067541 0.077797 0.105637 0.107178 0.107810 0.108977 0.097795 
0.108798 0.111599 0.105915 0.090554 0.081183 0.095422 0.105969 0.109171 0.110118 0.081270 
0.107773 0.106774 0.109076 0.071597 0.073789 0.101887 0.112375 0.104167 0.105588 0.106974 
0.103668 0.105568 0.102122 0.098667 0.102051 0.092328 0.100856 0.101963 0.104165 0.088612 
0.105251 0.101145 0.100299 0.087832 0.088447 0.099311 0.102488 0.098811 0.100264 0.116152 
0.101718 0.103155 0.105524 0.089189 0.089645 0.105625 0.107787 0.101452 0.101784 0.094119 
0.103199 0.102351 0.109800 0.086480 0.093167 0.095702 0.113586 0.098536 0.101222 0.095955 
0.104638 0.103959 0.106995 0.082422 0.094775 0.099070 0.109469 0.099905 0.102810 0.095956 
0.106769 0.103155 0.105488 0.078360 0.083037 0.102366 0.106643 0.101289 0.102248 0.110645 
0.103816 0.098331 0.093156 0.105425 0.100668 0.094877 0.094346 0.099625 0.097278 0.112479 
0.108783 0.107176 0.113257 0.071597 0.082220 0.113775 0.115879 0.101665 0.106216 0.079432 
0.110377 0.109990 0.107762 0.062126 0.072455 0.105694 0.115905 0.105461 0.108763 0.101467 
0.114203 0.109588 0.109648 0.070247 0.077591 0.104242 0.111057 0.106187 0.108623 0.088614 
0.106494 0.101949 0.096691 0.090541 0.085445 0.110890 0.099908 0.100029 0.101082 0.106972 
prostate
0.109892 0.086376 0.106141 0.093340 0.085218 0.105512 0.110490 0.107666 0.101265 0.094100 
0.120277 0.089794 0.105366 0.082607 0.084449 0.098465 0.110569 0.106733 0.105886 0.095855 
0.114821 0.087059 0.105312 0.086629 0.081668 0.106714 0.109425 0.105197 0.102058 0.101116 
0.110135 0.086376 0.107874 0.091998 0.094740 0.091527 0.112921 0.105556 0.101265 0.097608 
0.111449 0.087059 0.111195 0.077233 0.080335 0.100045 0.117348 0.106900 0.102058 0.106379 
0.114657 0.086718 0.106080 0.077233 0.082313 0.098160 0.111319 0.108223 0.101903 0.113395 
0.112801 0.086376 0.109274 0.091998 0.091875 0.097912 0.113921 0.103744 0.101507 0.090592 
0.116245 0.088768 0.108233 0.081263 0.088187 0.110908 0.111846 0.104742 0.104478 0.085330 
0.112897 0.084667 0.101918 0.100049 0.099862 0.088737 0.104417 0.103112 0.099717 0.104623 
0.119106 0.091503 0.111996 0.069186 0.072454 0.102178 0.116467 0.112043 0.107457 0.097610 
0.124177 0.092528 0.112040 0.067845 0.063795 0.111894 0.115878 0.110412 0.109083 0.092349 
0.119467 0.091161 0.103211 0.093347 0.090590 0.096186 0.104461 0.107454 0.107037 0.087086 
0.112258 0.087401 0.104261 0.090657 0.078943 0.098616 0.108414 0.105354 0.102455 0.111641 
0.118215 0.090819 0.113378 0.086635 0.091677 0.090136 0.117512 0.106454 0.106858 0.078315 
0.121515 0.088427 0.105929 0.078577 0.077586 0.101017 0.109907 0.106146 0.104517 0.106379 
0.110967 0.086718 0.110832 0.082602 0.084342 0.092473 0.119346 0.106434 0.101662 0.104624 
0.113313 0.087059 0.111103 0.074548 0.083124 0.099611 0.119449 0.106645 0.102276 0.102870 
0.121437 0.085351 0.102707 0.093339 0.086206 0.097753 0.108855 0.107553 0.100947 0.095853 
0.114806 0.090477 0.110190 0.077238 0.075598 0.101523 0.114297 0.112235 0.106025 0.097610 
0.115544 0.088768 0.105917 0.081263 0.078652 0.101290 0.110462 0.107464 0.104260 0.106379 
0.106715 0.081591 0.110631 0.090648 0.102746 0.097641 0.118392 0.098102 0.095929 0.097606 
0.116780 0.090477 0.107664 0.092004 0.085212 0.089312 0.110891 0.107315 0.106243 0.094102 
0.112643 0.087743 0.104674 0.100054 0.098408 0.100193 0.107655 0.105686 0.102875 0.080068 
0.114957 0.090477 0.107408 0.092004 0.092401 0.092908 0.112702 0.107516 0.106049 0.083577 
0.127659 0.095604 0.113792 0.069192 0.078711 0.095389 0.115952 0.116044 0.112848 0.074809 
0.111503 0.086718 0.101962 0.081260 0.082973 0.105372 0.105696 0.109459 0.101662 0.113395 
0.120965 0.092528 0.118719 0.079926 0.078491 0.090921 0.122198 0.112577 0.108865 0.074808 
0.123332 0.093895 0.109036 0.086640 0.082668 0.090340 0.110776 0.111278 0.110210 0.081825 
0.112170 0.088768 0.112413 0.085290 0.086348 0.099205 0.119833 0.104846 0.104042 0.087085 
0.115104 0.085692 0.105819 0.093339 0.084748 0.111596 0.110782 0.102957 0.101126 0.088837 
0.109842 0.086034 0.114628 0.074547 0.095523 0.108882 0.121510 0.102813 0.100892 0.085329 
0.110727 0.082274 0.108460 0.100046 0.098767 0.101242 0.119390 0.100118 0.097158 0.081819 
0.113841 0.087059 0.108133 0.070521 0.073449 0.108322 0.113777 0.105935 0.102058 0.116903 
0.125318 0.091845 0.110846 0.067844 0.068118 0.098405 0.114905 0.109610 0.108484 0.104627 
0.108743 0.084667 0.103125 0.094680 0.082883 0.105662 0.107762 0.106819 0.099282 0.106377 
0.116695 0.086376 0.104645 0.086628 0.084064 0.106213 0.108814 0.103530 0.101919 0.101116 
0.120464 0.089452 0.105239 0.079921 0.075255 0.103971 0.108529 0.107054 0.105489 0.104626 
0.109984 0.086376 0.106174 0.089313 0.096592 0.098471 0.110594 0.105377 0.101265 0.095854 
0.112002 0.085351 0.105558 0.089312 0.087004 0.094722 0.110908 0.103211 0.100293 0.111640 
0.116479 0.089452 0.113294 0.083948 0.084878 0.108072 0.116132 0.105913 0.105271 0.076560 
0.122444 0.092528 0.114874 0.073214 0.075930 0.096996 0.117445 0.110640 0.108842 0.087086 
0.118157 0.087401 0.109858 0.069179 0.070989 0.114560 0.115419 0.104948 0.103109 0.106379 
0.115568 0.087743 0.111185 0.083946 0.084407 0.101420 0.114751 0.105347 0.103288 0.092346 
0.117818 0.088768 0.112978 0.083947 0.093005 0.100393 0.117690 0.104144 0.104696 0.076560 
0.117818 0.089794 0.106895 0.085291 0.089787 0.097912 0.109952 0.106289 0.105668 0.090593 
0.119402 0.088768 0.109880 0.079920 0.080934 0.108506 0.114239 0.108301 0.104719 0.085330 
0.113795 0.085692 0.103162 0.090654 0.091392 0.100965 0.109548 0.102768 0.100908 0.101116 
0.118801 0.090477 0.109275 0.075896 0.076524 0.105894 0.112929 0.109641 0.106461 0.094102 
0.115828 0.086718 0.110684 0.074548 0.078330 0.110944 0.116709 0.104756 0.102121 0.099362 
0.119916 0.090136 0.102999 0.082607 0.084501 0.096888 0.103702 0.112046 0.106088 0.101118 
0.118750 0.091161 0.108723 0.089320 0.088471 0.099772 0.111197 0.109007 0.107037 0.076561 
0.111910 0.086376 0.112344 0.090655 0.093218 0.088538 0.116836 0.106294 0.101483 0.092346 
0.123023 0.091161 0.106493 0.085293 0.086455 0.096107 0.108732 0.108177 0.107473 0.087086 
0.118721 0.085692 0.111637 0.075889 0.082665 0.087653 0.121090 0.103669 0.101343 0.111640 
0.110538 0.085009 0.112736 0.086626 0.095941 0.092688 0.118024 0.102687 0.099896 0.095853 
0.117192 0.088768 0.112685 0.074551 0.083126 0.095672 0.118306 0.105858 0.104478 0.099363 
0.114630 0.090819 0.111967 0.079923 0.078540 0.105615 0.116109 0.107134 0.106422 0.088840 
0.122111 0.091161 0.117855 0.075897 0.076422 0.095271 0.123523 0.110412 0.107278 0.080069 
0.120417 0.089794 0.105415 0.085291 0.076867 0.101095 0.110727 0.106898 0.105886 0.097610 
0.119017 0.094579 0.111518 0.066506 0.073372 0.108370 0.114075 0.111182 0.110786 0.090596 
0.111842 0.085692 0.102399 0.098709 0.094538 0.094071 0.106269 0.102920 0.100690 0.102870 
0.117473 0.088427 0.112688 0.083947 0.090608 0.097946 0.120387 0.106083 0.104128 0.078314 
0.120541 0.088085 0.107039 0.081262 0.080528 0.097418 0.113505 0.109894 0.104120 0.097609 
0.111547 0.085009 0.106100 0.104077 0.098962 0.102863 0.112690 0.100326 0.100114 0.078312 
0.113744 0.084325 0.115624 0.081256 0.094747 0.091755 0.123602 0.103064 0.099539 0.092345 
0.115897 0.089794 0.108615 0.078579 0.085716 0.100634 0.114736 0.106478 0.105450 0.094101 
0.112643 0.085692 0.105977 0.089312 0.082211 0.092975 0.111486 0.103864 0.100690 0.115148 
0.112707 0.083642 0.102082 0.094678 0.097260 0.097521 0.106944 0.101992 0.098551 0.104623 
0.111397 0.082616 0.103124 0.109443 0.102497 0.099573 0.107662 0.100805 0.097555 0.085327 
0.111442 0.085692 0.106586 0.100051 0.115130 0.097722 0.110325 0.101066 0.100690 0.071296 
0.116204 0.092186 0.109999 0.079925 0.081459 0.099404 0.112994 0.110978 0.108009 0.088840 
0.108495 0.084325 0.107173 0.105418 0.100901 0.100393 0.112136 0.100454 0.098885 0.081820 
0.123378 0.091503 0.107050 0.071870 0.074040 0.106970 0.109749 0.109961 0.107869 0.097610 
0.115656 0.089452 0.114007 0.074552 0.078803 0.102570 0.121851 0.105926 0.104835 0.092347 
0.117927 0.093212 0.115305 0.065161 0.072785 0.098598 0.119895 0.110307 0.109199 0.097611 
0.121661 0.090136 0.108590 0.089319 0.081749 0.106415 0.111502 0.105812 0.106501 0.078315 
0.119366 0.090819 0.104725 0.086635 0.074535 0.106446 0.106953 0.107807 0.106858 0.095856 
0.106817 0.082616 0.100101 0.101389 0.094610 0.115223 0.104452 0.100262 0.096925 0.097606 
0.116712 0.085009 0.105987 0.081257 0.086254 0.098968 0.111720 0.103851 0.100356 0.109886 
0.109168 0.086034 0.111458 0.093340 0.093294 0.095118 0.117364 0.104520 0.100868 0.088837 
0.119537 0.091503 0.110572 0.086636 0.080216 0.106591 0.118267 0.107703 0.107675 0.071299 
0.112882 0.085692 0.100297 0.077231 0.081894 0.110154 0.104210 0.106539 0.100690 0.120411 
0.119997 0.089452 0.109192 0.078579 0.083788 0.095995 0.113392 0.106506 0.105489 0.097609 
0.118520 0.092870 0.112923 0.077242 0.076071 0.106080 0.116152 0.111052 0.109020 0.080070 
0.116773 0.092870 0.108115 0.083953 0.083059 0.099540 0.112508 0.109048 0.108802 0.085332 
0.122112 0.089110 0.105258 0.082606 0.076789 0.103150 0.106751 0.109768 0.105093 0.099363 
0.117855 0.090136 0.107143 0.085292 0.082598 0.107350 0.109985 0.106928 0.105629 0.087085 
0.117589 0.083642 0.108633 0.093336 0.089018 0.094339 0.111573 0.105084 0.099181 0.097607 
0.112632 0.082274 0.105016 0.082595 0.097776 0.097192 0.113754 0.099962 0.097159 0.111638 
0.121674 0.091845 0.109390 0.089321 0.086075 0.097876 0.111808 0.107400 0.108048 0.076562 
0.111816 0.083983 0.106569 0.090652 0.095193 0.099729 0.108877 0.103141 0.098924 0.101115 
0.115530 0.091845 0.110393 0.074555 0.082713 0.110674 0.113456 0.107889 0.107612 0.085332 
0.113088 0.087060 0.105634 0.078575 0.075657 0.103415 0.112849 0.106515 0.102058 0.115149 
0.111295 0.085009 0.103856 0.082599 0.088246 0.090978 0.109571 0.104825 0.099702 0.123918 
0.120644 0.092186 0.115008 0.067844 0.077653 0.092495 0.122071 0.111305 0.108445 0.092348 
0.116209 0.089794 0.106254 0.090661 0.078947 0.093980 0.109458 0.111638 0.105450 0.097610 
0.112533 0.088768 0.105128 0.092001 0.087137 0.104630 0.108143 0.105271 0.104042 0.092347 
0.113367 0.089794 0.107648 0.090661 0.099057 0.090398 0.110807 0.105951 0.105232 0.087085 
0.112322 0.087060 0.108209 0.083945 0.076278 0.091917 0.114022 0.105531 0.102059 0.118657 
0.116095 0.090136 0.107705 0.086634 0.080735 0.102967 0.109185 0.110104 0.105847 0.090593 
skin
0.107607 0.105906 0.106233 0.088397 0.095021 0.090493 0.110125 0.101818 0.105844 0.088554 
0.106889 0.103487 0.098362 0.081767 0.092904 0.096011 0.101209 0.103553 0.103413 0.112406 
0.106316 0.107519 0.097986 0.089725 0.089762 0.101834 0.101296 0.102481 0.107186 0.095894 
0.109576 0.109534 0.102523 0.088402 0.095630 0.094657 0.103723 0.103474 0.109428 0.083052 
0.101445 0.097843 0.097960 0.091038 0.093088 0.111442 0.102635 0.096157 0.097824 0.110568 
0.111318 0.105503 0.111526 0.077793 0.083312 0.094931 0.117116 0.104506 0.105443 0.088554 
0.110265 0.106712 0.102825 0.081771 0.079051 0.097382 0.104094 0.105974 0.106857 0.105068 
0.108585 0.109534 0.106320 0.084426 0.090386 0.107889 0.108260 0.103366 0.109191 0.072043 
0.100825 0.099052 0.100249 0.101643 0.102321 0.098894 0.106920 0.095203 0.099002 0.095890 
0.106794 0.105906 0.098275 0.095025 0.092502 0.102876 0.099664 0.100916 0.105819 0.092224 
0.109094 0.105906 0.098826 0.095025 0.087185 0.100850 0.098842 0.102324 0.106055 0.095894 
0.099345 0.093811 0.091345 0.109588 0.111454 0.099595 0.093482 0.095191 0.093788 0.112401 
0.101762 0.098649 0.101544 0.085737 0.098283 0.110610 0.106570 0.100732 0.098389 0.097725 
0.104122 0.105100 0.100918 0.087071 0.086061 0.109837 0.103464 0.102754 0.104780 0.095893 
0.107862 0.112356 0.110799 0.071175 0.078286 0.103519 0.111908 0.109279 0.111762 0.083053 
0.103437 0.107518 0.109425 0.083098 0.091455 0.102722 0.111592 0.102587 0.106950 0.081216 
0.108566 0.105503 0.105223 0.072491 0.075030 0.117137 0.111528 0.103187 0.105443 0.095893 
0.105657 0.107519 0.100544 0.089725 0.081745 0.095416 0.104906 0.104304 0.106950 0.103234 
0.108657 0.109937 0.103937 0.075148 0.081131 0.101247 0.105995 0.104789 0.109592 0.099565 
0.104944 0.105503 0.103442 0.092373 0.091725 0.101868 0.108883 0.101171 0.105206 0.084885 
0.108237 0.106309 0.102190 0.072493 0.084397 0.097946 0.105364 0.102602 0.106220 0.114242 
0.105182 0.104293 0.099772 0.087070 0.087933 0.094030 0.105387 0.101759 0.104003 0.110572 
0.106008 0.105503 0.101965 0.087071 0.093776 0.097747 0.106969 0.103556 0.105181 0.092224 
0.105973 0.109131 0.104607 0.081774 0.087292 0.108708 0.106773 0.104111 0.108579 0.083051 
0.102314 0.099858 0.091519 0.104295 0.102878 0.098491 0.093426 0.096846 0.099804 0.110569 
0.098249 0.099858 0.104052 0.097667 0.101348 0.099209 0.109389 0.096815 0.099356 0.094056 
0.106456 0.109937 0.100692 0.079125 0.079708 0.101085 0.108898 0.107013 0.109356 0.097730 
0.112748 0.113566 0.107791 0.085757 0.085573 0.098181 0.108806 0.106003 0.113201 0.068375 
0.111706 0.112356 0.107778 0.077802 0.082354 0.105234 0.109397 0.105423 0.112235 0.075714 
0.110359 0.104293 0.096407 0.085744 0.087212 0.107615 0.100484 0.100202 0.104451 0.103232 
0.107792 0.104293 0.099555 0.087070 0.087933 0.107281 0.102069 0.099993 0.104451 0.099563 
0.105840 0.104696 0.101434 0.083094 0.097897 0.097731 0.104780 0.102370 0.104430 0.097728 
0.099753 0.099455 0.098397 0.098992 0.101102 0.095630 0.102441 0.096328 0.099166 0.108734 
0.100451 0.102277 0.106421 0.081765 0.095742 0.105569 0.110057 0.100063 0.101762 0.095892 
0.113016 0.111147 0.106944 0.079126 0.085772 0.097831 0.108890 0.104787 0.111268 0.081218 
0.100457 0.103487 0.102837 0.085743 0.096718 0.108598 0.106396 0.098767 0.102939 0.094058 
0.112697 0.105100 0.101707 0.080444 0.081470 0.102568 0.106863 0.108242 0.105017 0.095893 
0.106866 0.104696 0.102573 0.071165 0.077229 0.104262 0.106423 0.106094 0.104616 0.116076 
0.107189 0.100665 0.105237 0.083089 0.094366 0.100110 0.108916 0.100263 0.100606 0.099561 
0.105596 0.105503 0.100467 0.088397 0.088958 0.103110 0.103057 0.101977 0.105206 0.097728 
0.102993 0.103084 0.096389 0.092370 0.090453 0.102684 0.098669 0.101848 0.102775 0.108736 
0.105321 0.099052 0.097167 0.097666 0.092364 0.106761 0.100984 0.098192 0.099263 0.103230 
0.106118 0.104293 0.103726 0.072490 0.074505 0.115258 0.110186 0.100473 0.104215 0.108737 
0.103200 0.100665 0.100231 0.088390 0.088649 0.101654 0.104618 0.097748 0.100606 0.114239 
0.107267 0.109131 0.104676 0.080449 0.095857 0.097083 0.106760 0.103266 0.108790 0.086721 
0.104914 0.101874 0.106396 0.081765 0.094392 0.100335 0.113921 0.100538 0.101809 0.094057 
0.104357 0.105503 0.099165 0.080444 0.084169 0.099897 0.104093 0.103185 0.104945 0.114242 
0.106198 0.103890 0.095440 0.089720 0.089757 0.103355 0.097237 0.100254 0.103577 0.110571 
0.107359 0.103487 0.095825 0.091045 0.098494 0.092961 0.100063 0.102050 0.103649 0.105067 
0.100349 0.097843 0.104348 0.085736 0.100377 0.096855 0.110654 0.097307 0.097799 0.108734 
0.103855 0.104696 0.107543 0.065863 0.085343 0.116912 0.110607 0.101240 0.104379 0.099563 
0.107972 0.105100 0.103892 0.091047 0.098416 0.099008 0.106893 0.099606 0.105017 0.083050 
0.106305 0.107518 0.102798 0.083098 0.082995 0.106581 0.105155 0.102469 0.107186 0.095894 
0.103550 0.107518 0.104971 0.088399 0.091055 0.105350 0.107543 0.101612 0.106950 0.083051 
0.105843 0.106309 0.101283 0.075143 0.083523 0.106997 0.103989 0.102192 0.105983 0.108738 
0.101890 0.098246 0.098561 0.089713 0.089669 0.098815 0.103596 0.096301 0.097963 0.125247 
0.101022 0.100262 0.096812 0.091041 0.090997 0.101963 0.100492 0.097700 0.099968 0.119744 
0.109807 0.106309 0.098785 0.085747 0.085342 0.101755 0.100570 0.101995 0.106456 0.103233 
0.105140 0.105503 0.104251 0.079119 0.090559 0.098781 0.106252 0.102218 0.104945 0.103233 
0.109079 0.107922 0.104828 0.065867 0.077935 0.109787 0.107876 0.105649 0.107824 0.103234 
0.103757 0.095827 0.097530 0.081757 0.084051 0.114285 0.103098 0.094513 0.096267 0.128916 
0.109374 0.107115 0.104611 0.084423 0.095177 0.100052 0.107113 0.103661 0.107258 0.081216 
0.100577 0.100665 0.104860 0.080438 0.095241 0.105441 0.110291 0.097053 0.100369 0.105065 
0.099625 0.099858 0.101421 0.097667 0.096333 0.102140 0.104246 0.099582 0.099567 0.099560 
0.105460 0.103487 0.104152 0.068513 0.069340 0.102531 0.104360 0.108228 0.103176 0.130754 
0.112048 0.112760 0.103566 0.067199 0.075822 0.111814 0.104334 0.107830 0.112399 0.092227 
0.101976 0.102681 0.106275 0.073813 0.099716 0.105927 0.111218 0.098293 0.102374 0.097727 
0.110054 0.112356 0.100717 0.093708 0.082726 0.098945 0.100515 0.105928 0.111998 0.083053 
0.110461 0.110744 0.113502 0.076475 0.080201 0.092595 0.118221 0.107788 0.110631 0.079383 
0.109949 0.106309 0.102851 0.072493 0.070539 0.111581 0.110750 0.102170 0.106456 0.106903 
0.105311 0.109131 0.102323 0.075147 0.087797 0.109357 0.103799 0.108191 0.108554 0.090391 
0.111416 0.108728 0.106880 0.079123 0.082023 0.097386 0.109959 0.103398 0.108862 0.092225 
0.107895 0.107922 0.103596 0.084424 0.094130 0.102777 0.107868 0.104184 0.107824 0.079381 
0.111234 0.102277 0.101358 0.077789 0.080467 0.109202 0.105577 0.100652 0.102708 0.108736 
0.103350 0.103890 0.100093 0.076466 0.094654 0.112057 0.102986 0.099696 0.103577 0.103232 
0.100855 0.104696 0.104809 0.100325 0.095989 0.100882 0.106445 0.102477 0.104143 0.079380 
0.110534 0.112356 0.103299 0.072501 0.072723 0.111806 0.104200 0.106521 0.111998 0.094062 
0.110357 0.101874 0.102686 0.076463 0.085285 0.101930 0.109661 0.098656 0.102518 0.110570 
0.108450 0.102681 0.098305 0.091044 0.086206 0.108670 0.100952 0.101047 0.103084 0.099562 
0.102687 0.105503 0.108566 0.080444 0.088057 0.093861 0.113501 0.101038 0.104945 0.101398 
0.124286 0.113969 0.107537 0.061899 0.071430 0.104433 0.111182 0.107426 0.114785 0.083054 
0.103320 0.104293 0.093842 0.098999 0.091078 0.111619 0.096855 0.101958 0.103978 0.094058 
0.104491 0.099858 0.103290 0.068508 0.091652 0.108266 0.107400 0.100633 0.099829 0.116074 
0.106258 0.103487 0.107866 0.063211 0.087263 0.100077 0.113571 0.107928 0.103438 0.106901 
0.099768 0.102277 0.102042 0.088393 0.101160 0.099004 0.106013 0.098210 0.101736 0.101396 
0.102748 0.102681 0.094513 0.097671 0.100688 0.093075 0.096434 0.099245 0.102374 0.110571 
0.103720 0.102277 0.100343 0.096345 0.099060 0.098528 0.103626 0.097999 0.102210 0.095892 
0.105563 0.109131 0.110559 0.075147 0.092510 0.103114 0.112570 0.107115 0.108579 0.075712 
0.106819 0.104293 0.100951 0.088395 0.099591 0.103784 0.103493 0.099906 0.104215 0.088554 
0.110726 0.101471 0.101032 0.068510 0.078099 0.105454 0.105735 0.101607 0.102117 0.125249 
0.107750 0.106309 0.097234 0.079120 0.083973 0.104431 0.103910 0.104337 0.106034 0.106903 
0.105708 0.106309 0.095615 0.091049 0.084942 0.104383 0.098918 0.102024 0.105983 0.105068 
0.099481 0.099858 0.098481 0.092366 0.100781 0.113855 0.101992 0.095893 0.099567 0.097726 
0.110499 0.113163 0.109269 0.071176 0.072970 0.113253 0.111202 0.106284 0.112800 0.079384 
0.106495 0.107115 0.108304 0.071168 0.079850 0.095353 0.112823 0.105201 0.106785 0.106903 
0.110291 0.107922 0.103701 0.083098 0.090710 0.100928 0.105805 0.104599 0.108060 0.084886 
0.107084 0.111147 0.106281 0.077801 0.084226 0.100959 0.108288 0.105100 0.110559 0.088557 
0.104614 0.104696 0.101717 0.080443 0.083866 0.096808 0.107608 0.103462 0.104379 0.112407 
0.100378 0.102277 0.102702 0.104298 0.101975 0.086288 0.106839 0.101257 0.101762 0.092222 
0.113011 0.116388 0.106453 0.059252 0.061451 0.094582 0.106015 0.114664 0.115772 0.112412 
stomach
0.117106 0.114181 0.099747 0.081230 0.087570 0.087733 0.109109 0.106877 0.113370 0.083078 
0.111929 0.108755 0.097494 0.081223 0.095798 0.096752 0.112453 0.102896 0.107788 0.084912 
0.107973 0.112512 0.096948 0.082530 0.089963 0.107985 0.105807 0.106073 0.110803 0.079405 
0.104544 0.104999 0.094701 0.074706 0.082859 0.107413 0.106172 0.101197 0.103615 0.119795 
0.104225 0.105833 0.093845 0.087733 0.086942 0.110901 0.102320 0.104164 0.104437 0.099599 
0.115302 0.108755 0.101907 0.070803 0.084740 0.099570 0.114874 0.105579 0.108050 0.090420 
0.107496 0.112094 0.100048 0.074715 0.085787 0.097269 0.110604 0.105691 0.110367 0.095930 
0.104329 0.104164 0.092043 0.105967 0.109273 0.092335 0.101694 0.098584 0.103029 0.088582 
0.112527 0.110007 0.103855 0.070804 0.088706 0.095346 0.116460 0.104663 0.109047 0.088584 
0.114727 0.112929 0.095275 0.073413 0.073896 0.107634 0.103841 0.106784 0.111899 0.099602 
0.107270 0.110007 0.099971 0.083830 0.091743 0.095304 0.113213 0.103365 0.108548 0.086748 
0.108364 0.110842 0.096396 0.070805 0.078165 0.098229 0.106791 0.106959 0.109159 0.114289 
0.110807 0.113764 0.096169 0.082532 0.083081 0.097761 0.102820 0.110395 0.112248 0.090422 
0.106828 0.107503 0.101331 0.081222 0.091742 0.098810 0.115910 0.101989 0.106081 0.088583 
0.112308 0.114599 0.095003 0.070810 0.080350 0.097104 0.103158 0.108488 0.113070 0.105111 
0.103291 0.103747 0.094215 0.091638 0.094559 0.107190 0.105348 0.099844 0.102407 0.097762 
0.109990 0.108755 0.100438 0.064290 0.076600 0.090315 0.115386 0.106878 0.107551 0.119796 
0.109449 0.110007 0.095708 0.073410 0.085046 0.097249 0.105659 0.106144 0.108548 0.108781 
0.112629 0.112512 0.098203 0.065597 0.072116 0.103228 0.108281 0.109236 0.111251 0.106946 
0.113834 0.111260 0.096619 0.069503 0.077122 0.093309 0.109002 0.108478 0.110255 0.110617 
0.109592 0.107086 0.098469 0.076011 0.086302 0.093382 0.107030 0.105842 0.105670 0.110616 
0.120250 0.114599 0.097747 0.079928 0.082561 0.092910 0.106262 0.107285 0.113544 0.084914 
0.103714 0.104999 0.094426 0.090337 0.092994 0.096440 0.105241 0.104965 0.103615 0.103270 
0.116160 0.112929 0.095858 0.064295 0.074298 0.121025 0.104721 0.108343 0.111950 0.090422 
0.113875 0.119607 0.099813 0.066908 0.068682 0.103361 0.107791 0.111770 0.117767 0.090425 
0.106750 0.104999 0.096739 0.073404 0.077544 0.105182 0.107358 0.102543 0.103851 0.121631 
0.109091 0.112094 0.101427 0.074715 0.089229 0.098798 0.112179 0.105115 0.110604 0.086749 
0.102041 0.103747 0.104559 0.069494 0.097980 0.084607 0.120268 0.100849 0.102170 0.114286 
0.113543 0.109173 0.091234 0.086434 0.083289 0.096722 0.099671 0.104791 0.108199 0.106944 
0.103532 0.098320 0.094016 0.085119 0.096215 0.092417 0.107535 0.098438 0.097274 0.127136 
0.108589 0.108755 0.093465 0.095552 0.101230 0.085612 0.103076 0.103913 0.107551 0.092256 
0.111532 0.113346 0.100093 0.076019 0.095897 0.080878 0.110388 0.107727 0.111862 0.092258 
0.106169 0.107086 0.095758 0.087734 0.093305 0.096915 0.106414 0.104996 0.105696 0.095927 
0.111612 0.112929 0.096488 0.091649 0.087165 0.096354 0.107253 0.105482 0.111663 0.079406 
0.109245 0.106668 0.092132 0.098154 0.098523 0.087533 0.099734 0.102677 0.105733 0.099599 
0.111447 0.116686 0.099363 0.065602 0.075870 0.102011 0.108168 0.111868 0.114889 0.094096 
