-385701.691023
0
0.000003 0.000003 0.000003 0.000003 0.000003 0.000003 0.000003 0.000003 0.000004 0.000003 0.000144 0.000004 0.000003 0.000003 0.000003 0.000004 0.000004 0.000003 0.000245 0.000004 0.000005 0.000003 0.000003 0.000148 0.000004 0.000004 0.000003 0.000256 0.000003 0.000003 0.000003 0.000003 0.000004 0.000003 0.172765 0.000003 0.000003 0.000003 0.000003 0.000003 0.000003 0.000003 0.000004 0.000004 0.000004 0.000003 0.000003 0.000004 0.000004 0.000003 0.000003 0.000003 0.000003 0.000003 0.000003 0.000003 0.002570 0.000189 0.793006 0.028868 0.000003 0.000003 0.000003 0.000003 0.000003 0.000003 0.000003 0.000003 0.000003 0.000003 0.000003 0.000004 0.000004 0.000003 0.000003 0.001114 0.000003 0.000003 0.000003 0.000003 0.000003 0.000003 0.000414 0.000003 0.000004 0.000003 0.000003 0.000003 0.000004 0.000003 0.000003 0.000004 0.000004 0.000003 0.000003 0.000004 
0.000003 0.000003 0.000003 0.000003 0.000003 0.000003 0.000003 0.000003 0.000004 0.000003 0.000010 0.000004 0.000003 0.000003 0.000003 0.000004 0.000004 0.000003 0.000004 0.000004 0.000005 0.000003 0.000003 0.000004 0.000004 0.000004 0.000003 0.000007 0.000003 0.000003 0.000003 0.000003 0.000004 0.000003 0.000012 0.000003 0.000003 0.000003 0.000003 0.000003 0.000003 0.000003 0.000004 0.000004 0.000004 0.000003 0.000003 0.000004 0.000004 0.000003 0.000003 0.000003 0.000003 0.000003 0.000003 0.000003 0.000010 0.000009 0.999650 0.000004 0.000003 0.000003 0.000003 0.000003 0.000003 0.000003 0.000003 0.000003 0.000003 0.000003 0.000003 0.000004 0.000004 0.000003 0.000003 0.000004 0.000003 0.000003 0.000003 0.000003 0.000003 0.000003 0.000006 0.000003 0.000004 0.000003 0.000003 0.000003 0.000004 0.000003 0.000003 0.000004 0.000004 0.000003 0.000003 0.000004 
0.000003 0.000003 0.000003 0.000003 0.000003 0.000003 0.000003 0.000003 0.002651 0.000003 0.000135 0.000004 0.000003 0.000003 0.000003 0.000004 0.000004 0.000003 0.000004 0.000004 0.000247 0.000003 0.000003 0.000004 0.000004 0.000004 0.000003 0.000237 0.000003 0.000003 0.000003 0.000003 0.000004 0.000003 0.002056 0.000003 0.000003 0.000003 0.000003 0.000003 0.000003 0.000003 0.000004 0.000004 0.000004 0.000003 0.000003 0.000004 0.000004 0.000003 0.000003 0.000003 0.000003 0.000003 0.000003 0.000003 0.002526 0.036612 0.954377 0.000004 0.000003 0.000003 0.000003 0.000003 0.000003 0.000003 0.000003 0.000003 0.000003 0.000003 0.000003 0.000004 0.000150 0.000003 0.000003 0.000004 0.000003 0.000003 0.000003 0.000003 0.000003 0.000003 0.000724 0.000003 0.000004 0.000003 0.000003 0.000003 0.000004 0.000003 0.000003 0.000004 0.000004 0.000003 0.000003 0.000004 
0.000004 0.000004 0.000004 0.000004 0.000004 0.000004 0.000004 0.000004 0.000005 0.000004 0.838436 0.000004 0.000004 0.000004 0.000004 0.000004 0.000004 0.000004 0.000004 0.000004 0.000006 0.000004 0.000004 0.000004 0.000004 0.000004 0.000004 0.000008 0.000004 0.000004 0.000004 0.000004 0.000004 0.000004 0.000051 0.000004 0.000004 0.000004 0.000004 0.000004 0.000004 0.000004 0.000004 0.000004 0.000004 0.000004 0.000004 0.000004 0.000113 0.000004 0.000004 0.000004 0.000004 0.000004 0.000004 0.000004 0.000033 0.000010 0.160034 0.000004 0.000004 0.000004 0.000004 0.000004 0.000004 0.000004 0.000004 0.000004 0.000004 0.000004 0.000004 0.000004 0.000004 0.000004 0.000004 0.000004 0.000004 0.000004 0.000004 0.000004 0.000004 0.000004 0.000007 0.000004 0.000004 0.000004 0.000004 0.000004 0.000004 0.000004 0.000004 0.000983 0.000004 0.000004 0.000004 0.000004 
0.000004 0.000004 0.000004 0.000004 0.000004 0.000004 0.000004 0.000004 0.000005 0.000004 0.459874 0.000004 0.000004 0.000004 0.000004 0.000004 0.000004 0.000004 0.000004 0.000004 0.000006 0.000004 0.000004 0.000004 0.000004 0.000004 0.000004 0.100501 0.000004 0.000004 0.000004 0.000004 0.000004 0.000004 0.000013 0.000004 0.000004 0.000004 0.000004 0.000004 0.000004 0.000004 0.000004 0.000004 0.000004 0.000004 0.000004 0.000004 0.000004 0.000004 0.000004 0.000004 0.000004 0.000004 0.000004 0.000004 0.000011 0.407702 0.026437 0.000005 0.000004 0.000004 0.000004 0.000004 0.000004 0.000004 0.000004 0.000004 0.000004 0.000004 0.000004 0.000004 0.000004 0.000004 0.000004 0.000004 0.000004 0.000004 0.000004 0.000004 0.000004 0.000004 0.000007 0.000004 0.000004 0.000004 0.000004 0.000004 0.000004 0.000004 0.000004 0.000004 0.005125 0.000004 0.000004 0.000004 
0.000003 0.000003 0.000003 0.000003 0.000003 0.000003 0.000003 0.000003 0.000005 0.000003 0.000010 0.000004 0.000003 0.000003 0.000003 0.000004 0.000004 0.000003 0.000004 0.000004 0.000005 0.000003 0.000003 0.000004 0.000004 0.000004 0.000003 0.000007 0.000003 0.000003 0.000003 0.000003 0.000004 0.000003 0.833990 0.000003 0.000003 0.000003 0.000003 0.000003 0.000003 0.000003 0.000004 0.000004 0.000004 0.000003 0.000003 0.000004 0.000004 0.000003 0.000003 0.000003 0.000003 0.000003 0.000003 0.000003 0.162292 0.000009 0.003382 0.000004 0.000003 0.000003 0.000003 0.000003 0.000003 0.000003 0.000003 0.000003 0.000003 0.000003 0.000003 0.000004 0.000004 0.000003 0.000003 0.000004 0.000003 0.000003 0.000003 0.000003 0.000003 0.000003 0.000006 0.000003 0.000004 0.000003 0.000003 0.000003 0.000004 0.000003 0.000003 0.000004 0.000004 0.000003 0.000003 0.000004 
0.000003 0.000003 0.000003 0.000003 0.000003 0.000003 0.000003 0.000003 0.000004 0.000003 0.000176 0.000004 0.000003 0.000003 0.000003 0.000149 0.000004 0.000003 0.000004 0.000004 0.000516 0.000003 0.000003 0.000004 0.000004 0.000004 0.000003 0.000306 0.000003 0.000003 0.000003 0.000003 0.000004 0.000003 0.001843 0.000003 0.000003 0.000003 0.000003 0.000003 0.000003 0.000003 0.000004 0.000004 0.000004 0.000003 0.000003 0.005100 0.000004 0.000003 0.000003 0.000003 0.000003 0.000003 0.000003 0.000003 0.003080 0.018245 0.969135 0.000004 0.000003 0.000003 0.000003 0.000003 0.000003 0.000003 0.000003 0.000003 0.000003 0.000003 0.000003 0.000004 0.000004 0.000003 0.000003 0.000004 0.000003 0.000003 0.000003 0.000003 0.000003 0.000003 0.000971 0.000003 0.000149 0.000003 0.000003 0.000003 0.000052 0.000003 0.000003 0.000004 0.000004 0.000003 0.000003 0.000004 
0.000003 0.000003 0.000003 0.000003 0.000003 0.000003 0.000003 0.000003 0.000526 0.000003 0.000178 0.000101 0.000003 0.000003 0.000003 0.000004 0.000588 0.000003 0.000004 0.000344 0.000614 0.000003 0.000003 0.000004 0.000052 0.000393 0.000003 0.000310 0.000003 0.000003 0.000003 0.000003 0.000101 0.000003 0.001856 0.000003 0.000003 0.000003 0.000003 0.000003 0.000003 0.000003 0.000831 0.000734 0.000198 0.000003 0.000003 0.000004 0.000004 0.000003 0.000003 0.000003 0.000003 0.000003 0.000003 0.000003 0.003109 0.000248 0.982744 0.000004 0.000003 0.000003 0.000003 0.000003 0.000003 0.000003 0.000003 0.000003 0.000003 0.000003 0.000003 0.000150 0.000004 0.000003 0.000003 0.000004 0.000003 0.000003 0.000003 0.000003 0.000003 0.000003 0.001025 0.000003 0.000004 0.000003 0.000003 0.000003 0.000004 0.000003 0.000003 0.000004 0.000004 0.000003 0.000003 0.005649 
0.129092 0.124034 0.123078 0.129695 0.124724 0.123209 0.126854 0.119314 
0.126715 0.119635 0.133688 0.119517 0.130028 0.123095 0.123179 0.124143 
0.128299 0.126451 0.119219 0.121684 0.129720 0.129450 0.124142 0.121036 
0.126079 0.129267 0.121208 0.125073 0.124133 0.119178 0.126978 0.128085 
breast
0.136602 0.138432 0.137190 0.116057 0.107088 0.092087 0.137184 0.135361 
0.132399 0.131004 0.129950 0.114983 0.118585 0.114659 0.130782 0.127639 
0.128144 0.128032 0.126204 0.125512 0.113929 0.123374 0.127506 0.127299 
0.134461 0.132489 0.131617 0.104240 0.108230 0.120863 0.133083 0.135016 
0.132675 0.129518 0.129896 0.130421 0.120668 0.098857 0.131403 0.126563 
0.124575 0.118623 0.120325 0.142935 0.139017 0.117144 0.121256 0.116124 
0.136680 0.130508 0.129043 0.103955 0.101624 0.135780 0.130211 0.132198 
0.127611 0.129518 0.129754 0.094421 0.118318 0.141102 0.130214 0.129062 
0.128314 0.128032 0.127771 0.102033 0.114422 0.142247 0.131297 0.125885 
0.129144 0.128528 0.125959 0.117758 0.095103 0.146473 0.128241 0.128794 
0.129668 0.132489 0.130453 0.115198 0.115280 0.115764 0.131886 0.129262 
0.128896 0.129023 0.127807 0.124090 0.117001 0.116028 0.128839 0.128317 
0.134499 0.125061 0.123909 0.106299 0.107968 0.155235 0.124924 0.122105 
0.135935 0.126547 0.126372 0.108079 0.110616 0.140542 0.127455 0.124454 
0.137832 0.127042 0.125987 0.117542 0.118347 0.122221 0.126979 0.124051 
0.135174 0.121595 0.121628 0.112058 0.131192 0.135201 0.124447 0.118705 
0.123379 0.125556 0.123896 0.132981 0.120459 0.123641 0.125145 0.124943 
0.140140 0.125061 0.123637 0.104734 0.089221 0.169058 0.125259 0.122889 
0.125539 0.133480 0.133467 0.116907 0.118587 0.106169 0.134578 0.131273 
0.133389 0.132489 0.129188 0.113633 0.097140 0.131287 0.133639 0.129233 
0.132737 0.131499 0.129771 0.091576 0.111888 0.143132 0.131062 0.128335 
0.130760 0.129023 0.127510 0.110003 0.107625 0.140275 0.128764 0.126041 
0.130063 0.133975 0.133785 0.106021 0.112996 0.116319 0.135021 0.131819 
0.123903 0.130013 0.127571 0.139885 0.117950 0.103083 0.129819 0.127777 
0.130689 0.126547 0.127625 0.111209 0.110528 0.138892 0.128666 0.125845 
0.130217 0.124071 0.122083 0.115549 0.102546 0.160556 0.123637 0.121341 
0.125656 0.128528 0.129217 0.116191 0.127699 0.116577 0.129829 0.126302 
0.133643 0.123080 0.123268 0.109143 0.119765 0.147330 0.123607 0.120165 
0.127802 0.130508 0.131533 0.107086 0.112825 0.122782 0.132738 0.134724 
0.126580 0.134470 0.134731 0.117049 0.129349 0.091799 0.134952 0.131071 
0.127924 0.120604 0.119586 0.130699 0.118923 0.136898 0.122883 0.122482 
0.128452 0.126547 0.125569 0.126139 0.124660 0.117445 0.126937 0.124251 
0.129615 0.130013 0.127626 0.124232 0.120851 0.109282 0.129192 0.129190 
0.129969 0.130013 0.128312 0.111712 0.104050 0.139129 0.129719 0.127097 
0.123393 0.126547 0.126136 0.119036 0.132584 0.121944 0.126800 0.123560 
0.129506 0.124071 0.122213 0.120243 0.118739 0.138334 0.123495 0.123401 
0.132018 0.137936 0.134350 0.111290 0.091404 0.117757 0.137239 0.138006 
0.127889 0.133975 0.132140 0.118543 0.111689 0.107045 0.133369 0.135350 
0.132693 0.122585 0.120060 0.120031 0.096358 0.166476 0.121888 0.119909 
0.125655 0.122090 0.122227 0.123089 0.120439 0.144477 0.122679 0.119343 
0.129323 0.131994 0.133016 0.107300 0.111991 0.125361 0.131883 0.129132 
0.141322 0.140412 0.137549 0.089733 0.083279 0.129613 0.140078 0.138013 
0.125931 0.119614 0.120722 0.119599 0.130016 0.143094 0.121062 0.119962 
0.134243 0.129023 0.126719 0.114698 0.103881 0.134950 0.128243 0.128243 
0.136060 0.138432 0.136487 0.094143 0.091767 0.123682 0.138546 0.140883 
0.132012 0.130013 0.128873 0.125798 0.115196 0.111532 0.129806 0.126770 
0.128581 0.132984 0.130406 0.115272 0.093234 0.131239 0.135126 0.133157 
0.126826 0.131499 0.134193 0.116621 0.112850 0.110387 0.133681 0.133943 
0.125458 0.119119 0.119532 0.141442 0.128056 0.128719 0.118681 0.118992 
0.123763 0.128032 0.125883 0.134905 0.107661 0.122499 0.127424 0.129833 
0.131428 0.131004 0.129908 0.127505 0.119020 0.101386 0.131274 0.128475 
0.139562 0.132489 0.131996 0.107371 0.112003 0.113514 0.133090 0.129974 
0.130399 0.129023 0.128473 0.100611 0.118073 0.135451 0.129352 0.128618 
0.128314 0.134965 0.133750 0.112425 0.116965 0.107323 0.134704 0.131553 
0.136826 0.130508 0.127643 0.103956 0.094191 0.149878 0.129548 0.127449 
0.134973 0.131994 0.129752 0.112839 0.101136 0.129311 0.131257 0.128738 
0.131785 0.136451 0.135052 0.109509 0.113806 0.103104 0.136552 0.133742 
0.130947 0.129518 0.128271 0.113204 0.115879 0.121679 0.131718 0.128786 
0.128292 0.128032 0.126840 0.109859 0.128785 0.125024 0.127997 0.125171 
0.131692 0.132984 0.132661 0.102748 0.111898 0.121091 0.136227 0.130700 
0.130312 0.131004 0.129216 0.110289 0.103202 0.134907 0.130642 0.130428 
0.133664 0.136946 0.135162 0.109581 0.090250 0.125102 0.135401 0.133894 
0.125990 0.127537 0.126817 0.125439 0.124106 0.116073 0.127435 0.126604 
0.131720 0.130013 0.128913 0.111710 0.117168 0.121405 0.129850 0.129221 
0.134104 0.134470 0.130683 0.118616 0.097911 0.119995 0.133007 0.131215 
0.133033 0.131499 0.129946 0.107229 0.100951 0.135508 0.131128 0.130705 
0.123142 0.113671 0.114536 0.125003 0.133534 0.164197 0.114670 0.111246 
0.137734 0.131499 0.130878 0.097836 0.115868 0.126509 0.131514 0.128161 
0.122180 0.116147 0.115455 0.139449 0.128946 0.145283 0.116414 0.116125 
0.129628 0.132489 0.131881 0.113633 0.114819 0.115764 0.132571 0.129215 
0.131012 0.128032 0.125619 0.122381 0.110764 0.127598 0.127244 0.127350 
0.135313 0.128528 0.125915 0.111498 0.093537 0.149272 0.127813 0.128125 
0.127408 0.126052 0.124494 0.114268 0.120496 0.134941 0.126152 0.126189 
0.132612 0.125061 0.125513 0.107863 0.137397 0.121389 0.128114 0.122051 
0.132553 0.128032 0.129687 0.111423 0.123362 0.121399 0.128248 0.125296 
0.129965 0.134965 0.132773 0.115556 0.112958 0.107873 0.134270 0.131641 
0.127456 0.130013 0.127373 0.119538 0.102278 0.132379 0.131583 0.129380 
0.132852 0.133975 0.132640 0.107587 0.101328 0.125918 0.134201 0.131499 
0.129481 0.123080 0.123747 0.117812 0.136800 0.122483 0.126328 0.120268 
0.123543 0.124071 0.123507 0.120244 0.129189 0.128961 0.126757 0.123730 
0.129319 0.124566 0.124136 0.118748 0.137297 0.114913 0.124719 0.126301 
0.127858 0.127537 0.125972 0.116048 0.115774 0.135221 0.127155 0.124436 
0.127045 0.123080 0.122808 0.127927 0.125656 0.127582 0.125771 0.120131 
0.130950 0.128032 0.126814 0.112988 0.118224 0.123099 0.132615 0.127278 
0.130362 0.128032 0.126741 0.122380 0.119384 0.109551 0.135475 0.128075 
0.135370 0.132489 0.131815 0.104241 0.107877 0.127063 0.131531 0.129615 
0.131351 0.135460 0.133319 0.096844 0.110065 0.125923 0.134834 0.132204 
0.128584 0.136946 0.135898 0.123668 0.101425 0.099156 0.138123 0.136199 
0.132232 0.131004 0.132127 0.100896 0.108602 0.133532 0.133383 0.128225 
0.124360 0.129518 0.129130 0.131987 0.122668 0.107031 0.128660 0.126647 
0.131485 0.124071 0.123264 0.118678 0.114939 0.141134 0.124556 0.121874 
0.123439 0.126547 0.126182 0.120602 0.123908 0.126444 0.126855 0.126023 
0.125341 0.125556 0.126375 0.117327 0.137121 0.119416 0.126365 0.122500 
0.126977 0.127537 0.127253 0.112917 0.131331 0.121672 0.127829 0.124483 
0.131963 0.126547 0.127753 0.108079 0.115375 0.139717 0.126602 0.123966 
0.127555 0.120604 0.118165 0.138526 0.118048 0.137173 0.119798 0.120129 
0.128980 0.131499 0.132203 0.100968 0.128001 0.117411 0.132408 0.128530 
0.134196 0.134965 0.133273 0.090511 0.103671 0.129870 0.141788 0.131725 
0.133551 0.134470 0.134340 0.099831 0.115008 0.113796 0.135983 0.133021 
0.130350 0.125061 0.123297 0.121953 0.106225 0.142512 0.127586 0.123016 
prostate
0.122985 0.123839 0.127504 0.124708 0.113481 0.134689 0.123924 0.128870 
0.134435 0.128727 0.131127 0.113033 0.105788 0.127685 0.130441 0.128763 
0.125446 0.124816 0.128064 0.119523 0.107404 0.142598 0.124694 0.127455 
0.123631 0.123839 0.127748 0.123160 0.126317 0.125148 0.123913 0.126243 
0.126603 0.124816 0.129467 0.106288 0.118385 0.141780 0.125309 0.127352 
0.130259 0.124328 0.127704 0.106218 0.113007 0.147436 0.124200 0.126848 
0.124469 0.123839 0.130026 0.123160 0.124257 0.123989 0.126321 0.123939 
0.128569 0.127261 0.130944 0.111278 0.117718 0.129315 0.127361 0.127556 
0.128397 0.121394 0.126392 0.132090 0.119177 0.128548 0.121486 0.122515 
0.132030 0.131171 0.134835 0.097916 0.107427 0.131919 0.131066 0.133636 
0.137176 0.132638 0.136702 0.096580 0.097374 0.132741 0.133225 0.133564 
0.131473 0.130683 0.132138 0.125685 0.104361 0.115561 0.129462 0.130637 
0.128187 0.125305 0.127993 0.121824 0.101060 0.145462 0.124802 0.125366 
0.128930 0.130194 0.134329 0.117881 0.127206 0.101179 0.130224 0.130058 
0.137801 0.126772 0.129685 0.108114 0.102580 0.141787 0.126386 0.126876 
0.125684 0.124328 0.128874 0.112404 0.121815 0.133056 0.127108 0.126732 
0.128188 0.124816 0.129469 0.103194 0.121424 0.137827 0.127723 0.127359 
0.134159 0.122372 0.125761 0.124498 0.109559 0.129914 0.125372 0.128366 
0.128715 0.129705 0.133704 0.106986 0.105677 0.129665 0.130224 0.135324 
0.130968 0.127261 0.131757 0.111277 0.100134 0.141788 0.129064 0.127750 
0.120699 0.116995 0.123095 0.120636 0.148854 0.134121 0.118361 0.117238 
0.129827 0.129705 0.132348 0.123998 0.108873 0.116717 0.128996 0.129536 
0.121168 0.125794 0.128701 0.135128 0.123489 0.114385 0.125431 0.125903 
0.125004 0.129705 0.132409 0.123998 0.118420 0.109356 0.131487 0.129621 
0.138452 0.137038 0.140020 0.098753 0.108119 0.099497 0.136415 0.141705 
0.127956 0.124328 0.126748 0.110859 0.102734 0.154182 0.123812 0.129382 
0.130037 0.132638 0.139353 0.110497 0.122120 0.097234 0.132876 0.135246 
0.133248 0.134593 0.136698 0.120918 0.103750 0.102897 0.133530 0.134366 
0.123975 0.127261 0.131816 0.115916 0.123606 0.120047 0.130054 0.127326 
0.128836 0.122861 0.129498 0.124568 0.111369 0.131005 0.126787 0.125076 
0.120635 0.123350 0.129461 0.102985 0.145850 0.129303 0.124710 0.123707 
0.122587 0.117972 0.123421 0.131602 0.139114 0.120834 0.123837 0.120631 
0.129213 0.124816 0.129186 0.098556 0.105727 0.160386 0.125946 0.126170 
0.141238 0.131660 0.134830 0.096439 0.097613 0.135328 0.131259 0.131633 
0.124214 0.121394 0.125233 0.125906 0.107726 0.146267 0.122055 0.127206 
0.131890 0.123839 0.127109 0.116975 0.109761 0.142594 0.123748 0.124083 
0.136183 0.128238 0.130725 0.109871 0.096917 0.142064 0.127640 0.128362 
0.123333 0.123839 0.127437 0.120067 0.125178 0.129918 0.123845 0.126382 
0.128222 0.122372 0.125944 0.119858 0.115624 0.143204 0.122338 0.122438 
0.127215 0.128238 0.134696 0.114510 0.120680 0.117187 0.128641 0.128833 
0.133041 0.132638 0.138840 0.102765 0.109724 0.115567 0.133386 0.134040 
0.134707 0.125305 0.130258 0.097079 0.106677 0.153026 0.126524 0.126422 
0.128899 0.125794 0.132017 0.114160 0.118532 0.128221 0.126064 0.126313 
0.128750 0.127261 0.132053 0.114369 0.131973 0.110437 0.127789 0.127368 
0.130783 0.128727 0.131545 0.116126 0.114067 0.121756 0.128235 0.128761 
0.130923 0.127261 0.131315 0.109731 0.116305 0.127066 0.127501 0.129898 
0.128636 0.122861 0.125876 0.121475 0.114988 0.138093 0.125030 0.123040 
0.132494 0.129705 0.133030 0.105440 0.105107 0.132459 0.129508 0.132257 
0.129815 0.124328 0.129675 0.103125 0.119061 0.142869 0.125727 0.125401 
0.133639 0.129216 0.132546 0.113103 0.100142 0.131367 0.127969 0.132018 
0.129039 0.130683 0.133665 0.121045 0.114024 0.108200 0.130239 0.133106 
0.124747 0.123839 0.130561 0.121613 0.131434 0.116970 0.124263 0.126574 
0.133884 0.130683 0.133423 0.116405 0.107556 0.115561 0.130773 0.131716 
0.135743 0.122861 0.127811 0.104460 0.124036 0.136459 0.125823 0.122807 
0.124376 0.121883 0.129687 0.116694 0.137743 0.123165 0.123371 0.123080 
0.131655 0.127261 0.131789 0.103543 0.121482 0.129385 0.127603 0.127283 
0.126815 0.130194 0.134130 0.110150 0.111588 0.126531 0.130276 0.130318 
0.132478 0.130683 0.136454 0.105578 0.123670 0.105406 0.131972 0.133759 
0.135143 0.128727 0.131673 0.116126 0.097991 0.129662 0.131155 0.129523 
0.131571 0.135571 0.138371 0.095452 0.099806 0.128525 0.135024 0.135679 
0.126531 0.122861 0.125555 0.130754 0.115682 0.133323 0.122388 0.122906 
0.126323 0.126772 0.131535 0.114299 0.134398 0.110163 0.129674 0.126835 
0.135285 0.126283 0.129569 0.111137 0.108467 0.129654 0.128461 0.131144 
0.122485 0.121883 0.125978 0.136801 0.129254 0.116894 0.124612 0.122092 
0.127295 0.120906 0.127447 0.110367 0.146813 0.121458 0.122332 0.123381 
0.129247 0.128727 0.132016 0.108393 0.113943 0.127958 0.130901 0.128814 
0.129402 0.122861 0.126386 0.119928 0.110877 0.144910 0.122764 0.122873 
0.127084 0.119928 0.123187 0.125695 0.124376 0.139788 0.119841 0.120102 
0.123775 0.118461 0.122386 0.142499 0.130525 0.122540 0.118740 0.121075 
0.119452 0.122861 0.127858 0.132300 0.145733 0.102245 0.124711 0.124841 
0.128289 0.132149 0.135104 0.110428 0.108037 0.119791 0.131654 0.134549 
0.117684 0.120906 0.125851 0.138208 0.134269 0.118595 0.122322 0.122165 
0.136919 0.131171 0.133635 0.103418 0.096585 0.136417 0.130539 0.131316 
0.126050 0.128238 0.133039 0.103683 0.118835 0.128229 0.131164 0.130761 
0.131487 0.133616 0.137561 0.093625 0.109054 0.125180 0.133534 0.135943 
0.133183 0.129216 0.132531 0.120836 0.108940 0.116918 0.129023 0.129354 
0.133281 0.130194 0.132221 0.117883 0.092328 0.134437 0.129346 0.130309 
0.119686 0.118461 0.121784 0.133221 0.119415 0.149868 0.118612 0.118952 
0.132313 0.121883 0.125754 0.110509 0.119707 0.145724 0.122060 0.122050 
0.121214 0.123350 0.128368 0.124637 0.132852 0.119762 0.124003 0.125814 
0.128269 0.131171 0.134646 0.118022 0.111763 0.109019 0.135831 0.131280 
0.130932 0.122861 0.125191 0.106010 0.100408 0.166581 0.122389 0.125627 
0.134428 0.128238 0.131680 0.108323 0.113641 0.127411 0.128035 0.128244 
0.129493 0.133127 0.136774 0.107475 0.107848 0.116658 0.133009 0.135616 
0.128238 0.133127 0.135416 0.115208 0.104374 0.115841 0.134697 0.133100 
0.136944 0.127750 0.132035 0.112894 0.096537 0.136133 0.127047 0.130661 
0.128337 0.129216 0.133104 0.116196 0.106940 0.124551 0.130447 0.131208 
0.132579 0.119928 0.128207 0.124148 0.122035 0.129633 0.120267 0.123203 
0.129612 0.117972 0.122366 0.111496 0.131762 0.147687 0.120899 0.118204 
0.132470 0.131660 0.135112 0.121184 0.111668 0.103705 0.131839 0.132361 
0.126643 0.120417 0.128119 0.121125 0.123577 0.135837 0.120515 0.123769 
0.127534 0.131660 0.135546 0.104173 0.111432 0.124832 0.132199 0.132623 
0.128714 0.124816 0.128030 0.110243 0.102243 0.153912 0.127049 0.124993 
0.128253 0.121883 0.124981 0.112055 0.116680 0.150291 0.121577 0.124280 
0.133842 0.132149 0.136288 0.096508 0.115208 0.116997 0.134569 0.134439 
0.129934 0.128727 0.131244 0.122312 0.101142 0.125164 0.128017 0.133460 
0.125293 0.127261 0.129987 0.123650 0.109106 0.130474 0.126814 0.127416 
0.125037 0.128727 0.131653 0.122311 0.124356 0.111056 0.128218 0.128640 
0.129360 0.124816 0.128488 0.114021 0.107192 0.146620 0.124731 0.124773 
0.128813 0.129216 0.133878 0.117743 0.103331 0.126255 0.128663 0.132099 
skin
0.128819 0.130587 0.127595 0.121052 0.130944 0.105299 0.128704 0.127000 
0.131905 0.127592 0.123298 0.112882 0.114558 0.135543 0.125155 0.129067 
0.129784 0.132583 0.127137 0.122885 0.104298 0.122238 0.131967 0.129108 
0.131185 0.135079 0.130166 0.121686 0.116639 0.101624 0.132231 0.131389 
0.126209 0.120605 0.118061 0.122745 0.123759 0.151559 0.119270 0.117792 
0.130888 0.130088 0.129046 0.108584 0.131601 0.109802 0.129921 0.130070 
0.136073 0.131585 0.129698 0.113445 0.102468 0.125381 0.129739 0.131611 
0.126499 0.135079 0.131786 0.117038 0.119784 0.103255 0.133873 0.132686 
0.123911 0.122103 0.119662 0.135353 0.132434 0.124456 0.123081 0.119000 
0.129811 0.130587 0.125708 0.128802 0.109491 0.120523 0.127876 0.127203 
0.133281 0.130587 0.127989 0.128802 0.102636 0.119979 0.128429 0.128297 
0.122533 0.115614 0.114065 0.143736 0.127803 0.144514 0.113711 0.118023 
0.121718 0.121603 0.119801 0.116687 0.135873 0.137698 0.123046 0.123573 
0.127541 0.129589 0.125708 0.119364 0.110325 0.131238 0.127460 0.128776 
0.129234 0.138572 0.136754 0.102033 0.111009 0.108393 0.136313 0.137692 
0.124111 0.132583 0.131824 0.115136 0.127249 0.108645 0.130920 0.129531 
0.130449 0.130088 0.127300 0.104795 0.111411 0.137997 0.130986 0.126974 
0.129185 0.132583 0.128164 0.125292 0.101064 0.121151 0.132845 0.129715 
0.132956 0.135578 0.130935 0.106260 0.105415 0.123957 0.132920 0.131980 
0.125350 0.130088 0.126662 0.125632 0.122459 0.112598 0.130509 0.126702 
0.135087 0.131086 0.126967 0.102526 0.110449 0.137535 0.128715 0.127634 
0.129815 0.128591 0.124374 0.119221 0.112994 0.131313 0.128550 0.125142 
0.126951 0.130088 0.126639 0.119433 0.119571 0.116016 0.131163 0.130139 
0.126176 0.134580 0.130513 0.113869 0.116276 0.115137 0.132302 0.131148 
0.127981 0.123101 0.118133 0.138594 0.113790 0.138053 0.120389 0.119960 
0.119476 0.123101 0.121414 0.130845 0.140675 0.122479 0.122043 0.119968 
0.130124 0.135578 0.130099 0.110909 0.097226 0.121976 0.139716 0.134371 
0.129441 0.140070 0.135412 0.119291 0.111808 0.088047 0.137315 0.138615 
0.132429 0.138572 0.134349 0.109782 0.111105 0.102723 0.136131 0.134908 
0.135885 0.128591 0.124257 0.117673 0.103728 0.134653 0.129085 0.126129 
0.132647 0.128591 0.125067 0.119222 0.110586 0.130691 0.127078 0.126118 
0.127419 0.129090 0.125317 0.114642 0.128932 0.121955 0.126923 0.125722 
0.124728 0.122602 0.119479 0.132324 0.126826 0.133818 0.120791 0.119432 
0.122356 0.126095 0.126098 0.112671 0.135502 0.128974 0.124925 0.123378 
0.134790 0.137075 0.132869 0.111120 0.114307 0.101903 0.134586 0.133350 
0.123164 0.127592 0.124690 0.117532 0.127320 0.129251 0.125986 0.124465 
0.134658 0.129589 0.126233 0.111614 0.108134 0.124481 0.130752 0.134540 
0.134005 0.129090 0.125607 0.100696 0.106596 0.146267 0.127113 0.130626 
0.131438 0.124099 0.124686 0.113938 0.131525 0.126172 0.123630 0.124513 
0.128250 0.130088 0.125875 0.120983 0.113886 0.126463 0.127721 0.126734 
0.128353 0.127093 0.122492 0.125210 0.107694 0.138337 0.124557 0.126263 
0.128064 0.122103 0.118946 0.133113 0.119130 0.139136 0.120383 0.119123 
0.132369 0.128591 0.126177 0.102175 0.106873 0.145100 0.130095 0.128621 
0.129625 0.124099 0.121151 0.120138 0.117339 0.144270 0.122414 0.120965 
0.129259 0.134580 0.130374 0.112317 0.122529 0.107836 0.132129 0.130975 
0.126286 0.125596 0.124380 0.112600 0.134893 0.122487 0.127873 0.125885 
0.129499 0.130088 0.125441 0.114093 0.104524 0.139784 0.129880 0.126691 
0.129848 0.128092 0.123536 0.122251 0.104193 0.138069 0.126026 0.127985 
0.132620 0.127592 0.122628 0.123729 0.114273 0.125368 0.127193 0.126597 
0.125607 0.120605 0.119518 0.116544 0.141822 0.136064 0.119867 0.119972 
0.128116 0.129090 0.128834 0.094497 0.123162 0.141955 0.127881 0.126464 
0.129341 0.129589 0.126381 0.124011 0.128416 0.108364 0.127702 0.126196 
0.129847 0.132583 0.128431 0.115137 0.107823 0.126743 0.130252 0.129184 
0.124551 0.132583 0.129024 0.121335 0.119917 0.112878 0.130544 0.129167 
0.131573 0.131086 0.126878 0.105627 0.107689 0.140603 0.128761 0.127783 
0.127571 0.121104 0.118868 0.121265 0.118126 0.151639 0.122636 0.118791 
0.128065 0.123600 0.119881 0.123167 0.113040 0.150210 0.121539 0.120497 
0.135061 0.131086 0.126166 0.118024 0.103502 0.130156 0.128337 0.127667 
0.129441 0.130088 0.128464 0.110134 0.118902 0.127900 0.127983 0.127087 
0.134362 0.133082 0.129378 0.095060 0.108021 0.136920 0.131019 0.132158 
0.133211 0.118110 0.116014 0.111545 0.115007 0.173610 0.117052 0.115450 
0.130913 0.132084 0.128502 0.116615 0.124473 0.106391 0.129997 0.131024 
0.125249 0.124099 0.122457 0.110839 0.134285 0.138871 0.123133 0.121066 
0.123151 0.123101 0.122433 0.130845 0.125411 0.130673 0.121570 0.122817 
0.133667 0.127592 0.129816 0.099793 0.095897 0.159855 0.125442 0.127938 
0.134220 0.139071 0.133697 0.097456 0.096448 0.125055 0.136123 0.137930 
0.125600 0.126594 0.124788 0.103443 0.139577 0.130957 0.125543 0.123498 
0.131544 0.138572 0.132392 0.128379 0.095396 0.103888 0.135063 0.134766 
0.131486 0.136576 0.135765 0.107949 0.120107 0.095415 0.137131 0.135569 
0.135979 0.131086 0.127290 0.102528 0.098266 0.140875 0.133784 0.130192 
0.128132 0.134580 0.130445 0.106120 0.110435 0.120807 0.132735 0.136746 
0.134884 0.134081 0.130506 0.110697 0.113667 0.113777 0.131928 0.130460 
0.128917 0.133082 0.129050 0.116756 0.120306 0.106666 0.133194 0.132027 
0.134890 0.126095 0.123523 0.108022 0.112936 0.145091 0.125352 0.124090 
0.128088 0.128092 0.124404 0.106754 0.120090 0.141408 0.126134 0.125029 
0.120903 0.129090 0.127927 0.134789 0.124886 0.106653 0.127227 0.128525 
0.134219 0.138572 0.133220 0.103584 0.092725 0.127034 0.135625 0.135020 
0.137224 0.125596 0.122961 0.106401 0.118608 0.140313 0.126474 0.122423 
0.133493 0.126594 0.123228 0.123590 0.108351 0.132937 0.125188 0.126619 
0.126535 0.130088 0.127809 0.111683 0.127286 0.121415 0.128600 0.126583 
0.147678 0.140569 0.135786 0.091467 0.099055 0.108399 0.140228 0.136820 
0.126649 0.128591 0.123673 0.133171 0.101255 0.129254 0.128823 0.128584 
0.129399 0.123101 0.122994 0.099159 0.129809 0.153004 0.121950 0.120584 
0.130749 0.127592 0.125832 0.091185 0.132486 0.134106 0.126482 0.131567 
0.123494 0.126095 0.123182 0.120419 0.131379 0.128159 0.124403 0.122868 
0.128246 0.126594 0.121500 0.131338 0.114060 0.131307 0.123728 0.123226 
0.127049 0.126095 0.122738 0.129718 0.125193 0.122217 0.124160 0.122831 
0.124473 0.134580 0.133689 0.106119 0.131700 0.102710 0.132847 0.133883 
0.127428 0.128591 0.125314 0.120771 0.125153 0.116555 0.127408 0.128781 
0.140171 0.125097 0.122153 0.097033 0.109263 0.158410 0.123453 0.124420 
0.131119 0.131086 0.125808 0.110276 0.104601 0.136370 0.133010 0.127730 
0.130685 0.131086 0.125375 0.124224 0.096170 0.134389 0.130368 0.127703 
0.122939 0.123101 0.120202 0.124647 0.127311 0.139955 0.121600 0.120246 
0.131736 0.139571 0.135585 0.102175 0.104178 0.113444 0.137314 0.135997 
0.132051 0.132084 0.129787 0.101117 0.117142 0.125111 0.131027 0.131681 
0.132809 0.133082 0.129539 0.115206 0.117069 0.108103 0.131455 0.132735 
0.129256 0.137075 0.132716 0.109571 0.111354 0.112078 0.134542 0.133409 
0.130662 0.129090 0.125290 0.111543 0.110502 0.135548 0.129283 0.128082 
0.121216 0.126095 0.123165 0.139015 0.134271 0.106994 0.124238 0.125007 
0.139871 0.143563 0.139722 0.088789 0.080080 0.124333 0.140576 0.143065 
stomach
0.135345 0.135737 0.131385 0.116328 0.113465 0.100915 0.133311 0.133515 
0.128749 0.129246 0.126895 0.115412 0.124634 0.111859 0.133959 0.129246 
0.123917 0.133739 0.129934 0.117608 0.114873 0.114943 0.132279 0.132707 
0.128241 0.124752 0.121785 0.106977 0.111070 0.160584 0.123345 0.123245 
0.124738 0.125751 0.124610 0.122723 0.108529 0.141124 0.124717 0.127809 
0.132407 0.129246 0.129738 0.102928 0.123873 0.117780 0.131970 0.132058 
0.126850 0.133240 0.129660 0.108174 0.115735 0.123714 0.131337 0.131288 
0.122547 0.123754 0.120188 0.144286 0.129561 0.115789 0.121894 0.121982 
0.130448 0.130744 0.128789 0.103140 0.132557 0.115811 0.129670 0.128842 
0.136097 0.134239 0.129769 0.106756 0.093142 0.134408 0.132419 0.133170 
0.125195 0.130744 0.127727 0.118745 0.123404 0.113837 0.131531 0.128817 
0.129869 0.131742 0.127471 0.103282 0.104829 0.143446 0.129510 0.129852 
0.129544 0.135237 0.131823 0.117819 0.099379 0.117799 0.132381 0.136018 
0.123342 0.127748 0.126271 0.115201 0.130003 0.120297 0.130072 0.127065 
0.133671 0.136236 0.130558 0.103916 0.096832 0.131344 0.133247 0.134196 
0.122055 0.123254 0.120574 0.127052 0.124159 0.139143 0.121998 0.121766 
0.133885 0.129246 0.126520 0.095126 0.112763 0.142616 0.130141 0.129702 
0.130246 0.130744 0.126539 0.108670 0.108849 0.137522 0.128553 0.128877 
0.134636 0.133739 0.129583 0.097322 0.098792 0.140053 0.131595 0.134279 
0.136571 0.132242 0.127855 0.101791 0.101586 0.135005 0.132301 0.132650 
0.130293 0.127249 0.127887 0.108889 0.114353 0.137237 0.125466 0.128625 
0.138628 0.136236 0.131290 0.114839 0.103980 0.107385 0.133557 0.134085 
0.124308 0.124752 0.121596 0.125702 0.118849 0.133830 0.123125 0.127839 
0.133916 0.134239 0.129634 0.095834 0.101261 0.138026 0.132039 0.135050 
0.132646 0.142227 0.136561 0.100081 0.089094 0.120069 0.139235 0.140087 
0.131021 0.124752 0.123956 0.105417 0.107556 0.160310 0.123395 0.123594 
0.127201 0.133240 0.130096 0.108174 0.122295 0.116093 0.131579 0.131321 
0.123079 0.123254 0.122984 0.100521 0.151217 0.132180 0.122977 0.123787 
0.133829 0.129745 0.124956 0.121725 0.097323 0.135545 0.127935 0.128942 
0.125896 0.116764 0.115247 0.120740 0.130488 0.157215 0.116008 0.117642 
0.127550 0.129246 0.126340 0.132577 0.116934 0.110763 0.128994 0.127596 
0.129363 0.134738 0.130613 0.109944 0.126451 0.104037 0.132387 0.132467 
0.124590 0.127249 0.123906 0.122933 0.122000 0.125943 0.125513 0.127866 
0.128917 0.134239 0.129990 0.128601 0.106794 0.103706 0.134812 0.132942 
0.129706 0.126749 0.124059 0.135346 0.113811 0.120897 0.124234 0.125198 
0.130767 0.138732 0.133754 0.098027 0.099485 0.124005 0.136122 0.139107 
0.127496 0.142227 0.137858 0.106321 0.119007 0.087393 0.139790 0.139906 
0.125767 0.131742 0.128773 0.107964 0.115152 0.130452 0.130218 0.129933 
0.132771 0.133240 0.128273 0.117536 0.105893 0.120644 0.130533 0.131110 
0.133206 0.132741 0.128928 0.111224 0.110597 0.119491 0.133088 0.130725 
0.121062 0.131742 0.127823 0.120446 0.131084 0.104520 0.130210 0.133113 
0.126351 0.130244 0.127943 0.124917 0.106454 0.122279 0.128981 0.132831 
0.126652 0.127249 0.121598 0.130023 0.103926 0.133563 0.126742 0.130246 
0.128080 0.124253 0.120180 0.125632 0.110765 0.146218 0.122229 0.122642 
0.124507 0.127249 0.124243 0.129174 0.122400 0.121447 0.125623 0.125357 
0.121267 0.128247 0.125554 0.140239 0.111626 0.118051 0.128215 0.126801 
0.130282 0.140230 0.136738 0.102920 0.093120 0.118363 0.137360 0.140986 
0.127678 0.132242 0.128972 0.108033 0.120182 0.122011 0.130527 0.130355 
0.132868 0.131742 0.128092 0.104841 0.105358 0.136429 0.130194 0.130476 
0.133155 0.127249 0.123081 0.113570 0.108532 0.141458 0.127500 0.125454 
0.130852 0.123754 0.121228 0.106834 0.122076 0.148520 0.124790 0.121946 
0.130808 0.131742 0.126198 0.111086 0.092022 0.149038 0.129014 0.130092 
0.123435 0.123754 0.121576 0.127121 0.137550 0.116885 0.125108 0.124571 
0.140044 0.134738 0.128530 0.108386 0.100204 0.121471 0.131492 0.135135 
0.124721 0.123254 0.120756 0.122368 0.128150 0.134976 0.121906 0.123868 
0.135103 0.128247 0.125891 0.104349 0.112771 0.137788 0.127002 0.128849 
0.124782 0.129745 0.125710 0.124845 0.125832 0.111312 0.129991 0.127782 
0.131371 0.129246 0.125541 0.116973 0.109433 0.127923 0.127305 0.132208 
0.131371 0.128247 0.124981 0.113711 0.116656 0.127371 0.131311 0.126352 
0.128967 0.128247 0.124794 0.113711 0.120162 0.129893 0.126950 0.127275 
0.128177 0.132741 0.129460 0.114347 0.105056 0.128756 0.130087 0.131377 
0.128352 0.124253 0.121937 0.119390 0.115162 0.143971 0.123552 0.123384 
0.133097 0.126250 0.123173 0.113429 0.116581 0.133560 0.127045 0.126865 
0.132151 0.136735 0.132966 0.099304 0.116073 0.107387 0.135148 0.140236 
0.129028 0.127748 0.128274 0.105837 0.119810 0.134442 0.128255 0.126606 
0.129412 0.128247 0.125018 0.118393 0.110227 0.131593 0.127228 0.129882 
0.133083 0.133240 0.128703 0.103494 0.093228 0.145973 0.130902 0.131377 
0.127308 0.138732 0.133205 0.115191 0.111782 0.101472 0.135762 0.136547 
0.126361 0.134738 0.129594 0.120870 0.103151 0.118071 0.132047 0.135167 
0.125430 0.129246 0.124325 0.124776 0.108232 0.133844 0.126716 0.127431 
0.128462 0.134738 0.131158 0.102145 0.110034 0.122841 0.132912 0.137710 
0.132151 0.135237 0.131505 0.116258 0.106316 0.111056 0.133618 0.133860 
0.127116 0.138732 0.133101 0.127674 0.116175 0.085134 0.135642 0.136425 
0.123242 0.131243 0.127419 0.125058 0.116061 0.118335 0.129259 0.129383 
0.125639 0.127748 0.124281 0.123002 0.133879 0.111306 0.128300 0.125844 
0.125952 0.133240 0.131184 0.117537 0.109496 0.117519 0.131051 0.134021 
0.128142 0.128747 0.124149 0.124705 0.108221 0.128799 0.126974 0.130265 
0.125103 0.133240 0.129577 0.114415 0.121500 0.111323 0.133650 0.131191 
0.120070 0.126749 0.124219 0.129104 0.128948 0.115798 0.127798 0.127313 
0.124808 0.138732 0.134241 0.119872 0.117635 0.091878 0.136286 0.136548 
0.126109 0.137734 0.134985 0.102566 0.127373 0.099495 0.136166 0.135571 
0.133583 0.135237 0.132499 0.103775 0.107549 0.116099 0.135171 0.136087 
0.129844 0.136236 0.131725 0.111718 0.108847 0.111333 0.136193 0.134104 
0.131852 0.131742 0.127961 0.100161 0.109725 0.136374 0.129821 0.132364 
0.134241 0.138732 0.133371 0.104268 0.096022 0.118687 0.138203 0.136474 
0.127077 0.132242 0.130062 0.110441 0.124073 0.113568 0.131489 0.131049 
0.131871 0.132741 0.130460 0.100302 0.100751 0.142024 0.130543 0.131308 
0.124270 0.131243 0.127497 0.125056 0.127668 0.103422 0.129209 0.131634 
0.122613 0.126250 0.123363 0.125913 0.120684 0.129613 0.124720 0.126844 
0.129568 0.125751 0.121892 0.121161 0.112441 0.141454 0.123752 0.123982 
0.127050 0.127249 0.122912 0.125342 0.116279 0.128190 0.125051 0.127928 
0.120934 0.127748 0.123766 0.133927 0.121637 0.120297 0.125711 0.125980 
0.137757 0.128747 0.124367 0.098178 0.095632 0.161748 0.126537 0.127034 
0.126086 0.129246 0.126530 0.116260 0.122920 0.121453 0.127767 0.129737 
0.127841 0.127249 0.124752 0.112010 0.122028 0.129890 0.128352 0.127878 
0.128279 0.126250 0.123817 0.116551 0.115895 0.138330 0.125505 0.125374 
0.131209 0.136735 0.131204 0.108668 0.094364 0.129372 0.133797 0.134650 
0.132392 0.134239 0.129991 0.111437 0.106422 0.116370 0.136841 0.132309 
0.129109 0.133240 0.129932 0.111294 0.119229 0.114723 0.131367 0.131106 
0.126203 0.132741 0.129864 0.114344 0.127470 0.102879 0.133489 0.133009 
0.623849 0.617736 0.612549 0.614956 0.622026 0.613588 0.618094 0.611692 
