-303614.459852
0
0.000006 0.000006 0.000006 0.000006 0.000006 0.000006 0.000006 0.000006 0.000008 0.000006 0.000912 0.000006 0.000006 0.000006 0.000006 0.000006 0.000006 0.000006 0.000400 0.000006 0.000006 0.000006 0.000006 0.000243 0.000006 0.000006 0.000006 0.002605 0.000006 0.000006 0.000006 0.000006 0.000164 0.000006 0.000009 0.000006 0.000006 0.000006 0.000006 0.000006 0.000006 0.000006 0.000006 0.000006 0.000006 0.000006 0.000006 0.000006 0.000164 0.000006 0.000006 0.000006 0.000006 0.000006 0.000006 0.000006 0.000008 0.000689 0.991535 0.000006 0.000006 0.000006 0.000006 0.000006 0.000006 0.000006 0.000006 0.000006 0.000006 0.000006 0.000006 0.000006 0.000006 0.000006 0.000006 0.001820 0.000006 0.000006 0.000006 0.000006 0.000006 0.000006 0.000006 0.000006 0.000243 0.000006 0.000006 0.000006 0.000085 0.000006 0.000006 0.000655 0.000006 0.000006 0.000006 0.000007 
0.000006 0.000006 0.000006 0.000006 0.000006 0.000006 0.000006 0.000006 0.000008 0.000006 0.000020 0.000006 0.000006 0.000006 0.000006 0.000006 0.000006 0.000006 0.000006 0.000006 0.002233 0.000006 0.000006 0.000006 0.000006 0.000006 0.000006 0.000015 0.000006 0.000006 0.000006 0.000006 0.000006 0.000006 0.000009 0.000006 0.000006 0.000006 0.000006 0.000006 0.000006 0.000006 0.000006 0.000006 0.000006 0.000006 0.000006 0.000006 0.000006 0.000006 0.000006 0.000006 0.000006 0.000006 0.000006 0.000006 0.000008 0.000017 0.997180 0.000007 0.000006 0.000006 0.000006 0.000006 0.000006 0.000006 0.000006 0.000006 0.000006 0.000006 0.000006 0.000006 0.000006 0.000006 0.000006 0.000006 0.000006 0.000006 0.000006 0.000006 0.000006 0.000006 0.000006 0.000006 0.000006 0.000006 0.000006 0.000006 0.000006 0.000006 0.000006 0.000007 0.000006 0.000006 0.000006 0.000007 
0.000006 0.000006 0.000006 0.000006 0.000006 0.000006 0.000006 0.000006 0.003649 0.000006 0.000685 0.000006 0.000006 0.000006 0.000006 0.000006 0.000006 0.000006 0.000006 0.000006 0.000006 0.000006 0.000006 0.000006 0.000006 0.000006 0.000006 0.001830 0.000006 0.000006 0.000006 0.000006 0.000006 0.000006 0.000009 0.000006 0.000006 0.000006 0.000006 0.000006 0.000006 0.000006 0.000006 0.000006 0.000006 0.000006 0.000006 0.000006 0.000006 0.000006 0.000006 0.000006 0.000006 0.000006 0.000006 0.000006 0.000008 0.212921 0.780139 0.000007 0.000006 0.000006 0.000006 0.000006 0.000006 0.000006 0.000006 0.000006 0.000006 0.000006 0.000006 0.000006 0.000246 0.000006 0.000006 0.000006 0.000006 0.000006 0.000006 0.000006 0.000006 0.000006 0.000006 0.000006 0.000006 0.000006 0.000006 0.000006 0.000006 0.000006 0.000006 0.000007 0.000006 0.000006 0.000006 0.000007 
0.000006 0.000006 0.000006 0.000006 0.000006 0.000006 0.000006 0.000006 0.000008 0.000006 0.948650 0.000007 0.000006 0.000006 0.000006 0.000007 0.000007 0.000006 0.000007 0.000007 0.000007 0.000006 0.000006 0.000007 0.000006 0.000007 0.000006 0.000016 0.000006 0.000006 0.000006 0.000006 0.000007 0.000006 0.000010 0.000006 0.000006 0.000006 0.000006 0.000006 0.000006 0.000006 0.000007 0.000007 0.000347 0.000006 0.000006 0.000007 0.000007 0.000006 0.000006 0.000006 0.000006 0.000006 0.000006 0.000006 0.000008 0.000018 0.050397 0.000007 0.000006 0.000006 0.000006 0.000006 0.000006 0.000006 0.000006 0.000006 0.000006 0.000006 0.000006 0.000007 0.000007 0.000006 0.000006 0.000007 0.000006 0.000006 0.000006 0.000006 0.000006 0.000006 0.000007 0.000006 0.000007 0.000006 0.000006 0.000006 0.000006 0.000006 0.000006 0.000008 0.000007 0.000006 0.000006 0.000008 
0.000006 0.000006 0.000006 0.000006 0.000006 0.000006 0.000006 0.000006 0.000008 0.000006 0.453580 0.000007 0.000006 0.000006 0.000006 0.000007 0.000007 0.000006 0.000007 0.000007 0.000007 0.000006 0.000006 0.000007 0.000092 0.000007 0.000006 0.145451 0.000006 0.000006 0.000006 0.000006 0.000007 0.000006 0.000010 0.000006 0.000006 0.000006 0.000006 0.000006 0.000006 0.000006 0.000007 0.000007 0.000007 0.000006 0.000006 0.000007 0.000007 0.000006 0.000006 0.000006 0.000006 0.000006 0.000006 0.000006 0.000008 0.385673 0.014628 0.000007 0.000006 0.000006 0.000006 0.000006 0.000006 0.000006 0.000006 0.000006 0.000006 0.000006 0.000006 0.000007 0.000007 0.000006 0.000006 0.000007 0.000006 0.000006 0.000006 0.000006 0.000006 0.000006 0.000007 0.000006 0.000007 0.000006 0.000006 0.000006 0.000007 0.000006 0.000006 0.000008 0.000007 0.000006 0.000006 0.000008 
0.000006 0.000006 0.000006 0.000006 0.000006 0.000006 0.000006 0.000006 0.000008 0.000006 0.000796 0.000006 0.000006 0.000006 0.000006 0.000006 0.000006 0.000006 0.000006 0.000562 0.000006 0.000006 0.000006 0.000006 0.000006 0.000006 0.000006 0.002044 0.000006 0.000006 0.000006 0.000006 0.000006 0.000006 0.000009 0.000006 0.000006 0.000006 0.000006 0.000006 0.000006 0.000006 0.001357 0.000006 0.000006 0.000006 0.000006 0.000006 0.000006 0.000006 0.000006 0.000006 0.000006 0.000006 0.000006 0.000006 0.121390 0.000550 0.866904 0.000007 0.000006 0.000006 0.000006 0.000006 0.000006 0.000006 0.000006 0.000006 0.000006 0.000006 0.000006 0.000245 0.000006 0.000006 0.000006 0.000006 0.000006 0.000006 0.000006 0.000006 0.000006 0.000006 0.005092 0.000006 0.000006 0.000006 0.000006 0.000006 0.000006 0.000006 0.000006 0.000007 0.000006 0.000006 0.000006 0.000559 
0.000006 0.000006 0.000006 0.000006 0.000006 0.000006 0.000006 0.000006 0.000008 0.000006 0.000802 0.000006 0.000006 0.000006 0.000006 0.000244 0.000006 0.000006 0.000006 0.000006 0.000006 0.000006 0.000006 0.000006 0.000006 0.000006 0.000006 0.002128 0.000006 0.000006 0.000006 0.000006 0.000006 0.000006 0.000009 0.000006 0.000006 0.000006 0.000006 0.000006 0.000006 0.000006 0.000006 0.000006 0.000006 0.000006 0.000006 0.008335 0.000006 0.000006 0.000006 0.000006 0.000006 0.000006 0.000006 0.000006 0.000008 0.100150 0.887812 0.000007 0.000006 0.000006 0.000006 0.000006 0.000006 0.000006 0.000006 0.000006 0.000006 0.000006 0.000006 0.000006 0.000006 0.000006 0.000006 0.000006 0.000006 0.000006 0.000006 0.000006 0.000006 0.000006 0.000006 0.000006 0.000006 0.000006 0.000006 0.000006 0.000006 0.000006 0.000006 0.000007 0.000006 0.000006 0.000006 0.000007 
0.000006 0.000006 0.000006 0.000006 0.000006 0.000006 0.000006 0.000006 0.000670 0.000006 0.000902 0.000006 0.000006 0.000006 0.000006 0.000006 0.000973 0.000006 0.000006 0.000006 0.000006 0.000006 0.000006 0.000006 0.000006 0.000651 0.000006 0.002385 0.000006 0.000006 0.000006 0.000006 0.000006 0.000006 0.000010 0.000006 0.000006 0.000006 0.000006 0.000006 0.000006 0.000006 0.000006 0.001215 0.000006 0.000006 0.000006 0.000006 0.000006 0.000006 0.000006 0.000006 0.000006 0.000006 0.000006 0.000006 0.000008 0.000672 0.982760 0.000007 0.000006 0.000006 0.000006 0.000006 0.000006 0.000006 0.000006 0.000006 0.000006 0.000006 0.000006 0.000006 0.000006 0.000006 0.000006 0.000006 0.000006 0.000006 0.000006 0.000006 0.000006 0.000006 0.000006 0.000006 0.000006 0.000006 0.000006 0.000006 0.000006 0.000006 0.000006 0.000472 0.000006 0.000006 0.000006 0.008794 
0.000006 0.000006 0.000006 0.000006 0.000006 0.000006 0.000006 0.000006 0.000913 0.000006 0.000831 0.000167 0.000006 0.000006 0.000006 0.000006 0.000006 0.000006 0.000006 0.000006 0.000006 0.000006 0.000006 0.000006 0.000006 0.000006 0.000006 0.002204 0.000006 0.000006 0.000006 0.000006 0.000006 0.000006 0.007480 0.000006 0.000006 0.000006 0.000006 0.000006 0.000006 0.000006 0.000006 0.000006 0.000006 0.000006 0.000006 0.000006 0.000006 0.000006 0.000006 0.000006 0.000006 0.000006 0.000006 0.000006 0.000008 0.009163 0.970858 0.000007 0.000006 0.000006 0.000006 0.000006 0.000006 0.000006 0.000006 0.000006 0.000006 0.000006 0.000006 0.000006 0.000006 0.000006 0.000006 0.000006 0.000006 0.000006 0.000006 0.000006 0.000006 0.000006 0.000006 0.000006 0.000006 0.000006 0.000006 0.000006 0.000006 0.000006 0.000006 0.000331 0.007544 0.000006 0.000006 0.000007 
0.000006 0.000006 0.000006 0.000006 0.000006 0.000006 0.000006 0.000006 0.000008 0.000006 0.000021 0.000006 0.000006 0.000006 0.000006 0.000006 0.000006 0.000006 0.000006 0.000006 0.000006 0.000006 0.000006 0.000006 0.000006 0.000006 0.000006 0.000015 0.000006 0.000006 0.000006 0.000006 0.000006 0.000006 0.996666 0.000006 0.000006 0.000006 0.000006 0.000006 0.000006 0.000006 0.000006 0.000006 0.000006 0.000006 0.000006 0.000007 0.000006 0.000006 0.000006 0.000006 0.000006 0.000006 0.000006 0.000006 0.000008 0.000017 0.002734 0.000007 0.000006 0.000006 0.000006 0.000006 0.000006 0.000006 0.000006 0.000006 0.000006 0.000006 0.000006 0.000006 0.000006 0.000006 0.000006 0.000006 0.000006 0.000006 0.000006 0.000006 0.000006 0.000006 0.000007 0.000006 0.000006 0.000006 0.000006 0.000006 0.000006 0.000006 0.000006 0.000008 0.000007 0.000006 0.000006 0.000007 
0.000006 0.000006 0.000006 0.000006 0.000006 0.000006 0.000006 0.000006 0.000008 0.000006 0.000020 0.000006 0.000006 0.000006 0.000006 0.000006 0.000006 0.000006 0.000006 0.000006 0.000006 0.000006 0.000006 0.000006 0.000006 0.000006 0.000006 0.000015 0.000006 0.000006 0.000006 0.000006 0.000006 0.000006 0.000010 0.000006 0.000006 0.000006 0.000006 0.000006 0.000006 0.000006 0.000006 0.000006 0.000006 0.000006 0.000006 0.000006 0.000006 0.000006 0.000006 0.000006 0.000006 0.000006 0.000006 0.000006 0.000008 0.000017 0.999400 0.000007 0.000006 0.000006 0.000006 0.000006 0.000006 0.000006 0.000006 0.000006 0.000006 0.000006 0.000006 0.000006 0.000006 0.000006 0.000006 0.000006 0.000006 0.000006 0.000006 0.000006 0.000006 0.000006 0.000006 0.000006 0.000006 0.000006 0.000006 0.000006 0.000006 0.000006 0.000006 0.000008 0.000006 0.000006 0.000006 0.000007 
0.000006 0.000006 0.000006 0.000006 0.000006 0.000006 0.000006 0.000006 0.000008 0.000006 0.000064 0.000006 0.000006 0.000006 0.000006 0.000006 0.000006 0.000006 0.000006 0.000006 0.000006 0.000006 0.000006 0.000006 0.000006 0.000006 0.000006 0.000119 0.000006 0.000006 0.000006 0.000006 0.000006 0.000006 0.674809 0.000006 0.000006 0.000006 0.000006 0.000006 0.000006 0.000006 0.000006 0.000006 0.000006 0.000006 0.000006 0.000007 0.000006 0.000006 0.000006 0.000006 0.000006 0.000006 0.000006 0.000006 0.162059 0.000017 0.162396 0.000007 0.000006 0.000006 0.000006 0.000006 0.000006 0.000006 0.000006 0.000006 0.000006 0.000006 0.000006 0.000006 0.000006 0.000006 0.000006 0.000006 0.000006 0.000006 0.000006 0.000006 0.000006 0.000006 0.000006 0.000006 0.000006 0.000006 0.000006 0.000006 0.000006 0.000006 0.000006 0.000008 0.000007 0.000006 0.000006 0.000007 
0.000006 0.000006 0.000006 0.000006 0.000006 0.000006 0.000006 0.000006 0.000008 0.000006 0.620424 0.000006 0.000006 0.000006 0.000006 0.000007 0.000007 0.000006 0.000007 0.000007 0.000007 0.000006 0.000006 0.000007 0.000006 0.000007 0.000006 0.000306 0.000006 0.000006 0.000006 0.000006 0.000006 0.000006 0.000010 0.000006 0.000006 0.000006 0.000006 0.000006 0.000006 0.000006 0.000007 0.000007 0.000007 0.000006 0.000006 0.000007 0.000006 0.000006 0.000006 0.000006 0.000006 0.000006 0.000006 0.000006 0.000008 0.004824 0.323471 0.050408 0.000006 0.000006 0.000006 0.000006 0.000006 0.000006 0.000006 0.000006 0.000006 0.000006 0.000006 0.000007 0.000007 0.000006 0.000006 0.000007 0.000006 0.000006 0.000006 0.000006 0.000006 0.000006 0.000007 0.000006 0.000007 0.000006 0.000006 0.000006 0.000006 0.000006 0.000006 0.000008 0.000007 0.000006 0.000006 0.000007 
0.079515 0.077067 0.076563 0.079903 0.077482 0.076646 0.078461 0.074248 0.075510 0.076983 0.074045 0.079586 0.073993 
0.075631 0.075671 0.076132 0.080195 0.077848 0.077249 0.073805 0.075335 0.078583 0.078318 0.076391 0.074968 0.079873 
0.080073 0.075759 0.078105 0.077545 0.074280 0.078945 0.079490 0.074688 0.073949 0.076759 0.074437 0.078264 0.077706 
0.075750 0.078126 0.077900 0.079819 0.074022 0.075669 0.078629 0.076541 0.075347 0.078200 0.075952 0.076291 0.077754 
breast
0.085964 0.084471 0.079471 0.073462 0.069192 0.081905 0.081900 0.081955 0.085122 0.052587 0.082626 0.061627 0.079718 
0.081289 0.079959 0.080822 0.073250 0.073920 0.073818 0.080921 0.077217 0.080724 0.075093 0.078209 0.071074 0.073705 
0.079500 0.078154 0.075800 0.081058 0.073553 0.077766 0.077589 0.075512 0.076489 0.076496 0.076442 0.075873 0.075767 
0.082192 0.083259 0.080779 0.065398 0.068900 0.078157 0.081370 0.080329 0.079176 0.077910 0.079092 0.074547 0.068890 
0.080422 0.079057 0.079642 0.084484 0.077701 0.073075 0.081499 0.076691 0.077742 0.063832 0.077326 0.063099 0.085430 
0.073823 0.072439 0.076800 0.094322 0.090604 0.069488 0.076706 0.070409 0.071636 0.073668 0.070847 0.071626 0.087633 
0.080927 0.079658 0.078357 0.065342 0.064183 0.078934 0.079556 0.081382 0.077956 0.082129 0.077914 0.082768 0.070893 
0.080454 0.079057 0.083103 0.058547 0.076302 0.083509 0.081573 0.078670 0.077664 0.077906 0.077326 0.086590 0.059299 
0.079577 0.078154 0.078776 0.064143 0.074870 0.081930 0.081444 0.075579 0.076723 0.083533 0.076442 0.086251 0.062578 
0.079782 0.078455 0.070899 0.075434 0.062047 0.083285 0.075393 0.078034 0.076617 0.084941 0.076737 0.088646 0.069731 
0.082360 0.080862 0.077969 0.073292 0.076362 0.078825 0.080108 0.078223 0.079131 0.069466 0.079092 0.072792 0.071517 
0.080073 0.078756 0.078433 0.079959 0.074619 0.078058 0.079146 0.078313 0.077061 0.068054 0.077031 0.072836 0.077661 
0.077621 0.076349 0.075835 0.067441 0.067398 0.074795 0.076629 0.073728 0.077330 0.097602 0.074675 0.091632 0.068963 
0.078541 0.077252 0.077997 0.068611 0.070468 0.082084 0.078141 0.074603 0.075735 0.080716 0.075559 0.085513 0.074781 
0.078934 0.077553 0.077559 0.075392 0.076810 0.077962 0.078133 0.074971 0.075992 0.070865 0.075853 0.075973 0.084002 
0.075716 0.074244 0.078021 0.071853 0.086732 0.072124 0.079073 0.071902 0.073149 0.084931 0.072614 0.081121 0.078521 
0.078025 0.076650 0.074673 0.086626 0.078409 0.075276 0.076281 0.076360 0.075074 0.075085 0.074970 0.076024 0.076547 
0.077483 0.076349 0.072817 0.066313 0.055276 0.077087 0.075120 0.073607 0.074778 0.107454 0.074675 0.098479 0.070561 
0.082736 0.083860 0.084124 0.074448 0.073894 0.080193 0.083254 0.078598 0.079690 0.061023 0.079681 0.068376 0.070122 
0.082260 0.080862 0.073514 0.072164 0.063904 0.077722 0.080327 0.078134 0.078969 0.082132 0.079092 0.080228 0.070692 
0.081821 0.080260 0.078282 0.056349 0.073893 0.077330 0.079974 0.077704 0.081197 0.090575 0.078503 0.086009 0.058103 
0.080100 0.078756 0.076989 0.069810 0.069431 0.079987 0.078469 0.076083 0.077131 0.082127 0.077031 0.085366 0.068720 
0.083072 0.084161 0.083646 0.066569 0.071047 0.081504 0.083199 0.078915 0.080018 0.066654 0.079976 0.073712 0.067528 
0.080804 0.081755 0.073862 0.091264 0.077746 0.074421 0.077337 0.076746 0.077511 0.065240 0.077620 0.065501 0.080193 
0.078538 0.077252 0.078930 0.070867 0.069027 0.073668 0.079837 0.076854 0.078135 0.089160 0.075559 0.083165 0.069007 
0.077007 0.075748 0.071712 0.074179 0.064327 0.079405 0.074340 0.073144 0.076569 0.093379 0.074086 0.095450 0.070654 
0.079819 0.078455 0.082622 0.074307 0.081658 0.082143 0.081015 0.075815 0.076969 0.065238 0.076737 0.073572 0.071650 
0.076377 0.075146 0.079276 0.069640 0.073834 0.073736 0.077629 0.072548 0.076288 0.091970 0.073497 0.087521 0.072538 
0.081098 0.079658 0.080870 0.069994 0.073988 0.082002 0.082091 0.081676 0.077989 0.068056 0.077914 0.077097 0.067565 
0.083397 0.082065 0.087547 0.074477 0.081121 0.078700 0.085233 0.079224 0.080374 0.053988 0.080270 0.060840 0.072764 
0.074898 0.073642 0.073760 0.085357 0.075985 0.070562 0.076618 0.075789 0.072275 0.087744 0.072025 0.081603 0.079742 
0.079860 0.077252 0.075951 0.079888 0.082989 0.077116 0.077267 0.075552 0.076294 0.072272 0.075559 0.072798 0.077203 
0.080924 0.079358 0.075406 0.079988 0.081421 0.075682 0.078132 0.079104 0.077689 0.068055 0.077620 0.068833 0.077789 
0.080623 0.079358 0.076664 0.070966 0.064355 0.083522 0.078589 0.076587 0.079963 0.076499 0.077620 0.085656 0.069600 
0.078765 0.077252 0.079612 0.076505 0.087669 0.076779 0.079021 0.074801 0.075914 0.072272 0.075559 0.075538 0.070314 
0.077226 0.075748 0.073324 0.077562 0.079372 0.070477 0.075216 0.075591 0.074401 0.091971 0.074086 0.082147 0.072879 
0.085604 0.086568 0.074600 0.070065 0.060352 0.081746 0.080188 0.083567 0.081995 0.070882 0.082332 0.074302 0.067802 
0.083070 0.081764 0.079989 0.075590 0.069062 0.076369 0.081450 0.083707 0.082276 0.068061 0.079976 0.067840 0.070847 
0.076089 0.074845 0.068820 0.077520 0.062153 0.078623 0.072480 0.072272 0.073246 0.097598 0.073203 0.098241 0.074909 
0.075733 0.074545 0.078058 0.079761 0.075235 0.077298 0.076713 0.071939 0.073192 0.083524 0.072908 0.087030 0.074062 
0.081893 0.080561 0.082959 0.067640 0.071233 0.077413 0.081454 0.078093 0.079338 0.077910 0.078798 0.077239 0.065470 
0.087036 0.088072 0.078622 0.054348 0.053500 0.082831 0.082858 0.082681 0.083546 0.079329 0.083804 0.080414 0.062959 
0.074339 0.073041 0.078448 0.077435 0.083201 0.075757 0.076170 0.070605 0.071967 0.090557 0.071436 0.084835 0.072209 
0.080096 0.078756 0.074793 0.073193 0.067270 0.074995 0.077417 0.078333 0.077072 0.086349 0.077031 0.081452 0.073243 
0.085746 0.086868 0.080570 0.057675 0.055775 0.084277 0.083121 0.083714 0.084815 0.075104 0.082626 0.077280 0.062429 
0.080601 0.079358 0.079573 0.081115 0.072061 0.076319 0.079969 0.076568 0.077602 0.068055 0.077620 0.070190 0.080968 
0.082481 0.081162 0.073690 0.073306 0.060083 0.087645 0.080529 0.080604 0.079103 0.070874 0.079387 0.082034 0.069101 
0.081590 0.080260 0.082943 0.074392 0.071944 0.080523 0.082885 0.082614 0.079292 0.062428 0.078503 0.070534 0.072091 
0.076509 0.072740 0.072634 0.093208 0.082513 0.068853 0.072468 0.072938 0.074207 0.083520 0.071142 0.077156 0.082112 
0.079375 0.078154 0.074254 0.087825 0.067723 0.081921 0.076789 0.077656 0.076274 0.069459 0.076442 0.076456 0.077671 
0.081333 0.079959 0.078659 0.082271 0.076635 0.078303 0.079908 0.077256 0.078178 0.062427 0.078209 0.065007 0.081854 
0.082197 0.080862 0.081514 0.067654 0.071237 0.080070 0.081723 0.078080 0.079145 0.069466 0.079092 0.071414 0.077545 
0.080229 0.078756 0.080001 0.063044 0.077780 0.086590 0.079971 0.076197 0.077279 0.072276 0.077031 0.084000 0.066847 
0.083766 0.082366 0.082705 0.071108 0.075056 0.077982 0.083107 0.079569 0.080606 0.066655 0.080565 0.068331 0.068185 
0.080953 0.079658 0.073256 0.065342 0.057549 0.079693 0.077130 0.076897 0.082628 0.090573 0.077914 0.090013 0.068393 
0.082984 0.080561 0.076887 0.069895 0.064755 0.077404 0.079348 0.078538 0.079290 0.080724 0.078798 0.079197 0.071620 
0.084755 0.083268 0.081259 0.068895 0.074576 0.080189 0.082927 0.080503 0.081434 0.065250 0.081448 0.066131 0.069365 
0.080454 0.079057 0.078717 0.072079 0.075214 0.079602 0.081874 0.076416 0.077455 0.073684 0.077326 0.075433 0.072690 
0.079747 0.078154 0.077430 0.069782 0.083773 0.081717 0.078486 0.075728 0.081479 0.068052 0.076442 0.078231 0.070979 
0.082498 0.081162 0.081743 0.064285 0.069624 0.086488 0.084387 0.078366 0.081796 0.065245 0.079387 0.076748 0.068271 
0.081274 0.079959 0.077156 0.072264 0.066006 0.083046 0.079160 0.077202 0.078166 0.075093 0.078209 0.083405 0.069059 
0.084953 0.083569 0.076516 0.068909 0.058882 0.078997 0.079965 0.081001 0.081895 0.079324 0.081743 0.077335 0.066910 
0.079125 0.077854 0.079907 0.081044 0.076742 0.070065 0.079360 0.077415 0.078738 0.079310 0.076148 0.070928 0.073364 
0.080717 0.079358 0.079652 0.070966 0.073756 0.076407 0.080063 0.079067 0.080147 0.075092 0.077620 0.075089 0.072067 
0.085916 0.082065 0.073008 0.075604 0.065200 0.080846 0.078341 0.079329 0.080013 0.070876 0.080270 0.075334 0.073197 
0.081496 0.080260 0.078794 0.067625 0.063087 0.078110 0.080062 0.079817 0.078511 0.083538 0.078503 0.082473 0.067723 
0.070729 0.069431 0.074963 0.081775 0.086231 0.073012 0.072625 0.067168 0.068562 0.097585 0.067902 0.095999 0.074019 
0.081670 0.080260 0.082568 0.060859 0.074878 0.074136 0.081950 0.077573 0.078801 0.083538 0.078503 0.076998 0.068266 
0.072245 0.070935 0.071001 0.091995 0.082286 0.077387 0.071520 0.071007 0.072052 0.079293 0.069375 0.087628 0.083274 
0.084477 0.080862 0.082897 0.072164 0.069366 0.078611 0.082328 0.077978 0.081505 0.069466 0.079092 0.072780 0.068474 
0.079533 0.078154 0.073629 0.078803 0.070879 0.076420 0.076566 0.075540 0.081232 0.077904 0.076442 0.078224 0.076674 
0.079740 0.078455 0.072332 0.070923 0.060228 0.083936 0.076058 0.077997 0.076620 0.082126 0.076737 0.090797 0.074052 
0.078522 0.076951 0.073573 0.073108 0.080336 0.076026 0.076006 0.076817 0.077943 0.086345 0.075264 0.081170 0.067937 
0.080292 0.076349 0.081870 0.068569 0.091103 0.073978 0.082043 0.073970 0.075222 0.075085 0.074675 0.074611 0.072233 
0.081945 0.078154 0.082628 0.070909 0.079700 0.075405 0.080074 0.075857 0.077142 0.075089 0.076442 0.074896 0.071759 
0.083841 0.082366 0.079100 0.073363 0.074201 0.080092 0.081420 0.079634 0.080498 0.063840 0.080565 0.069118 0.071961 
0.080662 0.079358 0.073766 0.076604 0.064194 0.080615 0.079619 0.078874 0.079877 0.076499 0.077620 0.081547 0.070766 
0.083017 0.081764 0.079222 0.067696 0.061848 0.082832 0.081058 0.078866 0.082256 0.075098 0.079976 0.078213 0.068155 
0.077701 0.075146 0.080888 0.074151 0.089418 0.076986 0.080903 0.073502 0.074494 0.069452 0.073497 0.075979 0.077884 
0.077238 0.075748 0.076987 0.077562 0.085669 0.081980 0.079370 0.073349 0.074397 0.070861 0.074086 0.079797 0.072956 
0.080028 0.076049 0.078741 0.076449 0.092016 0.076491 0.078012 0.073716 0.074838 0.073676 0.074381 0.070845 0.074758 
0.079191 0.077854 0.076296 0.074278 0.071575 0.075105 0.077665 0.075218 0.081084 0.084940 0.076148 0.081698 0.068951 
0.076428 0.075146 0.077849 0.083172 0.079965 0.073777 0.079369 0.072594 0.073768 0.077896 0.073497 0.077735 0.078804 
0.079582 0.078154 0.078049 0.072037 0.077383 0.074548 0.083497 0.077838 0.076655 0.077904 0.076442 0.075485 0.072426 
0.079624 0.078154 0.075885 0.078803 0.079021 0.078004 0.084880 0.077875 0.076515 0.066645 0.076442 0.069026 0.079125 
0.082429 0.080862 0.077499 0.065398 0.073175 0.076824 0.079115 0.078585 0.079603 0.080725 0.079092 0.077885 0.068808 
0.084174 0.082667 0.079351 0.059845 0.069919 0.081400 0.081712 0.079948 0.085689 0.075100 0.080859 0.078368 0.060969 
0.084889 0.083569 0.079397 0.079058 0.064407 0.078066 0.083709 0.083199 0.081832 0.062436 0.081743 0.064216 0.073480 
0.081279 0.079959 0.082491 0.063100 0.069069 0.077916 0.083308 0.077509 0.078789 0.082130 0.078209 0.081448 0.064791 
0.080583 0.079057 0.076826 0.085612 0.081930 0.074225 0.077834 0.076832 0.077788 0.068054 0.077326 0.067413 0.076522 
0.077103 0.075748 0.074702 0.076434 0.074806 0.075716 0.075815 0.073230 0.074337 0.089157 0.074086 0.084295 0.074570 
0.078597 0.077252 0.079498 0.077633 0.079480 0.078847 0.078886 0.076907 0.075776 0.072272 0.075559 0.078272 0.071021 
0.078042 0.076650 0.083458 0.075349 0.088132 0.074118 0.080488 0.074122 0.075431 0.073678 0.074970 0.073674 0.071887 
0.079372 0.077854 0.080806 0.072023 0.086780 0.076270 0.079908 0.075378 0.076529 0.073681 0.076148 0.075244 0.070009 
0.078625 0.077252 0.079732 0.068611 0.074832 0.076671 0.078209 0.074980 0.076254 0.084938 0.075559 0.084342 0.069995 
0.077411 0.073642 0.068721 0.090995 0.076410 0.071677 0.071869 0.073493 0.074550 0.086337 0.072025 0.082000 0.080871 
0.081685 0.080260 0.086233 0.063115 0.082253 0.084414 0.083709 0.077586 0.078789 0.061021 0.078503 0.075039 0.067394 
0.083827 0.082366 0.080553 0.055320 0.068096 0.081107 0.089298 0.079621 0.080652 0.077914 0.080565 0.080275 0.060406 
0.083494 0.084462 0.082495 0.062072 0.072922 0.082197 0.082864 0.079308 0.082751 0.068062 0.080270 0.072003 0.067100 
0.077660 0.076349 0.071475 0.078718 0.067413 0.081330 0.076962 0.073763 0.077068 0.082121 0.074675 0.086348 0.076116 
prostate
0.075756 0.075966 0.075230 0.081242 0.070753 0.080107 0.074011 0.079235 0.076902 0.077811 0.076443 0.080381 0.076165 
0.078865 0.078948 0.073988 0.072470 0.068926 0.078354 0.077434 0.077781 0.079844 0.079250 0.079444 0.076420 0.078277 
0.078777 0.076562 0.074251 0.075699 0.067745 0.082764 0.073878 0.075340 0.077504 0.083539 0.077043 0.084294 0.072605 
0.075923 0.075966 0.076810 0.080127 0.081489 0.073804 0.074823 0.077134 0.077129 0.080674 0.076443 0.074207 0.075471 
0.076429 0.076562 0.079408 0.067899 0.075072 0.077403 0.076291 0.077639 0.077792 0.087834 0.077043 0.083113 0.067515 
0.076201 0.076264 0.074833 0.067884 0.071829 0.076146 0.074050 0.077408 0.079814 0.093559 0.076743 0.085538 0.069731 
0.075880 0.075966 0.078445 0.080127 0.078038 0.076772 0.076846 0.074840 0.079414 0.074948 0.076443 0.074433 0.077847 
0.078027 0.078053 0.076987 0.071313 0.076903 0.083902 0.075992 0.076952 0.079086 0.070658 0.078544 0.078643 0.074941 
0.074472 0.074474 0.072218 0.086742 0.077976 0.072677 0.071171 0.073750 0.075935 0.086397 0.074943 0.075094 0.084152 
0.080268 0.080439 0.079481 0.061398 0.066857 0.080647 0.078311 0.081569 0.083844 0.080685 0.080945 0.078954 0.066601 
0.081031 0.081334 0.079357 0.060326 0.058519 0.086875 0.078653 0.079934 0.084560 0.076393 0.081845 0.080272 0.070902 
0.082447 0.080141 0.071987 0.081441 0.068135 0.078351 0.074723 0.078951 0.080851 0.072095 0.080645 0.070489 0.079744 
0.076593 0.076860 0.072961 0.079056 0.062446 0.076368 0.073394 0.075556 0.077734 0.092129 0.077343 0.084671 0.074889 
0.079779 0.079843 0.081286 0.075855 0.081946 0.076012 0.078891 0.078682 0.080915 0.064936 0.080345 0.062974 0.078538 
0.077598 0.077755 0.074468 0.069070 0.065480 0.078292 0.074607 0.076538 0.078718 0.087837 0.078244 0.083302 0.078092 
0.076137 0.076264 0.079179 0.072342 0.077199 0.073999 0.078432 0.077351 0.077489 0.086401 0.076743 0.078067 0.070397 
0.076509 0.076562 0.079463 0.065670 0.078373 0.077466 0.078752 0.077711 0.077838 0.084970 0.077043 0.081208 0.068434 
0.077297 0.077468 0.072363 0.081199 0.069121 0.076203 0.074635 0.078388 0.075964 0.079240 0.075543 0.077151 0.085428 
0.079342 0.079545 0.078029 0.068041 0.066591 0.081325 0.077161 0.082912 0.080498 0.080683 0.080044 0.077463 0.068366 
0.077892 0.078053 0.074902 0.071313 0.064015 0.078552 0.076585 0.077132 0.079377 0.087837 0.078544 0.083349 0.072450 
0.071874 0.071790 0.080223 0.078814 0.096675 0.074274 0.074307 0.070879 0.073347 0.080664 0.072242 0.078943 0.075969 
0.079347 0.079545 0.075838 0.080298 0.068650 0.074595 0.076148 0.078266 0.080390 0.077820 0.080044 0.070162 0.078896 
0.078183 0.077159 0.074075 0.086870 0.078364 0.078898 0.074167 0.076814 0.080993 0.066361 0.077644 0.070246 0.080227 
0.079470 0.079545 0.075924 0.080298 0.075200 0.076790 0.078644 0.078379 0.082827 0.069230 0.080044 0.067138 0.076512 
0.083945 0.084018 0.080881 0.061568 0.070921 0.080876 0.080857 0.087440 0.084896 0.062083 0.084546 0.063074 0.074895 
0.076192 0.076264 0.071168 0.071227 0.067089 0.079429 0.072348 0.079653 0.077258 0.093559 0.076743 0.089583 0.069485 
0.081099 0.081334 0.086193 0.070355 0.074372 0.077334 0.081081 0.082555 0.085145 0.062076 0.081845 0.061294 0.075317 
0.085820 0.082527 0.076714 0.075983 0.066207 0.077235 0.078103 0.081989 0.083788 0.067806 0.083046 0.063955 0.076828 
0.077919 0.078053 0.080571 0.074655 0.078290 0.078573 0.079998 0.076854 0.079155 0.072090 0.078544 0.072852 0.072446 
0.075160 0.075369 0.075700 0.081213 0.069477 0.085138 0.075545 0.074444 0.076670 0.073514 0.075843 0.078772 0.083152 
0.075797 0.075667 0.083282 0.065627 0.094700 0.081923 0.077751 0.074743 0.079572 0.070652 0.076143 0.078271 0.065871 
0.072303 0.072387 0.078378 0.086642 0.087876 0.076767 0.078474 0.073713 0.073608 0.067780 0.072842 0.073139 0.086090 
0.076414 0.078959 0.076470 0.062327 0.067337 0.080394 0.074923 0.075371 0.077724 0.096423 0.077043 0.092883 0.063732 
0.080518 0.080738 0.078217 0.060298 0.061610 0.078774 0.077856 0.079421 0.081687 0.086412 0.081245 0.080120 0.073105 
0.074228 0.074474 0.072577 0.082285 0.066547 0.079969 0.071993 0.077875 0.075401 0.087828 0.074943 0.085476 0.076404 
0.075828 0.075966 0.073816 0.075670 0.069920 0.079877 0.073390 0.074792 0.076947 0.083537 0.076443 0.084201 0.079613 
0.078443 0.078650 0.073669 0.070227 0.061307 0.080090 0.074675 0.077375 0.079495 0.086407 0.079144 0.083835 0.076683 
0.075998 0.075966 0.075399 0.077899 0.082255 0.077009 0.074205 0.077202 0.077122 0.079242 0.076443 0.077300 0.073960 
0.074945 0.075071 0.074589 0.077856 0.073509 0.073854 0.073291 0.073921 0.076193 0.092125 0.075543 0.083045 0.076058 
0.078508 0.078650 0.081967 0.073570 0.076497 0.083289 0.077780 0.077740 0.080073 0.063501 0.079144 0.072613 0.076667 
0.081164 0.083731 0.082579 0.064783 0.069736 0.079339 0.079437 0.080359 0.082730 0.072098 0.081845 0.070673 0.071526 
0.076673 0.076860 0.078139 0.061227 0.067160 0.085120 0.075832 0.075629 0.077981 0.087834 0.077343 0.089899 0.070300 
0.077023 0.077159 0.080075 0.073498 0.075209 0.078833 0.076136 0.076275 0.078661 0.076382 0.077644 0.076922 0.076183 
0.078043 0.078053 0.081389 0.073541 0.085574 0.079720 0.078040 0.076967 0.079226 0.063500 0.078544 0.068479 0.078923 
0.078913 0.078948 0.075485 0.074698 0.074711 0.078392 0.075754 0.077825 0.079913 0.074955 0.079444 0.073559 0.077405 
0.077907 0.078053 0.078368 0.070198 0.072355 0.082902 0.076574 0.079097 0.081440 0.070658 0.078544 0.077290 0.076613 
0.075317 0.075369 0.072679 0.078985 0.074610 0.077322 0.074993 0.074283 0.076397 0.083536 0.075843 0.081414 0.079253 
0.079380 0.079545 0.077323 0.066927 0.066974 0.082104 0.076852 0.080549 0.080478 0.077820 0.080044 0.079601 0.072404 
0.076130 0.076264 0.079174 0.065656 0.074002 0.083588 0.076029 0.075090 0.079846 0.082106 0.076743 0.084642 0.070728 
0.079191 0.079246 0.072248 0.072484 0.064776 0.077733 0.073625 0.080658 0.082869 0.083545 0.079744 0.077983 0.075898 
0.082419 0.080141 0.077090 0.078098 0.073227 0.080570 0.077075 0.081180 0.080972 0.063505 0.080645 0.067458 0.077621 
0.075891 0.075966 0.081381 0.079013 0.083843 0.072729 0.076153 0.077408 0.077615 0.076379 0.076443 0.069994 0.077184 
0.080053 0.082538 0.074916 0.074755 0.070008 0.078353 0.076082 0.078954 0.080974 0.072095 0.080645 0.070489 0.080139 
0.075288 0.075369 0.079975 0.066727 0.079241 0.071005 0.078359 0.074256 0.076740 0.092126 0.075843 0.079048 0.076022 
0.074788 0.074773 0.081976 0.075613 0.089131 0.075051 0.075855 0.074061 0.076586 0.079239 0.075243 0.073065 0.074620 
0.077992 0.078053 0.080622 0.065741 0.078393 0.076533 0.077659 0.076920 0.079295 0.082111 0.078544 0.076838 0.071298 
0.079645 0.079843 0.079729 0.070284 0.070196 0.082198 0.078105 0.078560 0.080805 0.073526 0.080345 0.076784 0.069979 
0.082311 0.080141 0.085064 0.066955 0.075292 0.079734 0.080718 0.081082 0.083631 0.066368 0.080645 0.065317 0.072743 
0.078703 0.078948 0.073875 0.074698 0.061259 0.080623 0.077304 0.077634 0.079716 0.080681 0.079444 0.077368 0.079747 
0.083008 0.083124 0.078689 0.059297 0.065125 0.085154 0.079358 0.081868 0.084006 0.074965 0.083646 0.078260 0.063502 
0.075281 0.075369 0.071922 0.085670 0.074356 0.074147 0.072228 0.074250 0.076346 0.084967 0.075843 0.078322 0.081299 
0.077705 0.077755 0.081129 0.073527 0.083387 0.078378 0.080143 0.076637 0.083700 0.064931 0.078244 0.068037 0.076428 
0.077308 0.077457 0.075705 0.071284 0.069077 0.077131 0.077427 0.080903 0.078433 0.080678 0.077944 0.077135 0.079519 
0.074665 0.074773 0.075833 0.090099 0.081902 0.078851 0.076120 0.073645 0.075762 0.064923 0.075243 0.071608 0.086576 
0.074204 0.074176 0.084242 0.071128 0.094597 0.073187 0.077376 0.075578 0.075736 0.076375 0.074642 0.072411 0.076348 
0.078912 0.078948 0.076947 0.069127 0.074582 0.079439 0.078828 0.077825 0.079994 0.077818 0.079444 0.076815 0.071321 
0.075159 0.075369 0.074764 0.077870 0.069147 0.073002 0.073486 0.074139 0.076440 0.094989 0.075843 0.083649 0.076143 
0.073585 0.073580 0.072053 0.082242 0.079635 0.074741 0.071408 0.072571 0.077111 0.086395 0.074042 0.081693 0.080944 
0.072591 0.072685 0.073481 0.094457 0.082737 0.076116 0.071561 0.073854 0.073707 0.070644 0.073142 0.073747 0.091277 
0.075583 0.077766 0.076523 0.086785 0.097778 0.078881 0.074505 0.074526 0.076589 0.059198 0.075843 0.063853 0.082170 
0.080904 0.081036 0.077780 0.070340 0.069509 0.080299 0.077850 0.082050 0.081930 0.073529 0.081545 0.072931 0.070297 
0.074078 0.076573 0.076838 0.091185 0.084962 0.077284 0.073885 0.073066 0.075258 0.067785 0.074642 0.072074 0.082371 
0.081376 0.080439 0.075111 0.063626 0.062501 0.082767 0.076300 0.079967 0.081841 0.080685 0.080945 0.081652 0.072790 
0.080902 0.078650 0.081761 0.065770 0.075303 0.080139 0.080853 0.077433 0.079805 0.076386 0.079144 0.077157 0.066699 
0.081793 0.081931 0.082133 0.058126 0.069998 0.081238 0.080327 0.080673 0.083024 0.080689 0.082445 0.075146 0.062477 
0.079012 0.079246 0.077043 0.078055 0.067932 0.082693 0.076535 0.077939 0.080022 0.064934 0.079744 0.072311 0.084534 
0.079548 0.079843 0.073076 0.075855 0.057085 0.082122 0.074975 0.078471 0.080493 0.079252 0.080345 0.080598 0.078338 
0.072575 0.072685 0.070543 0.087771 0.074469 0.082252 0.070191 0.071584 0.076046 0.080666 0.073142 0.088516 0.079559 
0.074726 0.074773 0.075143 0.071156 0.075942 0.075751 0.073432 0.073699 0.078380 0.090692 0.075243 0.084742 0.076321 
0.075558 0.075667 0.080189 0.081227 0.083989 0.075442 0.076203 0.076922 0.076870 0.073515 0.076143 0.072082 0.076193 
0.080198 0.080439 0.078701 0.075884 0.068150 0.083739 0.082711 0.079109 0.083588 0.059211 0.080945 0.068682 0.078642 
0.075338 0.075369 0.069766 0.067842 0.066394 0.080627 0.071255 0.076554 0.076415 0.099284 0.075843 0.095957 0.069358 
0.078577 0.078650 0.077420 0.069112 0.073662 0.077050 0.076478 0.077497 0.079718 0.080681 0.079144 0.075978 0.076033 
0.081420 0.081632 0.080384 0.068140 0.067888 0.083764 0.079327 0.082708 0.082491 0.066372 0.082145 0.072295 0.071433 
0.081494 0.081632 0.076045 0.073712 0.067313 0.080676 0.079748 0.080378 0.082406 0.070667 0.082145 0.071117 0.072668 
0.080543 0.078352 0.074372 0.072441 0.061101 0.079972 0.074076 0.079640 0.079562 0.082112 0.078844 0.080926 0.078061 
0.081483 0.081643 0.075631 0.074712 0.068165 0.084099 0.075916 0.078006 0.080080 0.072092 0.079744 0.075737 0.072691 
0.073431 0.073580 0.078939 0.081128 0.076707 0.073714 0.072981 0.075293 0.075541 0.080668 0.074042 0.076521 0.087454 
0.072523 0.072387 0.074871 0.072157 0.087711 0.073793 0.074557 0.071514 0.073834 0.092118 0.072842 0.085326 0.076367 
0.082971 0.080738 0.077525 0.078126 0.071051 0.081217 0.077563 0.079474 0.081529 0.063506 0.081245 0.064854 0.080200 
0.073883 0.073878 0.077083 0.078914 0.080576 0.077400 0.072348 0.073472 0.075901 0.083532 0.074342 0.079832 0.078839 
0.080688 0.080738 0.078335 0.065869 0.073008 0.086549 0.077992 0.079576 0.081711 0.070665 0.081245 0.076371 0.067254 
0.077451 0.076562 0.074246 0.069013 0.064548 0.078264 0.076269 0.076102 0.078136 0.094992 0.077043 0.089231 0.068142 
0.074761 0.074773 0.072972 0.072270 0.074855 0.072932 0.072442 0.073731 0.078408 0.102145 0.075243 0.085637 0.069830 
0.080949 0.081036 0.082201 0.060312 0.074502 0.077187 0.082317 0.082091 0.082173 0.076392 0.081545 0.070796 0.068498 
0.078669 0.078948 0.074583 0.079155 0.062474 0.076245 0.075219 0.082254 0.079717 0.080681 0.079444 0.074670 0.077940 
0.077903 0.078053 0.073975 0.080227 0.069545 0.080659 0.074536 0.076839 0.078903 0.076384 0.078544 0.078412 0.076020 
0.079001 0.078948 0.076278 0.079155 0.082477 0.075316 0.076164 0.077907 0.079998 0.072092 0.079444 0.067609 0.075611 
0.076302 0.076562 0.076392 0.073470 0.066116 0.072965 0.074834 0.075269 0.077639 0.097855 0.077043 0.084396 0.071157 
0.079044 0.079246 0.076537 0.075827 0.065247 0.080763 0.075543 0.080525 0.080462 0.074956 0.079744 0.076296 0.075811 
skin
0.080573 0.078040 0.081814 0.077863 0.080950 0.074181 0.081018 0.076460 0.078783 0.068254 0.077323 0.065561 0.079182 
0.078848 0.076258 0.074525 0.072205 0.074884 0.077307 0.076643 0.077064 0.074666 0.086605 0.075557 0.080653 0.074786 
0.081765 0.079228 0.073796 0.079033 0.066611 0.079382 0.080219 0.077593 0.077192 0.073905 0.078501 0.075069 0.077707 
0.083385 0.080713 0.078009 0.077988 0.075415 0.077647 0.080670 0.079125 0.078734 0.064025 0.079973 0.064428 0.079888 
0.074427 0.072100 0.074869 0.079814 0.076032 0.079294 0.074505 0.070624 0.073091 0.085182 0.071435 0.089839 0.078788 
0.082543 0.080140 0.086707 0.068930 0.078863 0.076052 0.083130 0.078315 0.078604 0.068253 0.077029 0.068217 0.073217 
0.081030 0.078634 0.078651 0.072316 0.063098 0.078174 0.078953 0.079457 0.077132 0.080963 0.077912 0.075775 0.077905 
0.083306 0.083110 0.081678 0.074643 0.075676 0.083839 0.082380 0.079057 0.078754 0.055553 0.079973 0.066707 0.075323 
0.075355 0.072991 0.077070 0.088774 0.082761 0.074886 0.078435 0.071506 0.071533 0.073889 0.072318 0.075415 0.085066 
0.080511 0.078040 0.074327 0.083437 0.069017 0.079344 0.077423 0.076405 0.076064 0.071078 0.077323 0.074282 0.082750 
0.080422 0.078040 0.075207 0.083437 0.063424 0.079588 0.076996 0.076628 0.076394 0.073902 0.077323 0.073518 0.085122 
0.071509 0.069130 0.069839 0.095283 0.084890 0.072739 0.069780 0.070396 0.068199 0.086587 0.068491 0.084920 0.088238 
0.077568 0.072694 0.078407 0.075383 0.085412 0.080071 0.076573 0.075970 0.073812 0.075300 0.072024 0.083119 0.073666 
0.079861 0.077446 0.076809 0.076720 0.068617 0.081912 0.078267 0.078187 0.075600 0.073900 0.076734 0.080197 0.075750 
0.085388 0.082792 0.085709 0.063592 0.069472 0.082661 0.084585 0.083591 0.081207 0.064030 0.082033 0.068822 0.066116 
0.081790 0.079228 0.085178 0.073459 0.080088 0.080444 0.082452 0.077918 0.077919 0.062609 0.078501 0.068629 0.071785 
0.081229 0.077743 0.080735 0.064471 0.066821 0.085267 0.082671 0.076802 0.078921 0.073901 0.077029 0.084307 0.070104 
0.082707 0.079228 0.075917 0.079033 0.061626 0.077482 0.081149 0.078209 0.077717 0.079552 0.078501 0.073541 0.075339 
0.083594 0.081010 0.078922 0.066854 0.067011 0.079919 0.081217 0.079330 0.079067 0.076733 0.080267 0.075950 0.070126 
0.080178 0.077743 0.079285 0.081193 0.074460 0.079058 0.082008 0.076091 0.078316 0.065430 0.077029 0.070335 0.078875 
0.080936 0.078337 0.077620 0.064499 0.071510 0.076572 0.079207 0.076799 0.076689 0.088022 0.077617 0.081962 0.070230 
0.079292 0.076852 0.075625 0.076692 0.069545 0.074121 0.079801 0.075247 0.077517 0.085194 0.076145 0.078414 0.075555 
0.080298 0.080140 0.077878 0.076734 0.076391 0.077067 0.081396 0.078593 0.076000 0.071077 0.077029 0.071527 0.075871 
0.082994 0.080416 0.079950 0.072400 0.072132 0.083570 0.081394 0.078761 0.080866 0.064024 0.079678 0.072505 0.071310 
0.076025 0.073585 0.068645 0.091032 0.073296 0.074417 0.072373 0.072137 0.071884 0.085186 0.072907 0.081954 0.086560 
0.075971 0.073585 0.080520 0.085458 0.086142 0.075418 0.078002 0.072091 0.074611 0.072479 0.072907 0.074536 0.078280 
0.083544 0.081010 0.075910 0.070198 0.061462 0.079881 0.086950 0.081683 0.078899 0.075321 0.080267 0.074975 0.069900 
0.086265 0.083683 0.082467 0.075897 0.069411 0.083591 0.084303 0.081875 0.081448 0.052737 0.082917 0.058461 0.076945 
0.085389 0.082792 0.082536 0.069167 0.069639 0.083559 0.083877 0.081039 0.080697 0.058382 0.082033 0.066280 0.074609 
0.081721 0.076852 0.072669 0.075577 0.066231 0.081754 0.078409 0.075274 0.074986 0.079546 0.076145 0.081292 0.079544 
0.079292 0.076852 0.075625 0.076692 0.069545 0.081729 0.077404 0.075247 0.075056 0.076723 0.076145 0.079342 0.080349 
0.079815 0.077149 0.077496 0.073362 0.081323 0.076637 0.078560 0.075727 0.080358 0.075311 0.076440 0.074359 0.073462 
0.075694 0.073288 0.075093 0.086559 0.080161 0.073091 0.075272 0.071825 0.071832 0.083773 0.072613 0.079575 0.081225 
0.077914 0.075367 0.082941 0.072163 0.085100 0.079170 0.079361 0.074229 0.076801 0.073895 0.074673 0.078512 0.069871 
0.084519 0.081901 0.081864 0.070240 0.072333 0.079677 0.083101 0.080209 0.079911 0.062616 0.081150 0.064997 0.077482 
0.078823 0.076258 0.078975 0.075550 0.081739 0.080998 0.078750 0.074791 0.074715 0.072485 0.075557 0.079037 0.072322 
0.084651 0.079843 0.077551 0.071146 0.067210 0.079219 0.081015 0.082541 0.075626 0.073900 0.076734 0.076132 0.074431 
