-298998.814801
0
0.000006 0.000006 0.000006 0.000006 0.000006 0.000006 0.000006 0.000006 0.000008 0.000006 0.001278 0.000007 0.000006 0.000006 0.000006 0.000007 0.000007 0.000006 0.000429 0.000007 0.001145 0.000006 0.000006 0.000260 0.000091 0.000007 0.000006 0.001489 0.000006 0.000006 0.000006 0.000006 0.000175 0.000006 0.002839 0.000006 0.000006 0.000006 0.000006 0.000006 0.000006 0.000006 0.000007 0.000007 0.000344 0.000006 0.000006 0.000007 0.000007 0.000006 0.000006 0.000006 0.000006 0.000006 0.000006 0.000006 0.000008 0.002661 0.986728 0.000007 0.000006 0.000006 0.000006 0.000006 0.000006 0.000006 0.000006 0.000006 0.000006 0.000006 0.000006 0.000007 0.000007 0.000006 0.000006 0.001948 0.000006 0.000006 0.000006 0.000006 0.000006 0.000006 0.000007 0.000006 0.000007 0.000006 0.000006 0.000006 0.000091 0.000006 0.000006 0.000007 0.000007 0.000006 0.000006 0.000008 
0.000006 0.000006 0.000006 0.000006 0.000006 0.000006 0.000006 0.000006 0.000008 0.000006 0.000026 0.000007 0.000006 0.000006 0.000006 0.000007 0.000007 0.000006 0.000007 0.000007 0.000009 0.000006 0.000006 0.000007 0.000007 0.000007 0.000006 0.000016 0.000006 0.000006 0.000006 0.000006 0.000007 0.000006 0.000024 0.000006 0.000006 0.000006 0.000006 0.000006 0.000006 0.000006 0.000007 0.000007 0.000007 0.000006 0.000006 0.000007 0.000007 0.000006 0.000006 0.000006 0.000006 0.000006 0.000006 0.000006 0.000008 0.000024 0.999323 0.000007 0.000006 0.000006 0.000006 0.000006 0.000006 0.000006 0.000006 0.000006 0.000006 0.000006 0.000006 0.000007 0.000007 0.000006 0.000006 0.000007 0.000006 0.000006 0.000006 0.000006 0.000006 0.000006 0.000007 0.000006 0.000007 0.000006 0.000006 0.000006 0.000007 0.000006 0.000006 0.000007 0.000007 0.000006 0.000006 0.000008 
0.000006 0.000006 0.000006 0.000006 0.000006 0.000006 0.000006 0.000006 0.003818 0.000006 0.000940 0.000007 0.000006 0.000006 0.000006 0.000007 0.000007 0.000006 0.000007 0.000007 0.000009 0.000006 0.000006 0.000007 0.000007 0.000007 0.000006 0.000915 0.000006 0.000006 0.000006 0.000006 0.000007 0.000006 0.002067 0.000006 0.000006 0.000006 0.000006 0.000006 0.000006 0.000006 0.000007 0.000007 0.000007 0.000006 0.000006 0.000007 0.000007 0.000006 0.000006 0.000006 0.000006 0.000006 0.000006 0.000006 0.000009 0.246842 0.744573 0.000007 0.000006 0.000006 0.000006 0.000006 0.000006 0.000006 0.000006 0.000006 0.000006 0.000006 0.000006 0.000007 0.000267 0.000006 0.000006 0.000007 0.000006 0.000006 0.000006 0.000006 0.000006 0.000006 0.000007 0.000006 0.000007 0.000006 0.000006 0.000006 0.000007 0.000006 0.000006 0.000008 0.000007 0.000006 0.000006 0.000008 
0.000007 0.000007 0.000007 0.000007 0.000007 0.000007 0.000007 0.000007 0.000009 0.000007 0.962425 0.000007 0.000007 0.000007 0.000007 0.000007 0.000007 0.000007 0.000007 0.000007 0.000009 0.000007 0.000007 0.000007 0.000007 0.000007 0.000007 0.000017 0.000007 0.000007 0.000007 0.000007 0.000007 0.000007 0.000026 0.000007 0.000007 0.000007 0.000007 0.000007 0.000007 0.000007 0.000007 0.000007 0.000007 0.000007 0.000007 0.000008 0.000007 0.000007 0.000007 0.000007 0.000007 0.000007 0.000007 0.000007 0.000009 0.000026 0.036199 0.000008 0.000007 0.000007 0.000007 0.000007 0.000007 0.000007 0.000007 0.000007 0.000007 0.000007 0.000007 0.000007 0.000007 0.000007 0.000007 0.000007 0.000007 0.000007 0.000007 0.000007 0.000007 0.000007 0.000007 0.000007 0.000007 0.000007 0.000007 0.000007 0.000007 0.000007 0.000007 0.000686 0.000007 0.000007 0.000007 0.000008 
0.000007 0.000007 0.000007 0.000007 0.000007 0.000007 0.000007 0.000007 0.000009 0.000007 0.527509 0.000007 0.000007 0.000007 0.000007 0.000007 0.000007 0.000007 0.000007 0.000007 0.000009 0.000007 0.000007 0.000007 0.000007 0.000007 0.000007 0.088745 0.000007 0.000007 0.000007 0.000007 0.000007 0.000007 0.000026 0.000007 0.000007 0.000007 0.000007 0.000007 0.000007 0.000007 0.000007 0.000007 0.000007 0.000007 0.000007 0.000007 0.000007 0.000007 0.000007 0.000007 0.000007 0.000007 0.000007 0.000007 0.000009 0.370790 0.012310 0.000008 0.000007 0.000007 0.000007 0.000007 0.000007 0.000007 0.000007 0.000007 0.000007 0.000007 0.000007 0.000007 0.000007 0.000007 0.000007 0.000007 0.000007 0.000007 0.000007 0.000007 0.000007 0.000007 0.000007 0.000007 0.000007 0.000007 0.000007 0.000007 0.000007 0.000007 0.000007 0.000008 0.000007 0.000007 0.000007 0.000008 
0.000006 0.000006 0.000006 0.000006 0.000006 0.000006 0.000006 0.000006 0.000009 0.000006 0.001192 0.000007 0.000006 0.000006 0.000006 0.000007 0.000007 0.000006 0.000007 0.000622 0.000009 0.000006 0.000006 0.000007 0.000007 0.000007 0.000006 0.001155 0.000006 0.000006 0.000006 0.000006 0.000007 0.000006 0.002507 0.000006 0.000006 0.000006 0.000006 0.000006 0.000006 0.000006 0.001502 0.000007 0.000007 0.000006 0.000006 0.000007 0.000007 0.000006 0.000006 0.000006 0.000006 0.000006 0.000006 0.000006 0.078224 0.002467 0.910890 0.000007 0.000006 0.000006 0.000006 0.000006 0.000006 0.000006 0.000006 0.000006 0.000006 0.000006 0.000006 0.000271 0.000007 0.000006 0.000006 0.000007 0.000006 0.000006 0.000006 0.000006 0.000006 0.000006 0.000007 0.000006 0.000007 0.000006 0.000006 0.000006 0.000007 0.000006 0.000006 0.000008 0.000007 0.000006 0.000006 0.000607 
0.000006 0.000006 0.000006 0.000006 0.000006 0.000006 0.000006 0.000006 0.000008 0.000006 0.001108 0.000007 0.000006 0.000006 0.000006 0.000268 0.000007 0.000006 0.000007 0.000007 0.000136 0.000006 0.000006 0.000007 0.000007 0.000007 0.000006 0.001122 0.000006 0.000006 0.000006 0.000006 0.000007 0.000006 0.002436 0.000006 0.000006 0.000006 0.000006 0.000006 0.000006 0.000006 0.000007 0.000007 0.000007 0.000006 0.000006 0.009139 0.000007 0.000006 0.000006 0.000006 0.000006 0.000006 0.000006 0.000006 0.000009 0.120267 0.864953 0.000007 0.000006 0.000006 0.000006 0.000006 0.000006 0.000006 0.000006 0.000006 0.000006 0.000006 0.000006 0.000007 0.000007 0.000006 0.000006 0.000007 0.000006 0.000006 0.000006 0.000006 0.000006 0.000006 0.000007 0.000006 0.000007 0.000006 0.000006 0.000006 0.000007 0.000006 0.000006 0.000008 0.000007 0.000006 0.000006 0.000008 
0.000006 0.000006 0.000006 0.000006 0.000006 0.000006 0.000006 0.000006 0.000814 0.000006 0.001274 0.000007 0.000006 0.000006 0.000006 0.000007 0.001037 0.000006 0.000007 0.000007 0.000645 0.000006 0.000006 0.000007 0.000007 0.000694 0.000006 0.001343 0.000006 0.000006 0.000006 0.000006 0.000007 0.000006 0.002797 0.000006 0.000006 0.000006 0.000006 0.000006 0.000006 0.000006 0.000007 0.001295 0.000007 0.000006 0.000006 0.000007 0.000007 0.000006 0.000006 0.000006 0.000006 0.000006 0.000006 0.000006 0.000008 0.002621 0.977555 0.000007 0.000006 0.000006 0.000006 0.000006 0.000006 0.000006 0.000006 0.000006 0.000006 0.000006 0.000006 0.000007 0.000007 0.000006 0.000006 0.000007 0.000006 0.000006 0.000006 0.000006 0.000006 0.000006 0.000007 0.000006 0.000007 0.000006 0.000006 0.000006 0.000007 0.000006 0.000006 0.000007 0.000007 0.000006 0.000006 0.009384 
0.000006 0.000006 0.000006 0.000006 0.000006 0.000006 0.000006 0.000006 0.001023 0.000006 0.001154 0.000180 0.000006 0.000006 0.000006 0.000007 0.000007 0.000006 0.000007 0.000007 0.000499 0.000006 0.000006 0.000007 0.000007 0.000007 0.000006 0.001196 0.000006 0.000006 0.000006 0.000006 0.000007 0.000006 0.006975 0.000006 0.000006 0.000006 0.000006 0.000006 0.000006 0.000006 0.000007 0.000007 0.000007 0.000006 0.000006 0.000007 0.000007 0.000006 0.000006 0.000006 0.000006 0.000006 0.000006 0.000006 0.000008 0.012668 0.967610 0.000007 0.000006 0.000006 0.000006 0.000006 0.000006 0.000006 0.000006 0.000006 0.000006 0.000006 0.000006 0.000007 0.000007 0.000006 0.000006 0.000007 0.000006 0.000006 0.000006 0.000006 0.000006 0.000006 0.000007 0.000006 0.000007 0.000006 0.000006 0.000006 0.000007 0.000006 0.000006 0.000008 0.008137 0.000006 0.000006 0.000008 
0.000006 0.000006 0.000006 0.000006 0.000006 0.000006 0.000006 0.000006 0.000009 0.000006 0.000027 0.000007 0.000006 0.000006 0.000006 0.000007 0.000007 0.000006 0.000007 0.000007 0.000009 0.000006 0.000006 0.000007 0.000007 0.000007 0.000006 0.000016 0.000006 0.000006 0.000006 0.000006 0.000007 0.000006 0.994526 0.000006 0.000006 0.000006 0.000006 0.000006 0.000006 0.000006 0.000007 0.000007 0.000007 0.000006 0.000006 0.000007 0.000007 0.000006 0.000006 0.000006 0.000006 0.000006 0.000006 0.000006 0.000009 0.000024 0.004810 0.000007 0.000006 0.000006 0.000006 0.000006 0.000006 0.000006 0.000006 0.000006 0.000006 0.000006 0.000006 0.000007 0.000007 0.000006 0.000006 0.000007 0.000006 0.000006 0.000006 0.000006 0.000006 0.000006 0.000007 0.000006 0.000007 0.000006 0.000006 0.000006 0.000007 0.000006 0.000006 0.000008 0.000007 0.000006 0.000006 0.000008 
0.000006 0.000006 0.000006 0.000006 0.000006 0.000006 0.000006 0.000006 0.000008 0.000006 0.000027 0.000007 0.000006 0.000006 0.000006 0.000007 0.000007 0.000006 0.000007 0.000007 0.000009 0.000006 0.000006 0.000007 0.000007 0.000007 0.000006 0.000016 0.000006 0.000006 0.000006 0.000006 0.000007 0.000006 0.000025 0.000006 0.000006 0.000006 0.000006 0.000006 0.000006 0.000006 0.000007 0.000007 0.000007 0.000006 0.000006 0.000007 0.000007 0.000006 0.000006 0.000006 0.000006 0.000006 0.000006 0.000006 0.000009 0.000024 0.999314 0.000007 0.000006 0.000006 0.000006 0.000006 0.000006 0.000006 0.000006 0.000006 0.000006 0.000006 0.000006 0.000007 0.000007 0.000006 0.000006 0.000007 0.000006 0.000006 0.000006 0.000006 0.000006 0.000006 0.000007 0.000006 0.000007 0.000006 0.000006 0.000006 0.000007 0.000006 0.000006 0.000008 0.000007 0.000006 0.000006 0.000008 
0.000006 0.000006 0.000006 0.000006 0.000006 0.000006 0.000006 0.000006 0.000008 0.000006 0.000470 0.000007 0.000006 0.000006 0.000006 0.000007 0.000007 0.000006 0.000007 0.000007 0.000009 0.000006 0.000006 0.000007 0.000007 0.000007 0.000006 0.000116 0.000006 0.000006 0.000006 0.000006 0.000007 0.000006 0.416829 0.000006 0.000006 0.000006 0.000006 0.000006 0.000006 0.000006 0.000007 0.000007 0.000007 0.000006 0.000006 0.000007 0.000007 0.000006 0.000006 0.000006 0.000006 0.000006 0.000006 0.000006 0.225277 0.000851 0.355626 0.000007 0.000006 0.000006 0.000006 0.000006 0.000006 0.000006 0.000006 0.000006 0.000006 0.000006 0.000006 0.000007 0.000007 0.000006 0.000006 0.000007 0.000006 0.000006 0.000006 0.000006 0.000006 0.000006 0.000007 0.000006 0.000263 0.000006 0.000006 0.000006 0.000007 0.000006 0.000006 0.000007 0.000007 0.000006 0.000006 0.000008 
0.000007 0.000007 0.000007 0.000007 0.000007 0.000007 0.000007 0.000007 0.000009 0.000007 0.687091 0.000007 0.000007 0.000007 0.000007 0.000007 0.000007 0.000007 0.000007 0.000007 0.000009 0.000007 0.000007 0.000007 0.000007 0.000007 0.000007 0.000017 0.000007 0.000007 0.000007 0.000007 0.000007 0.000007 0.000255 0.000007 0.000007 0.000007 0.000007 0.000007 0.000007 0.000007 0.000007 0.000007 0.000007 0.000007 0.000007 0.000007 0.000007 0.000007 0.000007 0.000007 0.000007 0.000007 0.000007 0.000007 0.000009 0.005061 0.251922 0.055034 0.000007 0.000007 0.000007 0.000007 0.000007 0.000007 0.000007 0.000007 0.000007 0.000007 0.000007 0.000007 0.000007 0.000007 0.000007 0.000007 0.000007 0.000007 0.000007 0.000007 0.000007 0.000007 0.000007 0.000007 0.000007 0.000007 0.000007 0.000007 0.000007 0.000007 0.000007 0.000008 0.000007 0.000007 0.000007 0.000008 
0.000006 0.000006 0.000006 0.000006 0.000006 0.000006 0.000006 0.000006 0.000008 0.000006 0.006495 0.000007 0.000006 0.000006 0.000006 0.000007 0.000007 0.000006 0.000007 0.000007 0.000009 0.000006 0.000006 0.000007 0.000007 0.000007 0.000006 0.068800 0.000006 0.000006 0.000006 0.000006 0.000007 0.000006 0.352934 0.000006 0.000006 0.000006 0.000006 0.000006 0.000006 0.000006 0.000007 0.000007 0.000007 0.000006 0.000006 0.000007 0.000177 0.000006 0.000006 0.000006 0.000006 0.000006 0.000006 0.000006 0.000008 0.001371 0.563292 0.000007 0.000006 0.000006 0.000006 0.000006 0.000006 0.000006 0.000006 0.000006 0.000006 0.000006 0.000006 0.000007 0.000007 0.000006 0.000006 0.000007 0.000006 0.000006 0.000006 0.000006 0.000006 0.000006 0.005457 0.000006 0.000007 0.000006 0.000006 0.000006 0.000007 0.000006 0.000006 0.000913 0.000007 0.000006 0.000006 0.000008 
0.073716 0.071497 0.071030 0.074073 0.071887 0.071106 0.072766 0.068807 0.070034 0.071425 0.068608 0.073795 0.068557 0.072699 
0.069178 0.069908 0.075226 0.072359 0.071507 0.065874 0.068622 0.073227 0.072928 0.070296 0.067994 0.074828 0.073074 0.074981 
0.073170 0.072457 0.067041 0.074201 0.074875 0.067800 0.066418 0.071283 0.067335 0.073382 0.072666 0.074085 0.070945 0.074343 
0.074832 0.069207 0.070745 0.073454 0.071544 0.070444 0.073185 0.071014 0.071343 0.072736 0.068931 0.068951 0.072914 0.070700 
breast
0.079549 0.078252 0.072712 0.067963 0.063648 0.076315 0.075034 0.075570 0.078725 0.049399 0.076152 0.064438 0.073245 0.068999 
0.075407 0.074075 0.075131 0.067823 0.069984 0.070172 0.074933 0.071316 0.074768 0.070453 0.072084 0.064960 0.067638 0.071256 
0.073715 0.072404 0.069980 0.075183 0.069664 0.072876 0.071549 0.069712 0.070613 0.071762 0.070457 0.070280 0.069943 0.071862 
0.077401 0.074910 0.074953 0.060435 0.064789 0.074068 0.075392 0.074973 0.073623 0.073090 0.072898 0.068181 0.062658 0.072629 
0.074545 0.073239 0.073775 0.078389 0.073674 0.069397 0.075429 0.070837 0.071843 0.059913 0.071271 0.060089 0.079556 0.068045 
0.068475 0.067113 0.071701 0.087719 0.084729 0.065171 0.071346 0.065087 0.066230 0.069105 0.065305 0.065478 0.082435 0.070105 
0.075086 0.073796 0.072551 0.060397 0.061273 0.073229 0.073505 0.075511 0.072006 0.077036 0.071813 0.076629 0.064769 0.072397 
0.074633 0.073239 0.077694 0.054022 0.069405 0.075716 0.075798 0.072827 0.071774 0.073083 0.071271 0.083661 0.053141 0.073735 
0.073792 0.072404 0.073163 0.059291 0.067930 0.072983 0.075543 0.069780 0.070836 0.078347 0.070457 0.080282 0.056560 0.078632 
0.073951 0.072682 0.064669 0.069895 0.058871 0.073887 0.069061 0.072184 0.070644 0.079665 0.070728 0.082711 0.063826 0.077225 
0.076282 0.074910 0.071839 0.067851 0.069365 0.073382 0.073753 0.072136 0.073001 0.065188 0.072898 0.070108 0.065359 0.073929 
0.074255 0.072961 0.072727 0.074142 0.071216 0.072336 0.073171 0.072474 0.071191 0.063863 0.071000 0.070628 0.071771 0.068265 
0.072064 0.070733 0.070348 0.062414 0.063655 0.069613 0.070898 0.068151 0.071601 0.091510 0.068830 0.080033 0.063150 0.077001 
0.072879 0.071568 0.072508 0.063501 0.066499 0.072785 0.072370 0.068922 0.069973 0.075710 0.069644 0.080623 0.068894 0.074124 
0.073179 0.071847 0.071937 0.069867 0.071373 0.071828 0.072238 0.069202 0.070176 0.066492 0.069915 0.073157 0.078150 0.070639 
0.070225 0.068784 0.072911 0.066586 0.077847 0.067341 0.073617 0.066400 0.067557 0.079648 0.066932 0.072430 0.072907 0.076815 
0.072336 0.071012 0.068974 0.080433 0.073813 0.069999 0.070359 0.070653 0.069299 0.070439 0.069101 0.070998 0.070912 0.071671 
0.071987 0.070733 0.067168 0.061354 0.054816 0.069553 0.069301 0.068083 0.069055 0.100729 0.068830 0.084016 0.064751 0.079623 
0.077918 0.075467 0.078469 0.068929 0.071460 0.074438 0.077381 0.073218 0.074179 0.057289 0.073440 0.068678 0.063945 0.065190 
0.076218 0.074910 0.067099 0.066791 0.059525 0.072720 0.073791 0.072079 0.072806 0.077041 0.072898 0.073444 0.064535 0.076143 
0.075810 0.074353 0.072272 0.051941 0.064246 0.072340 0.073724 0.071685 0.075060 0.084941 0.072355 0.076690 0.051806 0.082776 
0.074286 0.072961 0.071179 0.064607 0.064970 0.073432 0.072426 0.070252 0.071209 0.077033 0.071000 0.079902 0.062720 0.074024 
0.078218 0.075745 0.077901 0.061522 0.067509 0.075312 0.077252 0.073500 0.074450 0.062558 0.073711 0.072843 0.061233 0.068245 
0.075994 0.073518 0.067654 0.084755 0.072918 0.070257 0.071096 0.071387 0.071969 0.061231 0.071542 0.062535 0.074371 0.070773 
0.072888 0.071568 0.073343 0.065620 0.065412 0.069279 0.074003 0.071180 0.072346 0.083612 0.069644 0.073336 0.063154 0.074615 
0.071456 0.070176 0.065989 0.068752 0.061514 0.072118 0.068452 0.067575 0.070847 0.087557 0.068288 0.087034 0.064972 0.075271 
0.074034 0.072682 0.077262 0.068836 0.076306 0.073208 0.075285 0.070014 0.071160 0.061227 0.070728 0.072971 0.065718 0.070567 
0.070957 0.069619 0.074245 0.064495 0.070314 0.068626 0.072254 0.067105 0.070728 0.086237 0.067746 0.077364 0.066851 0.073459 
0.077536 0.073796 0.074974 0.062516 0.067441 0.074949 0.075937 0.075701 0.071986 0.063866 0.071813 0.076279 0.061450 0.071756 
0.077356 0.076024 0.082036 0.068948 0.077221 0.073753 0.079306 0.073162 0.074360 0.050706 0.073983 0.062463 0.066525 0.064157 
0.069532 0.068227 0.068506 0.079280 0.072950 0.066272 0.071111 0.070398 0.066770 0.082280 0.066390 0.071573 0.074361 0.072351 
0.072958 0.071568 0.070201 0.075080 0.075201 0.069791 0.071271 0.068988 0.069897 0.067807 0.069644 0.068275 0.071424 0.077897 
0.074910 0.073518 0.069268 0.074161 0.073095 0.071073 0.071796 0.073082 0.071625 0.063865 0.071542 0.065468 0.071825 0.074773 
0.074780 0.073518 0.070762 0.065685 0.061931 0.075711 0.072473 0.070724 0.074024 0.071767 0.071542 0.083167 0.063568 0.070349 
0.072997 0.071569 0.074145 0.070917 0.079083 0.071046 0.073227 0.069024 0.070095 0.067807 0.069644 0.071857 0.064499 0.074091 
0.071587 0.070176 0.067636 0.071930 0.071767 0.066877 0.069320 0.069938 0.068615 0.086240 0.068288 0.070412 0.067212 0.080003 
0.080419 0.077973 0.067745 0.064775 0.056142 0.076200 0.073374 0.077827 0.076054 0.066519 0.075881 0.071751 0.061336 0.074005 
0.077028 0.075745 0.073964 0.069998 0.066540 0.072238 0.075179 0.077642 0.076180 0.063875 0.073711 0.064479 0.064657 0.068764 
0.070603 0.069341 0.063019 0.071902 0.059874 0.071353 0.066563 0.066768 0.067565 0.091504 0.067474 0.088442 0.069342 0.076250 
0.070354 0.069062 0.073026 0.074011 0.073175 0.070529 0.071353 0.066536 0.067700 0.078332 0.067203 0.080877 0.068547 0.069294 
0.075970 0.074632 0.077164 0.062544 0.067077 0.072505 0.075417 0.072187 0.073349 0.073089 0.072627 0.071655 0.059293 0.072492 
0.081816 0.079365 0.071900 0.049990 0.050003 0.077311 0.076121 0.076904 0.077547 0.074427 0.077236 0.075678 0.056193 0.075509 
0.069051 0.067670 0.073635 0.071846 0.077998 0.068696 0.070990 0.065296 0.066549 0.084911 0.065847 0.074318 0.066786 0.076405 
0.074276 0.072961 0.068822 0.067785 0.063339 0.070520 0.071264 0.072492 0.071119 0.080984 0.071000 0.072684 0.067281 0.075474 
0.080674 0.078252 0.074208 0.053131 0.053742 0.078837 0.076680 0.078076 0.078981 0.070471 0.076152 0.073574 0.055812 0.071410 
0.074782 0.073518 0.073900 0.075220 0.070430 0.071449 0.074015 0.070728 0.071729 0.063865 0.071542 0.067257 0.075045 0.066520 
0.076423 0.075188 0.067256 0.067860 0.057610 0.077327 0.073974 0.074527 0.072963 0.066506 0.073169 0.081467 0.062938 0.072791 
0.075637 0.074353 0.076980 0.068892 0.068318 0.074331 0.076757 0.076710 0.073340 0.058601 0.072355 0.070624 0.066011 0.067092 
0.071125 0.067392 0.067187 0.086668 0.077392 0.064934 0.066863 0.067577 0.068712 0.078325 0.065576 0.067775 0.076885 0.073588 
0.073619 0.072404 0.068354 0.081539 0.067156 0.075387 0.070706 0.071876 0.070440 0.065177 0.070457 0.074557 0.071937 0.066391 
0.075381 0.074075 0.072760 0.076298 0.072518 0.071366 0.073754 0.071289 0.072196 0.058599 0.072084 0.063387 0.075878 0.070415 
0.076227 0.074910 0.075728 0.062554 0.067080 0.072737 0.075639 0.072092 0.073127 0.065188 0.072898 0.068327 0.071329 0.072164 
0.074353 0.072961 0.074352 0.058251 0.069730 0.078317 0.074013 0.070309 0.071350 0.067814 0.071000 0.083056 0.060753 0.073743 
0.077652 0.076302 0.076762 0.065779 0.070095 0.073400 0.076864 0.073438 0.074458 0.062560 0.074254 0.065902 0.061883 0.070652 
0.075071 0.073796 0.067054 0.060397 0.054641 0.073528 0.070798 0.070998 0.076586 0.084939 0.071813 0.081824 0.062272 0.076282 
0.075928 0.074632 0.070811 0.065648 0.061486 0.072467 0.073074 0.071809 0.072695 0.075723 0.072627 0.072783 0.065467 0.074851 
0.078507 0.077138 0.075028 0.063688 0.068061 0.073550 0.076442 0.074244 0.075157 0.061247 0.075067 0.063839 0.062951 0.075082 
0.074587 0.073239 0.072962 0.066735 0.069641 0.074265 0.075846 0.070535 0.071520 0.069132 0.071271 0.071227 0.066680 0.072361 
0.073830 0.072404 0.071613 0.064589 0.073593 0.074225 0.072401 0.069809 0.075519 0.063860 0.070457 0.077572 0.065000 0.075130 
0.076492 0.075188 0.075921 0.059385 0.065335 0.076633 0.078263 0.072342 0.075755 0.061238 0.073169 0.077422 0.061998 0.070858 
0.077754 0.074075 0.071180 0.064645 0.062606 0.075617 0.072969 0.071270 0.072167 0.070453 0.072084 0.081011 0.062959 0.071211 
0.078703 0.077416 0.069751 0.063697 0.055428 0.074340 0.073156 0.074773 0.075549 0.074418 0.075338 0.071409 0.060489 0.075532 
0.073449 0.072125 0.074492 0.075174 0.073917 0.067347 0.073632 0.071712 0.072968 0.074395 0.070186 0.062410 0.067574 0.070619 
0.074856 0.073518 0.073944 0.065685 0.068937 0.071504 0.074071 0.073187 0.074211 0.070450 0.071542 0.070114 0.066022 0.071959 
0.079715 0.076024 0.066332 0.070007 0.060284 0.074925 0.071575 0.073121 0.073735 0.066510 0.073982 0.072841 0.066968 0.073981 
0.075633 0.074353 0.072951 0.062535 0.061194 0.072819 0.073979 0.073928 0.072532 0.078356 0.072355 0.075614 0.061581 0.072170 
0.065719 0.064329 0.070423 0.075971 0.080415 0.066361 0.067731 0.062140 0.063389 0.091482 0.062593 0.084903 0.068955 0.075589 
0.075758 0.074353 0.076946 0.056179 0.068331 0.070479 0.075998 0.071643 0.072796 0.078356 0.072355 0.068491 0.062025 0.076290 
0.067025 0.065721 0.065893 0.085553 0.077792 0.069363 0.066167 0.065772 0.066720 0.074367 0.063949 0.083316 0.078190 0.070172 
0.078578 0.074910 0.077272 0.066791 0.067912 0.073317 0.076378 0.072055 0.075555 0.065188 0.072898 0.070115 0.062331 0.066700 
0.073712 0.072404 0.067626 0.073064 0.066371 0.071085 0.070391 0.069707 0.075305 0.073079 0.070457 0.072628 0.070820 0.073349 
0.073931 0.072682 0.066225 0.065657 0.057542 0.075703 0.069816 0.072167 0.070684 0.077031 0.070728 0.086925 0.068094 0.072812 
0.072726 0.071290 0.067675 0.067729 0.070824 0.069111 0.069911 0.071013 0.072025 0.080976 0.069373 0.072094 0.062109 0.083142 
0.074604 0.070733 0.076701 0.063473 0.080750 0.069116 0.076477 0.068276 0.069487 0.070438 0.068830 0.069138 0.066396 0.075580 
0.076176 0.072404 0.077132 0.065648 0.073553 0.070538 0.074295 0.070112 0.071324 0.070445 0.070457 0.069724 0.065812 0.072380 
0.077648 0.076302 0.072837 0.067898 0.068131 0.074611 0.074934 0.073431 0.074275 0.059926 0.074254 0.068320 0.065676 0.071758 
0.074775 0.073518 0.067622 0.070982 0.061591 0.074020 0.073323 0.072966 0.073886 0.071767 0.071542 0.077805 0.064797 0.071406 
0.077005 0.075745 0.073168 0.062582 0.060084 0.074660 0.074777 0.072832 0.076159 0.070460 0.073711 0.074468 0.061883 0.072465 
0.071032 0.069619 0.075851 0.069718 0.081150 0.070508 0.075469 0.067166 0.068358 0.065165 0.067746 0.073594 0.072218 0.072408 
0.071572 0.070176 0.071542 0.071930 0.077398 0.074603 0.073625 0.067676 0.068677 0.066484 0.068288 0.077922 0.067282 0.072825 
0.074318 0.070455 0.073357 0.070880 0.081572 0.072426 0.072295 0.068003 0.069077 0.069120 0.068559 0.064891 0.069034 0.076015 
0.073457 0.072125 0.070576 0.068817 0.067291 0.070250 0.071711 0.069467 0.075225 0.079663 0.070186 0.073607 0.063081 0.074544 
0.070942 0.069619 0.072665 0.077208 0.076304 0.068610 0.073864 0.067088 0.068192 0.073067 0.067746 0.071653 0.073263 0.069778 
0.073778 0.072404 0.072370 0.066707 0.070882 0.070068 0.077541 0.072016 0.070768 0.073079 0.070457 0.069073 0.066490 0.074366 
0.073753 0.072404 0.069999 0.073064 0.072251 0.070653 0.078758 0.071990 0.070597 0.062543 0.070457 0.066284 0.073257 0.073989 
0.076322 0.074910 0.071135 0.060435 0.064409 0.072190 0.072628 0.072509 0.073412 0.075724 0.072898 0.071099 0.062555 0.079774 
0.077965 0.076581 0.073064 0.055194 0.062392 0.075500 0.075203 0.073729 0.079407 0.070464 0.074525 0.074771 0.054508 0.076699 
0.078659 0.077416 0.072859 0.073232 0.062676 0.073846 0.077057 0.076984 0.075575 0.058614 0.075338 0.062781 0.067174 0.067787 
0.075413 0.074075 0.076759 0.058288 0.064740 0.072616 0.077332 0.071660 0.072840 0.077038 0.072084 0.074952 0.058615 0.073587 
0.074614 0.073239 0.070679 0.079449 0.074755 0.070055 0.071544 0.070894 0.071780 0.063864 0.071271 0.063584 0.070654 0.073618 
0.071528 0.070176 0.069168 0.070870 0.069685 0.068517 0.070046 0.067639 0.068623 0.083605 0.068288 0.074625 0.068899 0.078331 
0.072908 0.071569 0.074093 0.071977 0.074663 0.072345 0.073161 0.071196 0.070026 0.067807 0.069644 0.075421 0.065235 0.069955 
0.072422 0.071012 0.078435 0.069839 0.081499 0.069320 0.075046 0.068486 0.069762 0.069122 0.069101 0.068669 0.066119 0.071168 
0.073566 0.072125 0.075342 0.066698 0.077885 0.070945 0.074101 0.069563 0.070671 0.069127 0.070186 0.070843 0.064090 0.074858 
0.072936 0.071568 0.074167 0.063501 0.069000 0.070999 0.072413 0.069312 0.070468 0.079661 0.069644 0.076985 0.064105 0.075241 
0.071937 0.068227 0.063022 0.084578 0.071732 0.066881 0.066026 0.068007 0.068931 0.080963 0.066390 0.072775 0.075544 0.074986 
0.075742 0.074353 0.080852 0.058297 0.075127 0.076565 0.077907 0.071628 0.072852 0.057284 0.072355 0.077215 0.061173 0.068647 
0.077681 0.076302 0.074427 0.050947 0.061060 0.075248 0.082915 0.073462 0.074428 0.073096 0.074254 0.075815 0.053923 0.076444 
0.078547 0.076024 0.076565 0.057294 0.066681 0.074378 0.076759 0.073806 0.077087 0.063876 0.073982 0.069941 0.060716 0.074345 
0.072006 0.070733 0.065604 0.073008 0.063976 0.071999 0.070934 0.068095 0.071286 0.077023 0.068830 0.080879 0.070424 0.075202 
prostate
0.069551 0.070156 0.072345 0.074806 0.068311 0.069402 0.068234 0.075738 0.071217 0.071002 0.068861 0.079540 0.070387 0.070450 
0.072295 0.072909 0.070447 0.066578 0.063088 0.069221 0.071147 0.074017 0.073811 0.072318 0.071564 0.073877 0.072073 0.076656 
0.070105 0.070707 0.071161 0.069624 0.064432 0.072017 0.067973 0.071783 0.071729 0.076218 0.069401 0.082039 0.066687 0.076123 
0.069660 0.070156 0.074032 0.073766 0.074920 0.065838 0.069056 0.073582 0.071388 0.073609 0.068861 0.069848 0.069657 0.075626 
0.070187 0.070707 0.076873 0.062344 0.069440 0.068069 0.070623 0.074124 0.072055 0.080129 0.069401 0.078356 0.061472 0.076221 
0.069924 0.070431 0.071816 0.062334 0.065214 0.067242 0.068177 0.073851 0.074004 0.085341 0.069131 0.078735 0.063710 0.080089 
0.069615 0.070156 0.075588 0.073766 0.072565 0.067423 0.071046 0.071278 0.073686 0.068395 0.068861 0.072968 0.072036 0.072617 
0.071523 0.072083 0.073876 0.065510 0.069322 0.072045 0.069927 0.073225 0.073157 0.064493 0.070753 0.080989 0.068794 0.074304 
0.068294 0.068780 0.068931 0.079961 0.071795 0.063309 0.065288 0.070263 0.070227 0.078817 0.067509 0.068014 0.078573 0.080240 
0.073645 0.074285 0.076357 0.056223 0.061545 0.071016 0.072139 0.077796 0.077778 0.073627 0.072915 0.076774 0.060102 0.075797 
0.074371 0.075110 0.076129 0.055211 0.056144 0.073429 0.072406 0.076150 0.078472 0.069721 0.073726 0.080769 0.064314 0.074046 
0.075732 0.074009 0.068036 0.074935 0.063259 0.069565 0.068178 0.075084 0.074700 0.065805 0.072645 0.069586 0.073570 0.074896 
0.070343 0.070982 0.069738 0.072754 0.061459 0.067496 0.067445 0.072030 0.071946 0.084040 0.069672 0.078351 0.069006 0.074739 
0.073150 0.073734 0.078385 0.069726 0.074881 0.068227 0.072813 0.074891 0.074909 0.059287 0.072375 0.063020 0.072294 0.072310 
0.071204 0.071808 0.071212 0.063421 0.061097 0.068840 0.068551 0.072905 0.072819 0.080134 0.070483 0.078738 0.071954 0.076835 
0.069918 0.070431 0.076662 0.066495 0.071749 0.066073 0.072786 0.073849 0.071778 0.078824 0.069131 0.072253 0.064447 0.075603 
0.070219 0.070707 0.076893 0.060263 0.070760 0.068092 0.073042 0.074153 0.072069 0.077522 0.069401 0.077206 0.062345 0.077327 
0.072257 0.069330 0.069283 0.074779 0.066190 0.066918 0.068941 0.075555 0.070799 0.072302 0.068050 0.074379 0.079722 0.071494 
0.072811 0.073459 0.074899 0.062436 0.062649 0.069826 0.071052 0.079206 0.074513 0.073624 0.072104 0.074661 0.062056 0.076704 
0.071461 0.072083 0.071425 0.065510 0.060023 0.069069 0.070430 0.073509 0.073440 0.080135 0.070753 0.078835 0.066326 0.077002 
0.065987 0.066303 0.078411 0.072597 0.086824 0.064767 0.069196 0.067561 0.067972 0.073592 0.065077 0.075699 0.070503 0.075512 
0.072795 0.073459 0.072464 0.073877 0.065659 0.067333 0.069930 0.074534 0.074385 0.071017 0.072104 0.066271 0.072770 0.073403 
0.070673 0.071257 0.070790 0.081009 0.072818 0.068948 0.068087 0.072358 0.074582 0.060579 0.069942 0.071720 0.074406 0.072831 
0.072837 0.073459 0.072488 0.073877 0.069374 0.068534 0.072354 0.074572 0.076776 0.063196 0.072104 0.066439 0.070373 0.073616 
0.076893 0.077587 0.077281 0.056334 0.063065 0.072280 0.074203 0.083372 0.078506 0.056697 0.076159 0.065071 0.068047 0.074503 
0.069886 0.070431 0.067750 0.065455 0.061365 0.069101 0.066299 0.076073 0.071406 0.085341 0.069131 0.084151 0.063520 0.080090 
0.074427 0.075110 0.083448 0.064572 0.070402 0.069513 0.075035 0.078806 0.079124 0.056686 0.073726 0.062372 0.068868 0.067911 
0.077870 0.076211 0.072949 0.070775 0.062383 0.069719 0.071508 0.077274 0.076978 0.061905 0.074807 0.063243 0.070357 0.074022 
0.071507 0.072083 0.077910 0.068630 0.072924 0.069112 0.074162 0.073215 0.073323 0.065797 0.070753 0.072529 0.066363 0.071691 
0.068990 0.069606 0.072724 0.074788 0.067188 0.069218 0.069775 0.070985 0.071029 0.067089 0.068320 0.079418 0.077423 0.073448 
0.069507 0.069881 0.081166 0.060236 0.082404 0.070239 0.072234 0.071156 0.073869 0.064484 0.068591 0.080214 0.059841 0.076179 
0.066393 0.066853 0.076321 0.079896 0.082574 0.066314 0.073241 0.070380 0.068246 0.061863 0.065617 0.074326 0.080700 0.067276 
0.071292 0.070707 0.073629 0.057143 0.062082 0.069674 0.069255 0.072495 0.072439 0.087950 0.069401 0.087224 0.057610 0.079099 
0.073891 0.074560 0.074938 0.055192 0.057498 0.070066 0.071616 0.075655 0.075593 0.078843 0.073186 0.075553 0.066563 0.076847 
0.068187 0.068780 0.069662 0.075800 0.065401 0.067468 0.066319 0.074480 0.069820 0.080120 0.067509 0.081251 0.070787 0.074416 
0.069585 0.070156 0.070750 0.069606 0.065664 0.069156 0.067521 0.071250 0.071201 0.076216 0.068861 0.081839 0.073739 0.074457 
0.071975 0.072633 0.070206 0.064488 0.058213 0.070116 0.068483 0.073696 0.073529 0.078834 0.071293 0.080268 0.070488 0.075777 
0.069680 0.070156 0.072427 0.071686 0.074007 0.067606 0.068330 0.073598 0.071329 0.072306 0.068861 0.074696 0.068105 0.077211 
0.068815 0.069330 0.071760 0.071658 0.069044 0.065540 0.067592 0.070462 0.070525 0.084033 0.068050 0.075951 0.070304 0.076934 
0.072017 0.072633 0.079129 0.067609 0.071235 0.071910 0.071838 0.074077 0.074197 0.057978 0.071293 0.076510 0.070507 0.069066 
0.075571 0.075110 0.079420 0.059371 0.064405 0.070560 0.073326 0.077213 0.077116 0.065810 0.073726 0.070008 0.064991 0.073372 
0.070410 0.070982 0.075437 0.056112 0.062502 0.071064 0.070082 0.072095 0.072220 0.080130 0.069672 0.087492 0.064129 0.077672 
0.070688 0.071257 0.077279 0.067563 0.070103 0.068968 0.070320 0.072718 0.072877 0.069704 0.069942 0.075757 0.070164 0.072660 
0.071557 0.072083 0.078747 0.067590 0.077178 0.069733 0.072171 0.073260 0.073359 0.057976 0.070753 0.070891 0.072801 0.071901 
0.072325 0.072909 0.072083 0.068658 0.067716 0.069245 0.069514 0.074046 0.073885 0.068407 0.071564 0.072157 0.071229 0.076262 
0.071473 0.072083 0.075461 0.064470 0.067262 0.071560 0.070630 0.075440 0.075580 0.064493 0.070753 0.079180 0.070459 0.071158 
0.069083 0.069606 0.069542 0.072708 0.068752 0.067530 0.069107 0.070732 0.070654 0.076214 0.068320 0.078020 0.073478 0.076254 
0.072816 0.073459 0.074092 0.061396 0.062193 0.071584 0.070684 0.076813 0.074470 0.071017 0.072104 0.078936 0.066069 0.074368 
0.069898 0.070431 0.076647 0.060254 0.068280 0.070020 0.070374 0.071569 0.074136 0.074914 0.069131 0.083187 0.064673 0.076485 
0.072557 0.073184 0.068239 0.066587 0.058746 0.069000 0.067131 0.076884 0.076747 0.076229 0.071834 0.073884 0.069669 0.079310 
0.075742 0.074009 0.073699 0.071815 0.068102 0.070884 0.070773 0.077355 0.074910 0.057985 0.072645 0.069765 0.071394 0.070921 
0.069659 0.070156 0.078891 0.072726 0.077570 0.065255 0.070534 0.073924 0.071934 0.069699 0.068861 0.066320 0.071352 0.073120 
0.074486 0.074009 0.071285 0.068695 0.064257 0.069587 0.069799 0.075758 0.075355 0.065805 0.072645 0.069593 0.073858 0.074868 
0.069152 0.069606 0.077673 0.061267 0.072321 0.064080 0.072859 0.070804 0.071091 0.084034 0.068320 0.070640 0.070058 0.078097 
0.068640 0.069055 0.079699 0.069569 0.080533 0.064790 0.070385 0.070617 0.070975 0.072301 0.067780 0.068884 0.068837 0.077936 
0.071566 0.072083 0.077949 0.060310 0.070776 0.067985 0.071811 0.073270 0.073415 0.074921 0.070753 0.072940 0.065071 0.077150 
0.073083 0.073734 0.076727 0.064525 0.066042 0.071690 0.072025 0.074829 0.074824 0.067108 0.072375 0.077317 0.063672 0.072048 
0.075762 0.074009 0.082606 0.061414 0.070889 0.069154 0.074857 0.077381 0.077711 0.060592 0.072645 0.065509 0.066353 0.071117 
0.072215 0.072909 0.070398 0.068658 0.059290 0.069162 0.071088 0.073944 0.073751 0.073621 0.071564 0.074448 0.073595 0.075358 
0.076074 0.076762 0.075026 0.054226 0.058427 0.074345 0.072758 0.077881 0.077670 0.068425 0.075348 0.078989 0.056720 0.077349 
0.069066 0.069606 0.068724 0.078948 0.069866 0.065761 0.066330 0.070716 0.070612 0.077517 0.068320 0.073167 0.075631 0.075735 
0.071268 0.071808 0.078524 0.067581 0.075936 0.068894 0.074319 0.072967 0.077868 0.059278 0.070483 0.069555 0.070340 0.071181 
0.070934 0.071532 0.072616 0.065492 0.064484 0.068150 0.071451 0.077284 0.072583 0.073615 0.070212 0.073955 0.073438 0.074254 
0.068506 0.069055 0.073134 0.083090 0.077633 0.068196 0.070459 0.070146 0.070168 0.059266 0.067780 0.073967 0.081024 0.067577 
0.068135 0.068505 0.082522 0.065390 0.084914 0.064927 0.072163 0.072155 0.070224 0.069691 0.067239 0.069354 0.070544 0.074238 
0.072342 0.072909 0.073711 0.063458 0.067058 0.069846 0.072661 0.074063 0.073980 0.071014 0.071564 0.075121 0.065063 0.077210 
0.069050 0.069606 0.071951 0.071668 0.066570 0.065170 0.067801 0.070706 0.070781 0.086641 0.068320 0.075391 0.070371 0.075974 
0.067501 0.067954 0.069105 0.075772 0.072823 0.065531 0.065709 0.069111 0.071493 0.078813 0.066698 0.076763 0.075378 0.077346 
0.066623 0.067129 0.070850 0.087186 0.078807 0.066068 0.066066 0.070480 0.068259 0.064471 0.065888 0.073754 0.085983 0.068437 
0.070325 0.069606 0.073654 0.079988 0.085813 0.067034 0.068768 0.071490 0.071312 0.054055 0.068320 0.066449 0.076478 0.076708 
0.074176 0.074835 0.074348 0.064562 0.064065 0.071036 0.071489 0.078202 0.075786 0.067113 0.073456 0.072286 0.063876 0.074771 
0.069114 0.068505 0.074344 0.084112 0.080438 0.067150 0.068479 0.070268 0.070223 0.061871 0.067239 0.073114 0.076893 0.068251 
0.073619 0.074285 0.071489 0.059269 0.057240 0.072161 0.069900 0.075374 0.075156 0.073627 0.072915 0.080379 0.066321 0.078264 
0.074452 0.072633 0.079149 0.060328 0.069422 0.070187 0.075006 0.073777 0.073928 0.069710 0.071293 0.076266 0.060427 0.073421 
0.075033 0.075661 0.079057 0.053149 0.063298 0.072887 0.074074 0.076819 0.076845 0.073634 0.074267 0.071857 0.055787 0.077634 
0.072482 0.073184 0.073838 0.071787 0.065494 0.071745 0.070401 0.074217 0.074088 0.059284 0.071834 0.075464 0.078395 0.067785 
0.072987 0.073734 0.069391 0.069726 0.056406 0.071610 0.068625 0.074735 0.074462 0.072321 0.072375 0.079596 0.072128 0.071905 
0.066607 0.067129 0.067607 0.080945 0.070872 0.069431 0.064576 0.068204 0.070548 0.073596 0.065888 0.088626 0.074176 0.071796 
0.068584 0.069055 0.072380 0.065408 0.069165 0.066499 0.067756 0.070221 0.072706 0.082728 0.067780 0.078895 0.070480 0.078341 
0.069371 0.069881 0.077849 0.074797 0.078601 0.066623 0.070657 0.073425 0.071239 0.067091 0.068591 0.070497 0.070427 0.070952 
0.073556 0.074285 0.075487 0.069744 0.065467 0.072702 0.076489 0.075315 0.077576 0.054075 0.072915 0.073566 0.072364 0.066460 
0.069098 0.069606 0.066321 0.062307 0.059743 0.069431 0.065246 0.073005 0.070598 0.090552 0.068320 0.089767 0.063420 0.082586 
0.072066 0.072633 0.074304 0.063448 0.066933 0.068431 0.070399 0.073782 0.073749 0.073620 0.071293 0.072554 0.069803 0.076983 
0.074677 0.075386 0.077171 0.062501 0.063788 0.073111 0.073035 0.078855 0.076370 0.060598 0.073996 0.075040 0.064927 0.070546 
0.074689 0.075386 0.072329 0.067701 0.062456 0.071358 0.073220 0.076468 0.076194 0.064508 0.073996 0.071329 0.066243 0.074123 
0.074083 0.072358 0.070799 0.066559 0.058249 0.069996 0.067866 0.076003 0.073617 0.074922 0.071023 0.078438 0.071926 0.074161 
0.076042 0.073184 0.072248 0.068667 0.064003 0.071189 0.069817 0.074904 0.074583 0.065802 0.071834 0.076530 0.066505 0.074692 
0.067439 0.067954 0.076360 0.074732 0.072874 0.065040 0.067513 0.071998 0.070050 0.073599 0.066698 0.072657 0.081878 0.071208 
0.066527 0.066853 0.072368 0.066375 0.076906 0.064654 0.069099 0.068109 0.068292 0.084022 0.065617 0.078676 0.070742 0.081761 
0.076262 0.074560 0.074110 0.071834 0.066870 0.070044 0.071225 0.075629 0.075438 0.057987 0.073186 0.066347 0.073921 0.072587 
0.067776 0.068230 0.074189 0.072661 0.073325 0.068172 0.066686 0.070075 0.070287 0.076207 0.066969 0.075716 0.073193 0.076514 
0.073944 0.074560 0.074967 0.060393 0.065343 0.073030 0.071651 0.075701 0.075566 0.064504 0.073186 0.078274 0.060783 0.078099 
0.070126 0.070707 0.071177 0.064349 0.060963 0.068468 0.070386 0.071805 0.071798 0.086646 0.069401 0.083024 0.062127 0.079023 
0.068612 0.069055 0.069976 0.066449 0.067632 0.065986 0.066670 0.070248 0.072678 0.093156 0.067780 0.074450 0.064012 0.083297 
0.074242 0.074835 0.079241 0.055201 0.066800 0.069334 0.076152 0.078268 0.076059 0.069720 0.073456 0.068023 0.061914 0.076755 
0.072208 0.072909 0.071202 0.072818 0.061481 0.068123 0.069059 0.078592 0.073780 0.073621 0.071564 0.070832 0.071862 0.071949 
0.071451 0.072083 0.070599 0.073831 0.065765 0.070232 0.068396 0.073158 0.072987 0.069707 0.070753 0.077853 0.070028 0.073157 
0.072375 0.072909 0.072923 0.072818 0.073622 0.067527 0.069921 0.074093 0.073948 0.065801 0.071564 0.065586 0.069496 0.077418 
0.070122 0.070707 0.073602 0.067544 0.064148 0.065541 0.069099 0.071804 0.071910 0.089253 0.069401 0.075137 0.065215 0.076518 
0.072502 0.073184 0.073053 0.069707 0.062227 0.070722 0.069308 0.076836 0.074475 0.068409 0.071834 0.075868 0.069646 0.072229 
skin
0.074620 0.074241 0.073159 0.072351 0.078123 0.067788 0.070943 0.072482 0.072662 0.064206 0.074252 0.061824 0.071985 0.071365 
0.072972 0.072548 0.065878 0.067057 0.069621 0.070061 0.066646 0.073130 0.068543 0.081391 0.072558 0.072153 0.067766 0.079678 
0.075656 0.075370 0.064730 0.073436 0.064761 0.071078 0.069781 0.073489 0.070870 0.069501 0.075381 0.071653 0.070411 0.073883 
0.077113 0.076782 0.068808 0.072435 0.071359 0.070560 0.070044 0.074901 0.072304 0.060249 0.076792 0.062812 0.072450 0.073391 
0.068997 0.068596 0.066898 0.074258 0.074488 0.068828 0.065234 0.067021 0.067416 0.080051 0.068605 0.084582 0.072120 0.072906 
0.077879 0.073959 0.078301 0.063961 0.077772 0.068868 0.073397 0.075091 0.073094 0.064204 0.073969 0.065332 0.066092 0.068080 
0.075082 0.074806 0.069757 0.067132 0.063259 0.068935 0.068758 0.075547 0.070967 0.076111 0.074816 0.068890 0.070697 0.075243 
0.078247 0.076782 0.072611 0.069293 0.072892 0.074118 0.071984 0.075515 0.072886 0.052314 0.076792 0.070221 0.067904 0.068441 
0.069839 0.069443 0.069021 0.082666 0.081542 0.066587 0.069054 0.067839 0.065822 0.069474 0.069452 0.071373 0.078279 0.069609 
0.074525 0.074241 0.065461 0.077588 0.068176 0.070687 0.067196 0.072392 0.069876 0.066851 0.074251 0.071924 0.075542 0.071289 
0.074480 0.074241 0.066279 0.077588 0.064495 0.069462 0.066796 0.072707 0.070253 0.069496 0.074251 0.069452 0.077922 0.072577 
0.068619 0.065773 0.061957 0.088829 0.079504 0.064148 0.060749 0.066931 0.062682 0.081361 0.065782 0.076941 0.081761 0.074962 
0.069628 0.069160 0.070389 0.070086 0.080566 0.069512 0.067212 0.072278 0.068080 0.070796 0.069170 0.083232 0.066948 0.072942 
