-403619.567731
0
0.000001 0.000001 0.000001 0.000001 0.000001 0.000001 0.000001 0.000001 0.000002 0.000001 0.000003 0.000002 0.000001 0.000001 0.000001 0.000002 0.000301 0.000001 0.000127 0.000002 0.000002 0.000001 0.000001 0.000002 0.000002 0.000002 0.000001 0.046588 0.000001 0.000001 0.000001 0.000001 0.000002 0.000001 0.513208 0.000001 0.000001 0.000001 0.000001 0.000001 0.000001 0.000001 0.000002 0.000002 0.000002 0.000001 0.000001 0.000002 0.000002 0.000001 0.000001 0.000001 0.000001 0.000001 0.000001 0.000001 0.000004 0.000003 0.421110 0.014924 0.000001 0.000001 0.000001 0.000001 0.000001 0.000001 0.000001 0.000001 0.000001 0.000001 0.000001 0.000002 0.000002 0.000001 0.000001 0.000576 0.000001 0.000001 0.000001 0.000001 0.000001 0.000001 0.000002 0.000001 0.000002 0.000001 0.000001 0.000001 0.000002 0.000001 0.000001 0.000002 0.000124 0.000001 0.000001 0.002897 
0.000001 0.000001 0.000001 0.000001 0.000001 0.000001 0.000001 0.000001 0.000002 0.000001 0.000003 0.000002 0.000001 0.000001 0.000001 0.000002 0.000002 0.000001 0.000002 0.000002 0.000002 0.000001 0.000001 0.000002 0.000002 0.000002 0.000001 0.000002 0.000001 0.000001 0.000001 0.000001 0.000002 0.000001 0.000004 0.000001 0.000001 0.000001 0.000001 0.000001 0.000001 0.000001 0.000002 0.000002 0.000002 0.000001 0.000001 0.000002 0.000002 0.000001 0.000001 0.000001 0.000001 0.000001 0.000001 0.000001 0.084130 0.000003 0.915710 0.000002 0.000001 0.000001 0.000001 0.000001 0.000001 0.000001 0.000001 0.000001 0.000001 0.000001 0.000001 0.000002 0.000002 0.000001 0.000001 0.000002 0.000001 0.000001 0.000001 0.000001 0.000001 0.000001 0.000002 0.000001 0.000002 0.000001 0.000001 0.000001 0.000002 0.000001 0.000001 0.000002 0.000003 0.000001 0.000001 0.000002 
0.000001 0.000001 0.000001 0.000001 0.000001 0.000001 0.000001 0.000001 0.001621 0.000001 0.000003 0.000002 0.000001 0.000001 0.000001 0.000077 0.000002 0.000001 0.000002 0.000176 0.000699 0.000001 0.000001 0.000077 0.000027 0.000002 0.000001 0.000002 0.000001 0.000001 0.000001 0.000001 0.000002 0.000001 0.001308 0.000001 0.000001 0.000001 0.000001 0.000001 0.000001 0.000001 0.000425 0.000002 0.000002 0.000001 0.000001 0.002617 0.000052 0.000001 0.000001 0.000001 0.000001 0.000001 0.000001 0.000001 0.003172 0.214654 0.770895 0.000002 0.000001 0.000001 0.000001 0.000001 0.000001 0.000001 0.000001 0.000001 0.000001 0.000001 0.000001 0.000077 0.000077 0.000001 0.000001 0.000002 0.000001 0.000001 0.000001 0.000001 0.000001 0.000001 0.001596 0.000001 0.000077 0.000001 0.000001 0.000001 0.000027 0.000001 0.000001 0.000002 0.002222 0.000001 0.000001 0.000002 
0.000002 0.000002 0.000002 0.000002 0.000002 0.000002 0.000002 0.000002 0.000002 0.000002 0.605683 0.000053 0.000002 0.000002 0.000002 0.000002 0.000002 0.000002 0.000002 0.000002 0.000002 0.000002 0.000002 0.000002 0.000002 0.000205 0.000002 0.000002 0.000002 0.000002 0.000002 0.000002 0.000053 0.000002 0.000004 0.000002 0.000002 0.000002 0.000002 0.000002 0.000002 0.000002 0.000002 0.000383 0.000103 0.000002 0.000002 0.000002 0.000002 0.000002 0.000002 0.000002 0.000002 0.000002 0.000002 0.000002 0.000004 0.000003 0.392910 0.000002 0.000002 0.000002 0.000002 0.000002 0.000002 0.000002 0.000002 0.000002 0.000002 0.000002 0.000002 0.000002 0.000002 0.000002 0.000002 0.000002 0.000002 0.000002 0.000002 0.000002 0.000002 0.000002 0.000002 0.000002 0.000002 0.000002 0.000002 0.000002 0.000002 0.000002 0.000002 0.000459 0.000003 0.000002 0.000002 0.000002 
0.257407 0.242531 0.239856 0.260206 
0.252306 0.276634 0.231641 0.239419 
0.230547 0.275959 0.230394 0.263100 
0.239998 0.242161 0.266694 0.251148 
breast
0.227395 0.266488 0.254120 0.251996 
0.247947 0.243648 0.262085 0.246320 
0.247774 0.245333 0.245757 0.261135 
0.256370 0.248687 0.264575 0.230368 
0.234424 0.240962 0.255020 0.269593 
0.244815 0.225968 0.245980 0.283236 
0.264462 0.254514 0.252169 0.228855 
0.253890 0.264485 0.268172 0.213452 
0.262389 0.254742 0.258347 0.224522 
0.262796 0.257990 0.229905 0.249309 
0.246643 0.255744 0.250158 0.247455 
0.236434 0.251828 0.252287 0.259451 
0.281943 0.242313 0.246170 0.229574 
0.258721 0.254408 0.253721 0.233150 
0.251854 0.250599 0.249373 0.248174 
0.276537 0.233693 0.253082 0.236689 
0.245714 0.243208 0.239630 0.271448 
0.293977 0.242313 0.236577 0.227133 
0.215775 0.259887 0.273686 0.250652 
0.263674 0.253391 0.237920 0.245014 
0.284906 0.251601 0.253409 0.210084 
0.258340 0.256533 0.247644 0.237483 
0.230809 0.263135 0.272112 0.233945 
0.232391 0.244210 0.238782 0.284617 
0.268575 0.240294 0.253099 0.238032 
0.271371 0.252284 0.232883 0.243463 
0.228710 0.255637 0.268784 0.246868 
0.270551 0.238731 0.257776 0.232942 
0.242555 0.261571 0.257255 0.238618 
0.209310 0.256973 0.282308 0.251409 
0.265934 0.229550 0.239293 0.265223 
0.251435 0.242647 0.245918 0.260000 
0.251906 0.246562 0.241324 0.260208 
0.244673 0.265381 0.249265 0.240681 
0.246553 0.247351 0.255859 0.250237 
0.283455 0.231113 0.234647 0.250785 
0.248743 0.265593 0.241370 0.244295 
0.233371 0.251373 0.259343 0.255913 
0.279749 0.249597 0.221003 0.249650 
0.247666 0.246350 0.251831 0.254154 
0.248634 0.252496 0.263998 0.234872 
0.262977 0.270070 0.254939 0.212014 
0.265095 0.230111 0.257414 0.247380 
0.270526 0.244771 0.239897 0.244806 
0.249265 0.266488 0.266424 0.217823 
0.232378 0.248914 0.256058 0.262649 
0.239728 0.270753 0.241686 0.247833 
0.228761 0.258658 0.263442 0.249139 
0.259958 0.224511 0.234357 0.281174 
0.228278 0.254742 0.241199 0.275781 
0.230789 0.248353 0.255012 0.265847 
0.246643 0.253391 0.264715 0.235250 
0.251061 0.265942 0.260160 0.222838 
0.234077 0.255516 0.265942 0.244465 
0.274443 0.256867 0.239835 0.228855 
0.258385 0.252496 0.246924 0.242195 
0.240205 0.255850 0.263227 0.240718 
0.249027 0.250371 0.257859 0.242743 
0.250507 0.259447 0.253320 0.236726 
0.232557 0.268401 0.270736 0.228306 
0.245379 0.264819 0.248364 0.241438 
0.257643 0.259098 0.242163 0.241097 
0.247476 0.232676 0.259091 0.260757 
0.249561 0.248914 0.258403 0.243122 
0.250731 0.261678 0.233741 0.253850 
0.255519 0.253953 0.253594 0.236934 
0.274750 0.231128 0.241519 0.252602 
0.270164 0.244544 0.265444 0.219848 
0.247733 0.242662 0.230701 0.278904 
0.229684 0.255744 0.269558 0.245014 
0.255218 0.247685 0.238402 0.258694 
0.262809 0.265047 0.232599 0.239546 
0.277937 0.239399 0.240129 0.242535 
0.259946 0.239960 0.268078 0.232015 
0.252662 0.245333 0.262837 0.239167 
0.236530 0.260221 0.253902 0.249347 
0.247114 0.258324 0.241677 0.252885 
0.243104 0.260782 0.259728 0.236385 
0.246113 0.245788 0.262952 0.245147 
0.244493 0.252284 0.252438 0.250785 
0.259539 0.234360 0.257378 0.248723 
0.259783 0.244437 0.249668 0.246112 
0.246076 0.238731 0.252960 0.262233 
0.259973 0.242980 0.255438 0.241608 
0.245377 0.245333 0.253037 0.256254 
0.273444 0.251039 0.245148 0.230368 
0.256676 0.263468 0.259421 0.220434 
0.225985 0.256745 0.254205 0.263065 
0.257553 0.253058 0.265039 0.224351 
0.241729 0.243314 0.242923 0.272034 
0.271262 0.238170 0.242223 0.248344 
0.239230 0.252056 0.256036 0.252677 
0.243279 0.240856 0.268826 0.247039 
0.252255 0.246790 0.259725 0.241230 
0.266025 0.247351 0.253474 0.233150 
0.268509 0.231902 0.222162 0.277427 
0.228767 0.268067 0.278436 0.224730 
0.260878 0.262573 0.266257 0.210292 
0.243548 0.259325 0.272567 0.224559 
0.257602 0.251722 0.236693 0.253983 
prostate
0.242682 0.255921 0.241113 0.260285 
0.261435 0.255562 0.238500 0.244504 
0.250802 0.257732 0.242636 0.248830 
0.254873 0.241799 0.245484 0.257844 
0.262988 0.250671 0.254597 0.231745 
0.279765 0.247412 0.241454 0.231370 
0.242821 0.248860 0.250475 0.257844 
0.245592 0.266967 0.246501 0.240940 
0.267436 0.232563 0.229384 0.270616 
0.256291 0.262443 0.256857 0.224410 
0.247780 0.272221 0.259348 0.220652 
0.248466 0.256830 0.229175 0.265529 
0.260940 0.249223 0.233310 0.256527 
0.235882 0.251217 0.259951 0.252950 
0.271956 0.254293 0.238068 0.235683 
0.260142 0.242704 0.256021 0.241133 
0.265441 0.250671 0.257025 0.226863 
0.258527 0.246143 0.236169 0.259161 
0.252488 0.257373 0.252209 0.237931 
0.265045 0.255199 0.238817 0.240940 
0.253995 0.238536 0.257310 0.250160 
0.247619 0.247958 0.242085 0.262339 
0.229859 0.254836 0.238877 0.276428 
0.238020 0.252665 0.246976 0.262339 
0.246535 0.266249 0.258312 0.228904 
0.279637 0.254473 0.227198 0.238692 
0.225874 0.255745 0.275762 0.242619 
0.239572 0.257013 0.244653 0.258762 
0.235823 0.255199 0.260716 0.248262 
0.236996 0.256463 0.247005 0.259536 
0.244869 0.259723 0.269669 0.225739 
0.228024 0.245054 0.256486 0.270435 
0.275155 0.257732 0.247573 0.219540 
0.271195 0.258641 0.250262 0.219902 
0.255226 0.249039 0.234881 0.260853 
0.259743 0.255921 0.236256 0.248081 
0.265874 0.259363 0.235515 0.239248 
0.257320 0.248860 0.240857 0.252963 
0.268235 0.241436 0.238491 0.251839 
0.226920 0.266424 0.260086 0.246570 
0.245230 0.260452 0.263903 0.230415 
0.265840 0.263345 0.253341 0.217474 
0.246774 0.254836 0.253693 0.244698 
0.235860 0.257552 0.260767 0.245821 
0.254131 0.255562 0.240922 0.249386 
0.243279 0.264613 0.253609 0.238499 
0.261361 0.249402 0.234583 0.254654 
0.254941 0.264434 0.247576 0.233049 
0.255406 0.259180 0.258926 0.226488 
0.271718 0.254113 0.229290 0.244879 
0.233858 0.261537 0.246398 0.258206 
0.247569 0.239445 0.257582 0.255403 
0.250907 0.256830 0.241379 0.250884 
0.278409 0.235280 0.258505 0.227806 
0.253234 0.238176 0.262007 0.246583 
0.262629 0.250491 0.258144 0.228736 
0.238285 0.265339 0.255629 0.240746 
0.233973 0.254476 0.277752 0.233798 
0.254106 0.255562 0.240947 0.249386 
0.252568 0.275300 0.251673 0.220458 
0.258914 0.242341 0.229446 0.269299 
0.233256 0.254293 0.267004 0.245447 
0.261812 0.251034 0.244523 0.242631 
0.224006 0.252298 0.245383 0.278313 
0.252423 0.238719 0.270347 0.238511 
0.256559 0.257915 0.248344 0.237182 
0.268634 0.239988 0.239165 0.252214 
0.266329 0.241615 0.232326 0.259730 
0.235746 0.243606 0.235194 0.285455 
0.232175 0.247049 0.249036 0.271740 
0.247254 0.261900 0.248602 0.242244 
0.223170 0.248134 0.248691 0.280005 
0.263486 0.267150 0.240073 0.229291 
0.243950 0.259363 0.264761 0.231925 
0.258220 0.259910 0.265351 0.216519 
0.230177 0.265882 0.246858 0.257083 
0.248024 0.265339 0.233687 0.252950 
0.243153 0.257728 0.228309 0.270810 
0.275279 0.245237 0.242664 0.236820 
0.234966 0.245600 0.257082 0.262351 
0.217330 0.269504 0.259467 0.253699 
0.290582 0.256463 0.222708 0.230246 
0.263458 0.252302 0.247433 0.236807 
0.231022 0.270773 0.257653 0.240553 
0.240766 0.263712 0.245206 0.250316 
0.263040 0.258458 0.234747 0.243755 
0.239909 0.263528 0.246802 0.249760 
0.256463 0.239262 0.246986 0.257289 
0.284058 0.237993 0.241685 0.236264 
0.232240 0.258641 0.250163 0.258955 
0.261744 0.242521 0.242953 0.252782 
0.244414 0.270410 0.253070 0.232107 
0.270279 0.253024 0.240070 0.236626 
0.289875 0.233469 0.237396 0.239260 
0.259445 0.254839 0.265438 0.220277 
0.251665 0.250854 0.238332 0.259149 
0.243127 0.259906 0.236501 0.260466 
0.249261 0.248500 0.243089 0.259149 
0.270267 0.241256 0.244528 0.243949 
0.244779 0.261174 0.241846 0.252201 
skin
0.237484 0.244334 0.260845 0.257338 
0.276323 0.243607 0.237204 0.242866 
0.246288 0.257371 0.235051 0.261291 
0.238608 0.254838 0.245814 0.260740 
0.256097 0.249759 0.239484 0.254660 
0.234635 0.248136 0.279797 0.237433 
0.257645 0.248499 0.247967 0.245889 
0.216677 0.268960 0.260945 0.253417 
0.237718 0.240707 0.246255 0.275321 
0.239786 0.256102 0.234569 0.269542 
0.242214 0.251395 0.236849 0.269542 
0.264088 0.231288 0.219572 0.285052 
0.249634 0.251570 0.253143 0.245652 
0.241398 0.261353 0.243108 0.254141 
0.231701 0.268238 0.268406 0.231654 
0.224369 0.259725 0.266819 0.249086 
0.239492 0.269319 0.261079 0.230110 
0.243822 0.247956 0.244491 0.263731 
0.253606 0.260451 0.249235 0.236709 
0.224884 0.255197 0.255637 0.264282 
0.276733 0.249947 0.244895 0.228425 
0.260186 0.243065 0.243364 0.253385 
0.244260 0.250489 0.250732 0.254519 
0.228563 0.268055 0.255225 0.248157 
0.262893 0.240164 0.215984 0.280959 
0.231344 0.242518 0.257384 0.268754 
0.246289 0.260451 0.246787 0.246472 
0.211007 0.266248 0.263107 0.259638 
0.224403 0.270592 0.261146 0.243858 
0.260084 0.254834 0.234138 0.250944 
0.250333 0.254834 0.241448 0.253385 
0.255882 0.248678 0.248999 0.246440 
0.255168 0.236905 0.237109 0.270817 
0.243550 0.252659 0.262059 0.241732 
0.235365 0.260814 0.258656 0.245165 
0.242213 0.257730 0.249869 0.250188 
0.253603 0.254291 0.250170 0.241937 
0.275094 0.253386 0.247048 0.224473 
0.253983 0.241976 0.258940 0.245101 
0.244367 0.255197 0.243476 0.256960 
0.258841 0.249763 0.229381 0.262015 
0.245142 0.247768 0.236651 0.270439 
0.255184 0.259541 0.258740 0.226535 
0.261256 0.244329 0.241991 0.252424 
0.245510 0.256286 0.252487 0.245716 
0.245462 0.247046 0.266138 0.241354 
0.266153 0.250489 0.238602 0.244755 
0.262092 0.249221 0.228358 0.260330 
0.269025 0.241254 0.229769 0.259952 
0.263299 0.235636 0.256168 0.244897 
0.255623 0.267508 0.262160 0.214709 
0.234119 0.251937 0.252480 0.261464 
0.241406 0.262079 0.247429 0.249086 
0.224363 0.262079 0.254708 0.258850 
0.264547 0.259362 0.242784 0.233307 
0.270974 0.234188 0.242240 0.252597 
0.268152 0.243424 0.231497 0.256928 
0.257243 0.254654 0.235269 0.252834 
0.258868 0.250489 0.250769 0.239874 
0.263757 0.265338 0.253172 0.217733 
0.280718 0.247585 0.236014 0.235684 
0.238607 0.256466 0.253779 0.251149 
0.256405 0.249037 0.256779 0.237779 
0.240962 0.244872 0.245412 0.268754 
0.283584 0.248315 0.247204 0.220898 
0.249164 0.276205 0.249921 0.224709 
0.258470 0.253565 0.260500 0.227464 
0.224379 0.263531 0.238941 0.273149 
0.225200 0.255201 0.279694 0.239906 
0.254790 0.261716 0.255070 0.228425 
0.250380 0.265701 0.247966 0.235953 
0.242643 0.255380 0.259079 0.242898 
0.234547 0.260631 0.252917 0.251905 
0.260592 0.255013 0.249985 0.234409 
0.264558 0.260989 0.240973 0.233480 
0.214196 0.253386 0.254246 0.278172 
0.243868 0.275300 0.246737 0.234095 
0.269815 0.247046 0.251548 0.231590 
0.248701 0.253565 0.238539 0.259196 
0.246669 0.245782 0.265234 0.242315 
0.250420 0.271861 0.261639 0.216080 
0.238147 0.259541 0.226959 0.275353 
0.280087 0.249580 0.252838 0.217496 
0.276468 0.248315 0.266524 0.208693 
0.253168 0.245598 0.247298 0.253936 
0.265750 0.239442 0.223408 0.271400 
0.243423 0.245598 0.242397 0.268581 
0.228588 0.263347 0.272112 0.235953 
0.243048 0.252480 0.248646 0.255826 
0.288884 0.248494 0.243613 0.219008 
0.262365 0.257008 0.239997 0.240630 
0.252355 0.257008 0.228039 0.262598 
0.245850 0.256641 0.238518 0.258991 
0.222766 0.279465 0.265359 0.232410 
0.260488 0.247050 0.265722 0.226740 
0.241851 0.255923 0.252762 0.249464 
0.237781 0.263168 0.256327 0.242725 
0.265343 0.246324 0.246774 0.241559 
0.231358 0.233829 0.251586 0.283226 
0.272296 0.260818 0.253420 0.213466 
stomach
0.237234 0.251805 0.260245 0.250717 
0.239222 0.249592 0.265364 0.245822 
0.223528 0.267040 0.257780 0.251652 
0.269586 0.253305 0.246880 0.230229 
0.241185 0.257443 0.245981 0.255391 
0.244210 0.249592 0.279903 0.226295 
0.244904 0.256741 0.261725 0.236630 
0.232261 0.239761 0.239922 0.288056 
0.243005 0.252273 0.277297 0.227425 
0.250593 0.265582 0.248882 0.234942 
0.230682 0.252273 0.265212 0.251833 
0.265705 0.254060 0.252057 0.228178 
0.239240 0.260316 0.247663 0.252781 
0.230658 0.251613 0.273037 0.244692 
0.264417 0.259752 0.244264 0.231567 
0.236827 0.252975 0.249368 0.260830 
0.275716 0.242538 0.265215 0.216532 
0.264779 0.252273 0.248201 0.234747 
0.262362 0.262337 0.255380 0.219921 
0.270883 0.250251 0.252752 0.226114 
0.264344 0.243666 0.257437 0.234553 
0.240078 0.257401 0.253868 0.248653 
0.247675 0.243900 0.246465 0.261960 
0.245993 0.279690 0.256460 0.217857 
0.237655 0.275179 0.258404 0.228763 
0.269580 0.250954 0.251678 0.227788 
0.237613 0.259093 0.266664 0.236630 
0.270942 0.227111 0.282611 0.219336 
0.256643 0.250485 0.236910 0.255962 
0.277649 0.227249 0.248929 0.246172 
0.244079 0.240187 0.243063 0.272671 
0.253594 0.242963 0.263242 0.240201 
0.242552 0.248368 0.252559 0.256520 
0.218931 0.256177 0.255778 0.269114 
0.249327 0.238069 0.236933 0.275670 
0.246978 0.268923 0.257972 0.226127 
0.220644 0.265774 0.275056 0.238526 
0.236477 0.261114 0.266908 0.235501 
0.254649 0.247336 0.246740 0.251275 
0.242185 0.253496 0.263184 0.241135 
0.234112 0.258763 0.252098 0.255027 
0.242464 0.256082 0.240234 0.261220 
0.257166 0.246017 0.228093 0.268724 
0.259445 0.247709 0.233704 0.259143 
0.232664 0.243666 0.257387 0.266283 
0.223745 0.250156 0.241977 0.284122 
0.233587 0.273956 0.257878 0.234579 
0.244097 0.257305 0.262721 0.235877 
0.270455 0.244655 0.254271 0.230619 
0.269220 0.246017 0.242888 0.241875 
0.283393 0.232707 0.254424 0.229476 
0.258282 0.268168 0.233168 0.240382 
0.232286 0.249166 0.257341 0.261207 
0.270542 0.257071 0.234627 0.237760 
0.258625 0.234165 0.253702 0.253508 
0.255413 0.250156 0.264007 0.230424 
0.242060 0.245783 0.251313 0.260844 
0.244185 0.251943 0.253168 0.250704 
0.250676 0.245453 0.261243 0.242628 
0.260320 0.250156 0.246896 0.242628 
0.246948 0.265253 0.241783 0.246017 
0.254563 0.245357 0.250701 0.249379 
0.261103 0.244229 0.253546 0.241122 
0.250251 0.258295 0.264392 0.227062 
0.274505 0.237505 0.257942 0.230048 
0.250544 0.247804 0.251701 0.249951 
0.259493 0.261444 0.249756 0.229308 
0.232508 0.261869 0.255087 0.250535 
0.233954 0.261774 0.246986 0.257286 
0.251364 0.251943 0.236226 0.260467 
0.236527 0.268827 0.266649 0.227996 
0.234358 0.253262 0.262039 0.250340 
0.217901 0.257167 0.254871 0.270062 
0.226210 0.257869 0.253947 0.261973 
0.247744 0.242208 0.253152 0.256897 
0.235153 0.254390 0.259182 0.251275 
0.258264 0.241644 0.237561 0.262531 
0.237607 0.252039 0.263961 0.246393 
0.227397 0.245123 0.261573 0.265907 
0.210578 0.264221 0.267344 0.257858 
0.226688 0.260082 0.282975 0.230256 
0.246575 0.262667 0.259944 0.230814 
0.237625 0.257401 0.261203 0.243771 
0.256110 0.261114 0.259479 0.223296 
0.251840 0.257167 0.257543 0.233449 
0.236787 0.252603 0.272292 0.238318 
0.261536 0.260550 0.253864 0.224049 
0.233552 0.248464 0.256011 0.261973 
0.241589 0.244229 0.253533 0.260649 
0.263109 0.243336 0.240606 0.252950 
0.249750 0.250719 0.240570 0.258961 
0.230658 0.251613 0.243747 0.273982 
0.287485 0.253401 0.240518 0.218596 
0.244066 0.247240 0.262871 0.245822 
0.249737 0.248368 0.262461 0.239434 
0.248905 0.251283 0.253808 0.246004 
0.250314 0.260646 0.249775 0.239266 
0.233557 0.263231 0.260947 0.242265 
0.244904 0.247336 0.266248 0.241512 
0.234769 0.246442 0.272772 0.246017 
0.523955 0.539512 0.518516 0.532761 
